0 1815 453 906 1359
1816 1874 1830 1844 1858
1875 1958 1895 1915 1935
1959 2203 2020 2081 2142
2204 2261 2218 2232 2246
2262 2417 2300 2338 2376
2418 2488 2435 2452 2469
2489 3248 2678 2867 3056
3249 3423 3292 3335 3378
3424 3487 3439 3454 3469
3488 3584 3512 3536 3560
3585 3636 3597 3609 3621
3637 3684 3648 3659 3670
3685 3797 3713 3741 3769
3798 3942 3834 3870 3906
3943 3967 3949 3955 3961
3968 4057 3990 4012 4034
4058 4111 4071 4084 4097
4112 4165 4125 4138 4151
4166 4281 4194 4222 4250
4282 4302 4287 4292 4297
4303 4325 4308 4313 4318
4326 4344 4330 4334 4338
4345 4447 4370 4395 4420
4448 4464 4452 4456 4460
4465 4490 4471 4477 4483
4491 4571 4511 4531 4551
4572 4815 4632 4692 4752
4816 4836 4821 4826 4831
4837 4889 4850 4863 4876
4890 4926 4899 4908 4917
4927 4977 4939 4951 4963
4978 5024 4989 5000 5011
5025 5088 5040 5055 5070
5089 5166 5108 5127 5146
5167 5215 5179 5191 5203
5216 5279 5231 5246 5261
5280 5396 5309 5338 5367
5397 5449 5410 5423 5436
5450 5479 5457 5464 5471
5480 5497 5484 5488 5492
5498 5522 5504 5510 5516
5523 5540 5527 5531 5535
5541 5636 5564 5587 5610
5637 5686 5649 5661 5673
5687 5749 5702 5717 5732
5750 5819 5767 5784 5801
5820 5842 5825 5830 5835
5843 5886 5853 5863 5873
5887 5925 5896 5905 5914
5926 5993 5942 5958 5974
5994 6074 6014 6034 6054
6075 6092 6079 6083 6087
6093 6162 6110 6127 6144
6163 6200 6172 6181 6190
6201 6224 6206 6211 6216
6225 6321 6249 6273 6297
6322 6344 6327 6332 6337
6345 6372 6351 6357 6363
6373 6443 6390 6407 6424
6444 6555 6471 6498 6525
6556 6630 6574 6592 6610
6631 6699 6648 6665 6682
6700 7250 6837 6974 7111
7251 7411 7291 7331 7371
7412 7442 7419 7426 7433
7443 7576 7476 7509 7542
7577 7691 7605 7633 7661
7692 7886 7740 7788 7836
7887 7977 7909 7931 7953
7978 8079 8003 8028 8053
8080 8383 8155 8230 8305
8384 8607 8439 8494 8549
8608 8784 8652 8696 8740
8785 8867 8805 8825 8845
8868 8937 8885 8902 8919
8938 9014 8957 8976 8995
9015 9130 9043 9071 9099
9131 9186 9144 9157 9170
9187 9761 9330 9473 9616
9762 9810 9774 9786 9798
9811 10067 9875 9939 10003
10068 10458 10165 10262 10359
10459 10912 10572 10685 10798
10913 11247 10996 11079 11162
11248 11351 11273 11298 11323
11352 11607 11415 11478 11541
11608 11796 11655 11702 11749
11797 12162 11888 11979 12070
12163 12264 12188 12213 12238
12265 12350 12286 12307 12328
12351 12472 12381 12411 12441
12473 12657 12519 12565 12611
12658 12738 12678 12698 12718
12739 12893 12777 12815 12853
12894 12941 12905 12916 12927
12942 13010 12959 12976 12993
13011 13058 13022 13033 13044
13059 13290 13116 13173 13230
13291 13438 13327 13363 13399
13439 13604 13480 13521 13562
13605 13664 13619 13633 13647
13665 13744 13684 13703 13722
13745 13904 13784 13823 13862
13905 14009 13931 13957 13983
14010 14026 14014 14018 14022
14027 14512 14148 14269 14390
14513 14620 14539 14565 14591
14621 14730 14648 14675 14702
14731 14821 14753 14775 14797
14822 14892 14839 14856 14873
14893 15003 14919 14945 15000
15004 15132 15036 15068 15100
15133 15184 15145 15157 15169
15185 15327 15220 15255 15290
15328 15421 15351 15374 15397
15422 15492 15439 15456 15473
15493 15576 15513 15533 15553
15577 15612 15585 15593 15601
15613 15693 15633 15653 15673
15694 15761 15710 15726 15742
15762 16063 15837 15912 15987
16064 16104 16074 16084 16094
16105 16473 16197 16289 16381
16474 16564 16496 16518 16540
16565 16761 16614 16663 16712
16762 16982 16817 16872 16927
16983 17138 17021 17059 17097
17139 17191 17152 17165 17178
17192 17255 17207 17222 17237
17256 17296 17266 17276 17286
17297 17399 17322 17347 17372
17400 17544 17436 17472 17508
17545 17603 17559 17573 17587
17604 17656 17617 17630 17643
17657 17716 17671 17685 17699
17717 17994 17786 17855 17924
17995 18332 18079 18163 18247
18333 18481 18370 18407 18444
18482 18583 18507 18532 18557
18584 18612 18591 18598 18605
18613 18674 18628 18643 18658
18675 18772 18699 18723 18747
18773 18856 18793 18813 18833
18857 18905 18869 18881 18893
18906 19163 18970 19034 19098
19164 19228 19180 19196 19212
19229 19293 19245 19261 19277
19294 19397 19319 19344 19369
19398 19486 19420 19442 19464
19487 19589 19512 19537 19562
19590 19774 19636 19682 19728
19775 19859 19796 19817 19838
19860 19920 19875 19890 19905
19921 20109 19968 20015 20062
20110 20174 20126 20142 20158
20175 20326 20212 20249 20286
20327 20622 20400 20473 20546
20623 20681 20637 20651 20665
20682 20791 20709 20736 20763
20792 20899 20818 20844 20870
20900 21023 20930 20960 20990
21024 21127 21049 21074 21099
21128 21159 21135 21142 21149
21160 21402 21220 21280 21340
21403 21495 21426 21449 21472
21496 21545 21508 21520 21532
21546 21590 21557 21568 21579
21591 21666 21609 21627 21645
21667 22204 21801 21935 22069
22205 22437 22263 22321 22379
22438 22526 22460 22482 22504
22527 22817 22599 22671 22743
22818 22935 22847 22876 22905
22936 23066 22968 23000 23032
23067 23149 23087 23107 23127
23150 23378 23207 23264 23321
23379 23490 23406 23433 23460
23491 23631 23526 23561 23596
23632 23707 23650 23668 23686
23708 23947 23767 23826 23885
23948 24135 23994 24040 24086
24136 24270 24169 24202 24235
24271 24363 24294 24317 24340
24364 25109 24550 24736 24922
25110 25263 25148 25186 25224
25264 25329 25280 25296 25312
25330 25403 25348 25366 25384
25404 25597 25452 25500 25548
25598 25774 25642 25686 25730
25775 26101 25856 25937 26018
26102 26450 26189 26276 26363
26451 26525 26469 26487 26505
26526 26780 26589 26652 26715
26781 27170 26878 26975 27072
27171 27206 27179 27187 27195
27207 27243 27216 27225 27234
27244 27387 27279 27314 27349
27388 27476 27410 27432 27454
27477 27544 27493 27509 27525
27545 27563 27549 27553 27557
27564 27674 27591 27618 27645
27675 28185 27802 27929 28056
28186 28343 28225 28264 28303
28344 28396 28357 28370 28383
28397 28533 28431 28465 28499
28534 28558 28540 28546 28552
28559 28613 28572 28585 28598
28614 28782 28656 28698 28740
28783 28867 28804 28825 28846
28868 28933 28884 28900 28916
28934 29125 28981 29028 29075
29126 29221 29149 29172 29195
29222 29358 29256 29290 29324
29359 29576 29413 29467 29521
29577 29729 29615 29653 29691
29730 29822 29753 29776 29799
29823 29879 29837 29851 29865
29880 29968 29902 29924 29946
29969 30188 29976 29983 30141
30189 30246 30203 30217 30231
30247 30349 30272 30297 30322
30350 30489 30384 30418 30452
30490 30648 30529 30568 30607
30649 30717 30666 30683 30700
30718 30767 30730 30742 30754
30768 30852 30789 30810 30831
30853 30970 30882 30911 30940
30971 31134 31011 31051 31091
31135 31236 31160 31185 31210
31237 31386 31274 31311 31348
31387 31432 31398 31409 31420
31433 31529 31457 31481 31505
31530 31604 31548 31566 31584
31605 31624 31609 31613 31617
31625 31710 31646 31667 31688
31711 31857 31747 31783 31819
31858 31923 31874 31890 31906
31924 32029 31950 31976 32002
32030 32065 32038 32046 32054
32066 32118 32079 32092 32105
32119 32242 32149 32179 32209
32243 32270 32249 32255 32261
32271 32374 32296 32321 32346
32375 32394 32379 32383 32387
32395 32459 32411 32427 32443
32460 32552 32483 32506 32529
32553 32632 32572 32591 32610
32633 32718 32654 32675 32696
32719 32749 32726 32733 32740
32750 32815 32766 32782 32798
32816 33027 32868 32920 32972
33028 33064 33037 33046 33055
33065 33116 33077 33089 33101
33117 33174 33131 33145 33159
33175 33216 33185 33195 33205
33217 33299 33237 33257 33277
33300 33320 33305 33310 33315
33321 33425 33347 33373 33399
33426 33535 33453 33480 33507
33536 33588 33549 33562 33575
33589 33640 33601 33613 33625
33641 33731 33663 33685 33707
33732 33791 33746 33760 33774
33792 33877 33813 33834 33855
33878 33913 33886 33894 33902
33914 33937 33919 33924 33929
33938 34078 33973 34008 34043
34079 34267 34126 34173 34220
34268 34329 34283 34298 34313
34330 34372 34340 34350 34360
34373 34398 34379 34385 34391
34399 34419 34404 34409 34414
34420 34519 34444 34468 34492
34520 34667 34556 34592 34628
34668 34790 34698 34728 34758
34791 34840 34803 34815 34827
34841 34905 34857 34873 34889
34906 34960 34919 34932 34945
34961 35136 35004 35047 35090
35137 35269 35170 35203 35236
35270 35332 35285 35300 35315
35333 35381 35345 35357 35369
35382 35482 35407 35432 35457
35483 35661 35527 35571 35615
35662 35722 35677 35692 35707
35723 35764 35733 35743 35753
35765 35896 35797 35829 35861
35897 35969 35915 35933 35951
35970 36031 35985 36000 36015
36032 36110 36051 36070 36089
36111 36431 36191 36271 36351
36432 36791 36521 36610 36699
36792 37067 36860 36928 36996
37068 37168 37093 37118 37143
37169 37450 37239 37309 37379
37451 37575 37482 37513 37544
37576 37657 37596 37616 37636
37658 37735 37677 37696 37715
37736 37928 37784 37832 37880
37929 38097 37971 38013 38055
38098 38384 38169 38240 38311
38385 38409 38391 38397 38403
38410 38462 38423 38436 38449
38463 38576 38491 38519 38547
38577 38709 38610 38643 38676
38710 38774 38726 38742 38758
38775 38938 38815 38855 38895
38939 39085 38975 39011 39047
39086 39160 39104 39122 39140
39161 39219 39175 39189 39203
39220 39277 39234 39248 39262
39278 39588 39355 39432 39509
39589 39667 39608 39627 39646
39668 39764 39692 39716 39740
39765 39812 39776 39787 39798
39813 39873 39828 39843 39858
39874 39927 39887 39900 39913
39928 40099 39970 40012 40054
40100 40153 40113 40126 40139
40154 40205 40166 40178 40190
40206 40242 40215 40224 40233
40243 40288 40254 40265 40276
40289 40328 40298 40307 40316
40329 40442 40357 40385 40413
40443 40491 40455 40467 40479
40492 40623 40524 40556 40588
40624 40663 40633 40642 40651
40664 40739 40682 40700 40718
40740 40776 40749 40758 40767
40777 40838 40792 40807 40822
40839 40949 40866 40893 40920
40950 41085 40983 41016 41049
41086 41287 41136 41186 41236
41288 41365 41307 41326 41345
41366 41467 41391 41416 41441
41468 41583 41496 41524 41552
41584 41689 41610 41636 41662
41690 41802 41718 41746 41774
41803 41892 41825 41847 41869
41893 41986 41916 41939 41962
41987 42172 42033 42079 42125
42173 42247 42191 42209 42227
42248 42349 42273 42298 42323
42350 42425 42368 42386 42404
42426 42528 42451 42476 42501
42529 42664 42562 42595 42628
42665 42809 42701 42737 42773
42810 42978 42852 42894 42936
42979 43110 43011 43043 43075
43111 43348 43170 43229 43288
43349 43449 43374 43399 43424
43450 43496 43461 43472 43483
43497 43541 43508 43519 43530
43542 43606 43558 43574 43590
43607 43634 43613 43619 43625
43635 43669 43643 43651 43659
43670 43761 43692 43714 43736
43762 43891 43794 43826 43858
43892 44087 43940 43988 44036
44088 44257 44130 44172 44214
44258 44456 44307 44356 44405
44457 44665 44509 44561 44613
44666 44771 44692 44718 44744
44772 44802 44779 44786 44793
44803 44916 44831 44859 44887
44917 44977 44932 44947 44962
44978 45027 44983 44988 45018
45028 45083 45041 45054 45067
45084 45116 45092 45100 45108
45117 45257 45152 45187 45222
45258 45274 45262 45266 45270
45275 45340 45291 45307 45323
45341 45547 45392 45443 45494
45548 45812 45614 45680 45746
45813 45872 45827 45841 45855
45873 46005 45906 45939 45972
46006 46100 46029 46052 46075
46101 46228 46132 46163 46194
46229 46292 46244 46259 46274
46293 46315 46298 46303 46308
46316 46409 46339 46362 46385
46410 46497 46431 46452 46473
46498 46540 46508 46518 46528
46541 46657 46570 46599 46628
46658 46678 46663 46668 46673
46679 46731 46692 46705 46718
46732 46823 46754 46776 46798
46824 46850 46830 46836 46842
46851 46920 46868 46885 46902
46921 46943 46926 46931 46936
46944 46964 46949 46954 46959
46965 47039 46983 47001 47019
47040 47123 47060 47080 47100
47124 47182 47138 47152 47166
47183 47279 47207 47231 47255
47280 47305 47286 47292 47298
47306 47361 47319 47332 47345
47362 47427 47378 47394 47410
47428 47569 47463 47498 47533
47570 47659 47592 47614 47636
47660 47679 47664 47668 47672
47680 47721 47690 47700 47710
47722 47743 47727 47732 47737
47744 47793 47756 47768 47780
47794 47897 47819 47844 47869
47898 47916 47902 47906 47910
47917 47934 47921 47925 47929
47935 48004 47952 47969 47986
48005 48021 48009 48013 48017
48022 48086 48038 48054 48070
48087 48113 48093 48099 48105
48114 48157 48124 48134 48144
48158 48183 48164 48170 48176
48184 48204 48189 48194 48199
48205 48221 48209 48213 48217
48222 48255 48230 48238 48246
48256 48401 48292 48328 48364
48402 48610 48454 48506 48558
48611 48630 48615 48619 48623
48631 48709 48650 48669 48688
48710 49107 48809 48908 49007
49108 49365 49172 49236 49300
49366 49484 49395 49424 49453
49485 49959 49603 49721 49839
49960 50189 50017 50074 50131
50190 50283 50213 50236 50259
50284 50437 50322 50360 50398
50438 50498 50453 50468 50483
50499 50594 50522 50545 50568
50595 50696 50620 50645 50670
50697 50734 50706 50715 50724
50735 50846 50762 50789 50816
50847 51064 50901 50955 51009
51065 51147 51085 51105 51125
51148 51281 51181 51214 51247
51282 51370 51304 51326 51348
51371 51399 51378 51385 51392
51400 51449 51412 51424 51436
51450 51537 51471 51492 51513
51538 51579 51548 51558 51568
51580 51672 51603 51626 51649
51673 51772 51697 51721 51745
51773 51848 51791 51809 51827
51849 51901 51862 51875 51888
51902 52253 51989 52076 52163
52254 52334 52274 52294 52314
52335 52365 52342 52349 52356
52366 52421 52379 52392 52405
52422 52510 52444 52466 52488
52511 53285 52704 52897 53090
53286 53674 53383 53480 53577
53675 53735 53690 53705 53720
53736 53875 53770 53804 53838
53876 54113 53935 53994 54053
54114 54683 54256 54398 54540
54684 54704 54689 54694 54699
54705 54933 54762 54819 54876
54934 55299 55025 55116 55207
55300 55381 55320 55340 55360
55382 55509 55413 55444 55475
55510 55794 55581 55652 55723
55795 55855 55810 55825 55840
55856 56049 55904 55952 56000
56050 56163 56078 56106 56134
56164 56230 56180 56196 56212
56231 56295 56247 56263 56279
56296 56348 56309 56322 56335
56349 56442 56372 56395 56418
56443 56500 56457 56471 56485
56501 56583 56521 56541 56561
56584 56693 56611 56638 56665
56694 56846 56732 56770 56808
56847 57051 56898 56949 57000
57052 57160 57079 57106 57133
57161 57249 57183 57205 57227
57250 57354 57276 57302 57328
57355 57497 57390 57425 57460
57498 57650 57536 57574 57612
57651 57718 57667 57683 57699
57719 57889 57761 57803 57845
57890 57934 57901 57912 57923
57935 58045 57962 57989 58016
58046 58134 58068 58090 58112
58135 58166 58142 58149 58156
58167 58209 58177 58187 58197
58210 58230 58215 58220 58225
58231 58260 58238 58245 58252
58261 58318 58275 58289 58303
58319 58382 58334 58349 58364
58383 58441 58397 58411 58425
58442 58489 58453 58464 58475
58490 58531 58500 58510 58520
58532 58631 58556 58580 58604
58632 58693 58647 58662 58677
58694 58750 58708 58722 58736
58751 58786 58759 58767 58775
58787 58829 58797 58807 58817
58830 58924 58853 58876 58899
58925 59000 58943 58961 58979
59001 59032 59008 59015 59022
59033 59088 59046 59059 59072
59089 59134 59100 59111 59122
59135 59184 59147 59159 59171
59185 59242 59199 59213 59227
59243 59264 59248 59253 59258
59265 59282 59269 59273 59277
59283 59320 59292 59301 59310
59321 59356 59329 59337 59345
59357 59404 59368 59379 59390
59405 59435 59412 59419 59426
59436 59485 59448 59460 59472
59486 59531 59497 59508 59519
59532 59585 59545 59558 59571
59586 59622 59595 59604 59613
59623 59716 59646 59669 59692
59717 59767 59729 59741 59753
59768 59784 59772 59776 59780
59785 59807 59790 59795 59800
59808 59824 59812 59816 59820
59825 59841 59829 59833 59837
59842 59858 59846 59850 59854
59859 59900 59869 59879 59889
59901 60060 59925 59949 60045
60061 60179 60090 60119 60148
60180 60274 60203 60226 60249
60275 60392 60304 60333 60362
60393 60495 60418 60443 60468
60496 60521 60502 60508 60514
60522 60567 60533 60544 60555
60568 60647 60587 60606 60625
60648 60713 60664 60680 60696
60714 60744 60721 60728 60735
60745 60806 60760 60775 60790
60807 60828 60812 60817 60822
60829 60855 60835 60841 60847
60856 60983 60887 60918 60949
60984 61000 60988 60992 60996
61001 61032 61008 61015 61022
61033 61124 61055 61077 61099
61125 61174 61137 61149 61161
61175 61240 61191 61207 61223
61241 61258 61245 61249 61253
61259 61278 61263 61267 61271
61279 61414 61312 61345 61378
61415 61501 61436 61457 61478
61502 61554 61515 61528 61541
61555 61631 61574 61593 61612
61632 61669 61641 61650 61659
61670 61693 61675 61680 61685
61694 61751 61708 61722 61736
61752 61789 61761 61770 61779
61790 61974 61836 61882 61928
61975 62132 62014 62053 62092
62133 62174 62143 62153 62163
62175 62260 62196 62217 62238
62261 62328 62277 62293 62309
62329 62400 62346 62363 62380
62401 62447 62412 62423 62434
62448 62509 62463 62478 62493
62510 62530 62515 62520 62525
62531 62549 62535 62539 62543
62550 62568 62554 62558 62562
62569 62597 62576 62583 62590
62598 62636 62607 62616 62625
62637 62684 62648 62659 62670
62685 62712 62691 62697 62703
62713 62822 62740 62767 62794
62823 62875 62836 62849 62862
62876 62965 62898 62920 62942
62966 63004 62975 62984 62993
63005 63110 63031 63057 63083
63111 63176 63127 63143 63159
63177 63303 63208 63239 63270
63304 63393 63326 63348 63370
63394 63474 63414 63434 63454
63475 63540 63491 63507 63523
63541 63605 63557 63573 63589
63606 63652 63617 63628 63639
63653 63705 63666 63679 63692
63706 63860 63744 63782 63820
63861 63943 63881 63901 63921
63944 63984 63954 63964 63974
63985 64012 63991 63997 64003
64013 64042 64020 64027 64034
64043 64059 64047 64051 64055
64060 64080 64065 64070 64075
64081 64175 64104 64127 64150
64176 64211 64184 64192 64200
64212 64238 64218 64224 64230
64239 64269 64246 64253 64260
64270 64303 64278 64286 64294
64304 64336 64312 64320 64328
64337 64421 64358 64379 64400
64422 64488 64438 64454 64470
64489 64527 64498 64507 64516
64528 64550 64533 64538 64543
64551 64641 64573 64595 64617
64642 64697 64655 64668 64681
64698 64802 64724 64750 64776
64803 64838 64811 64819 64827
64839 64897 64853 64867 64881
64898 64922 64904 64910 64916
64923 64944 64928 64933 64938
64945 64962 64949 64953 64957
64963 64982 64967 64971 64975
64983 65002 64987 64991 64995
65003 65055 65016 65029 65042
65056 65075 65060 65064 65068
65076 65112 65085 65094 65103
65113 65166 65126 65139 65152
65167 65224 65181 65195 65209
65225 65243 65229 65233 65237
65244 65346 65269 65294 65319
65347 65389 65357 65367 65377
65390 65507 65419 65448 65477
65508 65550 65518 65528 65538
65551 65630 65570 65589 65608
65631 65652 65636 65641 65646
65653 65674 65658 65663 65668
65675 65726 65687 65699 65711
65727 65743 65731 65735 65739
65744 65789 65755 65766 65777
65790 65817 65796 65802 65808
65818 65886 65835 65852 65869
65887 65919 65895 65903 65911
65920 65941 65925 65930 65935
65942 65958 65946 65950 65954
65959 66019 65974 65989 66004
66020 66049 66027 66034 66041
66050 66083 66058 66066 66074
66084 66109 66090 66096 66102
66110 66132 66115 66120 66125
66133 66149 66137 66141 66145
66150 66172 66155 66160 66165
66173 66209 66182 66191 66200
66210 66238 66217 66224 66231
66239 66268 66246 66253 66260
66269 66312 66279 66289 66299
66313 66353 66323 66333 66343
66354 66376 66359 66364 66369
66377 66396 66381 66385 66389
66397 66443 66408 66419 66430
66444 66465 66449 66454 66459
66466 66482 66470 66474 66478
66483 66506 66488 66493 66498
66507 66536 66514 66521 66528
66537 66591 66550 66563 66576
66592 66609 66596 66600 66604
66610 66622 66613 66616 66619
66623 66639 66627 66631 66635
66640 66680 66650 66660 66670
66681 66760 66700 66719 66738
66761 66800 66770 66779 66788
66801 66963 66841 66881 66921
66964 67027 66979 66994 67009
67028 67059 67035 67042 67049
67060 67101 67070 67080 67090
67102 67166 67118 67134 67150
67167 67243 67186 67205 67224
67244 67580 67328 67412 67496
67581 67718 67615 67649 67683
67719 67825 67745 67771 67797
67826 67849 67831 67836 67841
67850 68032 67895 67940 67985
68033 68088 68046 68059 68072
68089 68119 68096 68103 68110
68120 68138 68124 68128 68132
68139 68167 68146 68153 68160
68168 68186 68172 68176 68180
68187 68205 68191 68195 68199
68206 68259 68219 68232 68245
68260 68278 68264 68268 68272
68279 68310 68286 68293 68300
68311 68329 68315 68319 68323
68330 68358 68337 68344 68351
68359 68438 68378 68397 68416
68439 68465 68445 68451 68457
68466 68516 68478 68490 68502
68517 68583 68533 68549 68565
68584 68678 68607 68630 68653
68679 68708 68686 68693 68700
68709 68734 68715 68721 68727
68735 68765 68742 68749 68756
68766 68809 68776 68786 68796
68810 68828 68814 68818 68822
68829 68897 68846 68863 68880
68898 68915 68902 68906 68910
68916 68951 68924 68932 68940
68952 68988 68961 68970 68979
68989 69069 69009 69029 69049
69070 69139 69087 69104 69121
69140 69192 69153 69166 69179
69193 69225 69201 69209 69217
69226 69261 69234 69242 69250
69262 69320 69276 69290 69304
69321 69355 69329 69337 69345
69356 69400 69367 69378 69389
69401 69457 69415 69429 69443
69458 69478 69463 69468 69473
69479 69516 69488 69497 69506
69517 69557 69527 69537 69547
69558 69606 69570 69582 69594
69607 69634 69613 69619 69625
69635 69659 69641 69647 69653
69660 69676 69664 69668 69672
69677 69726 69689 69701 69713
69727 69747 69732 69737 69742
69748 69779 69755 69762 69769
69780 69826 69791 69802 69813
69827 69890 69842 69857 69872
69891 69977 69912 69933 69954
69978 69996 69982 69986 69990
69997 70026 70004 70011 70018
70027 70071 70038 70049 70060
70072 70248 70116 70160 70204
70249 70529 70319 70389 70459
70530 70568 70539 70548 70557
70569 70597 70576 70583 70590
70598 70616 70602 70606 70610
70617 70643 70623 70629 70635
70644 70667 70649 70654 70659
70668 70697 70675 70682 70689
70698 70719 70703 70708 70713
70720 70736 70724 70728 70732
70737 70758 70742 70747 70752
70759 70776 70763 70767 70771
70777 70810 70785 70793 70801
70811 71334 70941 71071 71201
71335 72354 71589 71843 72097
72355 72576 72410 72465 72520
72577 73127 72714 72851 72988
73128 73374 73189 73250 73311
73375 73606 73432 73489 73546
73607 73913 73683 73759 73835
73914 74140 73970 74026 74082
74141 74268 74172 74203 74234
74269 74304 74277 74285 74293
74305 74846 74440 74575 74710
74847 74986 74881 74915 74949
74987 75392 74990 74993 75294
75393 75548 75431 75469 75507
75549 75565 75553 75557 75561
75566 75582 75570 75574 75578
75583 75612 75590 75597 75604
75613 75631 75617 75621 75625
75632 75653 75637 75642 75647
75654 75675 75659 75664 75669
75676 75693 75680 75684 75688
75694 75710 75698 75702 75706
75711 75730 75715 75719 75723
75731 75750 75735 75739 75743
75751 75784 75759 75767 75775
75785 76168 75880 75975 76070
76169 76281 76197 76225 76253
76282 76367 76303 76324 76345
76368 76449 76388 76408 76428
76450 76542 76473 76496 76519
76543 76633 76565 76587 76609
76634 76747 76662 76690 76718
76748 76794 76759 76770 76781
76795 76919 76826 76857 76888
76920 77029 76947 76974 77001
77030 77069 77039 77048 77057
77070 77160 77092 77114 77136
77161 77221 77176 77191 77206
77222 77329 77248 77274 77300
77330 77494 77371 77412 77453
77495 77809 77573 77651 77729
77810 77856 77821 77832 77843
77857 78038 77902 77947 77992
78039 78065 78045 78051 78057
78066 78088 78071 78076 78081
78089 78131 78099 78109 78119
78132 78239 78158 78184 78210
78240 78256 78244 78248 78252
78257 78273 78261 78265 78269
78274 78350 78293 78312 78331
78351 78557 78402 78453 78504
78558 78581 78563 78568 78573
78582 78631 78594 78606 78618
78632 78871 78691 78750 78809
78872 79024 78910 78948 78986
79025 79112 79046 79067 79088
79113 79234 79143 79173 79203
79235 79291 79249 79263 79277
79292 79477 79338 79384 79430
79478 79603 79509 79540 79571
79604 79743 79638 79672 79706
79744 79887 79779 79814 79849
79888 80008 79918 79948 79978
80009 80133 80040 80071 80102
80134 80208 80152 80170 80188
80209 80294 80230 80251 80272
80295 80721 80401 80507 80613
80722 80824 80747 80772 80797
80825 80896 80842 80859 80876
80897 80984 80918 80939 80960
80985 81110 81016 81047 81078
81111 81205 81134 81157 81180
81206 81241 81214 81222 81230
81242 81319 81261 81280 81299
81320 81347 81326 81332 81338
81348 81409 81363 81378 81393
81410 81529 81439 81468 81497
81530 81567 81539 81548 81557
81568 81711 81603 81638 81673
81712 81789 81731 81750 81769
81790 81864 81808 81826 81844
81865 82394 81997 82129 82261
82395 82461 82411 82427 82443
82462 82664 82512 82562 82612
82665 82760 82688 82711 82734
82761 82815 82774 82787 82800
82816 82910 82839 82862 82885
82911 83084 82954 82997 83040
83085 83130 83096 83107 83118
83131 83191 83146 83161 83176
83192 83283 83214 83236 83258
83284 83328 83295 83306 83317
83329 83649 83409 83489 83569
83650 84331 83820 83990 84160
84332 84371 84341 84350 84359
84372 84439 84388 84404 84420
84440 84708 84507 84574 84641
84709 84795 84730 84751 84772
84796 84932 84830 84864 84898
84933 85074 84968 85003 85038
85075 85235 85115 85155 85195
85236 85296 85251 85266 85281
85297 85583 85368 85439 85510
85584 85695 85611 85638 85665
85696 85802 85722 85748 85774
85803 86131 85885 85967 86049
86132 86419 86203 86274 86345
86420 86495 86438 86456 86474
86496 86582 86517 86538 86559
86583 86640 86597 86611 86625
86641 86779 86675 86709 86743
86780 87330 86917 87054 87191
87331 87461 87363 87395 87427
87462 87648 87508 87554 87600
87649 87771 87679 87709 87739
87772 87838 87788 87804 87820
87839 87914 87857 87875 87893
87915 87978 87930 87945 87960
87979 88115 88013 88047 88081
88116 88152 88125 88134 88143
88153 88251 88177 88201 88225
88252 89259 88503 88754 89005
89260 89613 89348 89436 89524
89614 89665 89626 89638 89650
89666 89743 89685 89704 89723
89744 89959 89797 89850 89903
89960 90020 89969 89978 90015
90021 90318 90095 90169 90243
90319 90594 90387 90455 90523
90595 90715 90625 90655 90685
90716 90955 90775 90834 90893
90956 91014 90970 90984 90998
91015 91057 91025 91035 91045
91058 91145 91079 91100 91121
91146 91187 91156 91166 91176
91188 91269 91208 91228 91248
91270 91395 91301 91332 91363
91396 91454 91410 91424 91438
91455 91570 91483 91511 91539
91571 91631 91586 91601 91616
91632 91743 91659 91686 91713
91744 91802 91758 91772 91786
91803 92007 91854 91905 91956
92008 92091 92028 92048 92068
92092 92755 92257 92422 92587
92756 92963 92807 92858 92909
92964 93699 93147 93330 93513
93700 94339 93859 94018 94177
94340 94516 94384 94428 94472
94517 94823 94593 94669 94745
94824 94929 94850 94876 94902
94930 95112 94975 95020 95065
95113 95250 95147 95181 95215
95251 95636 95347 95443 95539
95637 95864 95693 95749 95805
95865 96134 95932 95999 96066
96135 96866 96317 96499 96681
96867 97001 96900 96933 96966
97002 97096 97025 97048 97071
97097 97750 97260 97423 97586
97751 97823 97769 97787 97805
97824 98158 97907 97990 98073
98159 98603 98270 98381 98492
98604 98928 98685 98766 98847
98929 99142 98982 99035 99088
99143 99246 99168 99193 99218
99247 99267 99252 99257 99262
99268 99384 99297 99326 99355
99385 99519 99418 99451 99484
99520 99642 99550 99580 99610
99643 99749 99669 99695 99721
99750 99801 99762 99774 99786
99802 99966 99843 99884 99925
99967 100022 99980 99993 100006
100023 100072 100035 100047 100059
100073 100190 100102 100131 100160
100191 100307 100220 100249 100278
100308 100445 100342 100376 100410
100446 100503 100460 100474 100488
100504 100558 100517 100530 100543
100559 100685 100590 100621 100652
100686 100747 100701 100716 100731
100748 100804 100762 100776 100790
100805 100896 100827 100849 100871
100897 100996 100921 100945 100969
100997 101069 101015 101033 101051
101070 101171 101095 101120 101145
101172 101215 101182 101192 101202
101216 101255 101225 101234 101243
101256 101341 101277 101298 101319
101342 101551 101394 101446 101498
101552 101598 101563 101574 101585
101599 101644 101610 101621 101632
101645 101797 101683 101721 101759
101798 101849 101810 101822 101834
101850 101959 101877 101904 101931
101960 102067 101986 102012 102038
102068 102200 102101 102134 102167
102201 102284 102221 102241 102261
102285 102436 102322 102359 102396
102437 102567 102469 102501 102533
102568 102742 102611 102654 102697
102743 102827 102764 102785 102806
102828 102898 102845 102862 102879
102899 103033 102932 102965 102998
103034 103058 103040 103046 103052
103059 103098 103068 103077 103086
103099 103145 103110 103121 103132
103146 103220 103164 103182 103200
103221 103272 103233 103245 103257
103273 103292 103277 103281 103285
103293 103324 103300 103307 103314
103325 103418 103348 103371 103394
103419 103515 103443 103467 103491
103516 103576 103531 103546 103561
103577 103664 103598 103619 103640
103665 103843 103709 103753 103797
103844 103993 103881 103918 103955
103994 104163 104036 104078 104120
104164 104194 104171 104178 104185
104195 104363 104237 104279 104321
104364 104432 104381 104398 104415
104433 104563 104465 104497 104529
104564 104729 104605 104646 104687
104730 104868 104764 104798 104832
104869 105134 104901 104933 105099
105135 105302 105176 105217 105258
105303 105542 105362 105421 105480
105543 105603 105558 105573 105588
105604 105929 105685 105766 105847
105930 106668 106114 106298 106482
106669 106868 106718 106767 106816
106869 106939 106886 106903 106920
106940 107043 106965 106990 107015
107044 107114 107061 107078 107095
107115 107397 107185 107255 107325
107398 107505 107424 107450 107476
107506 107619 107534 107562 107590
107620 107754 107653 107686 107719
107755 107838 107775 107795 107815
107839 108252 107942 108045 108148
108253 108303 108265 108277 108289
108304 108387 108324 108344 108364
108388 108451 108403 108418 108433
108452 108576 108483 108514 108545
108577 108658 108597 108617 108637
108659 108909 108721 108783 108845
108910 109276 109001 109092 109183
109277 109339 109292 109307 109322
109340 109363 109345 109350 109355
109364 109399 109372 109380 109388
109400 109457 109414 109428 109442
109458 109501 109468 109478 109488
109502 109533 109509 109516 109523
109534 109583 109546 109558 109570
109584 109696 109612 109640 109668
109697 109793 109721 109745 109769
109794 109896 109819 109844 109869
109897 110099 109947 109997 110047
110100 110348 110162 110224 110286
110349 110376 110355 110361 110367
110377 110422 110388 110399 110410
110423 110757 110506 110589 110672
110758 111082 110839 110920 111001
111083 111209 111114 111145 111176
111210 111292 111230 111250 111270
111293 111588 111366 111439 111512
111589 111758 111631 111673 111715
111759 111816 111773 111787 111801
111817 112052 111875 111933 111991
112053 112140 112074 112095 112116
112141 112201 112156 112171 112186
112202 112280 112221 112240 112259
112281 112319 112290 112299 112308
112320 112342 112325 112330 112335
112343 112397 112356 112369 112382
112398 112435 112407 112416 112425
112436 112618 112481 112526 112571
112619 112800 112664 112709 112754
112801 112928 112832 112863 112894
112929 113377 113041 113153 113265
113378 113463 113399 113420 113441
113464 113620 113503 113542 113581
113621 114015 113719 113817 113915
114016 114084 114033 114050 114067
114085 114456 114177 114269 114361
114457 114483 114463 114469 114475
114484 114502 114488 114492 114496
114503 114592 114525 114547 114569
114593 114656 114608 114623 114638
114657 114684 114663 114669 114675
114685 114749 114701 114717 114733
114750 114907 114789 114828 114867
114908 115004 114932 114956 114980
115005 115094 115027 115049 115071
115095 115155 115110 115125 115140
115156 115190 115164 115172 115180
115191 115292 115216 115241 115266
115293 115326 115301 115309 115317
115327 115420 115350 115373 115396
115421 115476 115434 115447 115460
115477 115634 115516 115555 115594
115635 115654 115639 115643 115647
115655 115686 115662 115669 115676
115687 115703 115691 115695 115699
115704 115724 115709 115714 115719
115725 115747 115730 115735 115740
115748 115766 115752 115756 115760
115767 115784 115771 115775 115779
115785 115806 115790 115795 115800
115807 115823 115811 115815 115819
115824 116194 115916 116008 116100
116195 116242 116206 116217 116228
116243 116271 116250 116257 116264
116272 116634 116362 116452 116542
116635 116663 116642 116649 116656
116664 117598 116897 117130 117363
117599 117619 117604 117609 117614
117620 117770 117657 117694 117731
117771 117794 117776 117781 117786
117795 117812 117799 117803 117807
117813 117835 117818 117823 117828
117836 117860 117842 117848 117854
117861 117881 117866 117871 117876
117882 117999 117911 117940 117969
118000 118016 118004 118008 118012
118017 118033 118021 118025 118029
118034 118064 118041 118048 118055
118065 118481 118169 118273 118377
118482 118571 118504 118526 118548
118572 118773 118622 118672 118722
118774 118904 118806 118838 118870
118905 119102 118954 119003 119052
119103 119315 119156 119209 119262
119316 119646 119398 119480 119562
119647 119767 119677 119707 119737
119768 119948 119813 119858 119903
119949 120096 119961 119973 120072
120097 120329 120155 120213 120271
120330 120437 120356 120382 120408
120438 120554 120467 120496 120525
120555 120747 120603 120651 120699
120748 120868 120778 120808 120838
120869 121037 120911 120953 120995
121038 121073 121046 121054 121062
121074 121105 121081 121088 121095
121106 121146 121116 121126 121136
121147 121177 121154 121161 121168
121178 121214 121187 121196 121205
121215 121254 121224 121233 121242
121255 121279 121261 121267 121273
121280 121319 121289 121298 121307
121320 121420 121345 121370 121395
121421 121448 121427 121433 121439
121449 121485 121458 121467 121476
121486 121504 121490 121494 121498
121505 121556 121517 121529 121541
121557 121607 121569 121581 121593
121608 121636 121615 121622 121629
121637 121664 121643 121649 121655
121665 121760 121688 121711 121734
121761 121815 121774 121787 121800
121816 121847 121823 121830 121837
121848 121913 121864 121880 121896
121914 121973 121928 121942 121956
121974 122031 121988 122002 122016
122032 122053 122037 122042 122047
122054 122097 122064 122074 122084
122098 122153 122111 122124 122137
122154 122178 122160 122166 122172
122179 122212 122187 122195 122203
122213 122230 122217 122221 122225
122231 122262 122238 122245 122252
122263 122346 122283 122303 122323
122347 122380 122355 122363 122371
122381 122405 122387 122393 122399
122406 122422 122410 122414 122418
122423 122440 122427 122431 122435
122441 122468 122447 122453 122459
122469 122490 122474 122479 122484
122491 122529 122500 122509 122518
122530 122548 122534 122538 122542
122549 122585 122558 122567 122576
122586 122754 122628 122670 122712
122755 122773 122759 122763 122767
122774 122792 122778 122782 122786
122793 122836 122803 122813 122823
122837 122870 122845 122853 122861
122871 122921 122883 122895 122907
122922 122953 122929 122936 122943
122954 122970 122958 122962 122966
122971 122992 122976 122981 122986
122993 123011 122997 123001 123005
123012 123043 123019 123026 123033
123044 123099 123057 123070 123083
123100 123119 123104 123108 123112
123120 123139 123124 123128 123132
123140 123181 123150 123160 123170
123182 123199 123186 123190 123194
123200 123242 123210 123220 123230
123243 123273 123250 123257 123264
123274 123298 123280 123286 123292
123299 123407 123326 123353 123380
123408 123448 123418 123428 123438
123449 123498 123461 123473 123485
123499 123545 123510 123521 123532
123546 123568 123551 123556 123561
123569 123588 123573 123577 123581
123589 123605 123593 123597 123601
123606 123662 123620 123634 123648
123663 123719 123677 123691 123705
123720 123847 123751 123782 123813
123848 123912 123864 123880 123896
123913 123942 123920 123927 123934
123943 124004 123958 123973 123988
124005 124039 124013 124021 124029
124040 124097 124054 124068 124082
124098 124136 124107 124116 124125
124137 124267 124169 124201 124233
124268 124351 124288 124308 124328
124352 124410 124366 124380 124394
124411 124462 124423 124435 124447
124463 124529 124479 124495 124511
124530 124579 124542 124554 124566
124580 124622 124590 124600 124610
124623 124687 124639 124655 124671
124688 124877 124735 124782 124829
124878 124990 124906 124934 124962
124991 125053 125006 125021 125036
125054 125145 125076 125098 125120
125146 125210 125162 125178 125194
125211 125249 125220 125229 125238
125250 125267 125254 125258 125262
125268 125294 125274 125280 125286
125295 125358 125310 125325 125340
125359 125390 125366 125373 125380
125391 125537 125427 125463 125499
125538 125579 125548 125558 125568
125580 125628 125592 125604 125616
125629 125682 125642 125655 125668
125683 125762 125702 125721 125740
125763 125789 125769 125775 125781
125790 125838 125802 125814 125826
125839 125910 125856 125873 125890
125911 125985 125929 125947 125965
125986 126007 125991 125996 126001
126008 126035 126014 126020 126026
126036 126126 126058 126080 126102
126127 126174 126138 126149 126160
126175 126215 126185 126195 126205
126216 126232 126220 126224 126228
126233 126254 126238 126243 126248
126255 126305 126267 126279 126291
126306 126392 126327 126348 126369
126393 126420 126399 126405 126411
126421 126485 126437 126453 126469
126486 126552 126502 126518 126534
126553 126642 126575 126597 126619
126643 126667 126649 126655 126661
126668 126700 126676 126684 126692
126701 126800 126725 126749 126773
126801 126947 126837 126873 126909
126948 127028 126968 126988 127008
127029 127171 127064 127099 127134
127172 127188 127176 127180 127184
127189 127253 127205 127221 127237
127254 127306 127267 127280 127293
127307 127367 127322 127337 127352
127368 127530 127408 127448 127488
127531 127547 127535 127539 127543
127548 127622 127566 127584 127602
127623 127663 127633 127643 127653
127664 127690 127670 127676 127682
127691 127756 127707 127723 127739
127757 127805 127769 127781 127793
127806 127833 127812 127818 127824
127834 127861 127840 127846 127852
127862 127924 127877 127892 127907
127925 128000 127943 127961 127979
128001 128062 128016 128031 128046
128063 128102 128072 128081 128090
128103 128120 128107 128111 128115
128121 128159 128130 128139 128148
128160 128215 128173 128186 128199
128216 128248 128224 128232 128240
128249 128319 128266 128283 128300
128320 128336 128324 128328 128332
128337 128355 128341 128345 128349
128356 128384 128363 128370 128377
128385 128491 128411 128437 128463
128492 128542 128504 128516 128528
128543 128584 128553 128563 128573
128585 128637 128598 128611 128624
128638 128711 128656 128674 128692
128712 128818 128738 128764 128790
128819 128889 128836 128853 128870
128890 128908 128894 128898 128902
128909 128996 128930 128951 128972
128997 129043 129008 129019 129030
129044 129085 129054 129064 129074
129086 129142 129100 129114 129128
129143 129178 129151 129159 129167
129179 129213 129187 129195 129203
129214 129235 129219 129224 129229
129236 129253 129240 129244 129248
129254 129281 129260 129266 129272
129282 129341 129296 129310 129324
129342 129395 129355 129368 129381
129396 129442 129407 129418 129429
129443 129459 129447 129451 129455
129460 129478 129464 129468 129472
129479 129528 129491 129503 129515
129529 129584 129542 129555 129568
129585 129661 129604 129623 129642
129662 129692 129669 129676 129683
129693 129709 129697 129701 129705
129710 129758 129722 129734 129746
129759 129798 129768 129777 129786
129799 129828 129806 129813 129820
129829 129845 129833 129837 129841
129846 129868 129851 129856 129861
129869 129939 129886 129903 129920
129940 130154 129993 130046 130099
130155 130194 130164 130173 130182
130195 130249 130208 130221 130234
130250 130289 130259 130268 130277
130290 130404 130318 130346 130374
130405 130436 130412 130419 130426
130437 130472 130445 130453 130461
130473 130557 130494 130515 130536
130558 130628 130575 130592 130609
130629 130677 130641 130653 130665
130678 130742 130694 130710 130726
130743 130806 130758 130773 130788
130807 130824 130811 130815 130819
130825 130851 130831 130837 130843
130852 130961 130879 130906 130933
130962 131004 130972 130982 130992
131005 131045 131015 131025 131035
131046 131116 131063 131080 131097
131117 131215 131141 131165 131189
131216 131247 131223 131230 131237
131248 131265 131252 131256 131260
131266 131335 131283 131300 131317
131336 131355 131340 131344 131348
131356 131402 131367 131378 131389
131403 131486 131423 131443 131463
131487 131523 131496 131505 131514
131524 131578 131537 131550 131563
131579 131628 131591 131603 131615
131629 131681 131642 131655 131668
131682 131731 131694 131706 131718
131732 131772 131742 131752 131762
131773 131801 131780 131787 131794
131802 131878 131821 131840 131859
131879 131917 131888 131897 131906
131918 132097 131962 132006 132050
132098 132130 132106 132114 132122
132131 132180 132143 132155 132167
132181 132388 132232 132283 132334
132389 132428 132398 132407 132416
132429 132485 132443 132457 132471
132486 132551 132502 132518 132534
132552 132622 132569 132586 132603
132623 132673 132635 132647 132659
132674 132716 132684 132694 132704
132717 132751 132725 132733 132741
132752 132777 132758 132764 132770
132778 132833 132791 132804 132817
132834 132867 132842 132850 132858
132868 132910 132878 132888 132898
132911 132933 132916 132921 132926
132934 132991 132948 132962 132976
132992 133018 132998 133004 133010
133019 133040 133024 133029 133034
133041 133085 133052 133063 133074
133086 133109 133091 133096 133101
133110 133193 133130 133150 133170
133194 133235 133204 133214 133224
133236 133357 133266 133296 133326
133358 133395 133367 133376 133385
133396 133413 133400 133404 133408
133414 133449 133422 133430 133438
133450 133467 133454 133458 133462
133468 133489 133473 133478 133483
133490 133554 133506 133522 133538
133555 133600 133566 133577 133588
133601 133647 133612 133623 133634
133648 133683 133656 133664 133672
133684 133707 133689 133694 133699
133708 133758 133720 133732 133744
133759 133819 133774 133789 133804
133820 133840 133825 133830 133835
133841 133874 133849 133857 133865
133875 133911 133884 133893 133902
133912 133930 133916 133920 133924
133931 133982 133943 133955 133967
133983 134042 133997 134011 134025
134043 134073 134050 134057 134064
134074 134097 134079 134084 134089
134098 134118 134103 134108 134113
134119 134143 134125 134131 134137
134144 134210 134160 134176 134192
134211 134269 134225 134239 134253
134270 134327 134284 134298 134312
134328 134356 134335 134342 134349
134357 134389 134365 134373 134381
134390 134413 134395 134400 134405
134414 134449 134422 134430 134438
134450 134500 134462 134474 134486
134501 134535 134509 134517 134525
134536 134563 134542 134548 134554
134564 134654 134586 134608 134630
134655 134675 134660 134665 134670
134676 134698 134681 134686 134691
134699 134744 134710 134721 134732
134745 134764 134749 134753 134757
134765 134828 134780 134795 134810
134829 134939 134856 134883 134910
134940 135013 134954 134968 135009
135014 135073 135028 135042 135056
135074 135092 135078 135082 135086
135093 135152 135107 135121 135135
135153 135216 135168 135183 135198
135217 135299 135237 135257 135277
135300 135333 135308 135316 135324
135334 135418 135355 135376 135397
135419 135457 135428 135437 135446
135458 135496 135467 135476 135485
135497 135557 135512 135527 135542
135558 135623 135574 135590 135606
135624 135645 135629 135634 135639
135646 135748 135671 135696 135721
135749 135773 135755 135761 135767
135774 135856 135794 135814 135834
135857 135909 135870 135883 135896
135910 135934 135916 135922 135928
135935 135972 135944 135953 135962
135973 136080 135999 136025 136051
136081 136115 136089 136097 136105
136116 136139 136121 136126 136131
136140 136161 136145 136150 136155
136162 136189 136168 136174 136180
136190 136227 136199 136208 136217
136228 136294 136244 136260 136276
136295 136316 136300 136305 136310
136317 136373 136331 136345 136359
136374 136392 136378 136382 136386
136393 136417 136399 136405 136411
136418 136440 136423 136428 136433
136441 136458 136445 136449 136453
136459 136568 136486 136513 136540
136569 136639 136586 136603 136620
136640 136796 136679 136718 136757
136797 136876 136816 136835 136854
136877 136980 136902 136927 136952
136981 137103 137011 137041 137071
137104 137211 137130 137156 137182
137212 137260 137224 137236 137248
137261 137346 137282 137303 137324
137347 137363 137351 137355 137359
137364 137380 137368 137372 137376
137381 137429 137393 137405 137417
137430 137462 137438 137446 137454
137463 137549 137484 137505 137526
137550 137608 137564 137578 137592
137609 137706 137633 137657 137681
137707 137812 137733 137759 137785
137813 137862 137825 137837 137849
137863 137966 137888 137913 137938
137967 138094 137998 138029 138060
138095 138139 138106 138117 138128
138140 138781 138300 138460 138620
138782 138861 138801 138820 138839
138862 138929 138878 138894 138910
138930 138956 138936 138942 138948
138957 139014 138971 138985 138999
139015 139061 139026 139037 139048
139062 139533 139179 139296 139413
139534 139632 139558 139582 139606
139633 139774 139668 139703 139738
139775 139948 139818 139861 139904
139949 140091 139984 140019 140054
140092 140158 140108 140124 140140
140159 140222 140174 140189 140204
140223 140331 140250 140277 140304
140332 140730 140431 140530 140629
140731 140770 140740 140749 140758
140771 140900 140803 140835 140867
140901 140941 140911 140921 140931
140942 141071 140974 141006 141038
141072 141144 141090 141108 141126
141145 141220 141163 141181 141199
141221 141257 141230 141239 141248
141258 141628 141350 141442 141534
141629 141797 141671 141713 141755
141798 141982 141844 141890 141936
141983 142314 142065 142147 142229
142315 142456 142350 142385 142420
142457 142535 142476 142495 142514
142536 142850 142614 142692 142770
142851 142991 142886 142921 142956
142992 143037 143003 143014 143025
143038 143087 143050 143062 143074
143088 143235 143124 143160 143196
143236 143371 143269 143302 143335
143372 143448 143391 143410 143429
143449 143468 143453 143457 143461
143469 143607 143503 143537 143571
143608 143642 143616 143624 143632
143643 143664 143648 143653 143658
143665 143685 143670 143675 143680
143686 143702 143690 143694 143698
143703 143719 143707 143711 143715
143720 143741 143725 143730 143735
143742 143805 143757 143772 143787
143806 143889 143826 143846 143866
143890 143942 143903 143916 143929
143943 144000 143957 143971 143985
144001 144017 144005 144009 144013
144018 144053 144026 144034 144042
144054 144208 144092 144130 144168
144209 144314 144235 144261 144287
144315 144353 144324 144333 144342
144354 144416 144369 144384 144399
144417 144444 144423 144429 144435
144445 144597 144483 144521 144559
144598 144626 144605 144612 144619
144627 144799 144670 144713 144756
144800 144976 144844 144888 144932
144977 145017 144987 144997 145007
145018 145152 145051 145084 145117
145153 145402 145215 145277 145339
145403 145512 145430 145457 145484
145513 145639 145544 145575 145606
145640 145724 145661 145682 145703
145725 145767 145735 145745 145755
145768 145807 145777 145786 145795
145808 145904 145832 145856 145880
145905 146002 145929 145953 145977
146003 146043 146013 146023 146033
146044 146266 146099 146154 146209
146267 146387 146297 146327 146357
146388 146449 146403 146418 146433
146450 146501 146462 146474 146486
146502 146637 146535 146568 146601
146638 146748 146665 146692 146719
146749 146806 146763 146777 146791
146807 146898 146829 146851 146873
146899 147285 146995 147091 147187
147286 147445 147325 147364 147403
147446 147500 147459 147472 147485
147501 147578 147520 147539 147558
147579 147870 147651 147723 147795
147871 147958 147892 147913 147934
147959 148038 147978 147997 148016
148039 148263 148095 148151 148207
148264 148318 148277 148290 148303
148319 148610 148391 148463 148535
148611 148759 148648 148685 148722
148760 149289 148892 149024 149156
149290 149369 149309 149328 149347
149370 149557 149416 149462 149508
149558 149653 149581 149604 149627
149654 149902 149716 149778 149840
149903 150026 149927 149951 150018
150027 150258 150084 150141 150198
150259 150314 150272 150285 150298
150315 150565 150377 150439 150501
150566 150797 150623 150680 150737
150798 151009 150850 150902 150954
151010 151314 151086 151162 151238
151315 151378 151330 151345 151360
151379 151559 151424 151469 151514
151560 151807 151621 151682 151743
151808 151837 151815 151822 151829
151838 151918 151858 151878 151898
151919 152046 151950 151981 152012
152047 152253 152098 152149 152200
152254 152421 152295 152336 152377
152422 152598 152466 152510 152554
152599 152749 152636 152673 152710
152750 152768 152754 152758 152762
152769 152800 152776 152783 152790
152801 152942 152836 152871 152906
152943 153132 152990 153037 153084
153133 153370 153192 153251 153310
153371 153427 153385 153399 153413
153428 153737 153505 153582 153659
153738 153790 153751 153764 153777
153791 153990 153840 153889 153938
153991 154088 154015 154039 154063
154089 154164 154107 154125 154143
154165 154199 154173 154181 154189
154200 154286 154221 154242 154263
154287 154420 154320 154353 154386
154421 154485 154437 154453 154469
154486 154552 154502 154518 154534
154553 154687 154586 154619 154652
154688 154763 154706 154724 154742
154764 154941 154808 154852 154896
154942 155016 154960 154978 154996
155017 155202 155063 155109 155155
155203 155701 155327 155451 155575
155702 155744 155712 155722 155732
155745 156056 155822 155899 155976
156057 156122 156073 156089 156105
156123 156189 156139 156155 156171
156190 156614 156296 156402 156508
156615 156676 156630 156645 156660
156677 156799 156707 156737 156767
156800 156993 156848 156896 156944
156994 157063 157011 157028 157045
157064 157115 157076 157088 157100
157116 157229 157144 157172 157200
157230 157381 157267 157304 157341
157382 157442 157397 157412 157427
157443 157531 157465 157487 157509
157532 157601 157549 157566 157583
157602 157634 157610 157618 157626
157635 157706 157652 157669 157686
157707 157823 157736 157765 157794
157824 157892 157841 157858 157875
157893 158011 157922 157951 157980
158012 158081 158029 158046 158063
158082 158149 158098 158114 158130
158150 158197 158161 158172 158183
158198 158227 158205 158212 158219
158228 158281 158241 158254 158267
158282 158448 158323 158364 158405
158449 158571 158479 158509 158539
158572 158670 158596 158620 158644
158671 158765 158694 158717 158740
158766 158825 158780 158794 158808
158826 158930 158852 158878 158904
158931 158999 158948 158965 158982
159000 159068 159017 159034 159051
159069 159220 159106 159143 159180
159221 159328 159247 159273 159299
159329 159520 159376 159423 159470
159521 159586 159537 159553 159569
159587 159920 159670 159753 159836
159921 160057 159955 159989 160023
160058 160110 160071 160084 160097
160111 160192 160131 160151 160171
160193 160232 160202 160211 160220
160233 160469 160292 160351 160410
160470 160701 160527 160584 160641
160702 161006 160778 160854 160930
161007 161546 161141 161275 161409
161547 161588 161557 161567 161577
161589 161643 161602 161615 161628
161644 161692 161656 161668 161680
161693 161746 161706 161719 161732
161747 161785 161756 161765 161774
161786 162055 161853 161920 161987
162056 162147 162078 162100 162122
162148 162281 162181 162214 162247
162282 162419 162316 162350 162384
162420 162550 162452 162484 162516
162551 162584 162559 162567 162575
162585 162705 162615 162645 162675
162706 162853 162742 162778 162814
162854 163104 162916 162978 163040
163105 163156 163117 163129 163141
163157 163298 163192 163227 163262
163299 163392 163322 163345 163368
163393 163440 163404 163415 163426
163441 163474 163449 163457 163465
163475 163504 163482 163489 163496
163505 163552 163516 163527 163538
163553 163602 163565 163577 163589
163603 163678 163621 163639 163657
163679 163828 163716 163753 163790
163829 164051 163884 163939 163994
164052 164185 164085 164118 164151
164186 164273 164207 164228 164249
164274 164472 164323 164372 164421
164473 164579 164499 164525 164551
164580 164659 164599 164618 164637
164660 164689 164667 164674 164681
164690 164743 164703 164716 164729
164744 164841 164768 164792 164816
164842 164894 164855 164868 164881
164895 164945 164907 164919 164931
164946 165085 164959 164972 165063
165086 165160 165104 165122 165140
165161 165232 165178 165195 165212
165233 165739 165359 165485 165611
165740 165918 165784 165828 165872
165919 165986 165935 165951 165967
165987 166083 166011 166035 166059
166084 166136 166097 166110 166123
166137 166228 166159 166181 166203
166229 166248 166233 166237 166241
166249 166298 166261 166273 166285
166299 166350 166311 166323 166335
166351 166602 166413 166475 166537
166603 166729 166634 166665 166696
166730 166774 166741 166752 166763
166775 166838 166790 166805 166820
166839 167102 166904 166969 167034
167103 167199 167127 167151 167175
167200 167317 167229 167258 167287
167318 167386 167335 167352 167369
167387 167450 167402 167417 167432
167451 167472 167456 167461 167466
167473 167493 167478 167483 167488
167494 167595 167519 167544 167569
167596 167724 167628 167660 167692
167725 167747 167730 167735 167740
167748 167766 167752 167756 167760
167767 167790 167772 167777 167782
167791 167808 167795 167799 167803
167809 167831 167814 167819 167824
167832 167990 167871 167910 167949
167991 168048 168005 168019 168033
168049 168144 168072 168095 168118
168145 168298 168183 168221 168259
168299 168328 168306 168313 168320
168329 168389 168344 168359 168374
168390 168407 168394 168398 168402
168408 168452 168419 168430 168441
168453 168579 168484 168515 168546
168580 168640 168595 168610 168625
168641 168839 168690 168739 168788
168840 169123 168910 168980 169050
169124 169295 169166 169208 169250
169296 169368 169314 169332 169350
169369 169534 169410 169451 169492
169535 169702 169576 169617 169658
169703 169905 169753 169803 169853
169906 170681 170099 170292 170485
170682 170739 170696 170710 170724
170740 170781 170750 170760 170770
170782 170934 170820 170858 170896
170935 170974 170944 170953 170962
170975 171020 170986 170997 171008
171021 171091 171038 171055 171072
171092 171277 171138 171184 171230
171278 171346 171295 171312 171329
171347 171452 171373 171399 171425
171453 171519 171469 171485 171501
171520 171594 171538 171556 171574
171595 171632 171604 171613 171622
171633 171848 171686 171739 171792
171849 171962 171877 171905 171933
171963 172076 171991 172019 172047
172077 172097 172082 172087 172092
172098 172132 172106 172114 172122
172133 172241 172160 172187 172214
172242 172264 172247 172252 172257
172265 172290 172271 172277 172283
172291 172360 172308 172325 172342
172361 172398 172370 172379 172388
172399 172574 172442 172485 172528
172575 172685 172602 172629 172656
172686 172733 172697 172708 172719
172734 172808 172752 172770 172788
172809 172952 172844 172879 172914
172953 173042 172975 172997 173019
173043 173107 173059 173075 173091
173108 173252 173144 173180 173216
173253 173299 173264 173275 173286
173300 173365 173316 173332 173348
173366 173424 173380 173394 173408
173425 173518 173448 173471 173494
173519 173585 173535 173551 173567
173586 173655 173603 173620 173637
173656 173859 173706 173756 173806
173860 173907 173871 173882 173893
173908 173995 173929 173950 173971
173996 174060 174012 174028 174044
174061 174089 174068 174075 174082
174090 174139 174102 174114 174126
174140 174159 174144 174148 174152
174160 174243 174180 174200 174220
174244 174399 174282 174320 174358
174400 174448 174412 174424 174436
174449 174517 174466 174483 174500
174518 174583 174534 174550 174566
174584 174677 174607 174630 174653
174678 174762 174699 174720 174741
174763 174798 174771 174779 174787
174799 174833 174807 174815 174823
174834 174871 174843 174852 174861
174872 174962 174894 174916 174938
174963 175038 174981 174999 175017
175039 175256 175093 175147 175201
175257 175299 175267 175277 175287
175300 175353 175313 175326 175339
175354 175743 175451 175548 175645
175744 175803 175758 175772 175786
175804 175871 175820 175836 175852
175872 176008 175906 175940 175974
176009 176055 176020 176031 176042
176056 176109 176069 176082 176095
176110 176166 176124 176138 176152
176167 176213 176178 176189 176200
176214 176301 176235 176256 176277
176302 176396 176325 176348 176371
176397 176477 176417 176437 176457
176478 176558 176498 176518 176538
176559 176628 176576 176593 176610
176629 176722 176652 176675 176698
176723 176888 176764 176805 176846
176889 176939 176901 176913 176925
176940 177095 176978 177016 177054
177096 177921 177302 177508 177714
177922 178066 177958 177994 178030
178067 178180 178095 178123 178151
178181 178313 178214 178247 178280
178314 178506 178362 178410 178458
178507 178599 178530 178553 178576
178600 178683 178620 178640 178660
178684 178788 178710 178736 178762
178789 178919 178821 178853 178885
178920 179023 178945 178970 178995
179024 179055 179031 179038 179045
179056 179170 179084 179112 179140
179171 179563 179269 179367 179465
179564 180121 179672 179780 180090
180122 180256 180155 180188 180221
180257 180602 180343 180429 180515
180603 180693 180625 180647 180669
180694 180811 180723 180752 180781
180812 180944 180845 180878 180911
180945 180998 180958 180971 180984
180999 181614 181152 181305 181458
181615 181687 181633 181651 181669
181688 181839 181725 181762 181799
181840 181997 181879 181918 181957
181998 182053 182011 182024 182037
182054 182172 182083 182112 182141
182173 182517 182259 182345 182431
182518 182690 182561 182604 182647
182691 182782 182713 182735 182757
182783 182830 182794 182805 182816
182831 182875 182842 182853 182864
182876 183003 182907 182938 182969
183004 183676 183172 183340 183508
183677 183811 183710 183743 183776
183812 183910 183836 183860 183884
183911 184156 183972 184033 184094
184157 184281 184188 184219 184250
184282 184389 184308 184334 184360
184390 184436 184401 184412 184423
184437 184460 184442 184447 184452
184461 184550 184483 184505 184527
184551 184589 184560 184569 184578
184590 184760 184632 184674 184716
184761 184806 184772 184783 184794
184807 184855 184819 184831 184843
184856 184889 184864 184872 184880
184890 185067 184934 184978 185022
185068 185132 185084 185100 185116
185133 185216 185153 185173 185193
185217 185293 185236 185255 185274
185294 185400 185320 185346 185372
185401 185589 185448 185495 185542
185590 185645 185603 185616 185629
185646 185715 185663 185680 185697
185716 185858 185751 185786 185821
185859 186012 185897 185935 185973
186013 186121 186040 186067 186094
186122 186249 186153 186184 186215
186250 186407 186289 186328 186367
186408 186646 186467 186526 186585
186647 186823 186691 186735 186779
186824 186906 186844 186864 186884
186907 187183 186976 187045 187114
187184 187283 187208 187232 187256
187284 187329 187295 187306 187317
187330 187420 187352 187374 187396
187421 187479 187435 187449 187463
187480 187543 187495 187510 187525
187544 187579 187552 187560 187568
187580 187663 187600 187620 187640
187664 187705 187674 187684 187694
187706 187792 187727 187748 187769
187793 187862 187810 187827 187844
187863 188033 187905 187947 187989
188034 188068 188042 188050 188058
188069 188100 188076 188083 188090
188101 188147 188112 188123 188134
188148 188255 188174 188200 188226
188256 188352 188280 188304 188328
188353 188398 188364 188375 188386
188399 188438 188408 188417 188426
188439 188492 188452 188465 188478
188493 188558 188509 188525 188541
188559 188616 188573 188587 188601
188617 188652 188625 188633 188641
188653 188677 188659 188665 188671
188678 188716 188687 188696 188705
188717 188847 188749 188781 188813
188848 188891 188858 188868 188878
188892 188915 188897 188902 188907
188916 188941 188922 188928 188934
188942 189069 188973 189004 189035
189070 189145 189088 189106 189124
189146 189419 189214 189282 189350
189420 189627 189471 189522 189573
189628 189761 189661 189694 189727
189762 189816 189775 189788 189801
189817 189866 189829 189841 189853
189867 189917 189879 189891 189903
189918 189989 189935 189952 189969
189990 190063 190008 190026 190044
190064 190094 190071 190078 190085
190095 190239 190131 190167 190203
190240 190302 190255 190270 190285
190303 190391 190325 190347 190369
190392 190450 190406 190420 190434
190451 190506 190464 190477 190490
190507 190629 190537 190567 190597
190630 190682 190643 190656 190669
190683 190800 190712 190741 190770
190801 190843 190811 190821 190831
190844 190894 190856 190868 190880
190895 190968 190913 190931 190949
190969 191117 191006 191043 191080
191118 191401 191188 191258 191328
191402 191496 191425 191448 191471
191497 191561 191513 191529 191545
191562 191620 191576 191590 191604
191621 191705 191642 191663 191684
191706 191755 191718 191730 191742
191756 191812 191770 191784 191798
191813 191896 191833 191853 191873
191897 192673 192091 192285 192479
192674 192913 192733 192792 192851
192914 193031 192943 192972 193001
193032 193228 193081 193130 193179
193229 193307 193248 193267 193286
193308 193397 193330 193352 193374
193398 193575 193442 193486 193530
193576 193708 193609 193642 193675
193709 193886 193753 193797 193841
193887 193942 193900 193913 193926
193943 194031 193965 193987 194009
194032 194197 194073 194114 194155
194198 194262 194214 194230 194246
194263 194658 194361 194459 194557
194659 194853 194707 194755 194803
194854 201783 194890 194926 200085
