0 435 108 216 324
436 4976 1571 2706 3841
4977 5076 5001 5025 5049
5077 5146 5094 5111 5128
5147 5214 5163 5179 5195
5215 5258 5225 5235 5245
5259 5281 5264 5269 5274
5282 5308 5288 5294 5300
5309 5339 5316 5323 5330
5340 5370 5347 5354 5361
5371 5441 5388 5405 5422
5442 5781 5526 5610 5694
5782 5830 5794 5806 5818
5831 5907 5850 5869 5888
5908 6048 5943 5978 6013
6049 6225 6093 6137 6181
6226 6335 6253 6280 6307
6336 6408 6354 6372 6390
6409 6466 6423 6437 6451
6467 6671 6518 6569 6620
6672 6716 6683 6694 6705
6717 6782 6733 6749 6765
6783 6854 6800 6817 6834
6855 6960 6881 6907 6933
6961 6999 6970 6979 6988
7000 7018 7004 7008 7012
7019 7038 7023 7027 7031
7039 7058 7043 7047 7051
7059 7075 7063 7067 7071
7076 7103 7082 7088 7094
7104 7141 7113 7122 7131
7142 7197 7155 7168 7181
7198 7250 7211 7224 7237
7251 7267 7255 7259 7263
7268 7331 7283 7298 7313
7332 7371 7341 7350 7359
7372 7409 7381 7390 7399
7410 7463 7423 7436 7449
7464 7514 7476 7488 7500
7515 7596 7535 7555 7575
7597 7664 7613 7629 7645
7665 7689 7671 7677 7683
7690 7715 7696 7702 7708
7716 7738 7721 7726 7731
7739 7762 7744 7749 7754
7763 7930 7804 7845 7886
7931 7971 7941 7951 7961
7972 7997 7978 7984 7990
7998 8032 8006 8014 8022
8033 8076 8043 8053 8063
8077 8106 8084 8091 8098
8107 8131 8113 8119 8125
8132 8179 8143 8154 8165
8180 8256 8199 8218 8237
8257 8370 8285 8313 8341
8371 8402 8378 8385 8392
8403 8437 8411 8419 8427
8438 8488 8450 8462 8474
8489 8728 8548 8607 8666
8729 8771 8739 8749 8759
8772 8820 8784 8796 8808
8821 8878 8835 8849 8863
8879 8941 8894 8909 8924
8942 9080 8976 9010 9044
9081 9221 9116 9151 9186
9222 9309 9243 9264 9285
9310 9421 9337 9364 9391
9422 9566 9458 9494 9530
9567 9634 9583 9599 9615
9635 9715 9655 9675 9695
9716 9763 9727 9738 9749
9764 9809 9775 9786 9797
9810 9872 9825 9840 9855
9873 9922 9885 9897 9909
9923 10727 10124 10325 10526
10728 10804 10747 10766 10785
10805 10919 10833 10861 10889
10920 10979 10934 10948 10962
10980 11090 11007 11034 11061
11091 11159 11108 11125 11142
11160 11189 11167 11174 11181
11190 11847 11354 11518 11682
11848 12095 11909 11970 12031
12096 12170 12114 12132 12150
12171 12280 12198 12225 12252
12281 12492 12333 12385 12437
12493 12608 12521 12549 12577
12609 12679 12626 12643 12660
12680 12770 12702 12724 12746
12771 14107 13105 13439 13773
14108 14243 14141 14174 14207
14244 14344 14269 14294 14319
14345 14402 14359 14373 14387
14403 14426 14408 14413 14418
14427 14686 14491 14555 14619
14687 14735 14699 14711 14723
14736 14818 14756 14776 14796
14819 14879 14834 14849 14864
14880 14918 14889 14898 14907
14919 15652 14939 14959 15489
15653 15829 15697 15741 15785
15830 15868 15839 15848 15857
15869 15902 15877 15885 15893
15903 15968 15919 15935 15951
15969 16788 16173 16377 16581
16789 17135 16875 16961 17047
17136 17399 17201 17266 17331
17400 17494 17423 17446 17469
17495 17921 17601 17707 17813
17922 18015 17945 17968 17991
18016 18708 18189 18362 18535
18709 18829 18739 18769 18799
18830 19053 18885 18940 18995
19054 19256 19104 19154 19204
19257 19387 19289 19321 19353
19388 19447 19402 19416 19430
19448 19496 19460 19472 19484
19497 20500 19747 19997 20247
20501 20612 20528 20555 20582
20613 21140 20744 20875 21006
21141 21157 21145 21149 21153
21158 21174 21162 21166 21170
21175 21199 21181 21187 21193
21200 21223 21205 21210 21215
21224 21254 21231 21238 21245
21255 21298 21265 21275 21285
21299 21319 21304 21309 21314
21320 21362 21330 21340 21350
21363 21391 21370 21377 21384
21392 21449 21406 21420 21434
21450 21493 21460 21470 21480
21494 21573 21513 21532 21551
21574 21593 21578 21582 21586
21594 21699 21620 21646 21672
21700 21728 21707 21714 21721
21729 21944 21782 21835 21888
21945 21997 21958 21971 21984
21998 22122 22029 22060 22091
22123 22145 22128 22133 22138
22146 22190 22157 22168 22179
22191 22293 22216 22241 22266
22294 22392 22318 22342 22366
22393 22663 22460 22527 22594
22664 22681 22668 22672 22676
22682 22873 22729 22776 22823
22874 23013 22908 22942 22976
23014 23049 23022 23030 23038
23050 23125 23068 23086 23104
23126 23197 23143 23160 23177
23198 23283 23219 23240 23261
23284 23493 23336 23388 23440
23494 23593 23518 23542 23566
23594 23663 23611 23628 23645
23664 23754 23686 23708 23730
23755 23934 23799 23843 23887
23935 24103 23977 24019 24061
24104 24439 24187 24270 24353
24440 24792 24528 24616 24704
24793 24817 24799 24805 24811
24818 25021 24868 24918 24968
25022 25045 25027 25032 25037
25046 25074 25053 25060 25067
25075 25112 25084 25093 25102
25113 25194 25133 25153 25173
25195 25255 25210 25225 25240
25256 25642 25352 25448 25544
25643 25701 25657 25671 25685
25702 25868 25743 25784 25825
25869 25941 25887 25905 25923
25942 26066 25973 26004 26035
26067 26104 26076 26085 26094
26105 26223 26134 26163 26192
26224 26325 26249 26274 26299
26326 26396 26343 26360 26377
26397 26460 26412 26427 26442
26461 27981 26841 27221 27601
27982 28090 28009 28036 28063
28091 28545 28204 28317 28430
28546 28612 28562 28578 28594
28613 29202 28760 28907 29054
29203 29277 29221 29239 29257
29278 29857 29422 29566 29710
29858 29949 29880 29902 29924
29950 30554 29962 29974 30414
30555 31384 30762 30969 31176
31385 31537 31423 31461 31499
31538 32161 31693 31848 32003
32162 32375 32215 32268 32321
32376 32492 32405 32434 32463
32493 32569 32512 32531 32550
32570 32844 32638 32706 32774
32845 32905 32860 32875 32890
32906 32955 32918 32930 32942
32956 32988 32964 32972 32980
32989 33030 32999 33009 33019
33031 33057 33037 33043 33049
33058 33091 33066 33074 33082
33092 33185 33115 33138 33161
33186 33241 33199 33212 33225
33242 33294 33255 33268 33281
33295 33333 33304 33313 33322
33334 33358 33340 33346 33352
33359 33501 33394 33429 33464
33502 33633 33534 33566 33598
33634 33759 33665 33696 33727
33760 33911 33797 33834 33871
33912 33997 33933 33954 33975
33998 34054 34012 34026 34040
34055 34113 34069 34083 34097
34114 34139 34120 34126 34132
34140 34470 34222 34304 34386
34471 34566 34494 34517 34540
34567 34757 34614 34661 34708
34758 34798 34768 34778 34788
34799 34864 34815 34831 34847
34865 34893 34872 34879 34886
34894 35206 34972 35050 35128
35207 35400 35255 35303 35351
35401 35493 35424 35447 35470
35494 35510 35498 35502 35506
35511 35537 35517 35523 35529
35538 35568 35545 35552 35559
35569 35621 35582 35595 35608
35622 35664 35632 35642 35652
35665 35716 35677 35689 35701
35717 35769 35730 35743 35756
35770 35821 35782 35794 35806
35822 35852 35829 35836 35843
35853 36580 36034 36215 36396
36581 36698 36610 36639 36668
36699 36834 36732 36765 36798
36835 36894 36849 36863 36877
36895 37080 36941 36987 37033
37081 37234 37119 37157 37195
37235 37391 37274 37313 37352
37392 37485 37415 37438 37461
37486 37707 37541 37596 37651
37708 37831 37738 37768 37798
37832 37932 37857 37882 37907
37933 37993 37948 37963 37978
37994 38125 38026 38058 38090
38126 38169 38136 38146 38156
38170 38211 38180 38190 38200
38212 38417 38263 38314 38365
38418 38469 38430 38442 38454
38470 38570 38495 38520 38545
38571 39538 38812 39053 39294
39539 39587 39551 39563 39575
39588 40086 39712 39836 39960
40087 40506 40191 40295 40399
40507 40700 40555 40603 40651
40701 40790 40723 40745 40767
40791 40853 40806 40821 40836
40854 41124 40921 40988 41055
41125 41176 41137 41149 41161
41177 41221 41188 41199 41210
41222 41259 41231 41240 41249
41260 41298 41269 41278 41287
41299 41338 41308 41317 41326
41339 41374 41347 41355 41363
41375 41415 41385 41395 41405
41416 41459 41426 41436 41446
41460 41621 41500 41540 41580
41622 42167 41758 41894 42030
42168 42313 42204 42240 42276
42314 42349 42322 42330 42338
42350 42423 42368 42386 42404
42424 42468 42435 42446 42457
42469 42505 42478 42487 42496
42506 42629 42536 42566 42596
42630 42767 42664 42698 42732
42768 43029 42833 42898 42963
43030 43294 43096 43162 43228
43295 43392 43319 43343 43367
43393 43497 43419 43445 43471
43498 44029 43630 43762 43894
44030 44138 44057 44084 44111
44139 44249 44166 44193 44220
44250 44352 44275 44300 44325
44353 44501 44390 44427 44464
44502 45151 44626 44750 45111
45152 45203 45164 45176 45188
45204 45232 45211 45218 45225
45233 45261 45240 45247 45254
45262 45311 45274 45286 45298
45312 45706 45410 45508 45606
45707 45875 45749 45791 45833
45876 46025 45913 45950 45987
46026 46568 46161 46296 46431
46569 47174 46720 46871 47022
47175 47269 47198 47221 47244
47270 47372 47295 47320 47345
47373 47532 47412 47451 47490
47533 47739 47584 47635 47686
47740 47804 47756 47772 47788
47805 47885 47825 47845 47865
47886 48070 47932 47978 48024
48071 48119 48083 48095 48107
48120 48372 48183 48246 48309
48373 48520 48409 48445 48481
48521 49030 48648 48775 48902
49031 49188 49070 49109 49148
49189 49312 49219 49249 49279
49313 51146 49771 50229 50687
51147 51176 51154 51161 51168
51177 51218 51187 51197 51207
51219 51293 51237 51255 51273
51294 51337 51304 51314 51324
51338 51497 51377 51416 51455
51498 51633 51531 51564 51597
51634 52709 51902 52170 52438
52710 52833 52740 52770 52800
52834 53141 52910 52986 53062
53142 53515 53235 53328 53421
53516 53657 53551 53586 53621
53658 54744 53929 54200 54471
54745 55011 54811 54877 54943
55012 55747 55195 55378 55561
55748 56002 55811 55874 55937
56003 56050 56014 56025 56036
56051 56097 56062 56073 56084
56098 56263 56139 56180 56221
56264 56340 56283 56302 56321
56341 56720 56435 56529 56623
56721 56900 56765 56809 56853
56901 57109 56953 57005 57057
57110 57244 57143 57176 57209
57245 57401 57284 57323 57362
57402 57528 57433 57464 57495
57529 57565 57538 57547 57556
57566 57720 57604 57642 57680
57721 57776 57734 57747 57760
57777 57813 57786 57795 57804
57814 57841 57820 57826 57832
57842 58012 57884 57926 57968
58013 58313 58088 58163 58238
58314 58419 58340 58366 58392
58420 59727 58746 59072 59398
59728 59822 59751 59774 59797
59823 61095 59867 59911 60819
61096 61479 61191 61286 61381
61480 61557 61499 61518 61537
61558 61617 61572 61586 61600
61618 61651 61626 61634 61642
61652 61739 61673 61694 61715
61740 61841 61765 61790 61815
61842 61863 61847 61852 61857
61864 61895 61871 61878 61885
61896 62031 61929 61962 61995
62032 62095 62047 62062 62077
62096 62168 62114 62132 62150
62169 62421 62232 62295 62358
62422 62637 62475 62528 62581
62638 62881 62698 62758 62818
62882 62969 62903 62924 62945
62970 63548 63114 63258 63402
63549 63877 63631 63713 63795
63878 63948 63895 63912 63929
63949 64477 64081 64213 64345
64478 65189 64655 64832 65009
65190 65295 65216 65242 65268
65296 65463 65337 65378 65419
65464 65519 65477 65490 65503
65520 65576 65534 65548 65562
65577 65812 65635 65693 65751
65813 65957 65849 65885 65921
65958 66155 66007 66056 66105
66156 66225 66173 66190 66207
66226 66316 66248 66270 66292
66317 66521 66368 66419 66470
66522 66773 66584 66646 66708
66774 66888 66802 66830 66858
66889 66963 66907 66925 66943
66964 67219 67027 67090 67153
67220 67357 67254 67288 67322
67358 67485 67389 67420 67451
67486 67796 67563 67640 67717
67797 67986 67844 67891 67938
67987 68109 68017 68047 68077
68110 68220 68137 68164 68191
68221 68771 68358 68495 68632
68772 68913 68807 68842 68877
68914 69119 68965 69016 69067
69120 69161 69130 69140 69150
69162 69178 69166 69170 69174
69179 69213 69187 69195 69203
69214 69238 69220 69226 69232
69239 69293 69252 69265 69278
69294 69351 69308 69322 69336
69352 69500 69389 69426 69463
69501 69549 69513 69525 69537
69550 69615 69566 69582 69598
69616 69673 69630 69644 69658
69674 69710 69683 69692 69701
69711 69766 69724 69737 69750
69767 69795 69774 69781 69788
69796 69840 69807 69818 69829
69841 69910 69858 69875 69892
69911 69934 69916 69921 69926
69935 69961 69941 69947 69953
69962 69983 69967 69972 69977
69984 70032 69996 70008 70020
70033 70059 70039 70045 70051
70060 70078 70064 70068 70072
70079 70096 70083 70087 70091
70097 70120 70102 70107 70112
70121 70139 70125 70129 70133
70140 70175 70148 70156 70164
70176 70203 70182 70188 70194
70204 70226 70209 70214 70219
70227 70249 70232 70237 70242
70250 70291 70260 70270 70280
70292 70319 70298 70304 70310
70320 70345 70326 70332 70338
70346 70379 70354 70362 70370
70380 70401 70385 70390 70395
70402 70436 70410 70418 70426
70437 70533 70461 70485 70509
70534 70581 70545 70556 70567
70582 70638 70596 70610 70624
70639 70736 70663 70687 70711
70737 70835 70761 70785 70809
70836 70861 70842 70848 70854
70862 70894 70870 70878 70886
70895 70951 70909 70923 70937
70952 70992 70962 70972 70982
70993 71067 71011 71029 71047
71068 71102 71076 71084 71092
71103 71132 71110 71117 71124
71133 71173 71143 71153 71163
71174 71378 71225 71276 71327
71379 71937 71518 71657 71796
71938 72023 71959 71980 72001
72024 72068 72035 72046 72057
72069 72105 72078 72087 72096
72106 72151 72117 72128 72139
72152 72200 72164 72176 72188
72201 72255 72214 72227 72240
72256 72303 72267 72278 72289
72304 72371 72320 72336 72352
72372 72386 72375 72378 72381
72387 72520 72420 72453 72486
72521 72633 72549 72577 72605
72634 72731 72658 72682 72706
72732 72775 72742 72752 72762
72776 72877 72801 72826 72851
72878 72942 72894 72910 72926
72943 72984 72953 72963 72973
72985 73099 73013 73041 73069
73100 73150 73112 73124 73136
73151 73498 73237 73323 73409
73499 73550 73511 73523 73535
73551 73723 73594 73637 73680
73724 73934 73776 73828 73880
73935 73966 73942 73949 73956
73967 74039 73985 74003 74021
74040 74213 74083 74126 74169
74214 74248 74222 74230 74238
74249 74349 74274 74299 74324
74350 74506 74389 74428 74467
74507 74847 74592 74677 74762
74848 75166 74885 74922 75123
75167 75207 75177 75187 75197
75208 75277 75225 75242 75259
75278 75358 75298 75318 75338
75359 75530 75401 75443 75485
75531 75756 75587 75643 75699
75757 75934 75801 75845 75889
75935 75966 75942 75949 75956
75967 76000 75975 75983 75991
76001 76037 76010 76019 76028
76038 76121 76058 76078 76098
76122 76271 76159 76196 76233
76272 76439 76313 76354 76395
76440 76651 76492 76544 76596
76652 76965 76730 76808 76886
76966 77034 76983 77000 77017
77035 77323 77107 77179 77251
77324 77472 77361 77398 77435
77473 77630 77512 77551 77590
77631 77807 77675 77719 77763
77808 78008 77858 77908 77958
78009 78294 78080 78151 78222
78295 78364 78312 78329 78346
78365 78418 78378 78391 78404
78419 78554 78452 78485 78518
78555 78602 78566 78577 78588
78603 78641 78612 78621 78630
78642 78682 78652 78662 78672
78683 78770 78704 78725 78746
78771 78840 78788 78805 78822
78841 78906 78857 78873 78889
78907 78960 78920 78933 78946
78961 79016 78974 78987 79000
79017 79037 79022 79027 79032
79038 79061 79043 79048 79053
79062 79142 79082 79102 79122
79143 79166 79148 79153 79158
79167 79191 79173 79179 79185
79192 79214 79197 79202 79207
79215 79244 79222 79229 79236
79245 79264 79249 79253 79257
79265 79313 79277 79289 79301
79314 79530 79368 79422 79476
79531 79690 79570 79609 79648
79691 79798 79717 79743 79769
79799 79985 79845 79891 79937
79986 80026 79996 80006 80016
80027 80234 80078 80129 80180
80235 80324 80257 80279 80301
80325 80449 80356 80387 80418
80450 80520 80467 80484 80501
80521 80544 80526 80531 80536
80545 80595 80557 80569 80581
80596 80711 80624 80652 80680
80712 80856 80748 80784 80820
80857 81039 80902 80947 80992
81040 81469 81147 81254 81361
81470 81604 81503 81536 81569
81605 82018 81708 81811 81914
82019 82073 82032 82045 82058
82074 82109 82082 82090 82098
82110 82250 82145 82180 82215
82251 82279 82258 82265 82272
82280 82555 82348 82416 82484
82556 82609 82569 82582 82595
82610 82848 82669 82728 82787
82849 83204 82937 83025 83113
83205 83451 83266 83327 83388
83452 83826 83545 83638 83731
83827 83969 83862 83897 83932
83970 84706 84154 84338 84522
84707 84839 84740 84773 84806
84840 84879 84849 84858 84867
84880 84920 84890 84900 84910
84921 85078 84960 84999 85038
85079 85109 85086 85093 85100
85110 85161 85122 85134 85146
85162 85200 85171 85180 85189
85201 85353 85239 85277 85315
85354 85507 85392 85430 85468
85508 86259 85695 85882 86069
86260 86768 86387 86514 86641
86769 86835 86785 86801 86817
86836 86896 86851 86866 86881
86897 86952 86910 86923 86936
86953 87009 86967 86981 86995
87010 87044 87018 87026 87034
87045 87555 87172 87299 87426
87556 87581 87562 87568 87574
87582 87611 87589 87596 87603
87612 87641 87619 87626 87633
87642 87674 87650 87658 87666
87675 87754 87694 87713 87732
87755 87799 87766 87777 87788
87800 87912 87828 87856 87884
87913 88018 87939 87965 87991
88019 88117 88043 88067 88091
88118 88805 88289 88460 88631
88806 88875 88823 88840 88857
88876 89089 88929 88982 89035
89090 91167 89317 89544 90873
91168 91229 91183 91198 91213
91230 91526 91304 91378 91452
91527 91637 91554 91581 91608
91638 91807 91680 91722 91764
91808 92311 91933 92058 92183
92312 92365 92325 92338 92351
92366 92525 92405 92444 92483
92526 92803 92595 92664 92733
92804 92997 92852 92900 92948
92998 93056 93012 93026 93040
93057 93106 93069 93081 93093
93107 93201 93130 93153 93176
93202 93701 93326 93450 93574
93702 93767 93718 93734 93750
93768 93813 93779 93790 93801
93814 94109 93887 93960 94033
94110 94269 94149 94188 94227
94270 94313 94280 94290 94300
94314 94452 94348 94382 94416
94453 94483 94460 94467 94474
94484 94577 94507 94530 94553
94578 94843 94644 94710 94776
94844 95222 94938 95032 95126
95223 95275 95236 95249 95262
95276 95292 95280 95284 95288
95293 95316 95298 95303 95308
95317 95361 95328 95339 95350
95362 95379 95366 95370 95374
95380 95436 95394 95408 95422
95437 95678 95497 95557 95617
95679 95718 95688 95697 95706
95719 96009 95791 95863 95935
96010 96038 96017 96024 96031
96039 96106 96055 96071 96087
96107 96259 96145 96183 96221
96260 96387 96291 96322 96353
96388 96426 96397 96406 96415
96427 96455 96434 96441 96448
96456 96652 96505 96554 96603
96653 96799 96689 96725 96761
96800 96831 96807 96814 96821
96832 96883 96844 96856 96868
96884 96927 96894 96904 96914
96928 96946 96932 96936 96940
96947 97056 96974 97001 97028
97057 97105 97069 97081 97093
97106 97209 97131 97156 97181
97210 97427 97264 97318 97372
97428 97476 97440 97452 97464
97477 97520 97487 97497 97507
97521 97765 97582 97643 97704
97766 97853 97787 97808 97829
97854 98006 97892 97930 97968
98007 98023 98011 98015 98019
98024 98042 98028 98032 98036
98043 98068 98049 98055 98061
98069 98194 98100 98131 98162
98195 98233 98204 98213 98222
98234 98286 98247 98260 98273
98287 98323 98296 98305 98314
98324 98403 98343 98362 98381
98404 98532 98436 98468 98500
98533 98555 98538 98543 98548
98556 98583 98562 98568 98574
98584 98608 98590 98596 98602
98609 98695 98630 98651 98672
98696 98731 98704 98712 98720
98732 98778 98743 98754 98765
98779 98888 98806 98833 98860
98889 98934 98900 98911 98922
98935 98956 98940 98945 98950
98957 99096 98991 99025 99059
99097 99233 99131 99165 99199
99234 99340 99260 99286 99312
99341 99699 99430 99519 99608
99700 99867 99741 99782 99823
99868 99972 99894 99920 99946
99973 100021 99985 99997 100009
100022 100267 100083 100144 100205
100268 100299 100275 100282 100289
100300 100343 100310 100320 100330
100344 100434 100366 100388 100410
100435 100540 100461 100487 100513
100541 100739 100590 100639 100688
100740 101346 100891 101042 101193
101347 101538 101394 101441 101488
101539 101619 101559 101579 101599
101620 101740 101650 101680 101710
101741 101879 101775 101809 101843
101880 101952 101898 101916 101934
101953 102455 102078 102203 102328
102456 102532 102475 102494 102513
102533 102666 102566 102599 102632
102667 102767 102692 102717 102742
102768 102816 102780 102792 102804
102817 102866 102829 102841 102853
102867 103000 102900 102933 102966
103001 103462 103116 103231 103346
103463 103687 103519 103575 103631
103688 103797 103715 103742 103769
103798 103855 103812 103826 103840
103856 103946 103878 103900 103922
103947 103995 103959 103971 103983
103996 104071 104014 104032 104050
104072 104121 104084 104096 104108
104122 104806 104293 104464 104635
104807 104859 104820 104833 104846
104860 105116 104894 104928 105087
105117 105365 105179 105241 105303
105366 105427 105381 105396 105411
105428 105525 105452 105476 105500
105526 105624 105550 105574 105598
105625 105956 105707 105789 105871
105957 106056 105981 106005 106029
106057 106132 106075 106093 106111
106133 107841 106560 106987 107414
107842 108063 107897 107952 108007
108064 108348 108135 108206 108277
108349 108430 108369 108389 108409
108431 108587 108470 108509 108548
108588 108829 108648 108708 108768
108830 109036 108881 108932 108983
109037 109142 109063 109089 109115
109143 109249 109169 109195 109221
109250 109352 109275 109300 109325
109353 109496 109388 109423 109458
109497 109548 109509 109521 109533
109549 109630 109569 109589 109609
109631 109684 109644 109657 109670
109685 109830 109721 109757 109793
109831 109865 109839 109847 109855
109866 109914 109878 109890 109902
109915 109974 109929 109943 109957
109975 110130 110013 110051 110089
110131 110307 110175 110219 110263
110308 110326 110312 110316 110320
110327 110438 110354 110381 110408
110439 110479 110449 110459 110469
110480 110518 110489 110498 110507
110519 110708 110566 110613 110660
110709 110808 110733 110757 110781
110809 111003 110857 110905 110953
111004 111033 111011 111018 111025
111034 111078 111045 111056 111067
111079 111272 111127 111175 111223
111273 111579 111349 111425 111501
111580 111714 111613 111646 111679
111715 111780 111731 111747 111763
111781 111818 111790 111799 111808
111819 111880 111834 111849 111864
111881 111974 111904 111927 111950
111975 112057 111995 112015 112035
112058 112331 112126 112194 112262
112332 112768 112441 112550 112659
112769 112840 112786 112803 112820
112841 112874 112849 112857 112865
112875 112985 112902 112929 112956
112986 113150 113027 113068 113109
113151 113285 113184 113217 113250
113286 113381 113309 113332 113355
113382 113805 113487 113592 113697
113806 113999 113854 113902 113950
114000 114115 114028 114056 114084
114116 114143 114122 114128 114134
114144 114301 114183 114222 114261
114302 114560 114366 114430 114494
114561 114610 114573 114585 114597
114611 114777 114652 114693 114734
114778 114901 114808 114838 114868
114902 115216 114980 115058 115136
115217 115338 115247 115277 115307
115339 115522 115384 115429 115474
115523 115714 115570 115617 115664
115715 115809 115738 115761 115784
115810 116073 115875 115940 116005
116074 116184 116101 116128 116155
116185 116226 116195 116205 116215
116227 116282 116240 116253 116266
116283 116355 116301 116319 116337
116356 116379 116361 116366 116371
116380 116518 116414 116448 116482
116519 116576 116533 116547 116561
116577 116702 116608 116639 116670
116703 116838 116736 116769 116802
116839 116929 116861 116883 116905
116930 117185 116993 117056 117119
117186 117244 117200 117214 117228
117245 117397 117283 117321 117359
117398 117544 117434 117470 117506
117545 117640 117568 117591 117614
117641 117791 117678 117715 117752
117792 117952 117832 117872 117912
117953 118031 117972 117991 118010
118032 118124 118055 118078 118101
118125 118170 118136 118147 118158
118171 118279 118198 118225 118252
118280 118304 118286 118292 118298
118305 118334 118312 118319 118326
118335 118364 118342 118349 118356
118365 118515 118402 118439 118476
118516 118552 118525 118534 118543
118553 118604 118565 118577 118589
118605 118712 118631 118657 118683
118713 118733 118718 118723 118728
118734 119056 118814 118894 118974
119057 119110 119070 119083 119096
119111 119183 119129 119147 119165
119184 119441 119248 119312 119376
119442 119459 119446 119450 119454
119460 119495 119468 119476 119484
119496 119741 119557 119618 119679
119742 119786 119753 119764 119775
119787 119888 119812 119837 119862
119889 119942 119902 119915 119928
119943 120136 119957 119971 120102
120137 120396 120201 120265 120329
120397 120588 120444 120491 120538
120589 120648 120603 120617 120631
120649 120756 120675 120701 120727
120757 120795 120766 120775 120784
120796 120846 120808 120820 120832
120847 120870 120852 120857 120862
120871 120920 120883 120895 120907
120921 120939 120925 120929 120933
120940 121026 120961 120982 121003
121027 121085 121041 121055 121069
121086 121130 121097 121108 121119
121131 121173 121141 121151 121161
121174 121327 121212 121250 121288
121328 121345 121332 121336 121340
121346 121362 121350 121354 121358
121363 121384 121368 121373 121378
121385 121510 121416 121447 121478
121511 121577 121527 121543 121559
121578 121599 121583 121588 121593
121600 121627 121606 121612 121618
121628 121671 121638 121648 121658
121672 121693 121677 121682 121687
121694 121714 121699 121704 121709
121715 121838 121745 121775 121805
121839 121886 121850 121861 121872
121887 121954 121903 121919 121935
121955 122005 121967 121979 121991
122006 122035 122013 122020 122027
122036 122058 122041 122046 122051
122059 122087 122066 122073 122080
122088 122110 122093 122098 122103
122111 122172 122126 122141 122156
122173 122238 122189 122205 122221
122239 122256 122243 122247 122251
122257 122279 122262 122267 122272
122280 122305 122286 122292 122298
122306 122495 122353 122400 122447
122496 122642 122532 122568 122604
122643 122841 122692 122741 122790
122842 122924 122862 122882 122902
122925 123356 123032 123139 123246
123357 123516 123396 123435 123474
123517 123673 123556 123595 123634
123674 123731 123688 123702 123716
123732 123798 123748 123764 123780
123799 123945 123835 123871 123907
123946 124600 124109 124272 124435
124601 124784 124646 124691 124736
124785 124812 124791 124797 124803
124813 124996 124858 124903 124948
124997 125367 125089 125181 125273
125368 125478 125395 125422 125449
125479 125518 125488 125497 125506
125519 125539 125524 125529 125534
125540 125562 125545 125550 125555
125563 125601 125572 125581 125590
125602 125689 125623 125644 125665
125690 125706 125694 125698 125702
125707 125744 125716 125725 125734
125745 125768 125750 125755 125760
125769 125789 125774 125779 125784
125790 125879 125812 125834 125856
125880 126041 125920 125960 126000
126042 126075 126050 126058 126066
126076 126110 126084 126092 126100
126111 126131 126116 126121 126126
126132 126293 126172 126212 126252
126294 126413 126323 126352 126381
126414 126524 126441 126468 126495
126525 126559 126533 126541 126549
126560 126581 126565 126570 126575
126582 126609 126588 126594 126600
126610 126673 126625 126640 126655
126674 126694 126679 126684 126689
126695 126770 126713 126731 126749
126771 126790 126775 126779 126783
126791 126842 126803 126815 126827
126843 126878 126851 126859 126867
126879 126897 126883 126887 126891
126898 126916 126902 126906 126910
126917 126937 126922 126927 126932
126938 126964 126944 126950 126956
126965 127167 127015 127065 127115
127168 127272 127194 127220 127246
127273 127500 127329 127385 127441
127501 127779 127570 127639 127708
127780 128396 127934 128088 128242
128397 128509 128425 128453 128481
128510 128905 128608 128706 128804
128906 128979 128924 128942 128960
128980 129012 128988 128996 129004
129013 129447 129121 129229 129337
129448 129467 129452 129456 129460
129468 129557 129490 129512 129534
129558 129600 129568 129578 129588
129601 129775 129644 129687 129730
129776 129813 129785 129794 129803
129814 130184 129906 129998 130090
130185 130222 130194 130203 130212
130223 130302 130242 130261 130280
130303 130532 130360 130417 130474
130533 130571 130542 130551 130560
130572 130655 130592 130612 130632
130656 131359 130831 131006 131181
131360 131607 131421 131482 131543
131608 131688 131628 131648 131668
131689 131810 131719 131749 131779
131811 131933 131841 131871 131901
131934 132046 131962 131990 132018
132047 132135 132069 132091 132113
132136 132202 132152 132168 132184
132203 132400 132252 132301 132350
132401 132669 132468 132535 132602
132670 132874 132721 132772 132823
132875 132930 132888 132901 132914
132931 132973 132941 132951 132961
132974 133099 133005 133036 133067
133100 133128 133107 133114 133121
133129 133143 133132 133135 133138
133144 133240 133168 133192 133216
133241 133267 133247 133253 133259
133268 133286 133272 133276 133280
133287 133311 133293 133299 133305
133312 133334 133317 133322 133327
133335 133369 133343 133351 133359
133370 133404 133378 133386 133394
133405 133509 133431 133457 133483
133510 133584 133528 133546 133564
133585 133641 133599 133613 133627
133642 133712 133659 133676 133693
133713 133769 133727 133741 133755
133770 133926 133809 133848 133887
133927 133991 133943 133959 133975
133992 134017 133998 134004 134010
134018 134087 134035 134052 134069
134088 134267 134132 134176 134220
134268 134321 134281 134294 134307
134322 134376 134335 134348 134361
134377 134394 134381 134385 134389
134395 134590 134443 134491 134539
134591 134629 134600 134609 134618
134630 134673 134640 134650 134660
134674 134712 134683 134692 134701
134713 134771 134727 134741 134755
134772 134809 134781 134790 134799
134810 134863 134823 134836 134849
134864 134906 134874 134884 134894
134907 134936 134914 134921 134928
134937 135037 134952 134967 135027
135038 135065 135044 135050 135056
135066 135112 135077 135088 135099
135113 135147 135121 135129 135137
135148 135206 135162 135176 135190
135207 135239 135215 135223 135231
135240 135286 135251 135262 135273
135287 135380 135310 135333 135356
135381 135433 135394 135407 135420
135434 135471 135443 135452 135461
135472 135610 135506 135540 135574
135611 135925 135689 135767 135845
135926 136010 135947 135968 135989
136011 136111 136036 136061 136086
136112 136170 136126 136140 136154
136171 136202 136178 136185 136192
136203 136248 136214 136225 136236
136249 136271 136254 136259 136264
136272 136339 136288 136304 136320
136340 136359 136344 136348 136352
136360 136390 136367 136374 136381
136391 136765 136484 136577 136670
136766 136917 136803 136840 136877
136918 137234 136997 137076 137155
137235 137293 137249 137263 137277
137294 137470 137338 137382 137426
137471 137572 137496 137521 137546
137573 137952 137667 137761 137855
137953 137999 137964 137975 137986
138000 138179 138044 138088 138132
138180 138289 138207 138234 138261
138290 138378 138312 138334 138356
138379 138495 138408 138437 138466
138496 138768 138564 138632 138700
138769 138798 138776 138783 138790
138799 139342 138934 139069 139204
139343 139669 139424 139505 139586
139670 140001 139752 139834 139916
140002 140570 140144 140286 140428
140571 142362 141018 141465 141912
142363 143125 142553 142743 142933
143126 143541 143229 143332 143435
143542 143594 143555 143568 143581
143595 143870 143663 143731 143799
143871 143934 143886 143901 143916
143935 144032 143959 143983 144007
144033 144150 144062 144091 144120
144151 144248 144175 144199 144223
144249 144765 144378 144507 144636
144766 144941 144809 144852 144895
144942 145005 144957 144972 144987
145006 145096 145028 145050 145072
145097 145234 145131 145165 145199
145235 145624 145332 145429 145526
145625 145839 145678 145731 145784
145840 145959 145869 145898 145927
145960 146246 146031 146102 146173
146247 146339 146270 146293 146316
146340 146672 146423 146506 146589
146673 146716 146683 146693 146703
146717 147264 146853 146989 147125
147265 147382 147294 147323 147352
147383 147459 147402 147421 147440
147460 148232 147653 147846 148039
148233 148361 148265 148297 148329
148362 148454 148385 148408 148431
148455 148602 148491 148527 148563
148603 148646 148613 148623 148633
148647 148814 148688 148729 148770
148815 148946 148847 148879 148911
148947 149227 149017 149087 149157
149228 149418 149275 149322 149369
149419 149478 149433 149447 149461
149479 149688 149531 149583 149635
149689 149869 149734 149779 149824
149870 149932 149885 149900 149915
149933 150008 149949 149965 150006
150009 150214 150060 150111 150162
150215 150510 150288 150361 150434
150511 150628 150540 150569 150598
150629 150700 150646 150663 150680
150701 150794 150724 150747 150770
150795 150921 150826 150857 150888
150922 151079 150961 151000 151039
151080 151481 151180 151280 151380
151482 151564 151502 151522 151542
151565 151749 151611 151657 151703
151750 151795 151761 151772 151783
151796 152138 151881 151966 152051
152139 152292 152177 152215 152253
152293 153487 152591 152889 153187
153488 153776 153560 153632 153704
153777 153805 153784 153791 153798
153806 153829 153811 153816 153821
153830 162522 156003 158176 160349
162523 162600 162542 162561 162580
