0 880 220 440 660
881 944 896 911 926
945 1136 992 1039 1086
1137 1290 1175 1213 1251
1291 1410 1320 1349 1378
1411 1605 1459 1507 1555
1606 1644 1615 1624 1633
1645 1687 1655 1665 1675
1688 1771 1708 1728 1748
1772 1830 1786 1800 1814
1831 1864 1839 1847 1855
1865 1914 1877 1889 1901
1915 2039 1946 1977 2008
2040 2220 2085 2130 2175
2221 2552 2303 2385 2467
2553 2638 2574 2595 2616
2639 2733 2662 2685 2708
2734 2792 2748 2762 2776
2793 2890 2817 2841 2865
2891 2996 2917 2943 2969
2997 3079 3017 3037 3057
3080 3191 3107 3134 3161
3192 3809 3346 3500 3654
3810 3966 3849 3888 3927
3967 4150 4012 4057 4102
4151 4194 4161 4171 4181
4195 4224 4202 4209 4216
4225 4289 4241 4257 4273
4290 4349 4304 4318 4332
4350 4406 4364 4378 4392
4407 4475 4424 4441 4458
4476 4511 4484 4492 4500
4512 4560 4524 4536 4548
4561 4618 4575 4589 4603
4619 4679 4634 4649 4664
4680 4819 4714 4748 4782
4820 4871 4832 4844 4856
4872 4899 4878 4884 4890
4900 4997 4924 4948 4972
4998 5054 5012 5026 5040
5055 5089 5063 5071 5079
5090 5118 5097 5104 5111
5119 5165 5130 5141 5152
5166 5317 5203 5240 5277
5318 5459 5353 5388 5423
5460 5521 5475 5490 5505
5522 5590 5539 5556 5573
5591 5660 5608 5625 5642
5661 5746 5682 5703 5724
5747 5845 5771 5795 5819
5846 5927 5866 5886 5906
5928 5999 5945 5962 5979
6000 6069 6017 6034 6051
6070 6117 6081 6092 6103
6118 6186 6135 6152 6169
6187 6229 6197 6207 6217
6230 6354 6261 6292 6323
6355 6519 6396 6437 6478
6520 6666 6556 6592 6628
6667 6740 6685 6703 6721
6741 6869 6773 6805 6837
6870 7074 6921 6972 7023
7075 7158 7095 7115 7135
7159 7314 7197 7235 7273
7315 7362 7326 7337 7348
7363 7412 7375 7387 7399
7413 7567 7451 7489 7527
7568 7906 7652 7736 7820
7907 8033 7938 7969 8000
8034 8117 8054 8074 8094
8118 8230 8146 8174 8202
8231 8454 8286 8341 8396
8455 8546 8477 8499 8521
8547 8727 8592 8637 8682
8728 8876 8765 8802 8839
8877 8976 8901 8925 8949
8977 9063 8998 9019 9040
9064 9202 9098 9132 9166
9203 9292 9225 9247 9269
9293 9443 9330 9367 9404
9444 9544 9469 9494 9519
9545 9695 9582 9619 9656
9696 9778 9716 9736 9756
9779 9838 9793 9807 9821
9839 9934 9862 9885 9908
9935 10060 9966 9997 10028
10061 10116 10074 10087 10100
10117 10184 10133 10149 10165
10185 10621 10294 10403 10512
10622 10813 10669 10716 10763
10814 10932 10843 10872 10901
10933 10994 10948 10963 10978
10995 11073 11014 11033 11052
11074 11159 11095 11116 11137
11160 11257 11184 11208 11232
11258 11315 11272 11286 11300
11316 11442 11347 11378 11409
11443 11484 11453 11463 11473
11485 11572 11506 11527 11548
11573 11663 11595 11617 11639
11664 11892 11721 11778 11835
11893 11954 11908 11923 11938
11955 12101 11991 12027 12063
12102 12212 12129 12156 12183
12213 12291 12232 12251 12270
12292 12338 12303 12314 12325
12339 12430 12361 12383 12405
12431 12485 12444 12457 12470
12486 12596 12513 12540 12567
12597 12662 12613 12629 12645
12663 12681 12667 12671 12675
12682 12747 12698 12714 12730
12748 12804 12762 12776 12790
12805 13107 12880 12955 13030
13108 13191 13128 13148 13168
13192 13221 13199 13206 13213
13222 13288 13238 13254 13270
13289 13379 13311 13333 13355
13380 13528 13417 13454 13491
13529 13854 13610 13691 13772
13855 14025 13897 13939 13981
14026 14428 14126 14226 14326
14429 14530 14454 14479 14504
14531 14583 14544 14557 14570
14584 14612 14591 14598 14605
14613 14674 14628 14643 14658
14675 14771 14699 14723 14747
14772 14892 14802 14832 14862
14893 15024 14919 14945 15018
15025 15084 15039 15053 15067
15085 15140 15098 15111 15124
15141 15173 15149 15157 15165
15174 15295 15204 15234 15264
15296 15403 15322 15348 15374
15404 15451 15415 15426 15437
15452 15644 15500 15548 15596
15645 15747 15670 15695 15720
15748 15784 15757 15766 15775
15785 15896 15812 15839 15866
15897 15948 15909 15921 15933
15949 16062 15977 16005 16033
16063 16117 16076 16089 16102
16118 16151 16126 16134 16142
16152 16189 16161 16170 16179
16190 16225 16198 16206 16214
16226 16267 16236 16246 16256
16268 16311 16278 16288 16298
16312 16332 16317 16322 16327
16333 16430 16357 16381 16405
16431 16495 16447 16463 16479
16496 16547 16508 16520 16532
16548 16568 16553 16558 16563
16569 16614 16580 16591 16602
16615 16632 16619 16623 16627
16633 16667 16641 16649 16657
16668 16691 16673 16678 16683
16692 16738 16703 16714 16725
16739 16776 16748 16757 16766
16777 16840 16792 16807 16822
16841 16901 16856 16871 16886
16902 16959 16916 16930 16944
16960 17039 16979 16998 17017
17040 17128 17062 17084 17106
17129 17268 17163 17197 17231
17269 17293 17275 17281 17287
17294 17311 17298 17302 17306
17312 17361 17324 17336 17348
17362 17383 17367 17372 17377
17384 17400 17388 17392 17396
17401 17427 17407 17413 17419
17428 17449 17433 17438 17443
17450 17476 17456 17462 17468
17477 17498 17482 17487 17492
17499 17596 17523 17547 17571
17597 17678 17617 17637 17657
17679 17747 17696 17713 17730
17748 17816 17765 17782 17799
17817 17847 17824 17831 17838
17848 17957 17875 17902 17929
17958 18016 17972 17986 18000
18017 18107 18039 18061 18083
18108 18213 18134 18160 18186
18214 18270 18228 18242 18256
18271 18300 18278 18285 18292
18301 18330 18308 18315 18322
18331 18462 18363 18395 18427
18463 18527 18479 18495 18511
18528 18547 18532 18536 18540
18548 18567 18552 18556 18560
18568 18596 18575 18582 18589
18597 18623 18603 18609 18615
18624 18655 18631 18638 18645
18656 18674 18660 18664 18668
18675 18691 18679 18683 18687
18692 18714 18697 18702 18707
18715 18780 18731 18747 18763
18781 18837 18795 18809 18823
18838 18864 18844 18850 18856
18865 18893 18872 18879 18886
18894 18929 18902 18910 18918
18930 19018 18952 18974 18996
19019 19075 19033 19047 19061
19076 19138 19091 19106 19121
19139 19167 19146 19153 19160
19168 19240 19186 19204 19222
19241 19343 19266 19291 19316
19344 19411 19360 19376 19392
19412 19497 19433 19454 19475
19498 19605 19524 19550 19576
19606 19700 19629 19652 19675
19701 19768 19717 19733 19749
19769 19826 19783 19797 19811
19827 19879 19840 19853 19866
19880 19928 19892 19904 19916
19929 20024 19952 19975 19998
20025 20116 20047 20069 20091
20117 20191 20135 20153 20171
20192 20314 20222 20252 20282
20315 20442 20346 20377 20408
20443 20485 20453 20463 20473
20486 20534 20498 20510 20522
20535 20573 20544 20553 20562
20574 20665 20596 20618 20640
20666 20743 20685 20704 20723
20744 20856 20772 20800 20828
20857 20948 20879 20901 20923
20949 21033 20970 20991 21012
21034 21092 21048 21062 21076
21093 21177 21114 21135 21156
21178 21217 21187 21196 21205
21218 21288 21235 21252 21269
21289 21328 21298 21307 21316
21329 21463 21362 21395 21428
21464 21784 21544 21624 21704
21785 21971 21831 21877 21923
21972 22071 21996 22020 22044
22072 22152 22092 22112 22132
22153 22246 22176 22199 22222
22247 22328 22267 22287 22307
22329 22420 22351 22373 22395
22421 22513 22444 22467 22490
22514 22585 22531 22548 22565
22586 22644 22600 22614 22628
22645 22737 22668 22691 22714
22738 22820 22758 22778 22798
22821 22937 22850 22879 22908
22938 22999 22953 22968 22983
23000 23071 23017 23034 23051
23072 23138 23088 23104 23120
23139 23189 23151 23163 23175
23190 23235 23201 23212 23223
23236 23262 23242 23248 23254
23263 23418 23301 23339 23377
23419 23467 23431 23443 23455
23468 23523 23481 23494 23507
23524 23754 23581 23638 23695
23755 23849 23778 23801 23824
23850 23931 23870 23890 23910
23932 24062 23964 23996 24028
24063 24199 24097 24131 24165
24200 24257 24214 24228 24242
24258 24333 24276 24294 24312
24334 24429 24357 24380 24403
24430 24472 24440 24450 24460
24473 24538 24489 24505 24521
24539 24612 24557 24575 24593
24613 24675 24628 24643 24658
24676 24725 24688 24700 24712
24726 24764 24735 24744 24753
24765 24804 24774 24783 24792
24805 24942 24839 24873 24907
24943 25078 24976 25009 25042
25079 25143 25095 25111 25127
25144 25189 25155 25166 25177
25190 25269 25209 25228 25247
25270 25406 25304 25338 25372
25407 25469 25422 25437 25452
25470 25688 25524 25578 25632
25689 25765 25708 25727 25746
25766 25913 25802 25838 25874
25914 26123 25966 26018 26070
26124 26201 26143 26162 26181
26202 26310 26229 26256 26283
26311 26409 26335 26359 26383
26410 26527 26439 26468 26497
26528 26613 26549 26570 26591
26614 26665 26626 26638 26650
26666 26716 26678 26690 26702
26717 26877 26757 26797 26837
26878 26929 26890 26902 26914
26930 26962 26938 26946 26954
26963 27039 26982 27001 27020
27040 27096 27054 27068 27082
27097 27156 27111 27125 27139
27157 27251 27180 27203 27226
27252 27396 27288 27324 27360
27397 27480 27417 27437 27457
27481 27919 27590 27699 27808
27920 28008 27942 27964 27986
28009 28103 28032 28055 28078
28104 28283 28148 28192 28236
28284 28375 28306 28328 28350
28376 28463 28397 28418 28439
28464 28544 28484 28504 28524
28545 28903 28634 28723 28812
28904 28947 28914 28924 28934
28948 29037 28970 28992 29014
29038 29186 29075 29112 29149
29187 29585 29286 29385 29484
29586 29674 29608 29630 29652
29675 29840 29716 29757 29798
29841 29971 29873 29905 29937
29972 30005 29978 29984 30003
30006 30454 30118 30230 30342
30455 30692 30514 30573 30632
30693 30775 30713 30733 30753
30776 30852 30795 30814 30833
30853 31098 30914 30975 31036
31099 31221 31129 31159 31189
31222 31294 31240 31258 31276
31295 31377 31315 31335 31355
31378 31447 31395 31412 31429
31448 31531 31468 31488 31508
31532 31593 31547 31562 31577
31594 31709 31622 31650 31678
31710 31772 31725 31740 31755
31773 31863 31795 31817 31839
31864 31898 31872 31880 31888
31899 31936 31908 31917 31926
31937 32013 31956 31975 31994
32014 32057 32024 32034 32044
32058 32177 32087 32116 32145
32178 32246 32195 32212 32229
32247 32288 32257 32267 32277
32289 32344 32302 32315 32328
32345 32440 32368 32391 32414
32441 32507 32457 32473 32489
32508 32559 32520 32532 32544
32560 32598 32569 32578 32587
32599 32623 32605 32611 32617
32624 32670 32635 32646 32657
32671 32715 32682 32693 32704
32716 32792 32735 32754 32773
32793 32918 32824 32855 32886
32919 32956 32928 32937 32946
32957 33005 32969 32981 32993
33006 33040 33014 33022 33030
33041 33088 33052 33063 33074
33089 33118 33096 33103 33110
33119 33182 33134 33149 33164
33183 33254 33200 33217 33234
33255 33323 33272 33289 33306
33324 33406 33344 33364 33384
33407 33519 33435 33463 33491
33520 33603 33540 33560 33580
33604 33665 33619 33634 33649
33666 33761 33689 33712 33735
33762 33808 33773 33784 33795
33809 33828 33813 33817 33821
33829 33879 33841 33853 33865
33880 33919 33889 33898 33907
33920 34006 33941 33962 33983
34007 34030 34012 34017 34022
34031 34057 34037 34043 34049
34058 34082 34064 34070 34076
34083 34118 34091 34099 34107
34119 34219 34144 34169 34194
34220 34277 34234 34248 34262
34278 34331 34291 34304 34317
34332 34370 34341 34350 34359
34371 34408 34380 34389 34398
34409 34450 34419 34429 34439
34451 34490 34460 34469 34478
34491 34652 34531 34571 34611
34653 34725 34671 34689 34707
34726 34786 34741 34756 34771
34787 34986 34836 34885 34934
34987 35071 35008 35029 35050
35072 35166 35095 35118 35141
35167 35262 35190 35213 35236
35263 35337 35281 35299 35317
35338 35362 35344 35350 35356
35363 35403 35373 35383 35393
35404 35423 35408 35412 35416
35424 35793 35516 35608 35700
35794 35884 35816 35838 35860
35885 36052 35926 35967 36008
36053 36159 36079 36105 36131
36160 36197 36169 36178 36187
36198 36284 36219 36240 36261
36285 36367 36305 36325 36345
36368 36410 36378 36388 36398
36411 36473 36426 36441 36456
36474 36737 36539 36604 36669
36738 36834 36762 36786 36810
36835 37271 36944 37053 37162
37272 37319 37283 37294 37305
37320 37474 37358 37396 37434
37475 37617 37510 37545 37580
37618 37729 37645 37672 37699
37730 37924 37778 37826 37874
37925 38071 37961 37997 38033
38072 38130 38086 38100 38114
38131 38261 38163 38195 38227
38262 38390 38294 38326 38358
38391 38471 38411 38431 38451
38472 38526 38485 38498 38511
38527 38601 38545 38563 38581
38602 38644 38612 38622 38632
38645 38734 38667 38689 38711
38735 38783 38747 38759 38771
38784 38876 38807 38830 38853
38877 38928 38889 38901 38913
38929 39037 38956 38983 39010
39038 39062 39044 39050 39056
39063 39124 39078 39093 39108
39125 39188 39140 39155 39170
39189 39269 39209 39229 39249
39270 39311 39280 39290 39300
39312 39344 39320 39328 39336
39345 39434 39367 39389 39411
39435 39563 39467 39499 39531
39564 39650 39585 39606 39627
39651 39770 39680 39709 39738
39771 39848 39790 39809 39828
39849 39933 39870 39891 39912
39934 39980 39945 39956 39967
39981 40104 40011 40041 40071
40105 40196 40127 40149 40171
40197 40302 40223 40249 40275
40303 40424 40333 40363 40393
40425 40532 40451 40477 40503
40533 40657 40564 40595 40626
40658 40926 40725 40792 40859
40927 40979 40940 40953 40966
40980 41069 41002 41024 41046
41070 41300 41127 41184 41241
41301 41456 41339 41377 41415
41457 41573 41486 41515 41544
41574 41631 41588 41602 41616
41632 41716 41653 41674 41695
41717 41933 41771 41825 41879
41934 42050 41963 41992 42021
42051 42122 42068 42085 42102
42123 42205 42143 42163 42183
42206 42237 42213 42220 42227
42238 42379 42273 42308 42343
42380 42579 42429 42478 42527
42580 42621 42590 42600 42610
42622 42727 42648 42674 42700
42728 42777 42740 42752 42764
42778 42871 42801 42824 42847
42872 42942 42889 42906 42923
42943 43030 42964 42985 43006
43031 43100 43048 43065 43082
43101 43150 43113 43125 43137
43151 43191 43161 43171 43181
43192 43214 43197 43202 43207
43215 43256 43225 43235 43245
43257 43305 43269 43281 43293
43306 43341 43314 43322 43330
43342 43497 43380 43418 43456
43498 43526 43505 43512 43519
43527 43681 43565 43603 43641
43682 43799 43711 43740 43769
43800 43832 43808 43816 43824
43833 43859 43839 43845 43851
43860 43890 43867 43874 43881
43891 43917 43897 43903 43909
43918 43955 43927 43936 43945
43956 44145 44003 44050 44097
44146 44190 44157 44168 44179
44191 44254 44206 44221 44236
44255 44310 44268 44281 44294
44311 44358 44322 44333 44344
44359 44431 44377 44395 44413
44432 44518 44453 44474 44495
44519 44638 44548 44577 44606
44639 44723 44660 44681 44702
44724 44901 44768 44812 44856
44902 44948 44913 44924 44935
44949 45060 44961 44973 45045
45061 45097 45070 45079 45088
45098 45144 45109 45120 45131
45145 45193 45157 45169 45181
45194 45226 45202 45210 45218
45227 45365 45261 45295 45329
45366 45414 45378 45390 45402
45415 45456 45425 45435 45445
45457 45509 45470 45483 45496
45510 45683 45553 45596 45639
45684 45757 45702 45720 45738
45758 46176 45862 45966 46070
46177 46209 46185 46193 46201
46210 46545 46293 46376 46459
46546 46597 46558 46570 46582
46598 46672 46616 46634 46652
46673 46693 46678 46683 46688
46694 46844 46731 46768 46805
46845 46875 46852 46859 46866
46876 47010 46909 46942 46975
47011 47099 47033 47055 47077
47100 47222 47130 47160 47190
47223 47330 47249 47275 47301
47331 47479 47368 47405 47442
47480 47554 47498 47516 47534
47555 47648 47578 47601 47624
47649 47672 47654 47659 47664
47673 47757 47694 47715 47736
47758 47790 47766 47774 47782
47791 47830 47800 47809 47818
47831 47880 47843 47855 47867
47881 48010 47913 47945 47977
48011 48049 48020 48029 48038
48050 48209 48089 48128 48167
48210 48271 48225 48240 48255
48272 48317 48283 48294 48305
48318 48348 48325 48332 48339
48349 48377 48356 48363 48370
48378 48439 48393 48408 48423
48440 48495 48453 48466 48479
48496 48554 48510 48524 48538
48555 48584 48562 48569 48576
48585 48703 48614 48643 48672
48704 48739 48712 48720 48728
48740 49083 48825 48910 48995
49084 49137 49097 49110 49123
49138 49229 49160 49182 49204
49230 49270 49240 49250 49260
49271 49347 49290 49309 49328
49348 49395 49359 49370 49381
49396 49435 49405 49414 49423
49436 49569 49469 49502 49535
49570 49630 49585 49600 49615
49631 49685 49644 49657 49670
49686 49811 49717 49748 49779
49812 49916 49838 49864 49890
49917 50055 49951 49985 50019
50056 50223 50097 50138 50179
50224 50411 50270 50316 50362
50412 50554 50447 50482 50517
50555 50711 50594 50633 50672
50712 50814 50737 50762 50787
50815 50872 50829 50843 50857
50873 50952 50892 50911 50930
50953 50990 50962 50971 50980
50991 51097 51017 51043 51069
51098 51184 51119 51140 51161
51185 51225 51195 51205 51215
51226 51278 51239 51252 51265
51279 51441 51319 51359 51399
51442 51545 51467 51492 51517
51546 51676 51578 51610 51642
51677 51761 51698 51719 51740
51762 51861 51786 51810 51834
51862 52011 51899 51936 51973
52012 52170 52051 52090 52129
52171 52285 52199 52227 52255
52286 52350 52302 52318 52334
52351 52404 52364 52377 52390
52405 52457 52418 52431 52444
52458 52541 52478 52498 52518
52542 52613 52559 52576 52593
52614 52748 52647 52680 52713
52749 52821 52767 52785 52803
52822 52927 52848 52874 52900
52928 53102 52971 53014 53057
53103 53183 53123 53143 53163
53184 53240 53198 53212 53226
53241 53502 53306 53371 53436
53503 53681 53547 53591 53635
53682 53716 53690 53698 53706
53717 53833 53746 53775 53804
53834 53896 53849 53864 53879
53897 54076 53941 53985 54029
54077 54225 54114 54151 54188
54226 54449 54281 54336 54391
54450 54532 54470 54490 54510
54533 54667 54566 54599 54632
54668 54761 54691 54714 54737
54762 54799 54771 54780 54789
54800 54906 54826 54852 54878
54907 54970 54922 54937 54952
54971 55029 54985 54999 55013
55030 55057 55036 55042 55048
55058 55090 55066 55074 55082
55091 55156 55107 55123 55139
55157 55204 55168 55179 55190
55205 55291 55226 55247 55268
55292 55393 55317 55342 55367
55394 55445 55406 55418 55430
55446 55490 55457 55468 55479
55491 55539 55503 55515 55527
55540 55652 55568 55596 55624
55653 55764 55680 55707 55734
55765 55837 55783 55801 55819
55838 55887 55850 55862 55874
55888 55940 55901 55914 55927
55941 55958 55945 55949 55953
55959 55982 55964 55969 55974
55983 55999 55987 55991 55995
56000 56037 56009 56018 56027
56038 56102 56054 56070 56086
56103 56228 56134 56165 56196
56229 56598 56321 56413 56505
56599 56653 56612 56625 56638
56654 57202 56791 56928 57065
57203 57285 57223 57243 57263
57286 57437 57323 57360 57397
57438 57524 57459 57480 57501
57525 57605 57545 57565 57585
57606 57735 57638 57670 57702
57736 57787 57748 57760 57772
57788 57897 57815 57842 57869
57898 57956 57912 57926 57940
57957 58037 57977 57997 58017
58038 58268 58095 58152 58209
58269 58389 58299 58329 58359
58390 58471 58410 58430 58450
58472 58516 58483 58494 58505
58517 58587 58534 58551 58568
58588 58723 58621 58654 58687
58724 59033 58801 58878 58955
59034 59285 59096 59158 59220
59286 59365 59305 59324 59343
59366 59419 59379 59392 59405
59420 59485 59436 59452 59468
59486 59579 59509 59532 59555
59580 59641 59595 59610 59625
59642 59667 59648 59654 59660
59668 59713 59679 59690 59701
59714 60091 59785 59856 60066
60092 60212 60122 60152 60182
60213 60247 60221 60229 60237
60248 60270 60253 60258 60263
60271 60302 60278 60285 60292
60303 60347 60314 60325 60336
60348 60380 60356 60364 60372
60381 60429 60393 60405 60417
60430 60456 60436 60442 60448
60457 60483 60463 60469 60475
60484 60521 60493 60502 60511
60522 60558 60531 60540 60549
60559 60638 60578 60597 60616
60639 60717 60658 60677 60696
60718 60765 60729 60740 60751
60766 60802 60775 60784 60793
60803 60973 60845 60887 60929
60974 61221 61035 61096 61157
61222 61520 61296 61370 61444
61521 61540 61525 61529 61533
61541 62705 61832 62123 62414
62706 62893 62752 62798 62844
62894 63054 62934 62974 63014
63055 63260 63106 63157 63208
63261 63596 63344 63427 63510
63597 63658 63612 63627 63642
63659 63705 63670 63681 63692
63706 63784 63725 63744 63763
63785 63844 63799 63813 63827
63845 63873 63852 63859 63866
63874 63907 63882 63890 63898
63908 63945 63917 63926 63935
63946 63981 63954 63962 63970
63982 64034 63995 64008 64021
64035 64080 64046 64057 64068
64081 64174 64104 64127 64150
64175 64247 64193 64211 64229
64248 64374 64279 64310 64341
64375 64450 64393 64411 64429
64451 64541 64473 64495 64517
64542 64729 64588 64634 64680
64730 64778 64742 64754 64766
64779 64864 64800 64821 64842
64865 64934 64882 64899 64916
64935 64990 64948 64961 64974
64991 65028 65000 65009 65018
65029 65193 65070 65111 65152
65194 65266 65212 65230 65248
65267 65357 65289 65311 65333
65358 65436 65377 65396 65415
65437 65634 65486 65535 65584
65635 65689 65648 65661 65674
65690 65769 65709 65728 65747
65770 65812 65780 65790 65800
65813 65860 65824 65835 65846
65861 65919 65875 65889 65903
65920 65994 65938 65956 65974
65995 66116 66025 66055 66085
66117 66190 66135 66153 66171
66191 66224 66199 66207 66215
66225 66391 66266 66307 66348
66392 66768 66486 66580 66674
66769 66822 66782 66795 66808
66823 66848 66829 66835 66841
66849 66897 66861 66873 66885
66898 66947 66910 66922 66934
66948 66965 66952 66956 66960
66966 67019 66979 66992 67005
67020 67050 67027 67034 67041
67051 67087 67060 67069 67078
67088 67112 67094 67100 67106
67113 67174 67128 67143 67158
67175 67199 67181 67187 67193
67200 67260 67215 67230 67245
67261 67307 67272 67283 67294
67308 67378 67325 67342 67359
67379 67414 67387 67395 67403
67415 67442 67421 67427 67433
67443 67470 67449 67455 67461
67471 67495 67477 67483 67489
67496 67535 67505 67514 67523
67536 67562 67542 67548 67554
67563 67602 67572 67581 67590
67603 67641 67612 67621 67630
67642 67668 67648 67654 67660
67669 67708 67678 67687 67696
67709 67749 67719 67729 67739
67750 67797 67761 67772 67783
67798 67830 67806 67814 67822
67831 67848 67835 67839 67843
67849 67928 67868 67887 67906
67929 67963 67937 67945 67953
67964 68008 67975 67986 67997
68009 68063 68022 68035 68048
68064 68093 68071 68078 68085
68094 68113 68098 68102 68106
68114 68173 68128 68142 68156
68174 68195 68179 68184 68189
68196 68242 68207 68218 68229
68243 68276 68251 68259 68267
68277 68329 68290 68303 68316
68330 68366 68339 68348 68357
68367 68420 68380 68393 68406
68421 68451 68428 68435 68442
68452 68504 68465 68478 68491
68505 68571 68521 68537 68553
68572 68627 68585 68598 68611
68628 68695 68644 68660 68676
68696 68781 68717 68738 68759
68782 68872 68804 68826 68848
68873 68938 68889 68905 68921
68939 69081 68974 69009 69044
69082 69134 69095 69108 69121
69135 69482 69221 69307 69393
69483 69614 69515 69547 69579
69615 69682 69631 69647 69663
69683 69723 69693 69703 69713
69724 69759 69732 69740 69748
69760 69807 69771 69782 69793
69808 69836 69815 69822 69829
69837 69876 69846 69855 69864
69877 69951 69895 69913 69931
69952 70059 69978 70004 70030
70060 70198 70094 70128 70162
70199 70231 70207 70215 70223
70232 70269 70241 70250 70259
70270 70295 70276 70282 70288
70296 70325 70303 70310 70317
70326 70347 70331 70336 70341
70348 70374 70354 70360 70366
70375 70400 70381 70387 70393
70401 70433 70409 70417 70425
70434 70482 70446 70458 70470
70483 70507 70489 70495 70501
70508 70543 70516 70524 70532
70544 70702 70583 70622 70661
70703 70789 70724 70745 70766
70790 70919 70822 70854 70886
70920 70981 70935 70950 70965
70982 71032 70994 71006 71018
71033 71137 71059 71085 71111
71138 71202 71154 71170 71186
71203 71321 71232 71261 71290
71322 71382 71337 71352 71367
71383 71451 71400 71417 71434
71452 71496 71463 71474 71485
71497 71525 71504 71511 71518
71526 71579 71539 71552 71565
71580 71628 71592 71604 71616
71629 71702 71647 71665 71683
71703 71772 71720 71737 71754
71773 71828 71786 71799 71812
71829 71871 71839 71849 71859
71872 71936 71888 71904 71920
71937 72092 71975 72013 72051
72093 72185 72116 72139 72162
72186 72263 72205 72224 72243
72264 72331 72280 72296 72312
72332 72374 72342 72352 72362
72375 72433 72389 72403 72417
72434 72487 72447 72460 72473
72488 72745 72552 72616 72680
72746 73200 72859 72972 73085
73201 73465 73267 73333 73399
73466 73605 73500 73534 73568
73606 73885 73675 73744 73813
73886 73949 73901 73916 73931
73950 74202 74013 74076 74139
74203 74359 74242 74281 74320
74360 74472 74388 74416 74444
74473 74509 74482 74491 74500
74510 74539 74517 74524 74531
74540 74594 74553 74566 74579
74595 74632 74604 74613 74622
74633 74692 74647 74661 74675
74693 74906 74746 74799 74852
74907 74991 74928 74949 74970
74992 75286 74993 74994 75213
75287 75470 75332 75377 75422
75471 75685 75524 75577 75630
75686 75787 75711 75736 75761
75788 75897 75815 75842 75869
75898 76030 75931 75964 75997
76031 76081 76043 76055 76067
76082 76154 76100 76118 76136
76155 76284 76187 76219 76251
76285 76381 76309 76333 76357
76382 76436 76395 76408 76421
76437 76521 76458 76479 76500
76522 76635 76550 76578 76606
76636 76848 76689 76742 76795
76849 76921 76867 76885 76903
76922 77008 76943 76964 76985
77009 77156 77045 77081 77117
77157 77368 77209 77261 77313
77369 77426 77383 77397 77411
77427 77463 77436 77445 77454
77464 77557 77487 77510 77533
77558 77617 77572 77586 77600
77618 77726 77645 77672 77699
77727 77861 77760 77793 77826
77862 77919 77876 77890 77904
77920 77985 77936 77952 77968
77986 78129 78021 78056 78091
78130 78184 78143 78156 78169
78185 78245 78200 78215 78230
78246 78291 78257 78268 78279
78292 78328 78301 78310 78319
78329 78416 78350 78371 78392
78417 78610 78465 78513 78561
78611 78745 78644 78677 78710
78746 78863 78775 78804 78833
78864 78922 78878 78892 78906
78923 79059 78957 78991 79025
79060 79109 79072 79084 79096
79110 79159 79122 79134 79146
79160 79261 79185 79210 79235
79262 79301 79271 79280 79289
79302 79383 79322 79342 79362
79384 79442 79398 79412 79426
79443 79576 79476 79509 79542
79577 79784 79628 79679 79730
79785 79842 79799 79813 79827
79843 79949 79869 79895 79921
79950 80010 79965 79980 79995
80011 80084 80029 80047 80065
80085 80213 80117 80149 80181
80214 80289 80232 80250 80268
80290 80372 80310 80330 80350
80373 80453 80393 80413 80433
80454 80524 80471 80488 80505
80525 80604 80544 80563 80582
80605 80830 80661 80717 80773
80831 80966 80864 80897 80930
80967 81179 81020 81073 81126
81180 81573 81278 81376 81474
81574 81612 81583 81592 81601
81613 81778 81654 81695 81736
81779 81913 81812 81845 81878
81914 82012 81938 81962 81986
82013 82187 82056 82099 82142
82188 82245 82202 82216 82230
82246 82328 82266 82286 82306
82329 82568 82388 82447 82506
82569 82946 82663 82757 82851
82947 83050 82972 82997 83022
83051 83153 83076 83101 83126
83154 83231 83173 83192 83211
83232 83336 83258 83284 83310
83337 83397 83352 83367 83382
83398 83502 83424 83450 83476
83503 83534 83510 83517 83524
83535 83746 83587 83639 83691
83747 83763 83751 83755 83759
83764 83828 83780 83796 83812
83829 83890 83844 83859 83874
83891 83940 83903 83915 83927
83941 84022 83961 83981 84001
84023 84069 84034 84045 84056
84070 84120 84082 84094 84106
84121 84172 84133 84145 84157
84173 84229 84187 84201 84215
84230 84255 84236 84242 84248
84256 84409 84294 84332 84370
84410 84525 84438 84466 84494
84526 84660 84559 84592 84625
84661 84735 84679 84697 84715
84736 84858 84766 84796 84826
84859 84938 84878 84897 84916
84939 85069 84971 85003 85035
85070 85174 85096 85122 85148
85175 85264 85197 85219 85241
85265 85323 85279 85293 85307
85324 85385 85339 85354 85369
85386 85490 85412 85438 85464
85491 85526 85499 85507 85515
85527 85574 85538 85549 85560
85575 85609 85583 85591 85599
85610 85651 85620 85630 85640
85652 85697 85663 85674 85685
85698 85759 85713 85728 85743
85760 86000 85820 85880 85940
86001 86132 86033 86065 86097
86133 86165 86141 86149 86157
86166 86185 86170 86174 86178
86186 86265 86205 86224 86243
86266 86332 86282 86298 86314
86333 86377 86344 86355 86366
86378 86438 86393 86408 86423
86439 86464 86445 86451 86457
86465 86669 86516 86567 86618
86670 86777 86696 86722 86748
86778 86801 86783 86788 86793
86802 86829 86808 86814 86820
86830 86904 86848 86866 86884
86905 86945 86915 86925 86935
86946 86997 86958 86970 86982
86998 87047 87010 87022 87034
87048 87463 87151 87254 87357
87464 87513 87476 87488 87500
87514 87570 87528 87542 87556
87571 87595 87577 87583 87589
87596 87622 87602 87608 87614
87623 87724 87648 87673 87698
87725 87913 87772 87819 87866
87914 88084 87956 87998 88040
88085 88117 88093 88101 88109
88118 88199 88138 88158 88178
88200 88237 88209 88218 88227
88238 88408 88280 88322 88364
88409 88454 88420 88431 88442
88455 88548 88478 88501 88524
88549 88619 88566 88583 88600
88620 88926 88696 88772 88848
88927 89032 88953 88979 89005
89033 89073 89043 89053 89063
89074 89111 89083 89092 89101
89112 89259 89148 89184 89220
89260 89370 89287 89314 89341
89371 89445 89389 89407 89425
89446 89507 89461 89476 89491
89508 89579 89525 89542 89559
89580 89646 89596 89612 89628
89647 89719 89665 89683 89701
89720 89781 89735 89750 89765
89782 89814 89790 89798 89806
89815 89855 89825 89835 89845
89856 89878 89861 89866 89871
89879 89897 89883 89887 89891
89898 89932 89906 89914 89922
89933 89974 89943 89953 89963
89975 90052 89981 89987 90039
90053 90135 90073 90093 90113
90136 90262 90167 90198 90229
90263 90360 90287 90311 90335
90361 90417 90375 90389 90403
90418 90467 90430 90442 90454
90468 90625 90507 90546 90585
90626 90658 90634 90642 90650
90659 90877 90713 90767 90821
90878 90919 90888 90898 90908
90920 91075 90958 90996 91034
91076 91103 91082 91088 91094
91104 91391 91175 91246 91317
91392 91467 91410 91428 91446
91468 91501 91476 91484 91492
91502 91644 91537 91572 91607
91645 91664 91649 91653 91657
91665 91914 91727 91789 91851
91915 92016 91940 91965 91990
92017 92086 92034 92051 92068
92087 92191 92113 92139 92165
92192 92271 92211 92230 92249
92272 92358 92293 92314 92335
92359 92430 92376 92393 92410
92431 92544 92459 92487 92515
92545 92591 92556 92567 92578
92592 92719 92623 92654 92685
92720 92781 92735 92750 92765
92782 92840 92796 92810 92824
92841 92898 92855 92869 92883
92899 92995 92923 92947 92971
92996 93031 93004 93012 93020
93032 93083 93044 93056 93068
93084 93170 93105 93126 93147
93171 93219 93183 93195 93207
93220 93283 93235 93250 93265
93284 93366 93304 93324 93344
93367 93412 93378 93389 93400
93413 93578 93454 93495 93536
93579 93694 93607 93635 93663
93695 93860 93736 93777 93818
93861 93971 93888 93915 93942
93972 94218 94033 94094 94155
94219 94264 94230 94241 94252
94265 94364 94289 94313 94337
94365 94586 94420 94475 94530
94587 94707 94617 94647 94677
94708 94803 94731 94754 94777
94804 94911 94830 94856 94882
94912 95058 94948 94984 95020
95059 95111 95072 95085 95098
95112 95132 95117 95122 95127
95133 95162 95140 95147 95154
95163 95222 95177 95191 95205
95223 95269 95234 95245 95256
95270 95308 95279 95288 95297
95309 95349 95319 95329 95339
95350 95387 95359 95368 95377
95388 95443 95401 95414 95427
95444 95498 95457 95470 95483
95499 95549 95511 95523 95535
95550 95611 95565 95580 95595
95612 95675 95627 95642 95657
95676 95781 95702 95728 95754
95782 96257 95900 96018 96136
96258 96353 96281 96304 96327
96354 96557 96404 96454 96504
96558 96612 96571 96584 96597
96613 96642 96620 96627 96634
96643 96759 96672 96701 96730
96760 96805 96771 96782 96793
96806 96926 96836 96866 96896
96927 97000 96945 96963 96981
97001 97610 97153 97305 97457
97611 97855 97672 97733 97794
97856 97909 97869 97882 97895
97910 97996 97931 97952 97973
97997 98355 98086 98175 98264
98356 98447 98378 98400 98422
98448 98601 98486 98524 98562
98602 98718 98631 98660 98689
98719 98944 98775 98831 98887
98945 99004 98959 98973 98987
99005 99050 99016 99027 99038
99051 99160 99078 99105 99132
99161 99227 99177 99193 99209
99228 99313 99249 99270 99291
99314 99378 99330 99346 99362
99379 99433 99392 99405 99418
99434 99479 99445 99456 99467
99480 99632 99518 99556 99594
99633 99740 99659 99685 99711
99741 99857 99770 99799 99828
99858 99949 99880 99902 99924
99950 100212 100015 100080 100145
100213 100289 100232 100251 100270
100290 100426 100324 100358 100392
100427 100476 100439 100451 100463
100477 100620 100512 100547 100582
100621 100657 100630 100639 100648
100658 100701 100668 100678 100688
100702 100733 100709 100716 100723
100734 100831 100758 100782 100806
100832 100971 100866 100900 100934
100972 101082 100999 101026 101053
101083 101152 101100 101117 101134
101153 101377 101209 101265 101321
101378 101510 101411 101444 101477
101511 101544 101519 101527 101535
101545 101585 101555 101565 101575
101586 101641 101599 101612 101625
101642 101807 101683 101724 101765
101808 101842 101816 101824 101832
101843 101947 101869 101895 101921
101948 102038 101970 101992 102014
102039 102245 102090 102141 102192
102246 102408 102286 102326 102366
102409 102472 102424 102439 102454
102473 102535 102488 102503 102518
102536 102585 102548 102560 102572
102586 102709 102616 102646 102676
102710 102738 102717 102724 102731
102739 102869 102771 102803 102835
102870 102923 102883 102896 102909
102924 102957 102932 102940 102948
102958 103085 102989 103020 103051
103086 103141 103099 103112 103125
103142 103236 103165 103188 103211
103237 103383 103273 103309 103345
103384 103423 103393 103402 103411
103424 103700 103493 103562 103631
103701 103769 103718 103735 103752
103770 103818 103782 103794 103806
103819 103984 103860 103901 103942
103985 104007 103990 103995 104000
104008 104086 104027 104046 104065
104087 104244 104126 104165 104204
104245 104504 104309 104373 104437
104505 104588 104525 104545 104565
104589 104619 104596 104603 104610
104620 104687 104636 104652 104668
104688 104911 104743 104798 104853
104912 104958 104923 104934 104945
104959 105237 104969 104979 105177
105238 105293 105251 105264 105277
105294 105356 105309 105324 105339
105357 105447 105379 105401 105423
105448 105580 105481 105514 105547
105581 105680 105605 105629 105653
105681 105732 105693 105705 105717
105733 105758 105739 105745 105751
105759 105788 105766 105773 105780
105789 105826 105798 105807 105816
105827 105915 105849 105871 105893
105916 105951 105924 105932 105940
105952 106122 105994 106036 106078
106123 106189 106139 106155 106171
106190 106287 106214 106238 106262
106288 106354 106304 106320 106336
106355 106525 106397 106439 106481
106526 106546 106531 106536 106541
106547 106634 106568 106589 106610
106635 106678 106645 106655 106665
106679 106825 106715 106751 106787
106826 107006 106871 106916 106961
107007 107197 107054 107101 107148
107198 107281 107218 107238 107258
107282 107433 107319 107356 107393
107434 107475 107444 107454 107464
107476 107521 107487 107498 107509
107522 107566 107533 107544 107555
107567 107708 107602 107637 107672
107709 107821 107737 107765 107793
107822 107947 107853 107884 107915
107948 108013 107964 107980 107996
108014 108043 108021 108028 108035
108044 108097 108057 108070 108083
108098 108152 108111 108124 108137
108153 108194 108163 108173 108183
108195 108294 108219 108243 108267
108295 108341 108306 108317 108328
108342 108415 108360 108378 108396
108416 108460 108427 108438 108449
108461 108552 108483 108505 108527
108553 108627 108571 108589 108607
108628 108666 108637 108646 108655
108667 108699 108675 108683 108691
108700 108911 108752 108804 108856
108912 108954 108922 108932 108942
108955 108999 108966 108977 108988
109000 109102 109025 109050 109075
109103 109139 109112 109121 109130
109140 109297 109179 109218 109257
109298 109337 109307 109316 109325
109338 109403 109354 109370 109386
109404 109569 109445 109486 109527
109570 109724 109608 109646 109684
109725 109789 109741 109757 109773
109790 109862 109808 109826 109844
109863 110051 109910 109957 110004
110052 110079 110058 110064 110070
110080 110227 110116 110152 110188
110228 110268 110238 110248 110258
110269 110368 110293 110317 110341
110369 110459 110391 110413 110435
110460 110498 110469 110478 110487
110499 110561 110514 110529 110544
110562 110622 110577 110592 110607
110623 110676 110636 110649 110662
110677 110731 110690 110703 110716
110732 110932 110782 110832 110882
110933 111074 110968 111003 111038
111075 111172 111099 111123 111147
111173 111261 111195 111217 111239
111262 111385 111292 111322 111352
111386 111579 111434 111482 111530
111580 111863 111650 111720 111790
111864 111956 111887 111910 111933
111957 112066 111984 112011 112038
112067 112114 112078 112089 112100
112115 112197 112135 112155 112175
112198 112288 112220 112242 112264
112289 112321 112297 112305 112313
112322 112465 112357 112392 112427
112466 113246 112661 112856 113051
113247 113363 113276 113305 113334
113364 113472 113391 113418 113445
113473 113605 113506 113539 113572
113606 113675 113623 113640 113657
113676 113717 113686 113696 113706
113718 113812 113741 113764 113787
113813 113844 113820 113827 113834
113845 113926 113865 113885 113905
113927 114031 113953 113979 114005
114032 114091 114046 114060 114074
114092 114185 114115 114138 114161
114186 114255 114203 114220 114237
114256 114282 114262 114268 114274
114283 114351 114300 114317 114334
114352 114419 114368 114384 114400
114420 114491 114437 114454 114471
114492 114568 114511 114530 114549
114569 114617 114581 114593 114605
114618 114677 114632 114646 114660
114678 114703 114684 114690 114696
114704 114731 114710 114716 114722
114732 114793 114747 114762 114777
114794 114859 114810 114826 114842
114860 114876 114864 114868 114872
114877 114900 114882 114887 114892
114901 114955 114914 114927 114940
114956 114973 114960 114964 114968
114974 114996 114979 114984 114989
114997 115018 115002 115007 115012
115019 115161 115054 115089 115124
115162 115192 115169 115176 115183
115193 115236 115203 115213 115223
115237 115298 115252 115267 115282
115299 115341 115309 115319 115329
115342 115393 115354 115366 115378
115394 115477 115414 115434 115454
115478 115540 115493 115508 115523
115541 115624 115561 115581 115601
115625 115665 115635 115645 115655
115666 115724 115680 115694 115708
115725 115787 115740 115755 115770
115788 115822 115796 115804 115812
115823 115866 115833 115843 115853
115867 115919 115880 115893 115906
115920 115962 115930 115940 115950
115963 116012 115975 115987 115999
116013 116076 116028 116043 116058
116077 116148 116094 116111 116128
116149 116220 116166 116183 116200
116221 116292 116238 116255 116272
116293 116340 116304 116315 116326
116341 116394 116354 116367 116380
116395 116462 116411 116427 116443
116463 116537 116481 116499 116517
116538 116633 116561 116584 116607
116634 116927 116707 116780 116853
116928 116964 116937 116946 116955
116965 117253 117037 117109 117181
117254 117304 117266 117278 117290
117305 117348 117315 117325 117335
117349 117491 117384 117419 117454
117492 117572 117512 117532 117552
117573 117731 117612 117651 117690
117732 117833 117757 117782 117807
117834 117895 117849 117864 117879
117896 117954 117910 117924 117938
117955 118017 117970 117985 118000
118018 118125 118044 118070 118096
118126 118156 118133 118140 118147
118157 118223 118173 118189 118205
118224 118296 118242 118260 118278
118297 118544 118358 118419 118480
118545 118634 118567 118589 118611
118635 118719 118656 118677 118698
118720 118808 118742 118764 118786
118809 118893 118830 118851 118872
118894 119134 118954 119014 119074
119135 119449 119213 119291 119369
119450 119490 119460 119470 119480
119491 119548 119505 119519 119533
119549 119597 119561 119573 119585
119598 119670 119616 119634 119652
119671 119720 119683 119695 119707
119721 119790 119738 119755 119772
119791 119950 119830 119869 119908
119951 120139 119963 119975 120102
120140 120269 120172 120204 120236
120270 120337 120286 120302 120318
120338 120485 120374 120410 120446
120486 120559 120504 120522 120540
120560 120597 120569 120578 120587
120598 120737 120632 120666 120700
120738 120763 120744 120750 120756
120764 120847 120784 120804 120824
120848 120880 120856 120864 120872
120881 121075 120929 120977 121025
121076 121254 121120 121164 121208
121255 121372 121284 121313 121342
121373 121529 121412 121451 121490
121530 121654 121561 121592 121623
121655 122008 121743 121831 121919
122009 122113 122035 122061 122087
122114 122162 122126 122138 122150
122163 122248 122184 122205 122226
122249 122385 122283 122317 122351
122386 122465 122405 122424 122443
122466 122537 122483 122500 122517
122538 122570 122546 122554 122562
122571 122637 122587 122603 122619
122638 122980 122723 122808 122893
122981 123051 122998 123015 123032
123052 123132 123072 123092 123112
123133 123406 123201 123269 123337
123407 123502 123430 123453 123476
123503 123574 123520 123537 123554
123575 123648 123593 123611 123629
123649 123672 123654 123659 123664
123673 123740 123689 123705 123721
123741 123766 123747 123753 123759
123767 123800 123775 123783 123791
123801 123838 123810 123819 123828
123839 123873 123847 123855 123863
123874 123923 123886 123898 123910
123924 123992 123941 123958 123975
123993 124144 124030 124067 124104
124145 124194 124157 124169 124181
124195 124347 124233 124271 124309
124348 124399 124360 124372 124384
124400 124444 124411 124422 124433
124445 124468 124450 124455 124460
124469 124510 124479 124489 124499
124511 124669 124550 124589 124628
124670 124720 124682 124694 124706
124721 124743 124726 124731 124736
124744 124771 124750 124756 124762
124772 124791 124776 124780 124784
124792 124813 124797 124802 124807
124814 124863 124826 124838 124850
124864 124908 124875 124886 124897
124909 124983 124927 124945 124963
124984 125004 124989 124994 124999
125005 125052 125016 125027 125038
125053 125125 125071 125089 125107
125126 125194 125143 125160 125177
125195 125244 125207 125219 125231
125245 125277 125253 125261 125269
125278 125296 125282 125286 125290
125297 125382 125318 125339 125360
125383 125416 125391 125399 125407
125417 125443 125423 125429 125435
125444 125501 125458 125472 125486
125502 125580 125521 125540 125559
125581 125663 125601 125621 125641
125664 125722 125678 125692 125706
125723 125839 125752 125781 125810
125840 125930 125862 125884 125906
125931 125995 125947 125963 125979
125996 126063 126012 126028 126044
126064 126106 126074 126084 126094
126107 126205 126131 126155 126179
126206 126239 126214 126222 126230
126240 126340 126265 126290 126315
126341 126402 126356 126371 126386
126403 126488 126424 126445 126466
126489 126523 126497 126505 126513
126524 126684 126564 126604 126644
126685 126722 126694 126703 126712
126723 126848 126754 126785 126816
126849 126992 126884 126919 126954
126993 127149 127032 127071 127110
127150 127395 127211 127272 127333
127396 127598 127446 127496 127546
127599 127669 127616 127633 127650
127670 127749 127689 127708 127727
127750 128448 127924 128098 128272
128449 128525 128468 128487 128506
128526 128697 128568 128610 128652
128698 128784 128719 128740 128761
128785 129034 128847 128909 128971
129035 129228 129083 129131 129179
129229 129261 129237 129245 129253
129262 129414 129300 129338 129376
129415 129490 129433 129451 129469
129491 129534 129501 129511 129521
129535 129640 129561 129587 129613
129641 129701 129656 129671 129686
129702 129812 129729 129756 129783
129813 129901 129835 129857 129879
129902 129935 129910 129918 129926
129936 129963 129942 129948 129954
129964 130006 129974 129984 129994
130007 130034 130013 130019 130025
130035 130080 130046 130057 130068
130081 130137 130095 130109 130123
130138 130188 130150 130162 130174
130189 130254 130205 130221 130237
130255 130338 130275 130295 130315
130339 130383 130350 130361 130372
130384 130475 130406 130428 130450
130476 130546 130493 130510 130527
130547 130684 130581 130615 130649
130685 130822 130719 130753 130787
130823 130858 130831 130839 130847
130859 130940 130879 130899 130919
130941 131000 130955 130969 130983
131001 131077 131020 131039 131058
131078 131152 131096 131114 131132
131153 131188 131161 131169 131177
131189 131360 131231 131273 131315
131361 131444 131381 131401 131421
131445 131504 131459 131473 131487
131505 131771 131571 131637 131703
131772 131892 131802 131832 131862
131893 131971 131912 131931 131950
131972 132026 131985 131998 132011
132027 132052 132033 132039 132045
132053 132119 132069 132085 132101
132120 132142 132125 132130 132135
132143 132618 132261 132379 132497
132619 132760 132654 132689 132724
132761 132846 132782 132803 132824
132847 132958 132874 132901 132928
132959 133304 133045 133131 133217
133305 133375 133322 133339 133356
133376 133413 133385 133394 133403
133414 133474 133429 133444 133459
133475 133514 133484 133493 133502
133515 133607 133538 133561 133584
133608 133682 133626 133644 133662
133683 133965 133753 133823 133893
133966 134005 133975 133984 133993
134006 134057 134018 134030 134042
134058 134183 134089 134120 134151
134184 134279 134207 134230 134253
134280 134321 134290 134300 134310
134322 134386 134338 134354 134370
134387 134447 134402 134417 134432
134448 134814 134539 134630 134721
134815 134923 134842 134869 134896
134924 135025 134942 134960 135018
135026 135122 135050 135074 135098
135123 135174 135135 135147 135159
135175 135258 135195 135215 135235
135259 135306 135270 135281 135292
135307 135400 135330 135353 135376
135401 135500 135425 135449 135473
135501 135568 135517 135533 135549
135569 135658 135591 135613 135635
135659 135767 135686 135713 135740
135768 135805 135777 135786 135795
135806 135895 135828 135850 135872
135896 135982 135917 135938 135959
135983 136049 135999 136015 136031
136050 136167 136079 136108 136137
136168 136285 136197 136226 136255
136286 136399 136314 136342 136370
136400 136499 136424 136448 136472
136500 136599 136524 136548 136572
136600 136717 136629 136658 136687
136718 136832 136746 136774 136802
136833 136929 136857 136881 136905
136930 141503 138073 139216 140359
