0 469 117 234 351
470 508 479 488 497
509 563 522 535 548
564 643 583 602 621
644 813 686 728 770
814 959 850 886 922
960 1081 990 1020 1050
1082 1946 1298 1514 1730
1947 1972 1953 1959 1965
1973 2087 2001 2029 2057
2088 2364 2157 2226 2295
2365 2423 2379 2393 2407
2424 2504 2444 2464 2484
2505 2521 2509 2513 2517
2522 2616 2545 2568 2591
2617 3078 2732 2847 2962
3079 3311 3137 3195 3253
3312 3557 3373 3434 3495
3558 3583 3564 3570 3576
3584 3720 3618 3652 3686
3721 3768 3732 3743 3754
3769 3843 3787 3805 3823
3844 3882 3853 3862 3871
3883 4339 3997 4111 4225
4340 4551 4392 4444 4496
4552 4823 4619 4686 4753
4824 5184 4914 5004 5094
5185 5895 5362 5539 5716
5896 6150 5959 6022 6085
6151 6284 6184 6217 6250
6285 6327 6295 6305 6315
6328 6377 6340 6352 6364
6378 6501 6408 6438 6468
6502 6543 6512 6522 6532
6544 6577 6552 6560 6568
6578 6608 6585 6592 6599
6609 6815 6660 6711 6762
6816 6891 6834 6852 6870
6892 6923 6899 6906 6913
6924 7057 6957 6990 7023
7058 7227 7100 7142 7184
7228 7399 7270 7312 7354
7400 7435 7408 7416 7424
7436 7484 7448 7460 7472
7485 7554 7502 7519 7536
7555 7612 7569 7583 7597
7613 7855 7673 7733 7793
7856 7927 7873 7890 7907
7928 8003 7946 7964 7982
8004 8162 8043 8082 8121
8163 8249 8184 8205 8226
8250 8271 8255 8260 8265
8272 8456 8318 8364 8410
8457 8554 8481 8505 8529
8555 8602 8566 8577 8588
8603 8749 8639 8675 8711
8750 8798 8762 8774 8786
8799 9321 8929 9059 9189
9322 9387 9338 9354 9370
9388 9544 9427 9466 9505
9545 9590 9556 9567 9578
9591 9995 9692 9793 9894
9996 10073 10015 10034 10053
10074 10233 10113 10152 10191
10234 10336 10259 10284 10309
10337 10403 10353 10369 10385
10404 10801 10503 10602 10701
10802 10920 10831 10860 10889
10921 11442 11051 11181 11311
11443 11490 11454 11465 11476
11491 11562 11508 11525 11542
11563 11621 11577 11591 11605
11622 11696 11640 11658 11676
11697 11776 11716 11735 11754
11777 12012 11835 11893 11951
12013 12134 12043 12073 12103
12135 12361 12191 12247 12303
12362 12549 12408 12454 12500
12550 13055 12676 12802 12928
13056 13150 13079 13102 13125
13151 13315 13192 13233 13274
13316 13861 13452 13588 13724
13862 13962 13887 13912 13937
13963 14360 14062 14161 14260
14361 14710 14448 14535 14622
14711 14990 14780 14849 14918
14991 15173 14993 14995 15129
15174 15697 15304 15434 15564
15698 15868 15740 15782 15824
15869 15917 15881 15893 15905
15918 16148 15975 16032 16089
16149 16466 16228 16307 16386
16467 16696 16524 16581 16638
16697 16979 16767 16837 16907
16980 17119 17014 17048 17082
17120 17341 17175 17230 17285
17342 17727 17438 17534 17630
17728 18181 17841 17954 18067
18182 18334 18220 18258 18296
18335 18522 18381 18427 18473
18523 18880 18612 18701 18790
18881 19005 18912 18943 18974
19006 19120 19034 19062 19090
19121 19189 19138 19155 19172
19190 19233 19200 19210 19220
19234 19298 19250 19266 19282
19299 19347 19311 19323 19335
19348 19831 19468 19588 19708
19832 20129 19906 19980 20054
20130 20214 20151 20172 20193
20215 20242 20221 20227 20233
20243 20411 20285 20327 20369
20412 20561 20449 20486 20523
20562 20619 20576 20590 20604
20620 20800 20665 20710 20755
20801 20867 20817 20833 20849
20868 21022 20906 20944 20982
21023 21110 21044 21065 21086
21111 21232 21141 21171 21201
21233 21376 21268 21303 21338
21377 21415 21386 21395 21404
21416 21528 21444 21472 21500
21529 21683 21567 21605 21643
21684 22058 21777 21870 21963
22059 22197 22093 22127 22161
22198 22229 22205 22212 22219
22230 22432 22280 22330 22380
22433 22531 22457 22481 22505
22532 22640 22559 22586 22613
22641 23028 22737 22833 22929
23029 23267 23088 23147 23206
23268 23386 23297 23326 23355
23387 23718 23469 23551 23633
23719 23777 23733 23747 23761
23778 23823 23789 23800 23811
23824 24160 23908 23992 24076
24161 24257 24185 24209 24233
24258 24335 24277 24296 24315
24336 24560 24392 24448 24504
24561 24788 24617 24673 24729
24789 24936 24825 24861 24897
24937 25094 24976 25015 25054
25095 25351 25159 25223 25287
25352 25567 25405 25458 25511
25568 25716 25605 25642 25679
25717 25790 25735 25753 25771
25791 26017 25847 25903 25959
26018 26104 26039 26060 26081
26105 26167 26120 26135 26150
26168 26226 26182 26196 26210
26227 26255 26234 26241 26248
26256 26436 26301 26346 26391
26437 27065 26594 26751 26908
27066 27132 27082 27098 27114
27133 27215 27153 27173 27193
27216 27412 27265 27314 27363
27413 27482 27430 27447 27464
27483 27598 27511 27539 27567
27599 27958 27688 27777 27866
27959 28429 28076 28193 28310
28430 28683 28493 28556 28619
28684 28747 28699 28714 28729
28748 28968 28803 28858 28913
28969 29118 29006 29043 29080
29119 29284 29160 29201 29242
29285 29354 29302 29319 29336
29355 29650 29428 29501 29574
29651 30074 29738 29825 30054
30075 30173 30099 30123 30147
30174 30470 30248 30322 30396
30471 30553 30491 30511 30531
30554 31049 30677 30800 30923
31050 31092 31060 31070 31080
31093 31221 31125 31157 31189
31222 31674 31335 31448 31561
31675 31850 31718 31761 31804
31851 32088 31910 31969 32028
32089 32139 32101 32113 32125
32140 32218 32159 32178 32197
32219 32327 32246 32273 32300
32328 32374 32339 32350 32361
32375 32529 32413 32451 32489
32530 32712 32575 32620 32665
32713 32835 32743 32773 32803
32836 32867 32843 32850 32857
32868 32951 32888 32908 32928
32952 33322 33044 33136 33228
33323 33507 33369 33415 33461
33508 33587 33527 33546 33565
33588 33770 33633 33678 33723
33771 33925 33809 33847 33885
33926 33960 33934 33942 33950
33961 33995 33969 33977 33985
33996 34013 34000 34004 34008
34014 34050 34023 34032 34041
34051 34148 34075 34099 34123
34149 34490 34234 34319 34404
34491 34691 34541 34591 34641
34692 34717 34698 34704 34710
34718 34823 34744 34770 34796
34824 35112 34896 34968 35040
35113 35290 35157 35201 35245
35291 35417 35322 35353 35384
35418 35525 35444 35470 35496
35526 35716 35573 35620 35667
35717 35769 35730 35743 35756
35770 35978 35822 35874 35926
35979 36031 35992 36005 36018
36032 36500 36149 36266 36383
36501 36768 36567 36633 36699
36769 37041 36837 36905 36973
37042 37080 37051 37060 37069
37081 37309 37138 37195 37252
37310 37404 37333 37356 37379
37405 37627 37460 37515 37570
37628 37752 37659 37690 37721
37753 37921 37795 37837 37879
37922 38177 37985 38048 38111
38178 38482 38254 38330 38406
38483 38606 38513 38543 38573
38607 38926 38686 38765 38844
38927 38990 38942 38957 38972
38991 39317 39072 39153 39234
39318 40240 39548 39778 40008
40241 40287 40252 40263 40274
40288 40384 40312 40336 40360
40385 40665 40455 40525 40595
40666 40741 40684 40702 40720
40742 40893 40779 40816 40853
40894 40976 40914 40934 40954
40977 41239 41042 41107 41172
41240 41511 41307 41374 41441
41512 41586 41530 41548 41566
41587 41723 41621 41655 41689
41724 41772 41736 41748 41760
41773 41800 41779 41785 41791
41801 41857 41815 41829 41843
41858 41916 41872 41886 41900
41917 42235 41996 42075 42154
42236 42266 42243 42250 42257
42267 42337 42284 42301 42318
42338 42530 42386 42434 42482
42531 42601 42548 42565 42582
42602 42673 42619 42636 42653
42674 42868 42722 42770 42818
42869 43032 42909 42949 42989
43033 43464 43140 43247 43354
43465 43512 43476 43487 43498
43513 43623 43540 43567 43594
43624 43676 43637 43650 43663
43677 43696 43681 43685 43689
43697 43773 43716 43735 43754
43774 43806 43782 43790 43798
43807 43853 43818 43829 43840
43854 43940 43875 43896 43917
43941 44081 43976 44011 44046
44082 44170 44104 44126 44148
44171 44241 44188 44205 44222
44242 44500 44306 44370 44434
44501 44520 44505 44509 44513
44521 44542 44526 44531 44536
44543 45132 44657 44771 45099
45133 45325 45181 45229 45277
45326 45402 45345 45364 45383
45403 45681 45472 45541 45610
45682 45736 45695 45708 45721
45737 45883 45773 45809 45845
45884 46274 45981 46078 46175
46275 46365 46297 46319 46341
46366 46549 46411 46456 46501
46550 46667 46579 46608 46637
46668 47031 46758 46848 46938
47032 47418 47128 47224 47320
47419 47554 47452 47485 47518
47555 47593 47564 47573 47582
47594 47612 47598 47602 47606
47613 48122 47740 47867 47994
48123 48228 48149 48175 48201
48229 48323 48252 48275 48298
48324 48673 48411 48498 48585
48674 48774 48699 48724 48749
48775 48885 48802 48829 48856
48886 49717 49093 49300 49507
49718 49975 49782 49846 49910
49976 51602 50382 50788 51194
51603 52043 51713 51823 51933
52044 52138 52067 52090 52113
52139 52185 52150 52161 52172
52186 52220 52194 52202 52210
52221 52293 52239 52257 52275
52294 52527 52352 52410 52468
52528 52834 52604 52680 52756
52835 53066 52892 52949 53006
53067 53154 53088 53109 53130
53155 53377 53210 53265 53320
53378 53596 53432 53486 53540
53597 53838 53657 53717 53777
53839 53999 53879 53919 53959
54000 54268 54067 54134 54201
54269 54567 54343 54417 54491
54568 54584 54572 54576 54580
54585 54614 54592 54599 54606
54615 54683 54632 54649 54666
54684 54737 54697 54710 54723
54738 55185 54849 54960 55071
55186 55361 55229 55272 55315
55362 55506 55398 55434 55470
55507 55572 55523 55539 55555
55573 55639 55589 55605 55621
55640 55698 55654 55668 55682
55699 56024 55780 55861 55942
56025 56621 56174 56323 56472
56622 56656 56630 56638 56646
56657 56885 56714 56771 56828
56886 56963 56905 56924 56943
56964 57067 56989 57014 57039
57068 57262 57116 57164 57212
57263 57392 57295 57327 57359
57393 57733 57478 57563 57648
57734 57889 57772 57810 57848
57890 57978 57912 57934 57956
57979 58156 58023 58067 58111
58157 58273 58186 58215 58244
58274 58551 58343 58412 58481
58552 58620 58569 58586 58603
58621 58666 58632 58643 58654
58667 58692 58673 58679 58685
58693 58869 58737 58781 58825
58870 58948 58889 58908 58927
58949 59234 59020 59091 59162
59235 59287 59248 59261 59274
59288 59511 59343 59398 59453
59512 59591 59531 59550 59569
59592 59724 59625 59658 59691
59725 60146 59793 59861 60108
60147 60292 60183 60219 60255
60293 61334 60553 60813 61073
61335 62025 61507 61679 61851
62026 62166 62061 62096 62131
62167 62931 62358 62549 62740
62932 63023 62954 62976 62998
63024 63433 63126 63228 63330
63434 63525 63456 63478 63500
63526 63924 63625 63724 63823
63925 64801 64144 64363 64582
64802 64919 64831 64860 64889
64920 65020 64945 64970 64995
65021 65117 65045 65069 65093
65118 65155 65127 65136 65145
65156 65200 65167 65178 65189
65201 65388 65247 65293 65339
65389 65471 65409 65429 65449
65472 65681 65524 65576 65628
65682 65731 65694 65706 65718
65732 65924 65780 65828 65876
65925 66093 65967 66009 66051
66094 66410 66173 66252 66331
66411 66795 66507 66603 66699
66796 66978 66841 66886 66931
66979 67378 67078 67177 67276
67379 67611 67437 67495 67553
67612 67645 67620 67628 67636
67646 67834 67693 67740 67787
67835 67914 67854 67873 67892
67915 68027 67943 67971 67999
68028 68153 68059 68090 68121
68154 68386 68212 68270 68328
68387 68458 68404 68421 68438
68459 68536 68478 68497 68516
68537 68570 68545 68553 68561
68571 68600 68578 68585 68592
68601 68671 68618 68635 68652
68672 68733 68687 68702 68717
68734 68788 68747 68760 68773
68789 68879 68811 68833 68855
68880 69392 69008 69136 69264
69393 69526 69426 69459 69492
69527 69604 69546 69565 69584
69605 69696 69627 69649 69671
69697 69762 69713 69729 69745
69763 70272 69890 70017 70144
70273 70366 70296 70319 70342
70367 70949 70512 70657 70802
70950 70996 70961 70972 70983
70997 71035 71006 71015 71024
71036 71413 71130 71224 71318
71414 71924 71541 71668 71795
71925 72377 72038 72151 72264
72378 72566 72425 72472 72519
72567 72911 72653 72739 72825
72912 72967 72925 72938 72951
72968 73102 73001 73034 73067
73103 73139 73112 73121 73130
73140 73186 73151 73162 73173
73187 73537 73274 73361 73448
73538 73668 73570 73602 73634
73669 73731 73684 73699 73714
73732 73790 73746 73760 73774
73791 74134 73876 73961 74046
74135 74753 74289 74443 74597
74754 74802 74766 74778 74790
74803 74848 74814 74825 74836
74849 74928 74868 74887 74906
74929 75402 74946 74963 75300
75403 75724 75483 75563 75643
75725 75808 75745 75765 75785
75809 75888 75828 75847 75866
75889 76246 75978 76067 76156
76247 76458 76299 76351 76403
76459 76648 76506 76553 76600
76649 77847 76948 77247 77546
77848 78059 77900 77952 78004
78060 78252 78108 78156 78204
78253 78375 78283 78313 78343
78376 78407 78383 78390 78397
78408 78443 78416 78424 78432
78444 78526 78464 78484 78504
78527 78632 78553 78579 78605
78633 78760 78664 78695 78726
78761 78932 78803 78845 78887
78933 79131 78982 79031 79080
79132 79247 79160 79188 79216
79248 79298 79260 79272 79284
79299 79581 79369 79439 79509
79582 79696 79610 79638 79666
79697 79848 79734 79771 79808
79849 80173 79930 80011 80092
80174 80234 80189 80204 80219
80235 80353 80264 80293 80322
80354 80615 80419 80484 80549
80616 80818 80666 80716 80766
80819 81157 80903 80987 81071
81158 81244 81179 81200 81221
81245 81643 81344 81443 81542
81644 81975 81726 81808 81890
81976 82054 81995 82014 82033
82055 82174 82084 82113 82142
82175 82357 82220 82265 82310
82358 82871 82486 82614 82742
82872 82984 82900 82928 82956
82985 83333 83072 83159 83246
83334 83384 83346 83358 83370
83385 83903 83514 83643 83772
83904 84024 83934 83964 83994
84025 84092 84041 84057 84073
84093 84273 84138 84183 84228
84274 84383 84301 84328 84355
84384 84538 84422 84460 84498
84539 84652 84567 84595 84623
84653 85188 84786 84919 85052
85189 85342 85227 85265 85303
85343 85737 85441 85539 85637
85738 85779 85748 85758 85768
85780 85930 85817 85854 85891
85931 86049 85960 85989 86018
86050 86162 86078 86106 86134
86163 87768 86564 86965 87366
87769 88152 87864 87959 88054
88153 88496 88238 88323 88408
88497 88560 88512 88527 88542
88561 88608 88572 88583 88594
88609 88639 88616 88623 88630
88640 88686 88651 88662 88673
88687 88815 88719 88751 88783
88816 88948 88849 88882 88915
88949 89159 89001 89053 89105
89160 89429 89227 89294 89361
89430 89559 89462 89494 89526
89560 89630 89577 89594 89611
89631 89779 89668 89705 89742
89780 89858 89799 89818 89837
89859 90014 89894 89929 90009
90015 90039 90021 90027 90033
90040 90059 90044 90048 90052
90060 90109 90072 90084 90096
90110 90190 90130 90150 90170
90191 90519 90273 90355 90437
90520 90609 90542 90564 90586
90610 90746 90644 90678 90712
90747 90783 90756 90765 90774
90784 90844 90799 90814 90829
90845 91164 90924 91003 91082
91165 91205 91175 91185 91195
91206 91357 91243 91280 91317
91358 91461 91383 91408 91433
91462 91580 91491 91520 91549
91581 92818 91890 92199 92508
92819 92965 92855 92891 92927
92966 93022 92980 92994 93008
93023 93105 93043 93063 93083
93106 93303 93155 93204 93253
93304 93519 93357 93410 93463
93520 94394 93738 93956 94174
94395 94573 94439 94483 94527
94574 94688 94602 94630 94658
94689 94847 94728 94767 94806
94848 94955 94874 94900 94926
94956 95095 94990 95024 95058
95096 95466 95188 95280 95372
95467 95567 95492 95517 95542
95568 95653 95589 95610 95631
95654 95834 95699 95744 95789
95835 96379 95971 96107 96243
96380 96480 96405 96430 96455
96481 96612 96513 96545 96577
96613 96730 96642 96671 96700
96731 96867 96765 96799 96833
96868 97016 96905 96942 96979
97017 97049 97025 97033 97041
97050 97719 97217 97384 97551
97720 97982 97785 97850 97915
97983 98186 98033 98083 98133
98187 98278 98209 98231 98253
98279 98451 98322 98365 98408
98452 98556 98478 98504 98530
98557 98643 98578 98599 98620
98644 98681 98653 98662 98671
98682 98728 98693 98704 98715
98729 98786 98743 98757 98771
98787 98843 98801 98815 98829
98844 98910 98860 98876 98892
98911 98955 98922 98933 98944
98956 99000 98967 98978 98989
99001 99070 99018 99035 99052
99071 99160 99093 99115 99137
99161 99211 99173 99185 99197
99212 99286 99230 99248 99266
99287 100046 99476 99665 99854
100047 100113 100063 100079 100095
100114 100332 100168 100222 100276
100333 100426 100356 100379 100402
100427 101021 100575 100723 100871
101022 101535 101150 101278 101406
101536 102022 101657 101778 101899
102023 102598 102166 102309 102452
102599 102776 102643 102687 102731
102777 103331 102915 103053 103191
103332 103577 103393 103454 103515
103578 103682 103604 103630 103656
103683 103723 103693 103703 103713
103724 103774 103736 103748 103760
103775 103822 103786 103797 103808
103823 103854 103830 103837 103844
103855 103967 103883 103911 103939
103968 104010 103978 103988 103998
104011 104234 104066 104121 104176
104235 104492 104299 104363 104427
104493 104616 104523 104553 104583
104617 104655 104626 104635 104644
104656 104682 104662 104668 104674
104683 104717 104691 104699 104707
104718 104816 104742 104766 104790
104817 104948 104849 104881 104913
104949 105320 104961 104973 105240
105321 105456 105354 105387 105420
105457 105892 105565 105673 105781
105893 106164 105960 106027 106094
106165 106363 106214 106263 106312
106364 106450 106385 106406 106427
106451 106904 106564 106677 106790
106905 107021 106934 106963 106992
107022 107207 107068 107114 107160
107208 107777 107350 107492 107634
107778 108111 107861 107944 108027
108112 108260 108149 108186 108223
108261 108387 108292 108323 108354
108388 108670 108458 108528 108598
108671 109172 108796 108921 109046
109173 109246 109191 109209 109227
109247 109307 109262 109277 109292
109308 109391 109328 109348 109368
109392 109513 109422 109452 109482
109514 109604 109536 109558 109580
109605 109842 109664 109723 109782
109843 110068 109899 109955 110011
110069 110257 110116 110163 110210
110258 110610 110346 110434 110522
110611 110751 110646 110681 110716
110752 111249 110876 111000 111124
111250 111612 111340 111430 111520
111613 111692 111632 111651 111670
111693 111796 111718 111743 111768
111797 111965 111839 111881 111923
111966 112274 112043 112120 112197
112275 112491 112329 112383 112437
112492 112632 112527 112562 112597
112633 113200 112774 112915 113056
113201 113300 113225 113249 113273
113301 113348 113312 113323 113334
113349 113500 113386 113423 113460
113501 113595 113524 113547 113570
113596 113679 113616 113636 113656
113680 113952 113748 113816 113884
113953 114240 114024 114095 114166
114241 114348 114267 114293 114319
114349 114365 114353 114357 114361
114366 114513 114402 114438 114474
114514 114566 114527 114540 114553
114567 114909 114652 114737 114822
114910 115076 114951 114992 115033
115077 115374 115151 115225 115299
115375 115811 115484 115593 115702
115812 115850 115821 115830 115839
115851 115971 115881 115911 115941
115972 116037 115988 116004 116020
116038 116180 116073 116108 116143
116181 116479 116255 116329 116403
116480 116510 116487 116494 116501
116511 116778 116577 116643 116709
116779 116886 116805 116831 116857
116887 116927 116897 116907 116917
116928 117372 117039 117150 117261
117373 117405 117381 117389 117397
117406 117588 117451 117496 117541
117589 117727 117623 117657 117691
117728 117778 117740 117752 117764
117779 117956 117823 117867 117911
117957 117976 117961 117965 117969
117977 118156 118021 118065 118109
118157 118243 118178 118199 118220
118244 118532 118316 118388 118460
118533 118667 118566 118599 118632
118668 118881 118721 118774 118827
118882 118938 118896 118910 118924
118939 119252 119017 119095 119173
119253 119389 119287 119321 119355
119390 119826 119499 119608 119717
119827 120098 119870 119913 120072
120099 120266 120140 120181 120222
120267 121382 120545 120823 121101
121383 121578 121431 121479 121527
121579 122010 121686 121793 121900
122011 122196 122057 122103 122149
122197 122402 122248 122299 122350
122403 122652 122465 122527 122589
122653 122665 122656 122659 122662
122666 122707 122676 122686 122696
122708 123102 122806 122904 123002
123103 123411 123180 123257 123334
123412 123553 123447 123482 123517
123554 123672 123583 123612 123641
123673 123808 123706 123739 123772
123809 123971 123849 123889 123929
123972 124258 124043 124114 124185
124259 124427 124301 124343 124385
124428 124636 124480 124532 124584
124637 124723 124658 124679 124700
124724 124926 124774 124824 124874
124927 125064 124961 124995 125029
125065 125663 125214 125363 125512
125664 125773 125691 125718 125745
125774 125925 125811 125848 125885
125926 126120 125974 126022 126070
126121 126277 126160 126199 126238
126278 126532 126341 126404 126467
126533 126581 126545 126557 126569
126582 126609 126588 126594 126600
126610 126627 126614 126618 126622
126628 126707 126647 126666 126685
126708 126774 126724 126740 126756
126775 126956 126820 126865 126910
126957 127272 127035 127113 127191
127273 127303 127280 127287 127294
127304 127343 127313 127322 127331
127344 127559 127397 127450 127503
127560 127708 127597 127634 127671
127709 128392 127879 128049 128219
128393 129505 128671 128949 129227
129506 129939 129614 129722 129830
129940 130135 129988 130036 130084
130136 130217 130156 130176 130196
130218 130322 130244 130270 130296
130323 130373 130335 130347 130359
130374 130439 130390 130406 130422
130440 130482 130450 130460 130470
130483 130734 130545 130607 130669
130735 131053 130814 130893 130972
131054 132035 131299 131544 131789
132036 132142 132062 132088 132114
132143 132554 132245 132347 132449
132555 132981 132661 132767 132873
132982 133281 133056 133130 133204
133282 133527 133343 133404 133465
133528 133643 133556 133584 133612
133644 133703 133658 133672 133686
133704 133868 133745 133786 133827
133869 133968 133893 133917 133941
133969 134037 133986 134003 134020
134038 134222 134084 134130 134176
134223 134619 134322 134421 134520
134620 134808 134667 134714 134761
134809 134894 134830 134851 134872
134895 135697 134921 134947 135522
135698 135785 135719 135740 135761
135786 135861 135804 135822 135840
135862 137210 136199 136536 136873
137211 137358 137247 137283 137319
137359 139614 137922 138485 139048
139615 140235 139770 139925 140080
140236 140625 140333 140430 140527
140626 141601 140869 141112 141355
141602 141662 141617 141632 141647
141663 141699 141672 141681 141690
141700 142397 141874 142048 142222
142398 142432 142406 142414 142422
142433 143455 142688 142943 143198
143456 143750 143529 143602 143675
143751 144623 143969 144187 144405
144624 145387 144814 145004 145194
145388 145670 145458 145528 145598
145671 145799 145703 145735 145767
145800 145876 145819 145838 145857
145877 146033 145916 145955 145994
146034 146477 146144 146254 146364
146478 146768 146550 146622 146694
146769 147042 146837 146905 146973
147043 147134 147065 147087 147109
147135 147173 147144 147153 147162
147174 147250 147193 147212 147231
147251 147480 147308 147365 147422
147481 147862 147576 147671 147766
147863 148208 147949 148035 148121
148209 148316 148235 148261 148287
148317 148338 148322 148327 148332
148339 148435 148363 148387 148411
148436 149297 148651 148866 149081
149298 149386 149320 149342 149364
149387 149714 149468 149549 149630
149715 149913 149764 149813 149862
149914 150234 149935 149956 150174
150235 150768 150368 150501 150634
150769 150919 150806 150843 150880
150920 151312 151018 151116 151214
151313 151624 151390 151467 151544
151625 151701 151644 151663 151682
151702 151891 151749 151796 151843
151892 151970 151911 151930 151949
151971 152080 151998 152025 152052
152081 152233 152119 152157 152195
152234 152325 152256 152278 152300
152326 152397 152343 152360 152377
152398 152449 152410 152422 152434
152450 152585 152483 152516 152549
152586 152835 152648 152710 152772
152836 152994 152875 152914 152953
152995 153112 153024 153053 153082
153113 153571 153227 153341 153455
153572 153728 153611 153650 153689
153729 153929 153779 153829 153879
153930 154083 153968 154006 154044
154084 154163 154103 154122 154141
154164 154259 154187 154210 154233
154260 154398 154294 154328 154362
154399 154711 154477 154555 154633
154712 155257 154848 154984 155120
155258 155278 155263 155268 155273
155279 155292 155282 155285 155288
155293 155409 155322 155351 155380
155410 155458 155422 155434 155446
155459 155641 155504 155549 155594
155642 155683 155652 155662 155672
155684 155796 155712 155740 155768
155797 155842 155808 155819 155830
155843 156065 155898 155953 156008
156066 156113 156077 156088 156099
156114 156178 156130 156146 156162
156179 156286 156205 156231 156257
156287 156759 156405 156523 156641
156760 156801 156770 156780 156790
156802 157324 156932 157062 157192
157325 157383 157339 157353 157367
157384 157828 157495 157606 157717
157829 158031 157879 157929 157979
158032 158509 158151 158270 158389
158510 158569 158524 158538 158552
158570 158650 158590 158610 158630
158651 158966 158729 158807 158885
158967 159088 158997 159027 159057
159089 159157 159106 159123 159140
159158 159316 159197 159236 159275
159317 159357 159327 159337 159347
159358 159449 159380 159402 159424
159450 159750 159525 159600 159675
159751 159796 159762 159773 159784
159797 160135 159881 159965 160049
160136 160202 160152 160168 160184
160203 160219 160207 160211 160215
160220 160237 160224 160228 160232
160238 160274 160247 160256 160265
160275 160329 160288 160301 160314
160330 160354 160336 160342 160348
160355 160379 160361 160367 160373
160380 160483 160405 160430 160455
160484 160592 160511 160538 160565
160593 160836 160653 160713 160773
160837 160902 160853 160869 160885
160903 161182 160972 161041 161110
161183 161256 161201 161219 161237
161257 161386 161289 161321 161353
161387 161615 161444 161501 161558
161616 161706 161638 161660 161682
161707 161785 161726 161745 161764
161786 162716 162018 162250 162482
162717 162992 162785 162853 162921
162993 165661 163494 163995 165495
165662 165881 165716 165770 165824
165882 165961 165901 165920 165939
165962 166182 166017 166072 166127
166183 166255 166201 166219 166237
166256 167054 166455 166654 166853
167055 167208 167093 167131 167169
167209 167819 167361 167513 167665
167820 167845 167826 167832 167838
167846 168239 167944 168042 168140
168240 168272 168248 168256 168264
168273 168609 168357 168441 168525
168610 168662 168623 168636 168649
168663 169010 168749 168835 168921
169011 169176 169052 169093 169134
169177 169996 169381 169585 169789
169997 170322 170078 170159 170240
170323 170586 170388 170453 170518
170587 171064 170706 170825 170944
171065 171353 171137 171209 171281
171354 171453 171378 171402 171426
171454 171699 171515 171576 171637
171700 171805 171726 171752 171778
171806 171896 171828 171850 171872
171897 172156 171961 172025 172089
172157 172291 172190 172223 172256
172292 172918 172448 172604 172760
172919 180887 174689 176459 180663
