0 2162 540 1080 1620
2163 3029 2379 2595 2811
3030 4135 3306 3582 3858
4136 4408 4204 4272 4340
4409 4735 4490 4571 4652
4736 5057 4816 4896 4976
5058 5359 5133 5208 5283
5360 5460 5385 5410 5435
5461 5998 5595 5729 5863
5999 6318 6078 6157 6236
6319 6985 6485 6651 6817
6986 7109 7016 7046 7076
7110 7672 7250 7390 7530
7673 8170 7797 7921 8045
8171 8325 8209 8247 8285
8326 8583 8390 8454 8518
8584 9060 8703 8822 8941
9061 10075 9314 9567 9820
10076 10419 10161 10246 10331
10420 10612 10468 10516 10564
10613 10857 10674 10735 10796
10858 11263 10959 11060 11161
11264 11505 11324 11384 11444
11506 11638 11539 11572 11605
11639 11812 11682 11725 11768
11813 11950 11847 11881 11915
11951 12033 11971 11991 12011
12034 12833 12233 12432 12631
12834 12996 12874 12914 12954
12997 13441 13108 13219 13330
13442 13656 13495 13548 13601
13657 13772 13685 13713 13741
13773 15934 14079 14385 15699
15935 16657 16115 16295 16475
16658 17634 16902 17146 17390
17635 18097 17750 17865 17980
18098 18353 18161 18224 18287
18354 18599 18415 18476 18537
18600 18669 18617 18634 18651
18670 19063 18768 18866 18964
19064 19112 19076 19088 19100
19113 19314 19163 19213 19263
19315 19440 19346 19377 19408
19441 19532 19463 19485 19507
19533 19635 19558 19583 19608
19636 19730 19659 19682 19705
19731 19927 19780 19829 19878
19928 20008 19948 19968 19988
20009 20118 20036 20063 20090
20119 20427 20196 20273 20350
20428 20558 20460 20492 20524
20559 20652 20582 20605 20628
20653 21058 20754 20855 20956
21059 21312 21122 21185 21248
21313 21420 21339 21365 21391
21421 21497 21440 21459 21478
21498 21661 21538 21578 21618
21662 22048 21758 21854 21950
22049 22305 22113 22177 22241
22306 22483 22350 22394 22438
22484 22590 22510 22536 22562
22591 22735 22627 22663 22699
22736 23052 22815 22894 22973
23053 23382 23135 23217 23299
23383 23604 23438 23493 23548
23605 23828 23660 23715 23770
23829 23956 23860 23891 23922
23957 24483 24088 24219 24350
24484 24828 24570 24656 24742
24829 25150 24909 24989 25069
25151 25584 25259 25367 25475
25585 26672 25856 26127 26398
26673 26960 26744 26815 26886
26961 27143 27006 27051 27096
27144 27495 27231 27318 27405
27496 27679 27541 27586 27631
27680 27728 27692 27704 27716
27729 27918 27776 27823 27870
27919 27998 27938 27957 27976
27999 29565 28390 28781 29172
29566 30412 29674 29782 30309
30413 31523 30690 30967 31244
31524 31743 31578 31632 31686
31744 32453 31921 32098 32275
32454 32533 32473 32492 32511
32534 32949 32637 32740 32843
32950 33155 33001 33052 33103
33156 33568 33259 33362 33465
33569 33797 33626 33683 33740
33798 33922 33829 33860 33891
33923 34008 33944 33965 33986
34009 34727 34188 34367 34546
34728 35057 34810 34892 34974
35058 35185 35089 35120 35151
35186 35293 35212 35238 35264
35294 35382 35316 35338 35360
35383 35648 35449 35515 35581
35649 35820 35691 35733 35775
35821 35903 35841 35861 35881
35904 35982 35923 35942 35961
35983 36065 36003 36023 36043
36066 36199 36099 36132 36165
36200 37344 36486 36772 37058
37345 37680 37428 37511 37594
37681 38106 37787 37893 37999
38107 39145 38366 38625 38884
39146 39356 39198 39250 39302
39357 39607 39419 39481 39543
39608 39843 39666 39724 39782
39844 39950 39870 39896 39922
39951 40148 40000 40049 40098
40149 40501 40237 40325 40413
40502 41040 40636 40770 40904
41041 41194 41079 41117 41155
41195 41299 41221 41247 41273
41300 41436 41334 41368 41402
41437 41617 41482 41527 41572
41618 41740 41648 41678 41708
41741 41854 41769 41797 41825
41855 41992 41889 41923 41957
41993 42239 42054 42115 42176
42240 42322 42260 42280 42300
42323 42448 42354 42385 42416
42449 42512 42464 42479 42494
42513 42767 42576 42639 42702
42768 42999 42825 42882 42939
43000 43166 43041 43082 43123
43167 43327 43207 43247 43287
43328 43475 43364 43400 43436
43476 43842 43567 43658 43749
43843 44028 43889 43935 43981
44029 44125 44053 44077 44101
44126 44595 44243 44360 44477
44596 44732 44630 44664 44698
44733 44948 44786 44839 44892
44949 45068 44961 44973 45051
45069 45375 45145 45221 45297
45376 45618 45436 45496 45556
45619 45803 45665 45711 45757
45804 46125 45884 45964 46044
46126 46253 46157 46188 46219
46254 46509 46317 46380 46443
46510 46630 46540 46570 46600
46631 46986 46719 46807 46895
46987 47328 47072 47157 47242
47329 47649 47409 47489 47569
47650 47809 47689 47728 47767
47810 48045 47868 47926 47984
48046 48389 48131 48216 48301
48390 48631 48450 48510 48570
48632 49207 48775 48918 49061
49208 49456 49270 49332 49394
49457 49661 49508 49559 49610
49662 49918 49726 49790 49854
49919 50107 49966 50013 50060
50108 50386 50177 50246 50315
50387 50879 50510 50633 50756
50880 51346 50996 51112 51228
51347 51555 51399 51451 51503
51556 51756 51606 51656 51706
51757 51867 51784 51811 51838
51868 52438 52010 52152 52294
52439 52799 52529 52619 52709
52800 53700 53025 53250 53475
53701 53974 53769 53837 53905
53975 54291 54054 54133 54212
54292 54797 54418 54544 54670
54798 54926 54830 54862 54894
54927 55015 54949 54971 54993
55016 55236 55071 55126 55181
55237 55367 55269 55301 55333
55368 55478 55395 55422 55449
55479 55624 55515 55551 55587
55625 55698 55643 55661 55679
55699 55831 55732 55765 55798
55832 56075 55892 55952 56012
56076 56127 56088 56100 56112
56128 56161 56136 56144 56152
56162 56211 56174 56186 56198
56212 56334 56242 56272 56302
56335 56373 56344 56353 56362
56374 56490 56403 56432 56461
56491 56527 56500 56509 56518
56528 56667 56562 56596 56630
56668 56940 56736 56804 56872
56941 57002 56956 56971 56986
57003 57185 57048 57093 57138
57186 57251 57202 57218 57234
57252 57512 57317 57382 57447
57513 58237 57694 57875 58056
58238 58387 58275 58312 58349
58388 58535 58424 58460 58496
58536 58625 58558 58580 58602
58626 58832 58677 58728 58779
58833 59050 58887 58941 58995
59051 59210 59090 59129 59168
59211 59438 59267 59323 59379
59439 59836 59538 59637 59736
59837 60699 59877 59917 60522
60700 60820 60730 60760 60790
60821 61156 60904 60987 61070
61157 61373 61211 61265 61319
61374 61649 61442 61510 61578
61650 61724 61668 61686 61704
61725 62081 61814 61903 61992
62082 62229 62118 62154 62190
62230 62387 62269 62308 62347
62388 62467 62407 62426 62445
62468 62830 62558 62648 62738
62831 62911 62851 62871 62891
62912 63030 62941 62970 62999
63031 63124 63054 63077 63100
63125 63361 63184 63243 63302
63362 63928 63503 63644 63785
63929 64147 63983 64037 64091
64148 64270 64178 64208 64238
64271 64484 64324 64377 64430
64485 64578 64508 64531 64554
64579 64732 64617 64655 64693
64733 64848 64761 64789 64817
64849 64916 64865 64881 64897
64917 65005 64939 64961 64983
65006 65139 65039 65072 65105
65140 65227 65161 65182 65203
65228 65254 65234 65240 65246
65255 65300 65266 65277 65288
65301 65413 65329 65357 65385
65414 65560 65450 65486 65522
65561 65714 65599 65637 65675
65715 65853 65749 65783 65817
65854 65911 65868 65882 65896
65912 66029 65941 65970 65999
66030 66113 66050 66070 66090
66114 66156 66124 66134 66144
66157 66180 66162 66167 66172
66181 66367 66227 66273 66319
66368 66485 66397 66426 66455
66486 66605 66515 66544 66573
66606 66680 66624 66642 66660
66681 66976 66754 66827 66900
66977 67420 67087 67197 67307
67421 68625 67722 68023 68324
68626 69357 68808 68990 69172
69358 70122 69549 69740 69931
70123 70875 70311 70499 70687
70876 71916 71136 71396 71656
71917 73328 72269 72621 72973
73329 73839 73456 73583 73710
73840 74310 73957 74074 74191
74311 74754 74421 74531 74641
74755 75117 74816 74877 75087
75118 75417 75192 75266 75340
75418 75955 75552 75686 75820
75956 76036 75976 75996 76016
76037 76160 76067 76097 76127
76161 76434 76229 76297 76365
76435 76694 76499 76563 76627
76695 76810 76723 76751 76779
76811 76926 76839 76867 76895
76927 77126 76976 77025 77074
77127 77276 77164 77201 77238
77277 77858 77422 77567 77712
77859 78952 78132 78405 78678
78953 79156 79003 79053 79103
79157 79708 79294 79431 79568
79709 79888 79753 79797 79841
79889 80298 79991 80093 80195
80299 81695 80648 80997 81346
81696 82157 81811 81926 82041
82158 83468 82485 82812 83139
83469 83668 83518 83567 83616
83669 83949 83739 83809 83879
83950 84848 84174 84398 84622
84849 85404 84987 85125 85263
85405 85623 85459 85513 85567
85624 85785 85664 85704 85744
85786 86071 85857 85928 85999
86072 86158 86093 86114 86135
86159 86408 86221 86283 86345
86409 86669 86474 86539 86604
86670 86875 86721 86772 86823
86876 86968 86899 86922 86945
86969 87041 86987 87005 87023
87042 87132 87064 87086 87108
87133 87354 87188 87243 87298
87355 87500 87391 87427 87463
87501 87716 87554 87607 87660
87717 87796 87736 87755 87774
87797 88107 87874 87951 88028
88108 88227 88137 88166 88195
88228 88300 88246 88264 88282
88301 88709 88403 88505 88607
88710 89155 88821 88932 89043
89156 89604 89268 89380 89492
89605 90287 89703 89801 90213
90288 90586 90362 90436 90510
90587 91169 90732 90877 91022
91170 91250 91190 91210 91230
91251 91474 91306 91361 91416
91475 91559 91496 91517 91538
91560 91738 91604 91648 91692
91739 91905 91780 91821 91862
91906 92285 92000 92094 92188
92286 92600 92364 92442 92520
92601 92837 92660 92719 92778
92838 92987 92875 92912 92949
92988 93412 93094 93200 93306
93413 93739 93494 93575 93656
93740 94115 93833 93926 94019
94116 94357 94176 94236 94296
94358 94570 94411 94464 94517
94571 94754 94616 94661 94706
94755 95332 94899 95043 95187
95333 95520 95379 95425 95471
95521 95698 95565 95609 95653
95699 96062 95789 95879 95969
96063 96156 96086 96109 96132
96157 96803 96318 96479 96640
96804 96880 96823 96842 96861
96881 96918 96890 96899 96908
96919 96953 96927 96935 96943
96954 96975 96959 96964 96969
96976 97025 96988 97000 97012
97026 97473 97137 97248 97359
97474 97500 97480 97486 97492
97501 97521 97506 97511 97516
97522 97652 97554 97586 97618
97653 98024 97745 97837 97929
98025 98586 98165 98305 98445
98587 98971 98683 98779 98875
98972 99253 99042 99112 99182
99254 99556 99329 99404 99479
99557 99784 99613 99669 99725
99785 99913 99817 99849 99881
99914 100102 99961 100008 100055
100103 100312 100155 100207 100259
100313 100506 100361 100409 100457
100507 101624 100786 101065 101344
101625 101845 101680 101735 101790
101846 102311 101962 102078 102194
102312 103385 102580 102848 103116
103386 103892 103512 103638 103764
103893 103977 103914 103935 103956
103978 104496 104107 104236 104365
104497 104697 104547 104597 104647
104698 105225 104773 104848 105168
105226 105318 105249 105272 105295
105319 105665 105405 105491 105577
105666 105773 105692 105718 105744
105774 105967 105822 105870 105918
105968 106211 106028 106088 106148
106212 106828 106366 106520 106674
106829 106995 106870 106911 106952
106996 107870 107214 107432 107650
107871 108009 107905 107939 107973
108010 108221 108062 108114 108166
108222 108481 108286 108350 108414
108482 108563 108502 108522 108542
108564 108707 108599 108634 108669
108708 108818 108735 108762 108789
108819 109142 108899 108979 109059
109143 109568 109249 109355 109461
109569 109809 109629 109689 109749
109810 109974 109851 109892 109933
109975 110145 110017 110059 110101
110146 110385 110205 110264 110323
110386 110751 110477 110568 110659
110752 111311 110891 111030 111169
111312 111514 111362 111412 111462
111515 112101 111661 111807 111953
112102 113180 112371 112640 112909
113181 113321 113216 113251 113286
113322 113927 113473 113624 113775
113928 114141 113981 114034 114087
114142 114619 114261 114380 114499
114620 114769 114657 114694 114731
114770 114895 114801 114832 114863
114896 115080 114942 114988 115034
115081 115282 115131 115181 115231
115283 115369 115304 115325 115346
115370 115491 115400 115430 115460
115492 115758 115558 115624 115690
115759 116036 115828 115897 115966
116037 116633 116186 116335 116484
116634 116955 116714 116794 116874
116956 117118 116996 117036 117076
117119 117335 117173 117227 117281
117336 117774 117445 117554 117663
117775 118061 117846 117917 117988
118062 118349 118133 118204 118275
118350 118840 118472 118594 118716
118841 118942 118866 118891 118916
118943 119689 119129 119315 119501
119690 119782 119713 119736 119759
119783 119901 119812 119841 119870
119902 120128 119926 119950 120096
120129 120242 120157 120185 120213
120243 120548 120319 120395 120471
120549 121416 120765 120981 121197
121417 121644 121473 121529 121585
121645 122050 121746 121847 121948
122051 122621 122193 122335 122477
122622 122738 122651 122680 122709
122739 122864 122770 122801 122832
122865 123296 122972 123079 123186
123297 124050 123485 123673 123861
124051 124883 124259 124467 124675
124884 125146 124949 125014 125079
125147 125703 125286 125425 125564
125704 125842 125738 125772 125806
125843 126094 125905 125967 126029
126095 126322 126151 126207 126263
126323 126554 126380 126437 126494
126555 126793 126614 126673 126732
126794 126924 126826 126858 126890
126925 127149 126981 127037 127093
127150 127293 127185 127220 127255
127294 127437 127329 127364 127399
127438 127570 127471 127504 127537
127571 128012 127681 127791 127901
128013 128147 128046 128079 128112
128148 128378 128205 128262 128319
128379 128494 128407 128435 128463
128495 128668 128538 128581 128624
128669 128840 128711 128753 128795
128841 128908 128857 128873 128889
128909 129034 128940 128971 129002
129035 129475 129145 129255 129365
129476 129576 129501 129526 129551
129577 130224 129738 129899 130060
130225 130583 130314 130403 130492
130584 130810 130640 130696 130752
130811 130918 130837 130863 130889
130919 130997 130938 130957 130976
130998 131150 131036 131074 131112
131151 131262 131178 131205 131232
131263 131382 131292 131321 131350
131383 131494 131410 131437 131464
131495 131876 131590 131685 131780
131877 132064 131923 131969 132015
132065 132549 132186 132307 132428
132550 132674 132581 132612 132643
132675 133959 132996 133317 133638
133960 134071 133987 134014 134041
134072 134804 134255 134438 134621
134805 135479 134853 134901 135357
135480 135638 135519 135558 135597
135639 136169 135771 135903 136035
136170 137104 136403 136636 136869
137105 137260 137143 137181 137219
137261 137997 137445 137629 137813
137998 138456 138112 138226 138340
138457 138685 138514 138571 138628
138686 139391 138862 139038 139214
139392 140894 139767 140142 140517
140895 141496 141045 141195 141345
141497 142229 141680 141863 142046
142230 142853 142385 142540 142695
142854 143053 142903 142952 143001
143054 143374 143134 143214 143294
143375 143707 143458 143541 143624
143708 144177 143825 143942 144059
144178 144382 144229 144280 144331
144383 144526 144418 144453 144488
144527 144635 144554 144581 144608
144636 145476 144846 145056 145266
145477 145685 145529 145581 145633
145686 145861 145729 145772 145815
145862 148503 146522 147182 147842
148504 149053 148641 148778 148915
149054 149674 149209 149364 149519
149675 149939 149741 149807 149873
149940 150247 149954 149968 150183
150248 150441 150296 150344 150392
150442 150713 150509 150576 150643
150714 151006 150787 150860 150933
151007 151285 151076 151145 151214
151286 152834 151673 152060 152447
152835 152994 152874 152913 152952
152995 154475 153365 153735 154105
154476 155116 154636 154796 154956
155117 155721 155268 155419 155570
155722 156366 155883 156044 156205
156367 156658 156439 156511 156583
156659 156905 156720 156781 156842
156906 157199 156979 157052 157125
157200 157351 157237 157274 157311
157352 157606 157415 157478 157541
157607 157949 157692 157777 157862
157950 158072 157980 158010 158040
158073 158160 158094 158115 158136
158161 158411 158223 158285 158347
158412 158541 158444 158476 158508
158542 158891 158629 158716 158803
158892 160233 159227 159562 159897
160234 161201 160475 160716 160957
161202 161568 161293 161384 161475
161569 161742 161612 161655 161698
161743 162253 161870 161997 162124
162254 162685 162361 162468 162575
162686 163027 162771 162856 162941
163028 163235 163079 163130 163181
163236 163399 163276 163316 163356
163400 163714 163478 163556 163634
163715 164038 163795 163875 163955
164039 164275 164098 164157 164216
164276 164391 164304 164332 164360
164392 164591 164441 164490 164539
164592 164670 164611 164630 164649
164671 164803 164704 164737 164770
164804 164920 164833 164862 164891
164921 165119 164940 164959 165087
165120 165200 165140 165160 165180
165201 165311 165228 165255 165282
165312 165717 165413 165514 165615
165718 165817 165742 165766 165790
165818 166564 166004 166190 166376
166565 166839 166633 166701 166769
166840 167139 166914 166988 167062
167140 167359 167194 167248 167302
167360 167850 167482 167604 167726
167851 168425 167994 168137 168280
168426 168651 168482 168538 168594
168652 169173 168782 168912 169042
169174 169657 169294 169414 169534
169658 169947 169730 169802 169874
169948 170173 170004 170060 170116
170174 170572 170273 170372 170471
170573 170695 170603 170633 170663
170696 170985 170768 170840 170912
170986 171119 171019 171052 171085
171120 172055 171353 171586 171819
172056 173138 172326 172596 172866
173139 173749 173291 173443 173595
173750 174025 173818 173886 173954
174026 174584 174165 174304 174443
174585 174905 174665 174745 174825
174906 175257 174993 175080 175167
175258 176127 175475 175692 175909
176128 176419 176200 176272 176344
176420 177313 176643 176866 177089
177314 178325 177566 177818 178070
178326 178421 178349 178372 178395
178422 178441 178426 178430 178434
178442 179070 178599 178756 178913
179071 180099 179303 179535 180072
180100 181166 180366 180632 180898
181167 182706 181551 181935 182319
182707 182928 182762 182817 182872
182929 183261 183012 183095 183178
183262 183526 183328 183394 183460
183527 183699 183570 183613 183656
183700 183856 183739 183778 183817
183857 184067 183909 183961 184013
184068 184633 184209 184350 184491
184634 184859 184690 184746 184802
184860 185010 184897 184934 184971
185011 185180 185053 185095 185137
185181 185324 185216 185251 185286
185325 185415 185347 185369 185391
185416 185632 185470 185524 185578
185633 185801 185675 185717 185759
185802 186144 185887 185972 186057
186145 186414 186212 186279 186346
186415 186567 186453 186491 186529
186568 186662 186591 186614 186637
186663 186823 186703 186743 186783
186824 186997 186867 186910 186953
186998 187209 187050 187102 187154
187210 187284 187228 187246 187264
187285 187616 187367 187449 187531
187617 187748 187649 187681 187713
187749 187856 187775 187801 187827
187857 188355 187981 188105 188229
188356 188749 188454 188552 188650
188750 189269 188879 189008 189137
189270 189398 189302 189334 189366
189399 191046 189810 190221 190632
191047 191933 191268 191489 191710
191934 192035 191959 191984 192009
192036 192522 192157 192278 192399
192523 192715 192571 192619 192667
192716 192896 192761 192806 192851
192897 193028 192929 192961 192993
193029 193132 193054 193079 193104
193133 193384 193195 193257 193319
193385 193531 193421 193457 193493
193532 193757 193588 193644 193700
193758 193923 193799 193840 193881
193924 194134 193976 194028 194080
194135 194252 194164 194193 194222
194253 194390 194287 194321 194355
194391 194617 194447 194503 194559
194618 194780 194658 194698 194738
194781 194848 194797 194813 194829
194849 194868 194853 194857 194861
194869 195019 194901 194933 195012
195020 195101 195040 195060 195080
195102 195211 195129 195156 195183
195212 195265 195225 195238 195251
195266 195309 195276 195286 195296
195310 195357 195321 195332 195343
195358 195398 195368 195378 195388
195399 195436 195408 195417 195426
195437 195464 195443 195449 195455
195465 195581 195494 195523 195552
195582 195715 195615 195648 195681
195716 195732 195720 195724 195728
195733 195940 195784 195835 195886
195941 196107 195982 196023 196064
196108 196844 196292 196476 196660
196845 199545 197520 198195 198870
199546 199734 199593 199640 199687
199735 199987 199798 199861 199924
199988 200239 200050 200112 200174
200240 200465 200296 200352 200408
200466 200725 200530 200594 200658
200726 201023 200800 200874 200948
201024 201752 201206 201388 201570
201753 202224 201870 201987 202104
202225 202484 202289 202353 202417
202485 203031 202621 202757 202893
203032 203629 203181 203330 203479
203630 204713 203900 204170 204440
204714 205092 204808 204902 204996
205093 205337 205154 205215 205276
205338 205850 205466 205594 205722
205851 207072 206156 206461 206766
207073 207179 207099 207125 207151
207180 207333 207218 207256 207294
207334 207493 207373 207412 207451
207494 207571 207513 207532 207551
207572 207656 207593 207614 207635
207657 207916 207721 207785 207849
207917 208052 207950 207983 208016
208053 208617 208194 208335 208476
208618 208793 208661 208704 208747
208794 209922 209076 209358 209640
209923 210419 209942 209961 210312
210420 210603 210465 210510 210555
210604 210874 210671 210738 210805
210875 211337 210990 211105 211220
211338 211575 211397 211456 211515
211576 211765 211623 211670 211717
211766 211974 211818 211870 211922
211975 212134 212014 212053 212092
212135 212276 212170 212205 212240
212277 212495 212331 212385 212439
212496 212560 212512 212528 212544
212561 212815 212624 212687 212750
212816 213037 212871 212926 212981
213038 213217 213082 213126 213170
213218 213454 213277 213336 213395
213455 213787 213538 213621 213704
213788 213987 213837 213886 213935
213988 214252 214054 214120 214186
214253 214464 214305 214357 214409
214465 214596 214497 214529 214561
214597 214928 214679 214761 214843
214929 215261 215012 215095 215178
215262 215505 215322 215382 215442
215506 215896 215603 215700 215797
215897 216919 216152 216407 216662
216920 218678 217359 217798 218237
218679 220288 219081 219483 219885
220289 220527 220348 220407 220466
220528 221020 220651 220774 220897
221021 221197 221065 221109 221153
221198 222110 221426 221654 221882
222111 222892 222306 222501 222696
222893 223532 223052 223211 223370
223533 224020 223654 223775 223896
224021 224392 224113 224205 224297
224393 224665 224461 224529 224597
224666 225132 224749 224832 225099
225133 225796 225298 225463 225628
225797 226030 225855 225913 225971
226031 226218 226077 226123 226169
226219 227052 226427 226635 226843
227053 227213 227093 227133 227173
227214 227532 227293 227372 227451
227533 227665 227566 227599 227632
227666 229650 228162 228658 229154
229651 231325 230069 230487 230905
231326 231904 231470 231614 231758
231905 232045 231940 231975 232010
232046 232444 232145 232244 232343
232445 233300 232658 232871 233084
233301 233401 233326 233351 233376
233402 233734 233485 233568 233651
233735 234365 233892 234049 234206
234366 234699 234449 234532 234615
234700 235039 234784 234868 234952
235040 235921 235260 235480 235700
235922 236320 236021 236120 236219
236321 236377 236335 236349 236363
236378 236888 236505 236632 236759
236889 237098 236941 236993 237045
237099 237788 237271 237443 237615
237789 237884 237812 237835 237858
237885 238348 238000 238115 238230
238349 238607 238413 238477 238541
238608 238997 238705 238802 238899
238998 239244 239059 239120 239181
239245 239375 239277 239309 239341
239376 239538 239416 239456 239496
239539 239712 239582 239625 239668
239713 240247 239784 239855 240183
240248 240847 240397 240546 240695
240848 240995 240884 240920 240956
240996 241277 241066 241136 241206
241278 241408 241310 241342 241374
241409 242095 241580 241751 241922
242096 242241 242132 242168 242204
242242 242381 242276 242310 242344
242382 242638 242446 242510 242574
242639 243553 242867 243095 243323
243554 243914 243644 243734 243824
243915 244020 243941 243967 243993
244021 244262 244081 244141 244201
244263 244783 244393 244523 244653
244784 245036 244847 244910 244973
245037 245477 245147 245257 245367
245478 245574 245502 245526 245550
245575 245718 245610 245645 245680
245719 245780 245734 245749 245764
245781 245803 245786 245791 245796
245804 245866 245819 245834 245849
245867 245963 245891 245915 245939
245964 246134 246006 246048 246090
246135 246383 246197 246259 246321
246384 246968 246530 246676 246822
246969 247561 247117 247265 247413
247562 247807 247623 247684 247745
247808 248219 247910 248012 248114
248220 248596 248314 248408 248502
248597 248876 248666 248735 248804
248877 249498 249032 249187 249342
249499 249793 249572 249645 249718
249794 251044 250106 250418 250730
251045 251179 251078 251111 251144
251180 251924 251366 251552 251738
251925 252017 251948 251971 251994
252018 252491 252136 252254 252372
252492 252900 252594 252696 252798
252901 253279 252995 253089 253183
253280 253549 253347 253414 253481
253550 254881 253882 254214 254546
254882 255278 254911 254940 255207
255279 256325 255540 255801 256062
256326 256907 256471 256616 256761
256908 257153 256969 257030 257091
257154 257481 257235 257316 257397
257482 258119 257641 257800 257959
258120 258682 258260 258400 258540
258683 258935 258746 258809 258872
258936 259209 259004 259072 259140
259210 259363 259248 259286 259324
259364 259627 259429 259494 259559
259628 260098 259745 259862 259979
260099 265836 261533 262967 264401
265837 266209 265930 266023 266116
