0 61 15 30 45
62 228 103 144 185
229 1130 454 679 904
1131 1411 1201 1271 1341
1412 1603 1459 1506 1553
1604 1907 1679 1754 1829
1908 2131 1963 2018 2073
2132 2449 2211 2290 2369
2450 2774 2531 2612 2693
2775 2847 2793 2811 2829
2848 2883 2856 2864 2872
2884 2944 2899 2914 2929
2945 3100 2983 3021 3059
3101 3365 3167 3233 3299
3366 3546 3411 3456 3501
3547 3936 3644 3741 3838
3937 4501 4078 4219 4360
4502 4617 4530 4558 4586
4618 4736 4647 4676 4705
4737 5040 4812 4887 4962
5041 5324 5111 5181 5251
5325 5428 5350 5375 5400
5429 5477 5441 5453 5465
5478 5582 5504 5530 5556
5583 5703 5613 5643 5673
5704 5803 5728 5752 5776
5804 5924 5834 5864 5894
5925 5952 5931 5937 5943
5953 6258 6029 6105 6181
6259 6351 6282 6305 6328
6352 6375 6357 6362 6367
6376 6412 6385 6394 6403
6413 6447 6421 6429 6437
6448 6572 6479 6510 6541
6573 6654 6593 6613 6633
6655 6716 6670 6685 6700
6717 6758 6727 6737 6747
6759 6796 6768 6777 6786
6797 6844 6808 6819 6830
6845 6886 6855 6865 6875
6887 7231 6973 7059 7145
7232 7404 7275 7318 7361
7405 7468 7420 7435 7450
7469 7514 7480 7491 7502
7515 7570 7528 7541 7554
7571 7593 7576 7581 7586
7594 7637 7604 7614 7624
7638 7786 7675 7712 7749
7787 7815 7794 7801 7808
7816 7945 7848 7880 7912
7946 8078 7979 8012 8045
8079 8166 8100 8121 8142
8167 8234 8183 8199 8215
8235 8407 8278 8321 8364
8408 8565 8447 8486 8525
8566 8656 8588 8610 8632
8657 8689 8665 8673 8681
8690 8743 8703 8716 8729
8744 9174 8851 8958 9065
9175 9262 9196 9217 9238
9263 9303 9273 9283 9293
9304 9407 9329 9354 9379
9408 9451 9418 9428 9438
9452 9491 9461 9470 9479
9492 9525 9500 9508 9516
9526 9568 9536 9546 9556
9569 9594 9575 9581 9587
9595 9616 9600 9605 9610
9617 9649 9625 9633 9641
9650 9692 9660 9670 9680
9693 9820 9724 9755 9786
9821 9890 9838 9855 9872
9891 9973 9911 9931 9951
9974 10034 9989 10004 10019
10035 10134 10059 10083 10107
10135 10276 10170 10205 10240
10277 10317 10287 10297 10307
10318 10466 10355 10392 10429
10467 10498 10474 10481 10488
10499 10590 10521 10543 10565
10591 10641 10603 10615 10627
10642 10786 10678 10714 10750
10787 10806 10791 10795 10799
10807 10839 10815 10823 10831
10840 10861 10845 10850 10855
10862 10913 10874 10886 10898
10914 10934 10919 10924 10929
10935 10994 10949 10963 10977
10995 11017 11000 11005 11010
11018 11046 11025 11032 11039
11047 11139 11070 11093 11116
11140 11172 11148 11156 11164
11173 11252 11192 11211 11230
11253 11278 11259 11265 11271
11279 11306 11285 11291 11297
11307 11384 11326 11345 11364
11385 11429 11396 11407 11418
11430 11454 11436 11442 11448
11455 11497 11465 11475 11485
11498 11540 11508 11518 11528
11541 11592 11553 11565 11577
11593 11633 11603 11613 11623
11634 11734 11659 11684 11709
11735 11772 11744 11753 11762
11773 11868 11796 11819 11842
11869 11912 11879 11889 11899
11913 12027 11941 11969 11997
12028 12088 12043 12058 12073
12089 12124 12097 12105 12113
12125 12158 12133 12141 12149
12159 12183 12165 12171 12177
12184 12217 12192 12200 12208
12218 12280 12233 12248 12263
12281 12306 12287 12293 12299
12307 12365 12321 12335 12349
12366 12409 12376 12386 12396
12410 12477 12426 12442 12458
12478 12514 12487 12496 12505
12515 12565 12527 12539 12551
12566 12591 12572 12578 12584
12592 12643 12604 12616 12628
12644 12747 12669 12694 12719
12748 12914 12789 12830 12871
12915 12972 12929 12943 12957
12973 13023 12985 12997 13009
13024 13058 13032 13040 13048
13059 13117 13073 13087 13101
13118 13191 13136 13154 13172
13192 13210 13196 13200 13204
13211 13297 13232 13253 13274
13298 13366 13315 13332 13349
13367 14146 13561 13755 13949
14147 14360 14200 14253 14306
14361 14601 14421 14481 14541
14602 14626 14608 14614 14620
14627 14678 14639 14651 14663
14679 14863 14725 14771 14817
14864 14911 14875 14886 14897
14912 15022 14933 14954 15015
15023 15092 15040 15057 15074
15093 15187 15116 15139 15162
15188 15360 15231 15274 15317
15361 15394 15369 15377 15385
15395 15420 15401 15407 15413
15421 15455 15429 15437 15445
15456 15512 15470 15484 15498
15513 15621 15540 15567 15594
15622 15649 15628 15634 15640
15650 15746 15674 15698 15722
15747 15860 15775 15803 15831
15861 15933 15879 15897 15915
15934 16063 15966 15998 16030
16064 16112 16076 16088 16100
16113 16225 16141 16169 16197
16226 16334 16253 16280 16307
16335 16402 16351 16367 16383
16403 16522 16432 16461 16490
16523 16583 16538 16553 16568
16584 16887 16659 16734 16809
16888 16999 16915 16942 16969
17000 17110 17027 17054 17081
17111 17144 17119 17127 17135
17145 17245 17170 17195 17220
17246 17262 17250 17254 17258
17263 17330 17279 17295 17311
17331 17420 17353 17375 17397
17421 17446 17427 17433 17439
17447 17499 17460 17473 17486
17500 17517 17504 17508 17512
17518 17569 17530 17542 17554
17570 17694 17601 17632 17663
17695 17712 17699 17703 17707
17713 17754 17723 17733 17743
17755 17774 17759 17763 17767
17775 17911 17809 17843 17877
17912 17963 17924 17936 17948
17964 18031 17980 17996 18012
18032 18178 18068 18104 18140
18179 18210 18186 18193 18200
18211 18227 18215 18219 18223
18228 18317 18250 18272 18294
18318 18370 18331 18344 18357
18371 18389 18375 18379 18383
18390 18419 18397 18404 18411
18420 18457 18429 18438 18447
18458 18518 18473 18488 18503
18519 18552 18527 18535 18543
18553 18572 18557 18561 18565
18573 18593 18578 18583 18588
18594 18636 18604 18614 18624
18637 18664 18643 18649 18655
18665 18707 18675 18685 18695
18708 18767 18722 18736 18750
18768 18876 18795 18822 18849
18877 18899 18882 18887 18892
18900 18926 18906 18912 18918
18927 18955 18934 18941 18948
18956 18974 18960 18964 18968
18975 18993 18979 18983 18987
18994 19018 19000 19006 19012
19019 19035 19023 19027 19031
19036 19062 19042 19048 19054
19063 19082 19067 19071 19075
19083 19109 19089 19095 19101
19110 19220 19137 19164 19191
19221 19237 19225 19229 19233
19238 19277 19247 19256 19265
19278 19299 19283 19288 19293
19300 19316 19304 19308 19312
19317 19467 19354 19391 19428
19468 19509 19478 19488 19498
19510 19593 19530 19550 19570
19594 19619 19600 19606 19612
19620 19647 19626 19632 19638
19648 19668 19653 19658 19663
19669 19691 19674 19679 19684
19692 19725 19700 19708 19716
19726 19765 19735 19744 19753
19766 19782 19770 19774 19778
19783 19799 19787 19791 19795
19800 19862 19815 19830 19845
19863 19880 19867 19871 19875
19881 19910 19888 19895 19902
19911 19950 19920 19929 19938
19951 19984 19959 19967 19975
19985 20016 19992 19999 20006
20017 20033 20021 20025 20029
20034 20091 20048 20062 20076
20092 20111 20096 20100 20104
20112 20157 20123 20134 20145
20158 20183 20164 20170 20176
20184 20205 20189 20194 20199
20206 20222 20210 20214 20218
20223 20248 20229 20235 20241
20249 20269 20254 20259 20264
20270 20302 20278 20286 20294
20303 20353 20315 20327 20339
20354 20373 20358 20362 20366
20374 20406 20382 20390 20398
20407 20437 20414 20421 20428
20438 20627 20485 20532 20579
20628 20886 20692 20756 20820
20887 20919 20895 20903 20911
20920 21027 20946 20972 20998
21028 21157 21060 21092 21124
21158 21378 21213 21268 21323
21379 21454 21397 21415 21433
21455 21517 21470 21485 21500
21518 21584 21534 21550 21566
21585 21680 21608 21631 21654
21681 21774 21704 21727 21750
21775 21829 21788 21801 21814
21830 21874 21841 21852 21863
21875 22782 22101 22327 22553
22783 23507 22964 23145 23326
23508 23609 23533 23558 23583
23610 23842 23668 23726 23784
23843 23915 23861 23879 23897
23916 24071 23954 23992 24030
24072 24359 24143 24214 24285
24360 24423 24375 24390 24405
24424 24496 24442 24460 24478
24497 24572 24515 24533 24551
24573 24651 24592 24611 24630
24652 24920 24719 24786 24853
24921 25720 25120 25319 25518
25721 25918 25770 25819 25868
25919 26519 26069 26219 26369
26520 26657 26554 26588 26622
26658 26786 26690 26722 26754
26787 26887 26812 26837 26862
26888 26963 26906 26924 26942
26964 27000 26973 26982 26991
27001 27194 27049 27097 27145
27195 27551 27284 27373 27462
27552 27668 27581 27610 27639
27669 27823 27707 27745 27783
27824 27873 27836 27848 27860
27874 27916 27884 27894 27904
27917 27989 27935 27953 27971
27990 28191 28040 28090 28140
28192 28986 28390 28588 28786
28987 29389 29087 29187 29287
29390 29957 29531 29672 29813
29958 30143 29968 29978 30105
30144 30227 30164 30184 30204
30228 30371 30263 30298 30333
30372 30508 30406 30440 30474
30509 30548 30518 30527 30536
30549 30648 30573 30597 30621
30649 30757 30676 30703 30730
30758 30905 30794 30830 30866
30906 31042 30940 30974 31008
31043 31107 31059 31075 31091
31108 31140 31116 31124 31132
31141 31665 31272 31403 31534
31666 31997 31748 31830 31912
31998 32401 32098 32198 32298
32402 32858 32516 32630 32744
32859 33220 32949 33039 33129
33221 33487 33287 33353 33419
33488 33594 33514 33540 33566
33595 33638 33605 33615 33625
33639 33971 33722 33805 33888
33972 34240 34039 34106 34173
34241 34555 34319 34397 34475
34556 34686 34588 34620 34652
34687 34762 34705 34723 34741
34763 34894 34795 34827 34859
34895 35204 34972 35049 35126
35205 35324 35234 35263 35292
35325 35758 35433 35541 35649
35759 35890 35791 35823 35855
35891 36051 35931 35971 36011
36052 36140 36074 36096 36118
36141 36251 36168 36195 36222
36252 37054 36452 36652 36852
37055 37086 37062 37069 37076
37087 37262 37130 37173 37216
37263 37391 37295 37327 37359
37392 37468 37411 37430 37449
37469 37548 37488 37507 37526
37549 37612 37564 37579 37594
37613 38066 37726 37839 37952
38067 38652 38213 38359 38505
38653 38829 38697 38741 38785
38830 39094 38896 38962 39028
39095 39457 39185 39275 39365
39458 39588 39490 39522 39554
39589 39705 39618 39647 39676
39706 39880 39749 39792 39835
39881 40541 40046 40211 40376
40542 40679 40576 40610 40644
40680 40815 40713 40746 40779
40816 41124 40893 40970 41047
41125 41210 41146 41167 41188
41211 41365 41249 41287 41325
41366 41828 41481 41596 41711
41829 41918 41851 41873 41895
41919 41986 41935 41951 41967
41987 42191 42038 42089 42140
42192 42213 42197 42202 42207
42214 42308 42237 42260 42283
42309 42360 42321 42333 42345
42361 42463 42386 42411 42436
42464 42507 42474 42484 42494
42508 42599 42530 42552 42574
42600 42663 42615 42630 42645
42664 42721 42678 42692 42706
42722 42866 42758 42794 42830
42867 42899 42875 42883 42891
42900 43006 42926 42952 42978
43007 43063 43021 43035 43049
43064 43529 43180 43296 43412
43530 43568 43539 43548 43557
43569 43599 43576 43583 43590
43600 43716 43629 43658 43687
43717 43887 43759 43801 43843
43888 44053 43929 43970 44011
44054 44727 44222 44390 44558
44728 45148 44795 44862 45111
45149 45270 45179 45209 45239
45271 45403 45304 45337 45370
45404 45689 45475 45546 45617
45690 45920 45747 45804 45861
45921 46053 45954 45987 46020
46054 46161 46080 46106 46132
46162 46253 46184 46206 46228
46254 46755 46379 46504 46629
46756 46849 46779 46802 46825
46850 46921 46867 46884 46901
46922 46994 46940 46958 46976
46995 47171 47039 47083 47127
47172 47417 47233 47294 47355
47418 47510 47441 47464 47487
47511 47552 47521 47531 47541
47553 47575 47558 47563 47568
47576 47600 47582 47588 47594
47601 47657 47615 47629 47643
47658 47874 47712 47766 47820
47875 48109 47933 47991 48049
48110 48219 48137 48164 48191
48220 48322 48245 48270 48295
48323 48399 48342 48361 48380
48400 48513 48428 48456 48484
48514 48619 48540 48566 48592
48620 48648 48627 48634 48641
48649 48748 48673 48697 48721
48749 48968 48803 48857 48911
48969 49084 48997 49025 49053
49085 49198 49113 49141 49169
49199 49285 49220 49241 49262
49286 49367 49306 49326 49346
49368 49420 49381 49394 49407
49421 49513 49444 49467 49490
49514 49706 49562 49610 49658
49707 49728 49712 49717 49722
49729 49864 49762 49795 49828
49865 50180 49943 50021 50099
50181 50227 50192 50203 50214
50228 50390 50268 50308 50348
50391 50470 50410 50429 50448
50471 50556 50492 50513 50534
50557 50573 50561 50565 50569
50574 50603 50581 50588 50595
50604 50628 50610 50616 50622
50629 50716 50650 50671 50692
50717 50805 50739 50761 50783
50806 50992 50852 50898 50944
50993 51123 51025 51057 51089
51124 51176 51137 51150 51163
51177 51230 51190 51203 51216
51231 51288 51245 51259 51273
51289 51313 51295 51301 51307
51314 51369 51327 51340 51353
51370 51429 51384 51398 51412
51430 51557 51461 51492 51523
51558 51583 51564 51570 51576
51584 51663 51603 51622 51641
51664 51692 51671 51678 51685
51693 51762 51710 51727 51744
51763 51809 51774 51785 51796
51810 51860 51822 51834 51846
51861 51912 51873 51885 51897
51913 51934 51918 51923 51928
51935 51965 51942 51949 51956
51966 51984 51970 51974 51978
51985 52001 51989 51993 51997
52002 52129 52033 52064 52095
52130 52176 52141 52152 52163
52177 52195 52181 52185 52189
52196 52226 52203 52210 52217
52227 52245 52231 52235 52239
52246 52264 52250 52254 52258
52265 52301 52274 52283 52292
52302 52326 52308 52314 52320
52327 52405 52346 52365 52384
52406 52501 52429 52452 52475
52502 52544 52512 52522 52532
52545 53004 52659 52773 52887
53005 53113 53032 53059 53086
53114 53186 53132 53150 53168
53187 53230 53197 53207 53217
53231 53340 53258 53285 53312
53341 53618 53410 53479 53548
53619 53749 53651 53683 53715
53750 53796 53761 53772 53783
53797 53952 53835 53873 53911
53953 54050 53977 54001 54025
54051 54093 54061 54071 54081
54094 54153 54108 54122 54136
54154 54208 54167 54180 54193
54209 54242 54217 54225 54233
54243 54288 54254 54265 54276
54289 54404 54317 54345 54373
54405 54444 54414 54423 54432
54445 54490 54456 54467 54478
54491 54536 54502 54513 54524
54537 54586 54549 54561 54573
54587 54657 54604 54621 54638
54658 54684 54664 54670 54676
54685 54719 54693 54701 54709
54720 54775 54733 54746 54759
54776 54800 54782 54788 54794
54801 54829 54808 54815 54822
54830 54917 54851 54872 54893
54918 55027 54945 54972 54999
55028 55053 55034 55040 55046
55054 55075 55059 55064 55069
55076 55101 55082 55088 55094
55102 55126 55108 55114 55120
55127 55164 55136 55145 55154
55165 55239 55183 55201 55219
55240 55281 55250 55260 55270
55282 55313 55289 55296 55303
55314 55350 55323 55332 55341
55351 55375 55357 55363 55369
55376 55397 55381 55386 55391
55398 55426 55405 55412 55419
55427 55452 55433 55439 55445
55453 55530 55472 55491 55510
55531 55702 55573 55615 55657
55703 55739 55712 55721 55730
55740 55765 55746 55752 55758
55766 55793 55772 55778 55784
55794 55833 55803 55812 55821
55834 55862 55841 55848 55855
55863 55926 55878 55893 55908
55927 55964 55936 55945 55954
55965 56045 55985 56005 56025
56046 56088 56056 56066 56076
56089 56147 56103 56117 56131
56148 56192 56159 56170 56181
56193 56227 56201 56209 56217
56228 56313 56249 56270 56291
56314 56436 56344 56374 56404
56437 56466 56444 56451 56458
56467 56502 56475 56483 56491
56503 56561 56517 56531 56545
56562 56593 56569 56576 56583
56594 56630 56603 56612 56621
56631 56648 56635 56639 56643
56649 56670 56654 56659 56664
56671 56718 56682 56693 56704
56719 56808 56741 56763 56785
56809 57091 56879 56949 57019
57092 57156 57108 57124 57140
57157 57192 57165 57173 57181
57193 57280 57214 57235 57256
57281 57307 57287 57293 57299
57308 57324 57312 57316 57320
57325 57343 57329 57333 57337
57344 57431 57365 57386 57407
57432 57471 57441 57450 57459
57472 57488 57476 57480 57484
57489 57513 57495 57501 57507
57514 57549 57522 57530 57538
57550 57571 57555 57560 57565
57572 57632 57587 57602 57617
57633 57678 57644 57655 57666
57679 57940 57744 57809 57874
57941 57986 57952 57963 57974
57987 58034 57998 58009 58020
58035 58072 58044 58053 58062
58073 58397 58154 58235 58316
58398 58476 58417 58436 58455
58477 58549 58495 58513 58531
58550 58737 58596 58642 58688
58738 58849 58765 58792 58819
58850 59230 58945 59040 59135
59231 59303 59249 59267 59285
59304 59466 59344 59384 59424
59467 60620 59600 59733 60465
60621 60747 60652 60683 60714
60748 60933 60794 60840 60886
60934 61125 60981 61028 61075
61126 61197 61143 61160 61177
61198 61697 61322 61446 61570
61698 62667 61940 62182 62424
62668 63469 62868 63068 63268
63470 63612 63505 63540 63575
63613 63799 63659 63705 63751
63800 63826 63806 63812 63818
63827 63909 63847 63867 63887
63910 63969 63924 63938 63952
63970 64061 63992 64014 64036
64062 64644 64207 64352 64497
64645 64856 64697 64749 64801
64857 64898 64867 64877 64887
64899 65081 64944 64989 65034
65082 65161 65101 65120 65139
65162 65251 65184 65206 65228
65252 65335 65272 65292 65312
65336 65407 65353 65370 65387
65408 66229 65613 65818 66023
66230 66314 66251 66272 66293
66315 66413 66339 66363 66387
66414 67120 66590 66766 66942
67121 68288 67412 67703 67994
68289 68399 68316 68343 68370
68400 68443 68410 68420 68430
68444 68472 68451 68458 68465
68473 68505 68481 68489 68497
68506 68572 68522 68538 68554
68573 68628 68586 68599 68612
68629 68695 68645 68661 68677
68696 68716 68701 68706 68711
68717 68746 68724 68731 68738
68747 68823 68766 68785 68804
68824 68848 68830 68836 68842
68849 69011 68889 68929 68969
69012 69068 69026 69040 69054
69069 69211 69104 69139 69174
69212 69428 69266 69320 69374
69429 70121 69602 69775 69948
70122 70140 70126 70130 70134
70141 70428 70212 70283 70354
70429 70487 70443 70457 70471
70488 70650 70528 70568 70608
70651 70842 70698 70745 70792
70843 70879 70852 70861 70870
70880 70926 70891 70902 70913
70927 71087 70967 71007 71047
71088 71152 71104 71120 71136
71153 71339 71199 71245 71291
71340 71776 71449 71558 71667
71777 71871 71800 71823 71846
71872 71968 71896 71920 71944
71969 72155 72015 72061 72107
72156 72282 72187 72218 72249
72283 72496 72336 72389 72442
72497 72541 72508 72519 72530
72542 72596 72555 72568 72581
72597 72637 72607 72617 72627
72638 72670 72646 72654 72662
72671 72785 72699 72727 72755
72786 72870 72807 72828 72849
72871 72929 72885 72899 72913
72930 73041 72957 72984 73011
73042 73154 73070 73098 73126
73155 73219 73171 73187 73203
73220 73301 73240 73260 73280
73302 73347 73313 73324 73335
73348 73396 73360 73372 73384
73397 73612 73450 73503 73556
73613 73664 73625 73637 73649
73665 73730 73681 73697 73713
73731 73781 73743 73755 73767
73782 73813 73789 73796 73803
73814 73835 73819 73824 73829
73836 73862 73842 73848 73854
73863 73893 73870 73877 73884
73894 73914 73899 73904 73909
73915 73947 73923 73931 73939
73948 74007 73962 73976 73990
74008 74046 74017 74026 74035
74047 74207 74087 74127 74167
74208 74249 74218 74228 74238
74250 74286 74259 74268 74277
74287 74337 74299 74311 74323
74338 74377 74347 74356 74365
74378 74409 74385 74392 74399
74410 74433 74415 74420 74425
74434 74466 74442 74450 74458
74467 74514 74478 74489 74500
74515 74531 74519 74523 74527
74532 74573 74542 74552 74562
74574 74637 74589 74604 74619
74638 74691 74651 74664 74677
74692 74741 74704 74716 74728
74742 74776 74750 74758 74766
74777 74803 74783 74789 74795
74804 74849 74815 74826 74837
74850 74932 74870 74890 74910
74933 74966 74941 74949 74957
74967 75010 74975 74983 75006
75011 75106 75034 75057 75080
75107 75205 75131 75155 75179
75206 75253 75217 75228 75239
75254 75282 75261 75268 75275
75283 75332 75295 75307 75319
75333 75354 75338 75343 75348
75355 75819 75471 75587 75703
75820 76181 75910 76000 76090
76182 76387 76233 76284 76335
76388 76613 76444 76500 76556
76614 76827 76667 76720 76773
76828 76887 76842 76856 76870
76888 76980 76911 76934 76957
76981 77202 77036 77091 77146
77203 77251 77215 77227 77239
77252 77486 77310 77368 77426
77487 77592 77513 77539 77565
77593 78210 77747 77901 78055
78211 78305 78234 78257 78280
78306 78490 78352 78398 78444
78491 78821 78573 78655 78737
78822 78969 78858 78894 78930
78970 79183 79023 79076 79129
79184 79560 79278 79372 79466
79561 79839 79630 79699 79768
79840 79918 79859 79878 79897
79919 80008 79941 79963 79985
80009 80058 80021 80033 80045
80059 80508 80171 80283 80395
80509 80525 80513 80517 80521
80526 80574 80538 80550 80562
80575 80607 80583 80591 80599
80608 80636 80615 80622 80629
80637 80710 80655 80673 80691
80711 80795 80732 80753 80774
80796 81305 80923 81050 81177
81306 82317 81558 81810 82062
82318 82354 82327 82336 82345
82355 82379 82361 82367 82373
82380 82505 82411 82442 82473
82506 82598 82529 82552 82575
82599 82844 82660 82721 82782
82845 83284 82954 83063 83172
83285 83358 83303 83321 83339
83359 83603 83420 83481 83542
83604 83644 83614 83624 83634
83645 83865 83700 83755 83810
83866 83912 83877 83888 83899
83913 84602 84085 84257 84429
84603 84673 84620 84637 84654
84674 84748 84692 84710 84728
84749 84817 84766 84783 84800
84818 84890 84836 84854 84872
84891 84934 84901 84911 84921
84935 85020 84956 84977 84998
85021 85068 85032 85043 85054
85069 85130 85084 85099 85114
85131 85177 85142 85153 85164
85178 85219 85188 85198 85208
85220 85273 85233 85246 85259
85274 85306 85282 85290 85298
85307 85336 85314 85321 85328
85337 85622 85408 85479 85550
85623 85663 85633 85643 85653
85664 85705 85674 85684 85694
85706 85838 85739 85772 85805
85839 86360 85969 86099 86229
86361 86547 86407 86453 86499
86548 86699 86585 86622 86659
86700 86953 86763 86826 86889
86954 87146 87002 87050 87098
87147 87288 87182 87217 87252
87289 87320 87296 87303 87310
87321 87350 87328 87335 87342
87351 87450 87375 87399 87423
87451 87539 87473 87495 87517
87540 87572 87548 87556 87564
87573 87600 87579 87585 87591
87601 87635 87609 87617 87625
87636 87696 87651 87666 87681
87697 87744 87708 87719 87730
87745 87849 87771 87797 87823
87850 87951 87875 87900 87925
87952 87997 87963 87974 87985
87998 88091 88021 88044 88067
88092 88138 88103 88114 88125
88139 88155 88143 88147 88151
88156 88173 88160 88164 88168
88174 88199 88180 88186 88192
88200 88232 88208 88216 88224
88233 88260 88239 88245 88251
88261 88307 88272 88283 88294
88308 88348 88318 88328 88338
88349 88370 88354 88359 88364
88371 88405 88379 88387 88395
88406 88437 88413 88420 88427
88438 88454 88442 88446 88450
88455 88553 88479 88503 88527
88554 88631 88573 88592 88611
88632 88733 88657 88682 88707
88734 88786 88747 88760 88773
88787 89008 88842 88897 88952
89009 89065 89023 89037 89051
89066 89165 89090 89114 89138
89166 89279 89194 89222 89250
89280 89385 89306 89332 89358
89386 89683 89460 89534 89608
89684 89763 89703 89722 89741
89764 89792 89771 89778 89785
89793 89821 89800 89807 89814
89822 89957 89855 89888 89921
89958 90724 89968 89978 90543
90725 90838 90753 90781 90809
90839 91062 90894 90949 91004
91063 91111 91075 91087 91099
91112 91167 91125 91138 91151
91168 91191 91173 91178 91183
91192 91269 91211 91230 91249
91270 91413 91305 91340 91375
91414 91483 91431 91448 91465
91484 91539 91497 91510 91523
91540 91557 91544 91548 91552
91558 91600 91568 91578 91588
91601 91627 91607 91613 91619
91628 91665 91637 91646 91655
91666 91732 91682 91698 91714
91733 91871 91767 91801 91835
91872 91919 91883 91894 91905
91920 92014 91943 91966 91989
92015 92072 92029 92043 92057
92073 92093 92078 92083 92088
92094 92127 92102 92110 92118
92128 92189 92143 92158 92173
92190 92388 92239 92288 92337
92389 92454 92405 92421 92437
92455 92506 92467 92479 92491
92507 92678 92549 92591 92633
92679 92716 92688 92697 92706
92717 92756 92726 92735 92744
92757 92800 92767 92777 92787
92801 92847 92812 92823 92834
92848 92872 92854 92860 92866
92873 92899 92879 92885 92891
92900 92930 92907 92914 92921
92931 92954 92936 92941 92946
92955 93003 92967 92979 92991
93004 93040 93013 93022 93031
93041 93082 93051 93061 93071
93083 93127 93094 93105 93116
93128 93156 93135 93142 93149
93157 93192 93165 93173 93181
93193 93213 93198 93203 93208
93214 93235 93219 93224 93229
93236 93259 93241 93246 93251
93260 93321 93275 93290 93305
93322 93345 93327 93332 93337
93346 93412 93362 93378 93394
93413 93444 93420 93427 93434
93445 93493 93457 93469 93481
93494 93548 93507 93520 93533
93549 93585 93558 93567 93576
93586 93647 93601 93616 93631
93648 93669 93653 93658 93663
93670 93712 93680 93690 93700
93713 93736 93718 93723 93728
93737 93828 93759 93781 93803
93829 93865 93838 93847 93856
93866 93883 93870 93874 93878
93884 93909 93890 93896 93902
93910 93928 93914 93918 93922
93929 93984 93942 93955 93968
93985 94024 93994 94003 94012
94025 94258 94083 94141 94199
94259 94818 94398 94537 94676
94819 94897 94838 94857 94876
94898 95410 95026 95154 95282
95411 95468 95425 95439 95453
95469 95528 95483 95497 95511
95529 95668 95563 95597 95631
95669 95806 95703 95737 95771
95807 95937 95839 95871 95903
95938 96091 95976 96014 96052
96092 96233 96127 96162 96197
96234 96617 96329 96424 96519
96618 96795 96662 96706 96750
96796 97171 96889 96982 97075
97172 97277 97198 97224 97250
97278 97358 97298 97318 97338
97359 97778 97463 97567 97671
97779 97918 97813 97847 97881
97919 98759 98129 98339 98549
98760 98787 98766 98772 98778
98788 98818 98795 98802 98809
98819 98873 98832 98845 98858
98874 98915 98884 98894 98904
98916 98940 98922 98928 98934
98941 98984 98951 98961 98971
98985 99047 99000 99015 99030
99048 99101 99061 99074 99087
99102 99154 99115 99128 99141
99155 99197 99165 99175 99185
99198 99251 99211 99224 99237
99252 99321 99269 99286 99303
99322 99658 99406 99490 99574
99659 99763 99685 99711 99737
99764 100464 99939 100114 100289
100465 100634 100507 100549 100591
100635 100652 100639 100643 100647
100653 100766 100681 100709 100737
100767 100785 100771 100775 100779
100786 100866 100806 100826 100846
100867 100915 100879 100891 100903
100916 100934 100920 100924 100928
100935 100956 100940 100945 100950
100957 100988 100964 100971 100978
100989 101012 100994 100999 101004
101013 101190 101057 101101 101145
101191 101235 101202 101213 101224
101236 101393 101275 101314 101353
101394 101462 101411 101428 101445
101463 101541 101482 101501 101520
101542 101693 101579 101616 101653
101694 101858 101735 101776 101817
101859 101942 101879 101899 101919
101943 102091 101980 102017 102054
102092 102483 102189 102286 102383
102484 102738 102547 102610 102673
102739 102859 102769 102799 102829
102860 103006 102896 102932 102968
103007 103086 103026 103045 103064
103087 103238 103124 103161 103198
103239 103320 103259 103279 103299
103321 103371 103333 103345 103357
103372 103437 103388 103404 103420
103438 103520 103458 103478 103498
103521 103864 103606 103691 103776
103865 104222 103954 104043 104132
104223 104359 104257 104291 104325
104360 104479 104389 104418 104447
104480 104526 104491 104502 104513
104527 104612 104548 104569 104590
104613 104691 104632 104651 104670
104692 104776 104713 104734 104755
104777 104836 104791 104805 104819
104837 104892 104850 104863 104876
104893 104917 104899 104905 104911
104918 104991 104936 104954 104972
104992 105025 104993 104994 105018
105026 105053 105032 105038 105044
105054 105103 105066 105078 105090
105104 105134 105111 105118 105125
105135 105192 105149 105163 105177
105193 105320 105224 105255 105286
105321 105383 105336 105351 105366
105384 105402 105388 105392 105396
105403 105437 105411 105419 105427
105438 105472 105446 105454 105462
105473 105709 105532 105591 105650
105710 105885 105753 105796 105839
105886 106026 105921 105956 105991
106027 106192 106068 106109 106150
106193 106240 106204 106215 106226
106241 106290 106253 106265 106277
106291 106447 106330 106369 106408
106448 106941 106571 106694 106817
106942 107195 107005 107068 107131
107196 107546 107283 107370 107457
107547 108084 107681 107815 107949
108085 108143 108099 108113 108127
108144 108189 108155 108166 108177
108190 108231 108200 108210 108220
108232 108266 108240 108248 108256
108267 108376 108294 108321 108348
108377 108514 108411 108445 108479
108515 108831 108594 108673 108752
108832 109016 108878 108924 108970
109017 109313 109091 109165 109239
109314 109358 109325 109336 109347
109359 109596 109418 109477 109536
109597 109746 109634 109671 109708
109747 109802 109760 109773 109786
109803 110056 109866 109929 109992
110057 110302 110118 110179 110240
110303 110443 110338 110373 110408
110444 110469 110450 110456 110462
110470 110495 110476 110482 110488
110496 110552 110510 110524 110538
110553 110626 110571 110589 110607
110627 110699 110645 110663 110681
110700 110809 110727 110754 110781
110810 110874 110826 110842 110858
110875 110938 110890 110905 110920
110939 111003 110955 110971 110987
111004 111056 111017 111030 111043
111057 111114 111071 111085 111099
111115 111222 111141 111167 111193
111223 111281 111237 111251 111265
111282 111337 111295 111308 111321
111338 111563 111394 111450 111506
111564 111598 111572 111580 111588
111599 111638 111608 111617 111626
111639 111685 111650 111661 111672
111686 111711 111692 111698 111704
111712 111773 111727 111742 111757
111774 111836 111789 111804 111819
111837 111866 111844 111851 111858
111867 111933 111883 111899 111915
111934 111975 111944 111954 111964
111976 112008 111984 111992 112000
112009 112045 112018 112027 112036
112046 112152 112072 112098 112124
112153 112354 112203 112253 112303
112355 112399 112366 112377 112388
112400 112457 112414 112428 112442
112458 112484 112464 112470 112476
112485 112541 112499 112513 112527
112542 112570 112549 112556 112563
112571 112587 112575 112579 112583
112588 112608 112593 112598 112603
112609 112631 112614 112619 112624
112632 112722 112654 112676 112698
112723 112759 112732 112741 112750
112760 112838 112779 112798 112817
112839 112919 112859 112879 112899
112920 112981 112935 112950 112965
112982 113007 112988 112994 113000
113008 113115 113034 113060 113086
113116 113182 113132 113148 113164
113183 113395 113236 113289 113342
113396 113511 113424 113452 113480
113512 113576 113528 113544 113560
113577 113717 113612 113647 113682
113718 113762 113729 113740 113751
113763 113806 113773 113783 113793
113807 113829 113812 113817 113822
113830 113856 113836 113842 113848
113857 113880 113862 113867 113872
113881 113916 113889 113897 113905
113917 113966 113929 113941 113953
113967 114086 113996 114025 114054
114087 114125 114096 114105 114114
114126 114173 114137 114148 114159
114174 114204 114181 114188 114195
114205 114238 114213 114221 114229
114239 114268 114246 114253 114260
114269 114333 114285 114301 114317
114334 114383 114346 114358 114370
114384 114414 114391 114398 114405
114415 114436 114420 114425 114430
114437 114499 114452 114467 114482
114500 114545 114511 114522 114533
114546 114576 114553 114560 114567
114577 114631 114590 114603 114616
114632 114670 114641 114650 114659
114671 114722 114683 114695 114707
114723 114740 114727 114731 114735
114741 114765 114747 114753 114759
114766 114817 114778 114790 114802
114818 114873 114831 114844 114857
114874 114931 114888 114902 114916
114932 114948 114936 114940 114944
114949 114973 114955 114961 114967
114974 115043 114991 115008 115025
115044 115061 115048 115052 115056
115062 115473 115164 115266 115368
115474 115522 115486 115498 115510
115523 115566 115533 115543 115553
115567 115597 115574 115581 115588
115598 115659 115613 115628 115643
115660 115696 115669 115678 115687
115697 115754 115711 115725 115739
115755 115801 115766 115777 115788
115802 115927 115833 115864 115895
115928 115946 115932 115936 115940
115947 115971 115953 115959 115965
115972 116015 115982 115992 116002
116016 116061 116027 116038 116049
116062 116084 116067 116072 116077
116085 116119 116093 116101 116109
116120 116177 116134 116148 116162
116178 116207 116185 116192 116199
116208 116247 116217 116226 116235
116248 116271 116253 116258 116263
116272 116349 116291 116310 116329
116350 116428 116369 116388 116407
116429 117003 116572 116715 116858
117004 117099 117027 117050 117073
117100 118103 117350 117600 117850
118104 118621 118233 118362 118491
118622 118704 118642 118662 118682
118705 119169 118821 118937 119053
119170 119444 119238 119306 119374
119445 119555 119472 119499 119526
119556 119594 119565 119574 119583
119595 119652 119609 119623 119637
119653 120081 119739 119825 120060
120082 120474 120180 120278 120376
120475 120602 120506 120537 120568
120603 121154 120740 120877 121014
121155 121353 121204 121253 121302
121354 121538 121400 121446 121492
121539 121675 121573 121607 121641
121676 121717 121686 121696 121706
121718 121789 121735 121752 121769
121790 121896 121816 121842 121868
121897 122009 121925 121953 121981
122010 122130 122040 122070 122100
122131 122281 122168 122205 122242
122282 122557 122350 122418 122486
122558 122678 122588 122618 122648
122679 122869 122726 122773 122820
122870 122946 122889 122908 122927
122947 123002 122960 122973 122986
123003 123094 123025 123047 123069
123095 123536 123205 123315 123425
123537 123628 123559 123581 123603
123629 123680 123641 123653 123665
123681 123766 123702 123723 123744
123767 123862 123790 123813 123836
123863 123985 123893 123923 123953
123986 124128 124021 124056 124091
124129 124307 124173 124217 124261
124308 124424 124337 124366 124395
124425 124702 124494 124563 124632
124703 124827 124734 124765 124796
124828 124889 124843 124858 124873
124890 124916 124896 124902 124908
124917 124958 124927 124937 124947
124959 125107 124996 125033 125070
125108 125294 125154 125200 125246
125295 125368 125313 125331 125349
125369 125458 125391 125413 125435
125459 125617 125498 125537 125576
125618 125991 125711 125804 125897
125992 126278 126063 126134 126205
126279 126316 126288 126297 126306
126317 126394 126336 126355 126374
126395 126427 126403 126411 126419
126428 126618 126475 126522 126569
126619 126690 126636 126653 126670
126691 126709 126695 126699 126703
126710 126829 126739 126768 126797
126830 126938 126857 126884 126911
126939 127003 126955 126971 126987
127004 127060 127018 127032 127046
127061 127155 127084 127107 127130
127156 127261 127182 127208 127234
127262 127415 127300 127338 127376
127416 127476 127431 127446 127461
127477 127516 127486 127495 127504
127517 127572 127530 127543 127556
127573 127611 127582 127591 127600
127612 127640 127619 127626 127633
127641 127774 127674 127707 127740
127775 127849 127793 127811 127829
127850 127919 127867 127884 127901
127920 127936 127924 127928 127932
127937 127995 127951 127965 127979
127996 128178 128041 128086 128131
128179 128223 128190 128201 128212
128224 128259 128232 128240 128248
128260 128295 128268 128276 128284
128296 128352 128310 128324 128338
128353 128482 128385 128417 128449
128483 128525 128493 128503 128513
128526 128544 128530 128534 128538
128545 128645 128570 128595 128620
128646 128713 128662 128678 128694
128714 128735 128719 128724 128729
128736 128758 128741 128746 128751
128759 128808 128771 128783 128795
128809 128898 128831 128853 128875
128899 128938 128908 128917 128926
128939 128992 128952 128965 128978
128993 129065 129011 129029 129047
129066 129126 129081 129096 129111
129127 129178 129139 129151 129163
129179 129202 129184 129189 129194
129203 129241 129212 129221 129230
129242 129267 129248 129254 129260
129268 129458 129315 129362 129409
129459 129559 129484 129509 129534
129560 129626 129576 129592 129608
129627 129679 129640 129653 129666
129680 129709 129687 129694 129701
129710 129823 129738 129766 129794
129824 129903 129843 129862 129881
129904 129971 129920 129936 129952
129972 130099 130003 130034 130065
130100 130136 130109 130118 130127
130137 130179 130147 130157 130167
130180 130226 130191 130202 130213
130227 130277 130239 130251 130263
130278 130327 130290 130302 130314
130328 130372 130339 130350 130361
130373 130394 130378 130383 130388
130395 130411 130399 130403 130407
130412 130431 130416 130420 130424
130432 130470 130441 130450 130459
130471 130494 130476 130481 130486
130495 130597 130520 130545 130570
130598 130619 130603 130608 130613
130620 130652 130628 130636 130644
130653 130689 130662 130671 130680
130690 130720 130697 130704 130711
130721 130748 130727 130733 130739
130749 130788 130758 130767 130776
130789 130874 130810 130831 130852
130875 130962 130896 130917 130938
130963 131006 130973 130983 130993
131007 131033 131013 131019 131025
131034 131102 131051 131068 131085
131103 131139 131112 131121 131130
131140 131188 131152 131164 131176
131189 131205 131193 131197 131201
131206 131271 131222 131238 131254
131272 131303 131279 131286 131293
131304 131434 131336 131368 131400
131435 131603 131477 131519 131561
131604 131637 131612 131620 131628
131638 131663 131644 131650 131656
131664 131711 131675 131686 131697
131712 131796 131733 131754 131775
131797 131833 131806 131815 131824
131834 131905 131851 131868 131885
131906 131971 131922 131938 131954
131972 132006 131980 131988 131996
132007 132030 132012 132017 132022
132031 132066 132039 132047 132055
132067 132176 132094 132121 132148
132177 132199 132182 132187 132192
132200 132233 132208 132216 132224
132234 132297 132249 132264 132279
132298 132344 132309 132320 132331
132345 132376 132352 132359 132366
132377 132443 132393 132409 132425
132444 132509 132460 132476 132492
132510 132615 132536 132562 132588
132616 132783 132657 132698 132739
132784 132809 132790 132796 132802
132810 132890 132830 132850 132870
132891 132918 132897 132903 132909
132919 132974 132932 132945 132958
132975 133008 132983 132991 132999
133009 133070 133024 133039 133054
133071 133182 133098 133125 133152
133183 133219 133192 133201 133210
133220 133296 133239 133258 133277
133297 133369 133315 133333 133351
133370 133397 133376 133382 133388
133398 133416 133402 133406 133410
133417 133500 133437 133457 133477
133501 133529 133508 133515 133522
133530 133554 133536 133542 133548
133555 133588 133563 133571 133579
133589 133675 133610 133631 133652
133676 133701 133682 133688 133694
133702 133719 133706 133710 133714
133720 133776 133734 133748 133762
133777 133815 133786 133795 133804
133816 133882 133832 133848 133864
133883 133962 133902 133921 133940
133963 134090 133994 134025 134056
134091 134133 134101 134111 134121
134134 134191 134148 134162 134176
134192 134267 134210 134228 134246
134268 134306 134277 134286 134295
134307 134332 134313 134319 134325
134333 134401 134350 134367 134384
134402 134448 134413 134424 134435
134449 134478 134456 134463 134470
134479 134491 134482 134485 134488
134492 134515 134497 134502 134507
134516 134557 134526 134536 134546
134558 134576 134562 134566 134570
134577 134619 134587 134597 134607
134620 134660 134630 134640 134650
134661 134739 134680 134699 134718
134740 134773 134748 134756 134764
134774 134819 134785 134796 134807
134820 134836 134824 134828 134832
134837 134863 134843 134849 134855
134864 134903 134873 134882 134891
134904 134952 134916 134928 134940
134953 134975 134958 134963 134968
134976 135067 134981 134986 135048
135068 135150 135088 135108 135128
135151 135214 135166 135181 135196
135215 135273 135229 135243 135257
135274 135352 135293 135312 135331
135353 135426 135371 135389 135407
135427 135487 135442 135457 135472
135488 135556 135505 135522 135539
135557 135597 135567 135577 135587
135598 135657 135612 135626 135640
135658 135723 135674 135690 135706
135724 135761 135733 135742 135751
135762 135879 135791 135820 135849
135880 135913 135888 135896 135904
135914 135971 135928 135942 135956
135972 136011 135981 135990 135999
136012 136068 136026 136040 136054
136069 136096 136075 136081 136087
136097 136151 136110 136123 136136
136152 136268 136181 136210 136239
136269 136330 136284 136299 136314
136331 136387 136345 136359 136373
136388 136442 136401 136414 136427
136443 136474 136450 136457 136464
136475 136502 136481 136487 136493
136503 136575 136521 136539 136557
136576 136593 136580 136584 136588
136594 136612 136598 136602 136606
136613 136630 136617 136621 136625
136631 136686 136644 136657 136670
136687 136720 136695 136703 136711
136721 136744 136726 136731 136736
136745 136761 136749 136753 136757
136762 136798 136771 136780 136789
136799 136835 136808 136817 136826
136836 136882 136847 136858 136869
136883 136913 136890 136897 136904
136914 136994 136934 136954 136974
136995 137071 137014 137033 137052
137072 137225 137110 137148 137186
137226 137279 137239 137252 137265
137280 137362 137300 137320 137340
137363 137416 137376 137389 137402
137417 137487 137434 137451 137468
137488 137538 137500 137512 137524
137539 137590 137551 137563 137575
137591 137608 137595 137599 137603
137609 137627 137613 137617 137621
137628 137653 137634 137640 137646
137654 137730 137673 137692 137711
137731 137747 137735 137739 137743
137748 137807 137762 137776 137790
137808 137856 137820 137832 137844
137857 137884 137863 137869 137875
137885 137916 137892 137899 137906
137917 137961 137928 137939 137950
137962 137990 137969 137976 137983
137991 138026 137999 138007 138015
138027 138101 138045 138063 138081
138102 138143 138112 138122 138132
138144 138205 138159 138174 138189
138206 138249 138216 138226 138236
138250 138283 138258 138266 138274
138284 138330 138295 138306 138317
138331 138387 138345 138359 138373
138388 138499 138415 138442 138469
138500 138547 138511 138522 138533
138548 138593 138559 138570 138581
138594 138640 138605 138616 138627
138641 138787 138677 138713 138749
138788 138822 138796 138804 138812
138823 138914 138845 138867 138889
138915 138934 138919 138923 138927
138935 138978 138945 138955 138965
138979 139052 138997 139015 139033
139053 139077 139059 139065 139071
139078 139147 139095 139112 139129
139148 139310 139188 139228 139268
139311 139469 139350 139389 139428
139470 139649 139514 139558 139602
139650 139722 139668 139686 139704
139723 140331 139875 140027 140179
140332 140562 140389 140446 140503
140563 140657 140586 140609 140632
140658 140742 140679 140700 140721
140743 141009 140809 140875 140941
141010 141259 141072 141134 141196
141260 141416 141299 141338 141377
141417 141469 141430 141443 141456
141470 141580 141497 141524 141551
141581 141816 141639 141697 141755
141817 141877 141832 141847 141862
141878 141969 141900 141922 141944
141970 142063 141993 142016 142039
142064 142259 142112 142160 142208
142260 142329 142277 142294 142311
142330 142581 142392 142454 142516
142582 142694 142610 142638 142666
142695 143181 142816 142937 143058
143182 143563 143277 143372 143467
143564 143647 143584 143604 143624
143648 143688 143658 143668 143678
143689 143859 143731 143773 143815
143860 143884 143866 143872 143878
143885 143934 143897 143909 143921
143935 144008 143953 143971 143989
144009 144075 144025 144041 144057
144076 144301 144132 144188 144244
144302 144457 144340 144378 144416
144458 144813 144546 144634 144722
144814 144850 144823 144832 144841
144851 144949 144875 144899 144923
144950 145074 144981 145012 145043
145075 145134 145089 145103 145117
145135 145186 145147 145159 145171
145187 145308 145217 145247 145277
145309 145443 145342 145375 145408
145444 145533 145466 145488 145510
145534 145646 145562 145590 145618
145647 145728 145667 145687 145707
145729 145841 145757 145785 145813
145842 145859 145846 145850 145854
145860 145883 145865 145870 145875
145884 145901 145888 145892 145896
145902 145934 145910 145918 145926
145935 145966 145942 145949 145956
145967 145991 145973 145979 145985
145992 146074 146012 146032 146052
146075 146451 146169 146263 146357
146452 146473 146457 146462 146467
146474 146517 146484 146494 146504
146518 146647 146550 146582 146614
146648 147844 146947 147246 147545
147845 147972 147876 147907 147938
147973 148211 148032 148091 148150
148212 148402 148259 148306 148353
148403 148459 148417 148431 148445
148460 148502 148470 148480 148490
148503 148547 148514 148525 148536
148548 148723 148591 148634 148677
148724 148805 148744 148764 148784
148806 148861 148819 148832 148845
148862 148975 148890 148918 148946
148976 149027 148988 149000 149012
149028 149202 149071 149114 149157
149203 149352 149240 149277 149314
149353 149617 149419 149485 149551
149618 149754 149652 149686 149720
149755 149850 149778 149801 149824
149851 149919 149868 149885 149902
149920 150017 149939 149958 150012
150018 150287 150085 150152 150219
150288 150420 150321 150354 150387
150421 150493 150439 150457 150475
150494 150542 150506 150518 150530
150543 150595 150556 150569 150582
150596 150850 150659 150722 150785
150851 150907 150865 150879 150893
150908 151033 150939 150970 151001
151034 151167 151067 151100 151133
151168 151230 151183 151198 151213
151231 151305 151249 151267 151285
151306 151349 151316 151326 151336
151350 151394 151361 151372 151383
151395 151472 151414 151433 151452
151473 151526 151486 151499 151512
151527 151568 151537 151547 151557
151569 151596 151575 151581 151587
151597 151655 151611 151625 151639
151656 151746 151678 151700 151722
151747 151781 151755 151763 151771
151782 151868 151803 151824 151845
151869 151994 151900 151931 151962
151995 152343 152082 152169 152256
152344 152373 152351 152358 152365
152374 152503 152406 152438 152470
152504 152811 152580 152656 152732
152812 153001 152859 152906 152953
153002 153136 153035 153068 153101
153137 153178 153147 153157 153167
153179 153324 153215 153251 153287
153325 153353 153332 153339 153346
153354 153581 153410 153466 153522
153582 153683 153607 153632 153657
153684 153705 153689 153694 153699
153706 153730 153712 153718 153724
153731 153746 153734 153737 153740
153747 153769 153752 153757 153762
153770 153823 153783 153796 153809
153824 153921 153848 153872 153896
153922 154015 153945 153968 153991
154016 154064 154028 154040 154052
154065 154232 154106 154147 154188
154233 154287 154246 154259 154272
154288 154383 154311 154334 154357
154384 154502 154413 154442 154471
154503 154540 154512 154521 154530
154541 154564 154546 154551 154556
154565 154638 154583 154601 154619
154639 154786 154675 154711 154747
154787 154903 154816 154845 154874
154904 154924 154909 154914 154919
154925 154972 154936 154947 154958
154973 155022 154985 154997 155009
155023 155305 155093 155163 155233
155306 155425 155335 155364 155393
155426 155726 155501 155576 155651
155727 155835 155754 155781 155808
155836 155857 155841 155846 155851
155858 155936 155877 155896 155915
155937 156101 155978 156019 156060
156102 156563 156217 156332 156447
156564 156639 156582 156600 156618
156640 156756 156669 156698 156727
156757 156894 156791 156825 156859
156895 157016 156925 156955 156985
157017 157240 157072 157127 157182
157241 157485 157302 157363 157424
157486 157576 157508 157530 157552
157577 157593 157581 157585 157589
157594 157623 157601 157608 157615
157624 157773 157661 157698 157735
157774 157888 157802 157830 157858
157889 158147 157953 158017 158081
158148 158395 158209 158270 158331
158396 158465 158413 158430 158447
158466 158489 158471 158476 158481
158490 158593 158515 158540 158565
158594 158657 158609 158624 158639
158658 158718 158673 158688 158703
158719 159210 158841 158963 159085
159211 159331 159241 159271 159301
159332 159526 159380 159428 159476
159527 159573 159538 159549 159560
159574 159655 159594 159614 159634
159656 159773 159685 159714 159743
159774 160000 159830 159886 159942
160001 160096 160024 160047 160070
160097 160155 160111 160125 160139
160156 160262 160182 160208 160234
160263 160393 160295 160327 160359
160394 160587 160442 160490 160538
160588 160652 160604 160620 160636
160653 161036 160748 160843 160938
161037 161103 161053 161069 161085
161104 161163 161118 161132 161146
161164 161717 161302 161440 161578
161718 162121 161818 161918 162018
162122 162178 162136 162150 162164
162179 162246 162195 162211 162227
162247 162266 162251 162255 162259
162267 162366 162291 162315 162339
162367 162555 162414 162461 162508
162556 162617 162571 162586 162601
162618 162641 162623 162628 162633
162642 162666 162648 162654 162660
162667 162841 162710 162753 162796
162842 162864 162847 162852 162857
162865 162881 162869 162873 162877
162882 162926 162893 162904 162915
162927 162946 162931 162935 162939
162947 162979 162955 162963 162971
162980 163072 163003 163026 163049
163073 163154 163093 163113 163133
163155 163193 163164 163173 163182
163194 163300 163220 163246 163272
163301 163784 163421 163541 163661
163785 163932 163821 163857 163893
163933 164055 163963 163993 164023
164056 164273 164110 164164 164218
164274 164646 164367 164460 164553
164647 165011 164735 164823 165006
165012 165048 165021 165030 165039
165049 165082 165057 165065 165073
165083 165228 165119 165155 165191
165229 165287 165243 165257 165271
165288 165354 165304 165320 165336
165355 165380 165361 165367 165373
165381 165500 165410 165439 165468
165501 165586 165522 165543 165564
165587 165661 165605 165623 165641
165662 165736 165680 165698 165716
165737 165794 165751 165765 165779
165795 166022 165851 165907 165963
166023 166051 166030 166037 166044
166052 166123 166069 166086 166103
166124 166334 166176 166228 166280
166335 166400 166351 166367 166383
166401 166458 166415 166429 166443
166459 166579 166489 166519 166549
166580 166665 166601 166622 166643
166666 166700 166674 166682 166690
166701 166771 166718 166735 166752
166772 166847 166790 166808 166826
166848 166891 166858 166868 166878
166892 166939 166903 166914 166925
166940 167008 166957 166974 166991
167009 167108 167033 167057 167081
167109 167171 167124 167139 167154
167172 167223 167184 167196 167208
167224 167287 167239 167254 167269
167288 167321 167296 167304 167312
167322 167382 167337 167352 167367
167383 167432 167395 167407 167419
167433 167514 167453 167473 167493
167515 167569 167528 167541 167554
167570 167627 167584 167598 167612
167628 167668 167638 167648 167658
167669 167701 167677 167685 167693
167702 167734 167710 167718 167726
167735 167761 167741 167747 167753
167762 167807 167773 167784 167795
167808 167839 167815 167822 167829
167840 167920 167860 167880 167900
167921 167948 167927 167933 167939
167949 167989 167959 167969 167979
167990 168015 167996 168002 168008
168016 168084 168033 168050 168067
168085 168153 168102 168119 168136
168154 168204 168166 168178 168190
168205 168231 168211 168217 168223
168232 168306 168250 168268 168286
168307 168332 168313 168319 168325
168333 168350 168337 168341 168345
168351 168389 168360 168369 168378
168390 168439 168402 168414 168426
168440 168538 168464 168488 168512
168539 168572 168547 168555 168563
168573 168594 168578 168583 168588
168595 168615 168600 168605 168610
168616 168658 168626 168636 168646
168659 168684 168665 168671 168677
168685 168717 168693 168701 168709
168718 168736 168722 168726 168730
168737 168754 168741 168745 168749
168755 168815 168770 168785 168800
168816 168840 168822 168828 168834
168841 168863 168846 168851 168856
168864 168910 168875 168886 168897
168911 168983 168929 168947 168965
168984 169040 168998 169012 169026
169041 169119 169060 169079 169098
169120 169175 169133 169146 169159
169176 169287 169203 169230 169257
169288 169366 169307 169326 169345
169367 169421 169380 169393 169406
169422 169483 169437 169452 169467
169484 169525 169494 169504 169514
169526 169562 169535 169544 169553
169563 169579 169567 169571 169575
169580 169609 169587 169594 169601
169610 169661 169622 169634 169646
169662 169686 169668 169674 169680
169687 169751 169703 169719 169735
169752 169782 169759 169766 169773
169783 169831 169795 169807 169819
169832 169868 169841 169850 169859
169869 169952 169889 169909 169929
169953 170054 169978 170003 170028
170055 170123 170072 170089 170106
170124 170184 170139 170154 170169
170185 170230 170196 170207 170218
170231 170317 170252 170273 170294
170318 170331 170321 170324 170327
170332 170382 170344 170356 170368
170383 170707 170464 170545 170626
170708 170800 170731 170754 170777
170801 171109 170878 170955 171032
171110 171218 171137 171164 171191
171219 171415 171268 171317 171366
171416 171622 171467 171518 171569
171623 171694 171640 171657 171674
171695 171936 171755 171815 171875
171937 171968 171944 171951 171958
171969 171998 171976 171983 171990
171999 172040 172009 172019 172029
172041 172117 172060 172079 172098
172118 172221 172143 172168 172193
172222 172329 172248 172274 172300
172330 172423 172353 172376 172399
172424 172500 172443 172462 172481
172501 172741 172561 172621 172681
172742 172768 172748 172754 172760
172769 173010 172829 172889 172949
173011 173061 173023 173035 173047
173062 173125 173077 173092 173107
173126 173213 173147 173168 173189
173214 182457 174910 176606 181842
182458 182537 182477 182496 182515
