0 510 127 254 381
511 724 564 617 670
725 856 757 789 821
857 992 890 923 956
993 1116 1023 1053 1083
1117 1328 1169 1221 1273
1329 1449 1359 1389 1419
1450 1667 1504 1558 1612
1668 2142 1786 1904 2022
2143 2263 2173 2203 2233
2264 2380 2293 2322 2351
2381 2508 2412 2443 2474
2509 2654 2545 2581 2617
2655 3353 2829 3003 3177
3354 3519 3395 3436 3477
3520 3571 3532 3544 3556
3572 3739 3613 3654 3695
3740 3762 3745 3750 3755
3763 4375 3916 4069 4222
4376 4569 4424 4472 4520
4570 4638 4587 4604 4621
4639 4770 4671 4703 4735
4771 4848 4790 4809 4828
4849 4912 4864 4879 4894
4913 5060 4949 4985 5021
5061 5102 5071 5081 5091
5103 5140 5112 5121 5130
5141 5181 5151 5161 5171
5182 5222 5192 5202 5212
5223 5257 5231 5239 5247
5258 5293 5266 5274 5282
5294 5346 5307 5320 5333
5347 5398 5359 5371 5383
5399 5547 5436 5473 5510
5548 5615 5564 5580 5596
5616 5666 5628 5640 5652
5667 5724 5681 5695 5709
5725 5798 5743 5761 5779
5799 5849 5811 5823 5835
5850 5885 5858 5866 5874
5886 5938 5899 5912 5925
5939 5977 5948 5957 5966
5978 6026 5990 6002 6014
6027 6127 6052 6077 6102
6128 6453 6209 6290 6371
6454 6551 6478 6502 6526
6552 8039 6923 7294 7665
8040 8537 8164 8288 8412
8538 8635 8562 8586 8610
8636 8696 8651 8666 8681
8697 8937 8757 8817 8877
8938 9052 8966 8994 9022
9053 9132 9072 9091 9110
9133 9254 9163 9193 9223
9255 9320 9271 9287 9303
9321 9431 9348 9375 9402
9432 9629 9481 9530 9579
9630 9750 9660 9690 9720
9751 9845 9774 9797 9820
9846 9911 9862 9878 9894
9912 9961 9924 9936 9948
9962 10016 9975 9988 10001
10017 10309 10090 10163 10236
10310 10338 10317 10324 10331
10339 10378 10348 10357 10366
10379 10408 10386 10393 10400
10409 10439 10416 10423 10430
10440 10562 10470 10500 10530
10563 10628 10579 10595 10611
10629 10667 10638 10647 10656
10668 10783 10696 10724 10752
10784 11070 10855 10926 10997
11071 11123 11084 11097 11110
11124 11353 11181 11238 11295
11354 11416 11369 11384 11399
11417 11468 11429 11441 11453
11469 11529 11484 11499 11514
11530 11575 11541 11552 11563
11576 11623 11587 11598 11609
11624 11655 11631 11638 11645
11656 11681 11662 11668 11674
11682 11801 11711 11740 11769
11802 11864 11817 11832 11847
11865 11903 11874 11883 11892
11904 11947 11914 11924 11934
11948 12047 11972 11996 12020
12048 12076 12055 12062 12069
12077 12189 12105 12133 12161
12190 12249 12204 12218 12232
12250 12355 12276 12302 12328
12356 12388 12364 12372 12380
12389 12438 12401 12413 12425
12439 12490 12451 12463 12475
12491 12541 12503 12515 12527
12542 12571 12549 12556 12563
12572 12642 12589 12606 12623
12643 12692 12655 12667 12679
12693 12834 12728 12763 12798
12835 12859 12841 12847 12853
12860 12902 12870 12880 12890
12903 12933 12910 12917 12924
12934 12991 12948 12962 12976
12992 13168 13036 13080 13124
13169 13260 13191 13213 13235
13261 13316 13274 13287 13300
13317 13398 13337 13357 13377
13399 13433 13407 13415 13423
13434 13511 13453 13472 13491
13512 13638 13543 13574 13605
13639 13698 13653 13667 13681
13699 13826 13730 13761 13792
13827 13868 13837 13847 13857
13869 13937 13886 13903 13920
13938 13991 13951 13964 13977
13992 14059 14008 14024 14040
14060 14349 14132 14204 14276
14350 14431 14370 14390 14410
14432 14575 14467 14502 14537
14576 14730 14614 14652 14690
14731 14835 14757 14783 14809
14836 15518 14876 14916 15387
15519 15593 15537 15555 15573
15594 15671 15613 15632 15651
15672 15723 15684 15696 15708
15724 15951 15780 15836 15892
15952 16087 15985 16018 16051
16088 16385 16162 16236 16310
16386 16445 16400 16414 16428
16446 16689 16506 16566 16626
16690 16822 16723 16756 16789
16823 17018 16871 16919 16967
17019 17135 17048 17077 17106
17136 17260 17167 17198 17229
17261 17477 17315 17369 17423
17478 17637 17517 17556 17595
17638 17729 17660 17682 17704
17730 17796 17746 17762 17778
17797 17874 17816 17835 17854
17875 17900 17881 17887 17893
17901 17934 17909 17917 17925
17935 17971 17944 17953 17962
17972 18192 18027 18082 18137
18193 18330 18227 18261 18295
18331 18384 18344 18357 18370
18385 18457 18403 18421 18439
18458 18506 18470 18482 18494
18507 18636 18539 18571 18603
18637 18693 18651 18665 18679
18694 18764 18711 18728 18745
18765 18920 18803 18841 18879
18921 18988 18937 18953 18969
18989 19034 19000 19011 19022
19035 19082 19046 19057 19068
19083 19145 19098 19113 19128
19146 19991 19357 19568 19779
19992 20277 20063 20134 20205
20278 20392 20306 20334 20362
20393 20415 20398 20403 20408
20416 20525 20443 20470 20497
20526 20717 20573 20620 20667
20718 21237 20847 20976 21105
21238 21347 21265 21292 21319
21348 21466 21377 21406 21435
21467 21496 21474 21481 21488
21497 21654 21536 21575 21614
21655 21728 21673 21691 21709
21729 21776 21740 21751 21762
21777 21829 21790 21803 21816
21830 21874 21841 21852 21863
21875 21918 21885 21895 21905
21919 22037 21948 21977 22006
22038 22135 22062 22086 22110
22136 22183 22147 22158 22169
22184 22258 22202 22220 22238
22259 22325 22275 22291 22307
22326 22472 22362 22398 22434
22473 22509 22482 22491 22500
22510 22547 22519 22528 22537
22548 22589 22558 22568 22578
22590 22648 22604 22618 22632
22649 22686 22658 22667 22676
22687 22719 22695 22703 22711
22720 22742 22725 22730 22735
22743 22773 22750 22757 22764
22774 22808 22782 22790 22798
22809 22863 22822 22835 22848
22864 22954 22886 22908 22930
22955 22987 22963 22971 22979
22988 23016 22995 23002 23009
23017 23066 23029 23041 23053
23067 23243 23111 23155 23199
23244 23310 23260 23276 23292
23311 23350 23320 23329 23338
23351 23399 23363 23375 23387
23400 23425 23406 23412 23418
23426 23476 23438 23450 23462
23477 23522 23488 23499 23510
23523 23554 23530 23537 23544
23555 23679 23586 23617 23648
23680 23723 23690 23700 23710
23724 23758 23732 23740 23748
23759 23780 23764 23769 23774
23781 23815 23789 23797 23805
23816 23878 23831 23846 23861
23879 23950 23896 23913 23930
23951 24042 23973 23995 24017
24043 24077 24051 24059 24067
24078 24101 24083 24088 24093
24102 24137 24110 24118 24126
24138 24162 24144 24150 24156
24163 24231 24180 24197 24214
24232 24256 24238 24244 24250
24257 24356 24281 24305 24329
24357 24661 24433 24509 24585
24662 24700 24671 24680 24689
24701 24777 24720 24739 24758
24778 24814 24787 24796 24805
24815 24849 24823 24831 24839
24850 24883 24858 24866 24874
24884 24992 24911 24938 24965
24993 25193 25043 25093 25143
25194 25378 25240 25286 25332
25379 25415 25388 25397 25406
25416 25498 25436 25456 25476
25499 25583 25520 25541 25562
25584 25679 25607 25630 25653
25680 25932 25743 25806 25869
25933 26185 25996 26059 26122
26186 26307 26216 26246 26276
26308 26360 26321 26334 26347
26361 26397 26370 26379 26388
26398 26524 26429 26460 26491
26525 26729 26576 26627 26678
26730 26844 26758 26786 26814
26845 26911 26861 26877 26893
26912 26974 26927 26942 26957
26975 27042 26991 27007 27023
27043 27125 27063 27083 27103
27126 27306 27171 27216 27261
27307 27619 27385 27463 27541
27620 27688 27637 27654 27671
27689 27822 27722 27755 27788
27823 27849 27829 27835 27841
27850 27904 27863 27876 27889
27905 27929 27911 27917 27923
27930 27999 27947 27964 27981
28000 28025 28006 28012 28018
28026 28050 28032 28038 28044
28051 28080 28058 28065 28072
28081 28157 28100 28119 28138
28158 28244 28179 28200 28221
28245 28271 28251 28257 28263
28272 28299 28278 28284 28290
28300 28347 28311 28322 28333
28348 28365 28352 28356 28360
28366 28472 28392 28418 28444
28473 28606 28506 28539 28572
28607 28779 28650 28693 28736
28780 28861 28800 28820 28840
28862 28913 28874 28886 28898
28914 28999 28935 28956 28977
29000 29026 29006 29012 29018
29027 29049 29032 29037 29042
29050 29068 29054 29058 29062
29069 29125 29083 29097 29111
29126 29174 29138 29150 29162
29175 29201 29181 29187 29193
29202 29230 29209 29216 29223
29231 29278 29242 29253 29264
29279 29323 29290 29301 29312
29324 29340 29328 29332 29336
29341 29408 29357 29373 29389
29409 29438 29416 29423 29430
29439 29482 29449 29459 29469
29483 29518 29491 29499 29507
29519 29553 29527 29535 29543
29554 29577 29559 29564 29569
29578 29598 29583 29588 29593
29599 29616 29603 29607 29611
29617 29685 29634 29651 29668
29686 29715 29693 29700 29707
29716 29840 29747 29778 29809
29841 29897 29855 29869 29883
29898 30364 29923 29948 30273
30365 30427 30380 30395 30410
30428 31065 30587 30746 30905
31066 31089 31071 31076 31081
31090 31119 31097 31104 31111
31120 31153 31128 31136 31144
31154 31180 31160 31166 31172
31181 31242 31196 31211 31226
31243 31273 31250 31257 31264
31274 31302 31281 31288 31295
31303 31387 31324 31345 31366
31388 31429 31398 31408 31418
31430 31453 31435 31440 31445
31454 31822 31546 31638 31730
31823 31926 31848 31873 31898
31927 32188 31992 32057 32122
32189 33064 32407 32625 32843
33065 33231 33106 33147 33188
33232 33525 33305 33378 33451
33526 33560 33534 33542 33550
33561 33690 33593 33625 33657
33691 33732 33701 33711 33721
33733 33766 33741 33749 33757
33767 33797 33774 33781 33788
33798 33829 33805 33812 33819
33830 33904 33848 33866 33884
33905 34141 33964 34023 34082
34142 34267 34173 34204 34235
34268 34305 34277 34286 34295
34306 34356 34318 34330 34342
34357 35191 34565 34773 34981
35192 35543 35279 35366 35453
35544 35594 35556 35568 35580
35595 35636 35605 35615 35625
35637 35815 35681 35725 35769
35816 35860 35827 35838 35849
35861 35893 35869 35877 35885
35894 35968 35912 35930 35948
35969 36006 35978 35987 35996
36007 36128 36037 36067 36097
36129 36238 36156 36183 36210
36239 37612 36582 36925 37268
37613 37798 37659 37705 37751
37799 38268 37916 38033 38150
38269 38369 38294 38319 38344
38370 38413 38380 38390 38400
38414 38444 38421 38428 38435
38445 38549 38471 38497 38523
38550 38600 38562 38574 38586
38601 38636 38609 38617 38625
38637 38687 38649 38661 38673
38688 38713 38694 38700 38706
38714 38854 38749 38784 38819
38855 38908 38868 38881 38894
38909 38969 38924 38939 38954
38970 39045 38988 39006 39024
39046 39087 39056 39066 39076
39088 39133 39099 39110 39121
39134 39176 39144 39154 39164
39177 39295 39206 39235 39264
39296 39382 39317 39338 39359
39383 39418 39391 39399 39407
39419 39455 39428 39437 39446
39456 39484 39463 39470 39477
39485 39515 39492 39499 39506
39516 39540 39522 39528 39534
39541 39573 39549 39557 39565
39574 39590 39578 39582 39586
39591 39660 39608 39625 39642
39661 39795 39694 39727 39760
39796 39816 39801 39806 39811
39817 39860 39827 39837 39847
39861 39891 39868 39875 39882
39892 39912 39897 39902 39907
39913 39955 39923 39933 39943
39956 40009 39969 39982 39995
40010 40058 40022 40034 40046
40059 40082 40064 40069 40074
40083 40109 40089 40095 40101
40110 40131 40115 40120 40125
40132 40154 40137 40142 40147
40155 40173 40159 40163 40167
40174 40191 40178 40182 40186
40192 40432 40252 40312 40372
40433 40725 40506 40579 40652
40726 40817 40748 40770 40792
40818 40931 40846 40874 40902
40932 41008 40951 40970 40989
41009 41054 41020 41031 41042
41055 41173 41084 41113 41142
41174 41296 41204 41234 41264
41297 41404 41323 41349 41375
41405 41643 41464 41523 41582
41644 41686 41654 41664 41674
41687 41741 41700 41713 41726
41742 41802 41757 41772 41787
41803 41834 41810 41817 41824
41835 41908 41853 41871 41889
41909 42001 41932 41955 41978
42002 42069 42018 42034 42050
42070 42126 42084 42098 42112
42127 42287 42167 42207 42247
42288 42382 42311 42334 42357
42383 42494 42410 42437 42464
42495 42610 42523 42551 42579
42611 42686 42629 42647 42665
42687 42821 42720 42753 42786
42822 43245 42927 43032 43137
43246 43372 43277 43308 43339
43373 43485 43401 43429 43457
43486 43515 43493 43500 43507
43516 43625 43543 43570 43597
43626 43703 43645 43664 43683
43704 43733 43711 43718 43725
43734 43823 43756 43778 43800
43824 43893 43841 43858 43875
43894 43973 43913 43932 43951
43974 44035 43989 44004 44019
44036 44114 44055 44074 44093
44115 44168 44128 44141 44154
44169 44209 44179 44189 44199
44210 44246 44219 44228 44237
44247 44287 44257 44267 44277
44288 44773 44409 44530 44651
44774 44877 44799 44824 44849
44878 44932 44891 44904 44917
44933 45004 44949 44965 45003
45005 45049 45016 45027 45038
45050 45110 45065 45080 45095
45111 45247 45145 45179 45213
45248 45732 45369 45490 45611
45733 45931 45782 45831 45880
45932 45976 45943 45954 45965
45977 46084 46003 46029 46055
46085 46156 46102 46119 46136
46157 46666 46284 46411 46538
46667 46787 46697 46727 46757
46788 46842 46801 46814 46827
46843 46960 46872 46901 46930
46961 47010 46973 46985 46997
47011 47033 47016 47021 47026
47034 47116 47054 47074 47094
47117 47168 47129 47141 47153
47169 47284 47197 47225 47253
47285 47685 47385 47485 47585
47686 47863 47730 47774 47818
47864 47900 47873 47882 47891
47901 47925 47907 47913 47919
47926 48064 47960 47994 48028
48065 48208 48100 48135 48170
48209 48657 48321 48433 48545
48658 48698 48668 48678 48688
48699 48764 48715 48731 48747
48765 48811 48776 48787 48798
48812 48870 48826 48840 48854
48871 48928 48885 48899 48913
48929 49140 48981 49033 49085
49141 49426 49212 49283 49354
49427 49487 49442 49457 49472
49488 49786 49562 49636 49710
49787 49847 49802 49817 49832
49848 50091 49908 49968 50028
50092 50129 50101 50110 50119
50130 50174 50141 50152 50163
50175 50235 50190 50205 50220
50236 50295 50250 50264 50278
50296 50336 50306 50316 50326
50337 50617 50407 50477 50547
50618 50718 50643 50668 50693
50719 50741 50724 50729 50734
50742 50793 50754 50766 50778
50794 50825 50801 50808 50815
50826 50868 50836 50846 50856
50869 50904 50877 50885 50893
50905 50933 50912 50919 50926
50934 50969 50942 50950 50958
50970 51026 50984 50998 51012
51027 51082 51040 51053 51066
51083 51249 51124 51165 51206
51250 51290 51260 51270 51280
51291 51345 51304 51317 51330
51346 51438 51369 51392 51415
51439 51481 51449 51459 51469
51482 51698 51536 51590 51644
51699 51793 51722 51745 51768
51794 51829 51802 51810 51818
51830 51856 51836 51842 51848
51857 51943 51878 51899 51920
51944 52030 51965 51986 52007
52031 52080 52043 52055 52067
52081 52140 52095 52109 52123
52141 52169 52148 52155 52162
52170 52223 52183 52196 52209
52224 52252 52231 52238 52245
52253 52314 52268 52283 52298
52315 52558 52375 52435 52495
52559 52588 52566 52573 52580
52589 52631 52599 52609 52619
52632 52656 52638 52644 52650
52657 52709 52670 52683 52696
52710 52747 52719 52728 52737
52748 52998 52810 52872 52934
52999 53049 53011 53023 53035
53050 53102 53063 53076 53089
53103 53133 53110 53117 53124
53134 53160 53140 53146 53152
53161 53187 53167 53173 53179
53188 53257 53205 53222 53239
53258 53529 53325 53392 53459
53530 53673 53565 53600 53635
53674 53704 53681 53688 53695
53705 53766 53720 53735 53750
53767 53869 53792 53817 53842
53870 54065 53918 53966 54014
54066 54121 54079 54092 54105
54122 54234 54150 54178 54206
54235 54266 54242 54249 54256
54267 54307 54277 54287 54297
54308 54341 54316 54324 54332
54342 54824 54462 54582 54702
54825 54863 54834 54843 54852
54864 54930 54880 54896 54912
54931 55386 55044 55157 55270
55387 55587 55437 55487 55537
55588 55695 55614 55640 55666
55696 55733 55705 55714 55723
55734 55781 55745 55756 55767
55782 55848 55798 55814 55830
55849 55936 55870 55891 55912
55937 56054 55966 55995 56024
56055 56339 56126 56197 56268
56340 56374 56348 56356 56364
56375 56477 56400 56425 56450
56478 56708 56535 56592 56649
56709 58395 57130 57551 57972
58396 58473 58415 58434 58453
58474 58894 58579 58684 58789
58895 58941 58906 58917 58928
58942 59277 59025 59108 59191
59278 59340 59293 59308 59323
59341 59938 59490 59639 59788
59939 60109 59954 59969 60081
60110 60159 60122 60134 60146
60160 60207 60171 60182 60193
60208 60260 60221 60234 60247
60261 60310 60273 60285 60297
60311 60410 60335 60359 60383
60411 60513 60436 60461 60486
60514 60632 60543 60572 60601
60633 60954 60713 60793 60873
60955 61031 60974 60993 61012
61032 61094 61047 61062 61077
61095 61241 61131 61167 61203
61242 61562 61322 61402 61482
61563 61610 61574 61585 61596
61611 61683 61629 61647 61665
61684 61782 61708 61732 61756
61783 61838 61796 61809 61822
61839 61895 61853 61867 61881
61896 61971 61914 61932 61950
61972 62023 61984 61996 62008
62024 62119 62047 62070 62093
62120 62187 62136 62152 62168
62188 62273 62209 62230 62251
62274 62985 62451 62628 62805
62986 63026 62996 63006 63016
63027 63185 63066 63105 63144
63186 63239 63199 63212 63225
63240 63291 63252 63264 63276
63292 63681 63389 63486 63583
63682 63727 63693 63704 63715
63728 63770 63738 63748 63758
63771 63798 63777 63783 63789
63799 63839 63809 63819 63829
63840 63873 63848 63856 63864
63874 64182 63951 64028 64105
64183 64209 64189 64195 64201
64210 64234 64216 64222 64228
64235 64291 64249 64263 64277
64292 64315 64297 64302 64307
64316 64341 64322 64328 64334
64342 64369 64348 64354 64360
64370 64419 64382 64394 64406
64420 64478 64434 64448 64462
64479 64585 64505 64531 64557
64586 64778 64634 64682 64730
64779 64886 64805 64831 64857
64887 64985 64911 64935 64959
64986 65027 64996 65006 65016
65028 65118 65050 65072 65094
65119 65174 65132 65145 65158
65175 65193 65179 65183 65187
65194 65222 65201 65208 65215
65223 65246 65228 65233 65238
65247 65272 65253 65259 65265
65273 65293 65278 65283 65288
65294 65312 65298 65302 65306
65313 65345 65321 65329 65337
65346 65363 65350 65354 65358
65364 65409 65375 65386 65397
65410 65459 65422 65434 65446
65460 65483 65465 65470 65475
65484 65517 65492 65500 65508
65518 65538 65523 65528 65533
65539 65555 65543 65547 65551
65556 65574 65560 65564 65568
65575 65604 65582 65589 65596
65605 65694 65627 65649 65671
65695 65718 65700 65705 65710
65719 65750 65726 65733 65740
65751 65787 65760 65769 65778
65788 65851 65803 65818 65833
65852 65898 65863 65874 65885
65899 65965 65915 65931 65947
65966 65986 65971 65976 65981
65987 66026 65996 66005 66014
66027 66050 66032 66037 66042
66051 66103 66064 66077 66090
66104 66135 66111 66118 66125
66136 66156 66141 66146 66151
66157 66255 66181 66205 66229
66256 66288 66264 66272 66280
66289 66326 66298 66307 66316
66327 66371 66338 66349 66360
66372 66403 66379 66386 66393
66404 66464 66419 66434 66449
66465 66491 66471 66477 66483
66492 66526 66500 66508 66516
66527 66713 66573 66619 66665
66714 66796 66734 66754 66774
66797 66841 66808 66819 66830
66842 66869 66848 66854 66860
66870 66901 66877 66884 66891
66902 66990 66924 66946 66968
66991 67022 66998 67005 67012
67023 67062 67032 67041 67050
67063 67163 67088 67113 67138
67164 67260 67188 67212 67236
67261 67302 67271 67281 67291
67303 67376 67321 67339 67357
67377 67463 67398 67419 67440
67464 67495 67471 67478 67485
67496 67525 67503 67510 67517
67526 67635 67553 67580 67607
67636 67672 67645 67654 67663
67673 67717 67684 67695 67706
67718 67769 67730 67742 67754
67770 67798 67777 67784 67791
67799 67843 67810 67821 67832
67844 67879 67852 67860 67868
67880 68039 67919 67958 67997
68040 68312 68108 68176 68244
68313 68570 68377 68441 68505
68571 68703 68604 68637 68670
68704 68723 68708 68712 68716
68724 68767 68734 68744 68754
68768 68907 68802 68836 68870
68908 69039 68940 68972 69004
69040 69101 69055 69070 69085
69102 69242 69137 69172 69207
69243 69291 69255 69267 69279
69292 69343 69304 69316 69328
69344 69419 69362 69380 69398
69420 69469 69432 69444 69456
69470 69494 69476 69482 69488
69495 69540 69506 69517 69528
69541 69728 69587 69633 69679
69729 69797 69746 69763 69780
69798 69892 69821 69844 69867
69893 69958 69909 69925 69941
69959 69986 69965 69971 69977
69987 70098 70014 70041 70068
70099 70789 70271 70443 70615
70790 70920 70822 70854 70886
70921 71120 70970 71019 71068
71121 71298 71165 71209 71253
71299 71568 71366 71433 71500
71569 71780 71621 71673 71725
71781 71907 71812 71843 71874
71908 72055 71944 71980 72016
72056 72175 72085 72114 72143
72176 72227 72188 72200 72212
72228 72358 72260 72292 72324
72359 72408 72371 72383 72395
72409 72451 72419 72429 72439
72452 72607 72490 72528 72566
72608 72848 72668 72728 72788
72849 72914 72865 72881 72897
72915 73001 72936 72957 72978
73002 73222 73057 73112 73167
73223 73765 73358 73493 73628
73766 73814 73778 73790 73802
73815 73855 73825 73835 73845
73856 74118 73921 73986 74051
74119 74150 74126 74133 74140
74151 74186 74159 74167 74175
74187 74313 74218 74249 74280
74314 74344 74321 74328 74335
74345 74402 74359 74373 74387
74403 74423 74408 74413 74418
74424 74568 74460 74496 74532
74569 74588 74573 74577 74581
74589 74641 74602 74615 74628
74642 74846 74693 74744 74795
74847 74958 74874 74901 74928
74959 75229 74969 74979 75171
75230 75253 75235 75240 75245
75254 75277 75259 75264 75269
75278 75314 75287 75296 75305
75315 75406 75337 75359 75381
75407 75468 75422 75437 75452
75469 75489 75474 75479 75484
75490 75513 75495 75500 75505
75514 75771 75578 75642 75706
75772 75810 75781 75790 75799
75811 75851 75821 75831 75841
75852 75874 75857 75862 75867
75875 75893 75879 75883 75887
75894 75917 75899 75904 75909
75918 75957 75927 75936 75945
75958 76200 76018 76078 76138
76201 76326 76232 76263 76294
76327 76406 76346 76365 76384
76407 76523 76436 76465 76494
76524 76666 76559 76594 76629
76667 76810 76702 76737 76772
76811 76837 76817 76823 76829
76838 76874 76847 76856 76865
76875 77145 76942 77009 77076
77146 77338 77194 77242 77290
77339 77358 77343 77347 77351
77359 77384 77365 77371 77377
77385 77415 77392 77399 77406
77416 77460 77427 77438 77449
77461 77519 77475 77489 77503
77520 77616 77544 77568 77592
77617 77732 77645 77673 77701
77733 77757 77739 77745 77751
77758 77857 77782 77806 77830
77858 77909 77870 77882 77894
77910 77960 77922 77934 77946
77961 77987 77967 77973 77979
77988 78011 77993 77998 78003
78012 78041 78019 78026 78033
78042 78101 78056 78070 78084
78102 78142 78112 78122 78132
78143 78171 78150 78157 78164
78172 78190 78176 78180 78184
78191 78217 78197 78203 78209
78218 78248 78225 78232 78239
78249 78374 78280 78311 78342
78375 78396 78380 78385 78390
78397 78413 78401 78405 78409
78414 78438 78420 78426 78432
78439 78478 78448 78457 78466
78479 78524 78490 78501 78512
78525 78548 78530 78535 78540
78549 78565 78553 78557 78561
78566 78597 78573 78580 78587
78598 78621 78603 78608 78613
78622 78680 78636 78650 78664
78681 78815 78714 78747 78780
78816 78852 78825 78834 78843
78853 78905 78866 78879 78892
78906 78978 78924 78942 78960
78979 79021 78989 78999 79009
79022 79109 79043 79064 79085
79110 79173 79125 79140 79155
79174 79381 79225 79276 79327
79382 79550 79424 79466 79508
79551 79688 79585 79619 79653
79689 79707 79693 79697 79701
79708 79733 79714 79720 79726
79734 79753 79738 79742 79746
79754 79823 79771 79788 79805
79824 79872 79836 79848 79860
79873 79891 79877 79881 79885
79892 79925 79900 79908 79916
79926 79952 79932 79938 79944
79953 79971 79957 79961 79965
79972 80013 79982 79992 80002
80014 80052 80023 80032 80041
80053 80095 80063 80073 80083
80096 80128 80104 80112 80120
80129 80160 80136 80143 80150
80161 80215 80174 80187 80200
80216 80234 80220 80224 80228
80235 80261 80241 80247 80253
80262 80278 80266 80270 80274
80279 80297 80283 80287 80291
80298 80320 80303 80308 80313
80321 80373 80334 80347 80360
80374 80431 80388 80402 80416
80432 80454 80437 80442 80447
80455 80483 80462 80469 80476
80484 80512 80491 80498 80505
80513 80531 80517 80521 80525
80532 80580 80544 80556 80568
80581 80614 80589 80597 80605
80615 80643 80622 80629 80636
80644 80672 80651 80658 80665
80673 80714 80683 80693 80703
80715 80761 80726 80737 80748
80762 80867 80788 80814 80840
80868 80963 80891 80914 80937
80964 81013 80976 80988 81000
81014 81036 81019 81024 81029
81037 81086 81049 81061 81073
81087 81117 81094 81101 81108
81118 81230 81146 81174 81202
81231 81280 81243 81255 81267
81281 81356 81299 81317 81335
81357 81422 81373 81389 81405
81423 81475 81436 81449 81462
81476 81553 81495 81514 81533
81554 81744 81601 81648 81695
81745 81884 81779 81813 81847
81885 81953 81902 81919 81936
81954 82003 81966 81978 81990
82004 82022 82008 82012 82016
82023 82068 82034 82045 82056
82069 82100 82076 82083 82090
82101 82144 82111 82121 82131
82145 82168 82150 82155 82160
82169 82202 82177 82185 82193
82203 82250 82214 82225 82236
82251 82289 82260 82269 82278
82290 82339 82302 82314 82326
82340 82387 82351 82362 82373
82388 82559 82430 82472 82514
82560 82592 82568 82576 82584
82593 82720 82624 82655 82686
82721 82874 82759 82797 82835
82875 82902 82881 82887 82893
82903 82935 82911 82919 82927
82936 82959 82941 82946 82951
82960 82982 82965 82970 82975
82983 83018 82991 82999 83007
83019 83060 83029 83039 83049
83061 83083 83066 83071 83076
83084 83103 83088 83092 83096
83104 83137 83112 83120 83128
83138 83173 83146 83154 83162
83174 83416 83234 83294 83354
83417 83521 83443 83469 83495
83522 83598 83541 83560 83579
83599 83665 83615 83631 83647
83666 83720 83679 83692 83705
83721 83813 83744 83767 83790
83814 83849 83822 83830 83838
83850 83894 83861 83872 83883
83895 83921 83901 83907 83913
83922 83982 83937 83952 83967
83983 84022 83992 84001 84010
84023 84067 84034 84045 84056
84068 84120 84081 84094 84107
84121 84146 84127 84133 84139
84147 84209 84162 84177 84192
84210 84246 84219 84228 84237
84247 84284 84256 84265 84274
84285 84358 84303 84321 84339
84359 84415 84373 84387 84401
84416 84464 84428 84440 84452
84465 84507 84475 84485 84495
84508 84555 84519 84530 84541
84556 84621 84572 84588 84604
84622 84676 84635 84648 84661
84677 84764 84698 84719 84740
84765 84878 84793 84821 84849
84879 84971 84902 84925 84948
84972 85040 84989 85006 85023
85041 85089 85053 85065 85077
85090 85120 85097 85104 85111
85121 85152 85128 85135 85142
85153 85188 85161 85169 85177
85189 85351 85229 85269 85309
85352 85549 85401 85450 85499
85550 85617 85566 85582 85598
85618 85730 85646 85674 85702
85731 85844 85759 85787 85815
85845 85877 85853 85861 85869
85878 85945 85894 85910 85926
85946 85979 85954 85962 85970
85980 86015 85988 85996 86004
86016 86063 86027 86038 86049
86064 86092 86071 86078 86085
86093 86141 86105 86117 86129
86142 86164 86147 86152 86157
86165 86191 86171 86177 86183
86192 86220 86199 86206 86213
86221 86373 86259 86297 86335
86374 86405 86381 86388 86395
86406 86441 86414 86422 86430
86442 86544 86467 86492 86517
86545 86576 86552 86559 86566
86577 86633 86591 86605 86619
86634 86665 86641 86648 86655
86666 86690 86672 86678 86684
86691 86751 86706 86721 86736
86752 86809 86766 86780 86794
86810 86863 86823 86836 86849
86864 86946 86884 86904 86924
86947 87002 86960 86973 86986
87003 87047 87014 87025 87036
87048 87084 87057 87066 87075
87085 87118 87093 87101 87109
87119 87147 87126 87133 87140
87148 87186 87157 87166 87175
87187 87216 87194 87201 87208
87217 87250 87225 87233 87241
87251 87321 87268 87285 87302
87322 87393 87339 87356 87373
87394 87549 87432 87470 87508
87550 87614 87566 87582 87598
87615 87710 87638 87661 87684
87711 87843 87744 87777 87810
87844 88015 87886 87928 87970
88016 88044 88023 88030 88037
88045 88071 88051 88057 88063
88072 88122 88084 88096 88108
88123 88316 88171 88219 88267
88317 88480 88357 88397 88437
88481 88579 88505 88529 88553
88580 88634 88593 88606 88619
88635 88726 88657 88679 88701
88727 88766 88736 88745 88754
88767 88820 88780 88793 88806
88821 88930 88848 88875 88902
88931 89063 88964 88997 89030
89064 89161 89088 89112 89136
89162 89209 89173 89184 89195
89210 89336 89241 89272 89303
89337 89393 89351 89365 89379
89394 89435 89404 89414 89424
89436 89476 89446 89456 89466
89477 89571 89500 89523 89546
89572 89637 89588 89604 89620
89638 90037 89728 89818 90027
90038 90069 90045 90052 90059
90070 90091 90075 90080 90085
90092 90177 90113 90134 90155
90178 90261 90198 90218 90238
90262 90320 90276 90290 90304
90321 90374 90334 90347 90360
90375 90463 90397 90419 90441
90464 90553 90486 90508 90530
90554 90576 90559 90564 90569
90577 90788 90629 90681 90733
90789 90852 90804 90819 90834
90853 90902 90865 90877 90889
90903 90987 90924 90945 90966
90988 91032 90999 91010 91021
91033 91111 91052 91071 91090
91112 91183 91129 91146 91163
91184 91212 91191 91198 91205
91213 91247 91221 91229 91237
91248 91367 91277 91306 91335
91368 91668 91443 91518 91593
91669 91808 91703 91737 91771
91809 91922 91837 91865 91893
91923 92016 91946 91969 91992
92017 92432 92120 92223 92326
92433 92542 92460 92487 92514
92543 92608 92559 92575 92591
92609 92653 92620 92631 92642
92654 92974 92734 92814 92894
92975 93083 93002 93029 93056
93084 93333 93146 93208 93270
93334 93369 93342 93350 93358
93370 93411 93380 93390 93400
93412 93456 93423 93434 93445
93457 93577 93487 93517 93547
93578 93672 93601 93624 93647
93673 93721 93685 93697 93709
93722 93783 93737 93752 93767
93784 93800 93788 93792 93796
93801 93825 93807 93813 93819
93826 93858 93834 93842 93850
93859 93900 93869 93879 93889
93901 93927 93907 93913 93919
93928 94025 93952 93976 94000
94026 94105 94045 94064 94083
94106 94574 94223 94340 94457
94575 94760 94621 94667 94713
94761 94798 94770 94779 94788
94799 94896 94823 94847 94871
94897 94944 94908 94919 94930
94945 94994 94957 94969 94981
94995 95107 95023 95051 95079
95108 95205 95132 95156 95180
95206 95232 95212 95218 95224
95233 95272 95242 95251 95260
95273 95336 95288 95303 95318
95337 95394 95351 95365 95379
95395 95514 95424 95453 95482
95515 95675 95555 95595 95635
95676 95964 95748 95820 95892
95965 96133 96007 96049 96091
96134 96179 96145 96156 96167
96180 96287 96206 96232 96258
96288 96420 96321 96354 96387
96421 96453 96429 96437 96445
96454 96503 96466 96478 96490
96504 96533 96511 96518 96525
96534 96596 96549 96564 96579
96597 96641 96608 96619 96630
96642 96688 96653 96664 96675
96689 96713 96695 96701 96707
96714 96822 96741 96768 96795
96823 96858 96831 96839 96847
96859 96974 96887 96915 96943
96975 97049 96993 97011 97029
97050 97114 97066 97082 97098
97115 97132 97119 97123 97127
97133 97153 97138 97143 97148
97154 97178 97160 97166 97172
97179 97280 97204 97229 97254
97281 97316 97289 97297 97305
97317 97343 97323 97329 97335
97344 97372 97351 97358 97365
97373 97449 97392 97411 97430
97450 97487 97459 97468 97477
97488 97874 97584 97680 97776
97875 97935 97890 97905 97920
97936 98017 97956 97976 97996
98018 98110 98041 98064 98087
98111 98221 98138 98165 98192
98222 98292 98239 98256 98273
98293 98520 98349 98405 98461
98521 98574 98534 98547 98560
98575 98625 98587 98599 98611
98626 98677 98638 98650 98662
98678 98735 98692 98706 98720
98736 99054 98815 98894 98973
99055 99134 99074 99093 99112
99135 99173 99144 99153 99162
99174 99226 99187 99200 99213
99227 99549 99307 99387 99467
99550 99622 99568 99586 99604
99623 99858 99681 99739 99797
99859 100049 99906 99953 100000
100050 100240 100097 100144 100191
100241 100285 100252 100263 100274
100286 100347 100301 100316 100331
100348 100647 100422 100496 100570
100648 100692 100659 100670 100681
100693 100760 100709 100725 100741
100761 100830 100778 100795 100812
100831 100906 100849 100867 100885
100907 101037 100939 100971 101003
101038 101155 101067 101096 101125
101156 101229 101174 101192 101210
101230 101361 101262 101294 101326
101362 101408 101373 101384 101395
101409 101593 101455 101501 101547
101594 101722 101626 101658 101690
101723 101816 101746 101769 101792
101817 101897 101837 101857 101877
101898 102038 101933 101968 102003
102039 102176 102073 102107 102141
102177 102297 102207 102237 102267
102298 102403 102324 102350 102376
102404 102555 102441 102478 102515
102556 102675 102585 102614 102643
102676 102712 102685 102694 102703
102713 102789 102732 102751 102770
102790 102841 102802 102814 102826
102842 102948 102868 102894 102920
102949 103033 102970 102991 103012
103034 103105 103051 103068 103085
103106 103145 103115 103124 103133
103146 103175 103153 103160 103167
103176 103199 103181 103186 103191
103200 103242 103210 103220 103230
103243 103285 103253 103263 103273
103286 103565 103355 103424 103493
103566 103777 103618 103670 103722
103778 103844 103794 103810 103826
103845 103939 103868 103891 103914
103940 104094 103978 104016 104054
104095 104295 104145 104195 104245
104296 104347 104308 104320 104332
104348 104399 104360 104372 104384
104400 104462 104415 104430 104445
104463 104517 104476 104489 104502
104518 104553 104526 104534 104542
104554 104657 104579 104604 104629
104658 104719 104673 104688 104703
104720 104826 104746 104772 104798
104827 104896 104844 104861 104878
104897 105026 104922 104947 105018
105027 105119 105050 105073 105096
105120 105167 105131 105142 105153
105168 105238 105185 105202 105219
105239 105431 105287 105335 105383
105432 105549 105461 105490 105519
105550 105618 105567 105584 105601
105619 105729 105646 105673 105700
105730 105809 105749 105768 105787
105810 105862 105823 105836 105849
105863 105937 105881 105899 105917
105938 105992 105951 105964 105977
105993 106098 106019 106045 106071
106099 106163 106115 106131 106147
106164 106213 106176 106188 106200
106214 106252 106223 106232 106241
106253 106533 106323 106393 106463
106534 106653 106563 106592 106621
106654 106743 106676 106698 106720
106744 106802 106758 106772 106786
106803 107006 106853 106903 106953
107007 107111 107033 107059 107085
107112 107162 107124 107136 107148
107163 107290 107194 107225 107256
107291 107401 107318 107345 107372
107402 107543 107437 107472 107507
107544 107600 107558 107572 107586
107601 107639 107610 107619 107628
107640 107665 107646 107652 107658
107666 107844 107710 107754 107798
107845 107993 107882 107919 107956
107994 108044 108006 108018 108030
108045 108078 108053 108061 108069
108079 108216 108113 108147 108181
108217 108287 108234 108251 108268
108288 108430 108323 108358 108393
108431 108554 108461 108491 108521
108555 108606 108567 108579 108591
108607 108690 108627 108647 108667
108691 108876 108737 108783 108829
108877 110004 109158 109439 109720
110005 110167 110045 110085 110125
110168 110205 110177 110186 110195
110206 110261 110219 110232 110245
110262 110328 110278 110294 110310
110329 110866 110463 110597 110731
110867 111033 110908 110949 110990
111034 111224 111081 111128 111175
111225 111385 111265 111305 111345
111386 111505 111415 111444 111473
111506 111701 111554 111602 111650
111702 112207 111828 111954 112080
112208 112424 112262 112316 112370
112425 112673 112487 112549 112611
112674 112739 112690 112706 112722
112740 112834 112763 112786 112809
112835 112904 112852 112869 112886
112905 113106 112955 113005 113055
113107 113142 113115 113123 113131
113143 113183 113153 113163 113173
113184 113252 113201 113218 113235
113253 113492 113312 113371 113430
113493 113569 113512 113531 113550
113570 113664 113593 113616 113639
113665 113785 113695 113725 113755
113786 113868 113806 113826 113846
113869 114127 113933 113997 114061
114128 114231 114153 114178 114203
114232 114253 114237 114242 114247
114254 114288 114262 114270 114278
114289 114328 114298 114307 114316
114329 114353 114335 114341 114347
114354 114386 114362 114370 114378
114387 114426 114396 114405 114414
114427 114456 114434 114441 114448
114457 114499 114467 114477 114487
114500 114583 114520 114540 114560
114584 114702 114613 114642 114671
114703 114741 114712 114721 114730
114742 114760 114746 114750 114754
114761 114794 114769 114777 114785
114795 114813 114799 114803 114807
114814 114861 114825 114836 114847
114862 114925 114877 114892 114907
114926 115011 114947 114968 114989
115012 115032 115017 115022 115027
115033 115076 115043 115053 115063
115077 115108 115084 115091 115098
115109 115126 115113 115117 115121
115127 115151 115133 115139 115145
115152 115170 115156 115160 115164
115171 115211 115181 115191 115201
115212 115232 115217 115222 115227
115233 115251 115237 115241 115245
115252 115274 115257 115262 115267
115275 115297 115280 115285 115290
115298 115320 115303 115308 115313
115321 115386 115337 115353 115369
115387 115403 115391 115395 115399
115404 115435 115411 115418 115425
115436 115476 115446 115456 115466
115477 115508 115484 115491 115498
115509 115564 115522 115535 115548
115565 115585 115570 115575 115580
115586 115612 115592 115598 115604
115613 115637 115619 115625 115631
115638 115669 115645 115652 115659
115670 115697 115676 115682 115688
115698 115715 115702 115706 115710
115716 115735 115720 115724 115728
115736 115765 115743 115750 115757
115766 115792 115772 115778 115784
115793 115812 115797 115801 115805
115813 115852 115822 115831 115840
115853 115912 115867 115881 115895
115913 115973 115928 115943 115958
115974 115991 115978 115982 115986
115992 116015 115997 116002 116007
116016 116042 116022 116028 116034
116043 116077 116051 116059 116067
116078 116115 116087 116096 116105
116116 116146 116123 116130 116137
116147 116183 116156 116165 116174
116184 116222 116193 116202 116211
116223 116244 116228 116233 116238
116245 116268 116250 116255 116260
116269 116300 116276 116283 116290
116301 116317 116305 116309 116313
116318 116339 116323 116328 116333
116340 116361 116345 116350 116355
116362 116382 116367 116372 116377
116383 116422 116392 116401 116410
116423 116443 116428 116433 116438
116444 116468 116450 116456 116462
116469 116507 116478 116487 116496
116508 116527 116512 116516 116520
116528 116546 116532 116536 116540
116547 116564 116551 116555 116559
116565 116590 116571 116577 116583
116591 116644 116604 116617 116630
116645 116672 116651 116657 116663
116673 116714 116683 116693 116703
116715 116752 116724 116733 116742
116753 116796 116763 116773 116783
116797 116834 116806 116815 116824
116835 116870 116843 116851 116859
116871 116906 116879 116887 116895
116907 116929 116912 116917 116922
116930 116961 116937 116944 116951
116962 116988 116968 116974 116980
116989 117025 116998 117007 117016
117026 117049 117031 117036 117041
117050 117096 117061 117072 117083
117097 117122 117103 117109 117115
117123 117166 117133 117143 117153
117167 117203 117176 117185 117194
117204 117233 117211 117218 117225
117234 117265 117241 117248 117255
117266 117283 117270 117274 117278
117284 117356 117302 117320 117338
117357 117392 117365 117373 117381
117393 117417 117399 117405 117411
117418 117437 117422 117426 117430
117438 117463 117444 117450 117456
117464 117487 117469 117474 117479
117488 117523 117496 117504 117512
117524 117544 117529 117534 117539
117545 117608 117560 117575 117590
117609 117630 117614 117619 117624
117631 117691 117646 117661 117676
117692 117731 117701 117710 117719
117732 117751 117736 117740 117744
117752 117808 117766 117780 117794
117809 117827 117813 117817 117821
117828 117872 117839 117850 117861
117873 118018 117909 117945 117981
118019 118168 118056 118093 118130
118169 118278 118196 118223 118250
118279 118347 118296 118313 118330
118348 118550 118398 118448 118498
118551 118589 118560 118569 118578
118590 118728 118624 118658 118692
118729 118815 118750 118771 118792
118816 118895 118835 118854 118873
118896 119019 118926 118956 118986
119020 119108 119042 119064 119086
119109 119321 119162 119215 119268
119322 119471 119359 119396 119433
119472 119602 119504 119536 119568
119603 119710 119629 119655 119681
119711 119848 119745 119779 119813
119849 119909 119864 119879 119894
119910 119993 119930 119950 119970
119994 120126 119995 119996 120093
120127 120204 120146 120165 120184
120205 120319 120233 120261 120289
120320 120375 120333 120346 120359
120376 120552 120420 120464 120508
120553 120622 120570 120587 120604
120623 120687 120639 120655 120671
120688 121217 120820 120952 121084
121218 121265 121229 121240 121251
121266 121315 121278 121290 121302
121316 121357 121326 121336 121346
121358 121424 121374 121390 121406
121425 121475 121437 121449 121461
121476 121849 121569 121662 121755
121850 121867 121854 121858 121862
121868 121886 121872 121876 121880
121887 121924 121896 121905 121914
121925 121961 121934 121943 121952
121962 121992 121969 121976 121983
121993 122012 121997 122001 122005
122013 122042 122020 122027 122034
122043 122088 122054 122065 122076
122089 122336 122150 122211 122272
122337 122463 122368 122399 122430
122464 122509 122475 122486 122497
122510 122542 122518 122526 122534
122543 122573 122550 122557 122564
122574 122605 122581 122588 122595
122606 122637 122613 122620 122627
122638 122680 122648 122658 122668
122681 122709 122688 122695 122702
122710 122731 122715 122720 122725
122732 122769 122741 122750 122759
122770 122795 122776 122782 122788
122796 122825 122803 122810 122817
122826 122855 122833 122840 122847
122856 122873 122860 122864 122868
122874 122894 122879 122884 122889
122895 122921 122901 122907 122913
122922 122942 122927 122932 122937
122943 122960 122947 122951 122955
122961 123001 122971 122981 122991
123002 123037 123010 123018 123026
123038 123056 123042 123046 123050
123057 123090 123065 123073 123081
123091 123142 123103 123115 123127
123143 123191 123155 123167 123179
123192 123228 123201 123210 123219
123229 123245 123233 123237 123241
123246 123280 123254 123262 123270
123281 123299 123285 123289 123293
123300 123340 123310 123320 123330
123341 123360 123345 123349 123353
123361 123385 123367 123373 123379
123386 123449 123401 123416 123431
123450 123473 123455 123460 123465
123474 123496 123479 123484 123489
123497 123523 123503 123509 123515
123524 123543 123528 123532 123536
123544 123580 123553 123562 123571
123581 123598 123585 123589 123593
123599 123628 123606 123613 123620
123629 123660 123636 123643 123650
123661 123746 123682 123703 123724
123747 123780 123755 123763 123771
123781 123797 123785 123789 123793
123798 123818 123803 123808 123813
123819 123876 123833 123847 123861
123877 123896 123881 123885 123889
123897 123980 123917 123937 123957
123981 124018 123990 123999 124008
124019 124088 124036 124053 124070
124089 124143 124102 124115 124128
124144 124198 124157 124170 124183
124199 124763 124340 124481 124622
124764 124887 124794 124824 124854
124888 124931 124898 124908 124918
124932 124973 124942 124952 124962
124974 125066 124997 125020 125043
125067 125106 125076 125085 125094
125107 125167 125122 125137 125152
125168 125215 125179 125190 125201
125216 125236 125221 125226 125231
125237 125268 125244 125251 125258
125269 125315 125280 125291 125302
125316 125461 125352 125388 125424
125462 125500 125471 125480 125489
125501 125562 125516 125531 125546
125563 125610 125574 125585 125596
125611 125648 125620 125629 125638
125649 125681 125657 125665 125673
125682 125729 125693 125704 125715
125730 125835 125756 125782 125808
125836 125986 125873 125910 125947
125987 126051 126003 126019 126035
126052 126203 126089 126126 126163
126204 126371 126245 126286 126327
126372 126416 126383 126394 126405
126417 126705 126489 126561 126633
126706 126846 126741 126776 126811
126847 126909 126862 126877 126892
126910 127127 126964 127018 127072
127128 127242 127156 127184 127212
127243 127383 127278 127313 127348
127384 127429 127395 127406 127417
127430 127452 127435 127440 127445
127453 127469 127457 127461 127465
127470 127506 127479 127488 127497
127507 127536 127514 127521 127528
127537 128391 127750 127963 128176
128392 128557 128433 128474 128515
128558 128639 128578 128598 128618
128640 128769 128672 128704 128736
128770 128813 128780 128790 128800
128814 129162 128901 128988 129075
129163 129356 129211 129259 129307
129357 129473 129386 129415 129444
129474 129575 129499 129524 129549
129576 129663 129597 129618 129639
129664 129716 129677 129690 129703
129717 129799 129737 129757 129777
129800 129894 129823 129846 129869
129895 129944 129907 129919 129931
129945 130165 130000 130055 130110
130166 130449 130236 130306 130376
130450 130719 130517 130584 130651
130720 130976 130784 130848 130912
130977 131187 131029 131081 131133
131188 131332 131224 131260 131296
131333 131389 131347 131361 131375
131390 131456 131406 131422 131438
131457 131493 131466 131475 131484
131494 131525 131501 131508 131515
131526 131614 131548 131570 131592
131615 131675 131630 131645 131660
131676 131697 131681 131686 131691
131698 131751 131711 131724 131737
131752 131838 131773 131794 131815
131839 131903 131855 131871 131887
131904 132349 132015 132126 132237
132350 132389 132359 132368 132377
132390 132428 132399 132408 132417
132429 132519 132451 132473 132495
132520 132584 132536 132552 132568
132585 132622 132594 132603 132612
132623 132669 132634 132645 132656
132670 132696 132676 132682 132688
132697 132778 132717 132737 132757
132779 132833 132792 132805 132818
132834 132921 132855 132876 132897
132922 132943 132927 132932 132937
132944 133126 132989 133034 133079
133127 133335 133179 133231 133283
133336 133372 133345 133354 133363
133373 133507 133406 133439 133472
133508 133865 133597 133686 133775
133866 134009 133901 133936 133971
134010 134055 134021 134032 134043
134056 134191 134089 134122 134155
134192 134220 134199 134206 134213
134221 134247 134227 134233 134239
134248 134392 134284 134320 134356
134393 134444 134405 134417 134429
134445 134619 134488 134531 134574
134620 134807 134666 134712 134758
134808 135272 134855 134902 135204
135273 135293 135278 135283 135288
135294 135314 135299 135304 135309
135315 135383 135332 135349 135366
135384 135407 135389 135394 135399
135408 135456 135420 135432 135444
135457 135557 135482 135507 135532
135558 135723 135599 135640 135681
135724 135859 135757 135790 135823
135860 135918 135874 135888 135902
135919 135994 135937 135955 135973
135995 136038 136005 136015 136025
136039 136126 136060 136081 136102
136127 136240 136155 136183 136211
136241 136288 136252 136263 136274
136289 136379 136311 136333 136355
136380 136615 136438 136496 136554
136616 136717 136641 136666 136691
136718 137220 136843 136968 137093
137221 137245 137227 137233 137239
137246 137304 137260 137274 137288
137305 137448 137340 137375 137410
137449 137521 137467 137485 137503
137522 137636 137550 137578 137606
137637 137765 137669 137701 137733
137766 138141 137859 137952 138045
138142 138408 138208 138274 138340
138409 138522 138437 138465 138493
138523 138668 138559 138595 138631
138669 138802 138702 138735 138768
138803 138905 138828 138853 138878
138906 139143 138965 139024 139083
139144 139308 139185 139226 139267
139309 139587 139378 139447 139516
139588 139717 139620 139652 139684
139718 139808 139740 139762 139784
139809 139902 139832 139855 139878
139903 139970 139919 139935 139951
139971 140043 139989 140007 140025
140044 140096 140057 140070 140083
140097 140475 140191 140285 140379
140476 140587 140503 140530 140557
140588 140712 140619 140650 140681
140713 140762 140725 140737 140749
140763 140847 140784 140805 140826
140848 141112 140914 140980 141046
141113 141294 141158 141203 141248
141295 141532 141354 141413 141472
141533 141623 141555 141577 141599
141624 141726 141649 141674 141699
141727 141766 141736 141745 141754
141767 141968 141817 141867 141917
141969 142040 141986 142003 142020
142041 142187 142077 142113 142149
142188 142322 142221 142254 142287
142323 142562 142382 142441 142500
142563 142660 142587 142611 142635
142661 143186 142792 142923 143054
143187 143301 143215 143243 143271
143302 143453 143339 143376 143413
143454 143596 143489 143524 143559
143597 143674 143616 143635 143654
143675 143824 143712 143749 143786
143825 143847 143830 143835 143840
143848 143960 143876 143904 143932
143961 143989 143968 143975 143982
143990 144189 144039 144088 144137
144190 144252 144205 144220 144235
144253 144409 144292 144331 144370
144410 144768 144499 144588 144677
144769 145877 145046 145323 145600
145878 146060 145923 145968 146013
146061 146175 146089 146117 146145
146176 146696 146306 146436 146566
146697 147044 146783 146869 146955
147045 149138 147568 148091 148614
149139 149359 149194 149249 149304
149360 149392 149368 149376 149384
149393 149436 149403 149413 149423
149437 149594 149476 149515 149554
149595 149983 149692 149789 149886
149984 150093 149987 149990 150069
150094 150112 150098 150102 150106
150113 150166 150126 150139 150152
150167 150221 150180 150193 150206
150222 150321 150246 150270 150294
150322 150459 150356 150390 150424
150460 150516 150474 150488 150502
150517 150568 150529 150541 150553
150569 150707 150603 150637 150671
150708 150760 150721 150734 150747
150761 150848 150782 150803 150824
150849 151708 151063 151277 151491
151709 151766 151723 151737 151751
151767 151918 151804 151841 151878
151919 151989 151936 151953 151970
151990 152135 152026 152062 152098
152136 152197 152151 152166 152181
152198 152261 152213 152228 152243
152262 152293 152269 152276 152283
152294 152459 152335 152376 152417
152460 152515 152473 152486 152499
152516 152553 152525 152534 152543
152554 152608 152567 152580 152593
152609 152720 152636 152663 152690
152721 153038 152800 152879 152958
153039 153124 153060 153081 153102
153125 153152 153131 153137 153143
153153 153169 153157 153161 153165
153170 153197 153176 153182 153188
153198 153215 153202 153206 153210
153216 153245 153223 153230 153237
153246 153267 153251 153256 153261
153268 153301 153276 153284 153292
153302 153349 153313 153324 153335
153350 153387 153359 153368 153377
153388 153422 153396 153404 153412
153423 153476 153436 153449 153462
153477 153508 153484 153491 153498
153509 153569 153524 153539 153554
153570 153610 153580 153590 153600
153611 153724 153639 153667 153695
153725 153794 153742 153759 153776
153795 153987 153843 153891 153939
153988 154027 153997 154006 154015
154028 154068 154038 154048 154058
154069 154317 154131 154193 154255
154318 154445 154349 154380 154411
154446 154639 154494 154542 154590
154640 154757 154669 154698 154727
154758 154814 154772 154786 154800
154815 154865 154827 154839 154851
154866 154989 154896 154926 154956
154990 155026 154999 155008 155017
155027 155064 155036 155045 155054
155065 155110 155076 155087 155098
155111 155135 155117 155123 155129
155136 155176 155146 155156 155166
155177 155264 155198 155219 155240
155265 155350 155286 155307 155328
155351 155388 155360 155369 155378
155389 155451 155404 155419 155434
155452 155536 155473 155494 155515
155537 155559 155542 155547 155552
155560 155592 155568 155576 155584
155593 155610 155597 155601 155605
155611 155655 155622 155633 155644
155656 155676 155661 155666 155671
155677 155700 155682 155687 155692
155701 155723 155706 155711 155716
155724 155763 155733 155742 155751
155764 155797 155772 155780 155788
155798 155824 155804 155810 155816
155825 155861 155834 155843 155852
155862 155891 155869 155876 155883
155892 155913 155897 155902 155907
155914 155959 155925 155936 155947
155960 155982 155965 155970 155975
155983 156005 155988 155993 155998
156006 156026 156011 156016 156021
156027 156054 156033 156039 156045
156055 156073 156059 156063 156067
156074 156095 156079 156084 156089
156096 156133 156105 156114 156123
156134 156163 156141 156148 156155
156164 156200 156173 156182 156191
156201 156230 156208 156215 156222
156231 156253 156236 156241 156246
156254 156276 156259 156264 156269
156277 156330 156290 156303 156316
156331 156357 156337 156343 156349
156358 156377 156362 156366 156370
156378 156401 156383 156388 156393
156402 156427 156408 156414 156420
156428 156447 156432 156436 156440
156448 156492 156459 156470 156481
156493 156519 156499 156505 156511
156520 156540 156525 156530 156535
156541 156612 156558 156575 156592
156613 156764 156650 156687 156724
156765 156851 156786 156807 156828
156852 156984 156885 156918 156951
156985 157032 156996 157007 157018
157033 157108 157051 157069 157087
157109 157187 157128 157147 157166
157188 157250 157203 157218 157233
157251 157429 157295 157339 157383
157430 157644 157483 157536 157589
157645 159342 158069 158493 158917
