0 866 216 432 648
867 1168 942 1017 1092
1169 1214 1180 1191 1202
1215 1446 1272 1329 1386
1447 1637 1494 1541 1588
1638 1686 1650 1662 1674
1687 2055 1779 1871 1963
2056 2230 2099 2142 2185
2231 2832 2381 2531 2681
2833 3433 2983 3133 3283
3434 4312 3653 3872 4091
4313 5611 4637 4961 5285
5612 6346 5795 5978 6161
6347 6588 6407 6467 6527
6589 6727 6623 6657 6691
6728 7099 6820 6912 7004
7100 7395 7173 7246 7319
7396 7615 7450 7504 7558
7616 7808 7664 7712 7760
7809 8390 7954 8099 8244
8391 8797 8492 8593 8694
8798 8999 8848 8898 8948
9000 9285 9071 9142 9213
9286 9911 9442 9598 9754
9912 10858 10148 10384 10620
10859 10989 10891 10923 10955
10990 11552 11130 11270 11410
11553 11724 11595 11637 11679
11725 12535 11927 12129 12331
12536 12738 12586 12636 12686
12739 12923 12785 12831 12877
12924 12980 12938 12952 12966
12981 13205 13037 13093 13149
13206 13406 13256 13306 13356
13407 13587 13452 13497 13542
13588 13668 13608 13628 13648
13669 13792 13699 13729 13759
13793 13836 13803 13813 13823
13837 14427 13984 14131 14278
14428 14503 14446 14464 14482
14504 14581 14523 14542 14561
14582 14756 14625 14668 14711
14757 14902 14793 14829 14865
14903 15019 14927 14951 15012
15020 15240 15075 15130 15185
15241 15315 15259 15277 15295
15316 15431 15344 15372 15400
15432 15658 15488 15544 15600
15659 15820 15699 15739 15779
15821 15922 15846 15871 15896
15923 16010 15944 15965 15986
16011 16053 16021 16031 16041
16054 16416 16144 16234 16324
16417 16568 16454 16491 16528
16569 17179 16721 16873 17025
17180 17297 17209 17238 17267
17298 17739 17408 17518 17628
17740 18000 17805 17870 17935
18001 18157 18040 18079 18118
18158 18253 18181 18204 18227
18254 18454 18304 18354 18404
18455 18673 18509 18563 18617
18674 18792 18703 18732 18761
18793 18908 18821 18849 18877
18909 19021 18937 18965 18993
19022 19112 19044 19066 19088
19113 19757 19274 19435 19596
19758 19943 19804 19850 19896
19944 20125 19989 20034 20079
20126 20327 20176 20226 20276
20328 20446 20357 20386 20415
20447 20565 20476 20505 20534
20566 20718 20604 20642 20680
20719 20937 20773 20827 20881
20938 21018 20958 20978 20998
21019 21061 21029 21039 21049
21062 21172 21089 21116 21143
21173 21278 21199 21225 21251
21279 23655 21873 22467 23061
23656 23990 23739 23822 23905
23991 24326 24074 24157 24240
24327 24516 24374 24421 24468
24517 24635 24546 24575 24604
24636 24748 24664 24692 24720
24749 26203 25112 25475 25838
26204 26270 26220 26236 26252
26271 27670 26620 26969 27318
27671 28297 27827 27983 28139
28298 29517 28602 28906 29210
29518 30945 29638 29758 30708
30946 31129 30991 31036 31081
31130 31259 31162 31194 31226
31260 31377 31289 31318 31347
31378 31451 31396 31414 31432
31452 31502 31464 31476 31488
31503 31623 31533 31563 31593
31624 31810 31670 31716 31762
31811 31988 31855 31899 31943
31989 32468 32108 32227 32346
32469 32617 32506 32543 32580
32618 32848 32675 32732 32789
32849 33214 32940 33031 33122
33215 33445 33272 33329 33386
33446 33987 33581 33716 33851
33988 35107 34267 34546 34825
35108 35158 35120 35132 35144
35159 35208 35171 35183 35195
35209 35288 35228 35247 35266
35289 37031 35724 36159 36594
37032 37345 37110 37188 37266
37346 38030 37517 37688 37859
38031 38770 38215 38399 38583
38771 38917 38807 38843 38879
38918 39314 39017 39116 39215
39315 39752 39424 39533 39642
39753 40058 39829 39905 39981
40059 40172 40087 40115 40143
40173 40257 40194 40215 40236
40258 40680 40363 40468 40573
40681 41406 40862 41043 41224
41407 41598 41454 41501 41548
41599 41903 41675 41751 41827
41904 42098 41952 42000 42048
42099 42211 42127 42155 42183
42212 43545 42545 42878 43211
43546 43677 43578 43610 43642
43678 44115 43787 43896 44005
44116 44246 44148 44180 44212
44247 45571 44435 44623 45426
45572 45915 45657 45742 45827
45916 46410 46039 46162 46285
46411 46625 46464 46517 46570
46626 46891 46692 46758 46824
46892 47336 47003 47114 47225
47337 47403 47353 47369 47385
47404 47457 47417 47430 47443
47458 47505 47469 47480 47491
47506 47775 47573 47640 47707
47776 47905 47808 47840 47872
47906 48048 47941 47976 48011
48049 48157 48076 48103 48130
48158 48226 48175 48192 48209
48227 48261 48235 48243 48251
48262 48508 48323 48384 48445
48509 48563 48522 48535 48548
48564 48813 48626 48688 48750
48814 49592 49008 49202 49396
49593 49711 49622 49651 49680
49712 49891 49756 49800 49844
49892 50028 49926 49960 49994
50029 50177 50066 50103 50140
50178 50267 50200 50222 50244
50268 50444 50312 50356 50400
50445 51620 50738 51031 51324
51621 52372 51808 51995 52182
52373 52602 52430 52487 52544
52603 52847 52664 52725 52786
52848 52962 52876 52904 52932
52963 53100 52997 53031 53065
53101 53216 53129 53157 53185
53217 53313 53241 53265 53289
53314 53474 53354 53394 53434
53475 53854 53569 53663 53757
53855 53961 53881 53907 53933
53962 54064 53987 54012 54037
54065 54256 54112 54159 54206
54257 54430 54300 54343 54386
54431 54479 54443 54455 54467
54480 54606 54511 54542 54573
54607 54748 54642 54677 54712
54749 54834 54770 54791 54812
54835 54923 54857 54879 54901
54924 54971 54935 54946 54957
54972 55365 55070 55168 55266
55366 55473 55392 55418 55444
55474 55735 55539 55604 55669
55736 55841 55762 55788 55814
55842 56105 55907 55972 56037
56106 57053 56342 56578 56814
57054 57826 57247 57440 57633
57827 57943 57856 57885 57914
57944 58070 57975 58006 58037
58071 58232 58111 58151 58191
58233 58282 58245 58257 58269
58283 58344 58298 58313 58328
58345 58397 58358 58371 58384
58398 58440 58408 58418 58428
58441 58683 58501 58561 58621
58684 58721 58693 58702 58711
58722 58762 58732 58742 58752
58763 58806 58773 58783 58793
58807 58990 58852 58897 58942
58991 59056 59007 59023 59039
59057 59146 59079 59101 59123
59147 59181 59155 59163 59171
59182 59523 59267 59352 59437
59524 59806 59594 59664 59734
59807 59965 59846 59885 59924
59966 60235 59974 59982 60174
60236 60328 60259 60282 60305
60329 60603 60397 60465 60533
60604 60819 60657 60710 60763
60820 61051 60877 60934 60991
61052 61344 61125 61198 61271
61345 61615 61412 61479 61546
61616 61813 61665 61714 61763
61814 61995 61859 61904 61949
61996 62059 62011 62026 62041
62060 62161 62085 62110 62135
62162 62281 62191 62220 62249
62282 62360 62301 62320 62339
62361 62519 62400 62439 62478
62520 62675 62558 62596 62634
62676 62809 62709 62742 62775
62810 62959 62847 62884 62921
62960 63088 62992 63024 63056
63089 64093 63340 63591 63842
64094 64473 64188 64282 64376
64474 64537 64489 64504 64519
64538 64822 64609 64680 64751
64823 64971 64860 64897 64934
64972 65053 64992 65012 65032
65054 65138 65075 65096 65117
65139 65598 65253 65367 65481
65599 65650 65611 65623 65635
65651 68181 66283 66915 67547
68182 68300 68211 68240 68269
68301 68865 68442 68583 68724
68866 68916 68878 68890 68902
68917 69439 69047 69177 69307
69440 69945 69566 69692 69818
69946 70746 70146 70346 70546
70747 71765 71001 71255 71509
71766 72445 71935 72104 72273
72446 73319 72664 72882 73100
73320 73680 73410 73500 73590
73681 73861 73726 73771 73816
73862 74105 73922 73982 74042
74106 75201 74329 74552 75150
75202 75398 75251 75300 75349
75399 75922 75529 75659 75789
75923 76376 76036 76149 76262
76377 76579 76427 76477 76527
76580 76667 76601 76622 76643
76668 76832 76709 76750 76791
76833 76968 76866 76899 76932
76969 77302 77052 77135 77218
77303 77477 77346 77389 77432
77478 77614 77512 77546 77580
77615 77931 77694 77773 77852
77932 78054 77962 77992 78022
78055 78116 78070 78085 78100
78117 78166 78129 78141 78153
78167 78324 78206 78245 78284
78325 78392 78341 78357 78373
78393 79026 78551 78709 78867
79027 79196 79069 79111 79153
79197 79250 79210 79223 79236
79251 79323 79269 79287 79305
79324 79396 79342 79360 79378
79397 79474 79416 79435 79454
79475 80063 79622 79769 79916
80064 80203 80098 80132 80166
80204 80697 80327 80450 80573
80698 81261 80838 80978 81118
81262 81423 81302 81342 81382
81424 81538 81452 81480 81508
81539 81598 81553 81567 81581
81599 81688 81621 81643 81665
81689 81728 81698 81707 81716
81729 81845 81758 81787 81816
81846 81969 81876 81906 81936
81970 82303 82053 82136 82219
82304 82933 82461 82618 82775
82934 83024 82956 82978 83000
83025 83274 83087 83149 83211
83275 83372 83299 83323 83347
83373 83488 83401 83429 83457
83489 83665 83533 83577 83621
83666 83734 83683 83700 83717
83735 84014 83804 83873 83942
84015 84110 84038 84061 84084
84111 84248 84145 84179 84213
84249 84427 84293 84337 84381
84428 84544 84457 84486 84515
84545 84726 84590 84635 84680
84727 85537 84929 85131 85333
85538 85568 85545 85552 85559
85569 85599 85576 85583 85590
85600 85622 85605 85610 85615
85623 85753 85655 85687 85719
85754 85832 85773 85792 85811
85833 86100 85899 85965 86031
86101 86130 86108 86115 86122
86131 86177 86142 86153 86164
86178 86215 86187 86196 86205
86216 86319 86241 86266 86291
86320 86356 86329 86338 86347
86357 86544 86403 86449 86495
86545 86583 86554 86563 86572
86584 86743 86623 86662 86701
86744 86791 86755 86766 86777
86792 86824 86800 86808 86816
86825 86945 86855 86885 86915
86946 87689 87131 87316 87501
87690 87850 87730 87770 87810
87851 87921 87868 87885 87902
87922 88154 87980 88038 88096
88155 88380 88211 88267 88323
88381 89272 88603 88825 89047
89273 89807 89406 89539 89672
89808 90083 89855 89902 90060
90084 90144 90099 90114 90129
90145 90420 90213 90281 90349
90421 90678 90485 90549 90613
90679 90842 90719 90759 90799
90843 90900 90857 90871 90885
90901 91205 90977 91053 91129
91206 91346 91241 91276 91311
91347 91638 91419 91491 91563
91639 91691 91652 91665 91678
91692 91712 91697 91702 91707
91713 91770 91727 91741 91755
91771 91834 91786 91801 91816
91835 91923 91857 91879 91901
91924 91991 91940 91956 91972
91992 92565 92135 92278 92421
92566 93878 92894 93222 93550
93879 93994 93907 93935 93963
93995 94070 94013 94031 94049
94071 94530 94185 94299 94413
94531 94662 94563 94595 94627
94663 94955 94736 94809 94882
94956 95122 94997 95038 95079
95123 95568 95234 95345 95456
95569 95681 95597 95625 95653
95682 95806 95713 95744 95775
95807 95949 95842 95877 95912
95950 96111 95990 96030 96070
96112 96448 96196 96280 96364
96449 96575 96480 96511 96542
96576 97379 96776 96976 97176
97380 97435 97393 97406 97419
97436 97452 97440 97444 97448
97453 97491 97462 97471 97480
97492 97537 97503 97514 97525
97538 97655 97567 97596 97625
97656 97818 97696 97736 97776
97819 98237 97923 98027 98131
98238 98283 98249 98260 98271
98284 98556 98352 98420 98488
98557 99042 98678 98799 98920
99043 99332 99115 99187 99259
99333 99447 99361 99389 99417
99448 99642 99496 99544 99592
99643 99801 99682 99721 99760
99802 100121 99881 99960 100039
100122 100413 100194 100266 100338
100414 100650 100473 100532 100591
100651 100796 100687 100723 100759
100797 100882 100818 100839 100860
100883 101026 100918 100953 100988
101027 101171 101063 101099 101135
101172 101456 101243 101314 101385
101457 101910 101570 101683 101796
101911 102031 101941 101971 102001
102032 102146 102060 102088 102116
102147 102247 102172 102197 102222
102248 102365 102277 102306 102335
102366 102570 102417 102468 102519
102571 102629 102585 102599 102613
102630 102716 102651 102672 102693
102717 102825 102744 102771 102798
102826 103019 102874 102922 102970
103020 103099 103039 103058 103077
103100 103312 103153 103206 103259
103313 103399 103334 103355 103376
103400 103476 103419 103438 103457
103477 103554 103496 103515 103534
103555 103944 103652 103749 103846
103945 104100 103983 104021 104059
104101 104797 104275 104449 104623
104798 104884 104819 104840 104861
104885 105043 104913 104941 105030
105044 105158 105072 105100 105128
105159 105250 105181 105203 105225
105251 105333 105271 105291 105311
105334 105944 105486 105638 105790
105945 105998 105958 105971 105984
105999 106063 106015 106031 106047
106064 106218 106102 106140 106178
106219 106458 106278 106337 106396
106459 106596 106493 106527 106561
106597 106780 106642 106687 106732
106781 107036 106844 106907 106970
107037 107116 107056 107075 107094
107117 107585 107234 107351 107468
107586 107669 107606 107626 107646
107670 107735 107686 107702 107718
107736 108090 107824 107912 108000
108091 108142 108103 108115 108127
108143 108224 108163 108183 108203
108225 108302 108244 108263 108282
108303 108551 108365 108427 108489
108552 108611 108566 108580 108594
108612 108669 108626 108640 108654
108670 108886 108724 108778 108832
108887 108907 108892 108897 108902
108908 108994 108929 108950 108971
108995 109043 109007 109019 109031
109044 109535 109166 109288 109410
109536 109667 109568 109600 109632
109668 109685 109672 109676 109680
109686 109708 109691 109696 109701
109709 109770 109724 109739 109754
109771 109811 109781 109791 109801
109812 109830 109816 109820 109824
109831 109863 109839 109847 109855
109864 109918 109877 109890 109903
109919 110153 109977 110035 110093
110154 110175 110159 110164 110169
110176 110200 110182 110188 110194
110201 110237 110210 110219 110228
110238 110419 110283 110328 110373
110420 110453 110428 110436 110444
110454 110560 110480 110506 110532
110561 110856 110634 110707 110780
110857 110958 110882 110907 110932
110959 111048 110981 111003 111025
111049 111189 111084 111119 111154
111190 111562 111283 111376 111469
111563 111774 111615 111667 111719
111775 111909 111808 111841 111874
111910 112129 111964 112018 112072
112130 112180 112142 112154 112166
112181 112262 112201 112221 112241
112263 112410 112299 112335 112371
112411 112585 112454 112497 112540
112586 112758 112629 112672 112715
112759 112837 112778 112797 112816
112838 112934 112862 112886 112910
112935 113034 112959 112983 113007
113035 114037 113285 113535 113785
114038 114619 114183 114328 114473
114620 114772 114658 114696 114734
114773 114935 114813 114853 114893
114936 115061 114967 114998 115029
115062 115510 115174 115286 115398
115511 115700 115558 115605 115652
115701 115962 115766 115831 115896
115963 116127 116004 116045 116086
116128 116244 116157 116186 116215
116245 116331 116266 116287 116308
116332 116543 116384 116436 116488
116544 116857 116622 116700 116778
116858 116906 116870 116882 116894
116907 117419 117035 117163 117291
117420 117680 117485 117550 117615
117681 118008 117762 117843 117924
118009 118197 118056 118103 118150
118198 118300 118223 118248 118273
118301 118374 118319 118337 118355
118375 118552 118419 118463 118507
118553 118621 118570 118587 118604
118622 118992 118714 118806 118898
118993 119076 119013 119033 119053
119077 119188 119104 119131 119158
119189 119621 119297 119405 119513
119622 119798 119666 119710 119754
119799 119974 119842 119885 119928
119975 120078 119981 119987 120057
120079 120509 120186 120293 120400
120510 120894 120606 120702 120798
120895 121132 120954 121013 121072
121133 121285 121171 121209 121247
121286 121959 121454 121622 121790
121960 122093 121993 122026 122059
122094 122267 122137 122180 122223
122268 122558 122340 122412 122484
122559 122642 122579 122599 122619
122643 122760 122672 122701 122730
122761 122896 122794 122827 122860
122897 122981 122918 122939 122960
122982 123200 123036 123090 123144
123201 123374 123244 123287 123330
123375 123635 123440 123505 123570
123636 123742 123662 123688 123714
123743 123974 123800 123857 123914
123975 124056 123995 124015 124035
124057 124334 124126 124195 124264
124335 124376 124345 124355 124365
124377 124398 124382 124387 124392
124399 124616 124453 124507 124561
124617 124766 124654 124691 124728
124767 125186 124871 124975 125079
125187 125362 125230 125273 125316
125363 126006 125523 125683 125843
126007 126272 126073 126139 126205
126273 126380 126299 126325 126351
126381 126767 126477 126573 126669
126768 126870 126793 126818 126843
126871 126974 126896 126921 126946
126975 127138 127015 127055 127095
127139 127237 127163 127187 127211
127238 127381 127273 127308 127343
127382 127480 127406 127430 127454
127481 127663 127526 127571 127616
127664 127734 127681 127698 127715
127735 127963 127792 127849 127906
127964 128471 128090 128216 128342
128472 128581 128499 128526 128553
128582 128733 128619 128656 128693
128734 128866 128767 128800 128833
128867 129006 128901 128935 128969
129007 129102 129030 129053 129076
129103 129323 129158 129213 129268
129324 129722 129423 129522 129621
129723 129908 129769 129815 129861
129909 130244 129992 130075 130158
130245 130477 130303 130361 130419
130478 130588 130505 130532 130559
130589 130649 130604 130619 130634
130650 130745 130673 130696 130719
130746 130917 130788 130830 130872
130918 131068 130955 130992 131029
131069 131287 131123 131177 131231
131288 131713 131394 131500 131606
131714 131753 131723 131732 131741
131754 131850 131778 131802 131826
131851 132482 132008 132165 132322
132483 132645 132523 132563 132603
132646 133952 132972 133298 133624
133953 134090 133987 134021 134055
134091 134138 134102 134113 134124
134139 134179 134149 134159 134169
134180 134199 134184 134188 134192
134200 134236 134209 134218 134227
134237 134276 134246 134255 134264
134277 134299 134282 134287 134292
134300 134343 134310 134320 134330
134344 134370 134350 134356 134362
134371 134391 134376 134381 134386
134392 134413 134397 134402 134407
134414 134435 134419 134424 134429
134436 134490 134449 134462 134475
134491 134513 134496 134501 134506
134514 134552 134523 134532 134541
134553 134576 134558 134563 134568
134577 134600 134582 134587 134592
134601 134761 134641 134681 134721
134762 134866 134788 134814 134840
134867 134907 134877 134887 134897
134908 134941 134916 134924 134932
134942 135458 134956 134970 135342
135459 135845 135555 135651 135747
135846 135947 135871 135896 135921
135948 136205 136012 136076 136140
136206 136286 136226 136246 136266
136287 136409 136317 136347 136377
136410 136668 136474 136538 136602
136669 136746 136688 136707 136726
136747 137003 136811 136875 136939
137004 137058 137017 137030 137043
137059 137088 137066 137073 137080
137089 137111 137094 137099 137104
137112 137161 137124 137136 137148
137162 137399 137221 137280 137339
137400 137496 137424 137448 137472
137497 137566 137514 137531 137548
137567 138062 137690 137813 137936
138063 138145 138083 138103 138123
138146 138256 138173 138200 138227
138257 138313 138271 138285 138299
138314 138477 138354 138394 138434
138478 138534 138492 138506 138520
138535 138632 138559 138583 138607
138633 138762 138665 138697 138729
138763 138970 138814 138865 138916
138971 139089 139000 139029 139058
139090 139163 139108 139126 139144
139164 139199 139172 139180 139188
139200 139221 139205 139210 139215
139222 139619 139321 139420 139519
139620 139800 139665 139710 139755
139801 139880 139820 139839 139858
139881 139985 139907 139933 139959
139986 140122 140020 140054 140088
140123 140241 140152 140181 140210
140242 140358 140271 140300 140329
140359 143533 141152 141945 142738
143534 143855 143614 143694 143774
