0 48 12 24 36
49 329 119 189 259
330 2538 882 1434 1986
2539 3482 2774 3009 3244
3483 3805 3563 3643 3723
3806 6285 4425 5044 5663
6286 6537 6348 6410 6472
6538 6581 6548 6558 6568
6582 6741 6621 6660 6699
6742 6942 6792 6842 6892
6943 7136 6991 7039 7087
7137 7170 7145 7153 7161
7171 7238 7187 7203 7219
7239 7385 7275 7311 7347
7386 7625 7445 7504 7563
7626 7701 7644 7662 7680
7702 7770 7719 7736 7753
7771 7879 7798 7825 7852
7880 8122 7940 8000 8060
8123 8190 8139 8155 8171
8191 8314 8221 8251 8281
8315 8358 8325 8335 8345
8359 8526 8400 8441 8482
8527 8627 8552 8577 8602
8628 8760 8661 8694 8727
8761 8796 8769 8777 8785
8797 9070 8865 8933 9001
9071 9239 9113 9155 9197
9240 9889 9402 9564 9726
9890 9994 9916 9942 9968
9995 10053 10009 10023 10037
10054 10814 10244 10434 10624
10815 11027 10868 10921 10974
11028 11088 11043 11058 11073
11089 11232 11124 11159 11194
11233 11284 11245 11257 11269
11285 11863 11429 11573 11717
11864 11903 11873 11882 11891
11904 11959 11917 11930 11943
11960 12030 11977 11994 12011
12031 12059 12038 12045 12052
12060 12091 12067 12074 12081
12092 12212 12122 12152 12182
12213 12272 12227 12241 12255
12273 13125 12486 12699 12912
13126 13495 13218 13310 13402
13496 13551 13509 13522 13535
13552 13572 13557 13562 13567
13573 14123 13710 13847 13984
14124 14350 14180 14236 14292
14351 16252 14513 14675 15939
16253 16437 16299 16345 16391
16438 16620 16483 16528 16573
16621 16660 16630 16639 16648
16661 16741 16681 16701 16721
16742 16845 16767 16792 16817
16846 16966 16876 16906 16936
16967 17777 17169 17371 17573
17778 18290 17906 18034 18162
18291 18567 18360 18429 18498
18568 18918 18655 18742 18829
18919 19039 18949 18979 19009
19040 19226 19086 19132 19178
19227 19320 19250 19273 19296
19321 19460 19355 19389 19423
19461 19473 19464 19467 19470
19474 19564 19496 19518 19540
19565 19685 19595 19625 19655
19686 19865 19730 19774 19818
19866 19910 19877 19888 19899
19911 20485 20054 20197 20340
20486 20556 20503 20520 20537
20557 20612 20570 20583 20596
20613 20652 20622 20631 20640
20653 20680 20659 20665 20671
20681 20729 20693 20705 20717
20730 20793 20745 20760 20775
20794 21380 20940 21086 21232
21381 21408 21387 21393 21399
21409 21682 21477 21545 21613
21683 21726 21693 21703 21713
21727 21883 21766 21805 21844
21884 21963 21903 21922 21941
21964 22022 21978 21992 22006
22023 22082 22037 22051 22065
22083 22358 22151 22219 22287
22359 23198 22568 22777 22986
23199 23236 23208 23217 23226
23237 23369 23270 23303 23336
23370 23435 23386 23402 23418
23436 24233 23635 23834 24033
24234 24552 24313 24392 24471
24553 24649 24577 24601 24625
24650 24848 24699 24748 24797
24849 24957 24876 24903 24930
24958 25030 24976 24994 25012
25031 25151 25061 25091 25121
25152 25224 25170 25188 25206
25225 25265 25235 25245 25255
25266 25466 25316 25366 25416
25467 25593 25498 25529 25560
25594 25717 25624 25654 25684
25718 25810 25741 25764 25787
25811 25975 25852 25893 25934
25976 26059 25996 26016 26036
26060 26260 26110 26160 26210
26261 26326 26277 26293 26309
26327 26390 26342 26357 26372
26391 26517 26422 26453 26484
26518 26588 26535 26552 26569
26589 26736 26625 26661 26697
26737 26797 26752 26767 26782
26798 28564 27239 27680 28121
28565 29842 28884 29203 29522
29843 30010 29882 29921 30006
30011 30284 30079 30147 30215
30285 30470 30331 30377 30423
30471 30595 30502 30533 30564
30596 30676 30616 30636 30656
30677 30781 30703 30729 30755
30782 30816 30790 30798 30806
30817 30839 30822 30827 30832
30840 30967 30871 30902 30933
30968 31099 31000 31032 31064
31100 31132 31108 31116 31124
31133 31559 31239 31345 31451
31560 31635 31578 31596 31614
31636 32303 31802 31968 32134
32304 32384 32324 32344 32364
32385 32547 32425 32465 32505
32548 32628 32568 32588 32608
32629 32756 32660 32691 32722
32757 32839 32777 32797 32817
32840 32886 32851 32862 32873
32887 32929 32897 32907 32917
32930 33248 33009 33088 33167
33249 33278 33256 33263 33270
33279 33392 33307 33335 33363
33393 33444 33405 33417 33429
33445 33860 33548 33651 33754
33861 34261 33961 34061 34161
34262 34482 34317 34372 34427
34483 34539 34497 34511 34525
34540 34763 34595 34650 34705
34764 34828 34780 34796 34812
34829 35205 34923 35017 35111
35206 35629 35311 35416 35521
35630 35661 35637 35644 35651
35662 35790 35694 35726 35758
35791 36074 35861 35931 36001
36075 36128 36088 36101 36114
36129 36363 36187 36245 36303
36364 36453 36386 36408 36430
36454 36960 36580 36706 36832
36961 37045 36982 37003 37024
37046 37696 37208 37370 37532
37697 37772 37715 37733 37751
37773 37962 37820 37867 37914
37963 38612 38125 38287 38449
38613 38750 38647 38681 38715
38751 38859 38778 38805 38832
38860 38885 38866 38872 38878
38886 38927 38896 38906 38916
38928 39499 39070 39212 39354
39500 39739 39559 39618 39677
39740 39903 39780 39820 39860
39904 40029 39935 39966 39997
40030 40095 40046 40062 40078
40096 40239 40131 40166 40201
40240 40505 40306 40372 40438
40506 40557 40518 40530 40542
40558 40615 40572 40586 40600
40616 40681 40632 40648 40664
40682 41046 40773 40864 40955
41047 41180 41080 41113 41146
41181 41521 41266 41351 41436
41522 41728 41573 41624 41675
41729 41841 41757 41785 41813
41842 41971 41874 41906 41938
41972 42154 42017 42062 42107
42155 42241 42176 42197 42218
42242 42631 42339 42436 42533
42632 42779 42668 42704 42740
42780 43065 42851 42922 42993
43066 43129 43081 43096 43111
43130 43250 43160 43190 43220
43251 43337 43272 43293 43314
43338 43647 43415 43492 43569
43648 43680 43656 43664 43672
43681 43933 43744 43807 43870
43934 44077 43969 44004 44039
44078 44250 44121 44164 44207
44251 44357 44277 44303 44329
44358 44433 44376 44394 44412
44434 44552 44463 44492 44521
44553 44650 44577 44601 44625
44651 44703 44664 44677 44690
44704 44958 44767 44830 44893
44959 45265 44969 44979 45198
45266 45486 45321 45376 45431
45487 45836 45574 45661 45748
45837 46214 45931 46025 46119
46215 46331 46244 46273 46302
46332 46432 46357 46382 46407
46433 46709 46502 46571 46640
46710 46757 46721 46732 46743
46758 46830 46776 46794 46812
46831 46866 46839 46847 46855
46867 47039 46910 46953 46996
47040 47174 47073 47106 47139
47175 47380 47226 47277 47328
47381 47621 47441 47501 47561
47622 47837 47675 47728 47781
47838 47926 47860 47882 47904
47927 48074 47963 47999 48035
48075 48148 48093 48111 48129
48149 48380 48206 48263 48320
48381 48465 48402 48423 48444
48466 48689 48521 48576 48631
48690 48744 48703 48716 48729
48745 48902 48784 48823 48862
48903 49082 48947 48991 49035
49083 49235 49121 49159 49197
49236 49343 49262 49288 49314
49344 49377 49352 49360 49368
49378 49433 49391 49404 49417
49434 49580 49470 49506 49542
49581 50035 49694 49807 49920
50036 50140 50062 50088 50114
50141 50216 50159 50177 50195
50217 50347 50249 50281 50313
50348 50403 50361 50374 50387
50404 50975 50546 50688 50830
50976 51069 50999 51022 51045
51070 51549 51189 51308 51427
51550 51780 51607 51664 51721
51781 51928 51817 51853 51889
51929 51965 51938 51947 51956
51966 52547 52111 52256 52401
52548 53613 52814 53080 53346
53614 56142 54246 54878 55510
56143 56226 56163 56183 56203
56227 56304 56246 56265 56284
56305 56502 56354 56403 56452
56503 56532 56510 56517 56524
56533 56620 56554 56575 56596
56621 56698 56640 56659 56678
56699 56804 56725 56751 56777
56805 56915 56832 56859 56886
56916 57084 56958 57000 57042
57085 57200 57113 57141 57169
57201 57271 57218 57235 57252
57272 57385 57300 57328 57356
57386 57582 57435 57484 57533
57583 57660 57602 57621 57640
57661 58584 57891 58121 58351
58585 58870 58656 58727 58798
58871 59168 58945 59019 59093
59169 59339 59211 59253 59295
59340 60924 59504 59668 60693
60925 61386 61040 61155 61270
61387 61506 61416 61445 61474
61507 61766 61571 61635 61699
61767 62062 61840 61913 61986
62063 62762 62237 62411 62585
62763 63441 62932 63101 63270
63442 65784 64027 64612 65197
65785 65833 65797 65809 65821
65834 65944 65861 65888 65915
65945 65990 65956 65967 65978
65991 66066 66009 66027 66045
66067 66162 66090 66113 66136
66163 66354 66210 66257 66304
66355 66384 66362 66369 66376
66385 66475 66407 66429 66451
66476 66592 66505 66534 66563
66593 66747 66631 66669 66707
66748 66796 66760 66772 66784
66797 66850 66810 66823 66836
66851 66947 66875 66899 66923
66948 66972 66954 66960 66966
66973 67271 67047 67121 67195
67272 67346 67290 67308 67326
67347 67570 67402 67457 67512
67571 68597 67827 68083 68339
68598 69687 68870 69142 69414
69688 69981 69761 69834 69907
69982 70251 70049 70116 70183
70252 70422 70294 70336 70378
70423 70544 70453 70483 70513
70545 70574 70552 70559 70566
70575 70813 70634 70693 70752
70814 70952 70848 70882 70916
70953 71339 71049 71145 71241
71340 71372 71348 71356 71364
71373 71463 71395 71417 71439
71464 72427 71704 71944 72184
72428 74259 72885 73342 73799
74260 74349 74282 74304 74326
74350 74633 74420 74490 74560
74634 74717 74654 74674 74694
74718 74755 74727 74736 74745
74756 74802 74767 74778 74789
74803 74874 74820 74837 74854
74875 75082 74906 74937 75060
75083 75183 75108 75133 75158
75184 75465 75254 75324 75394
75466 75538 75484 75502 75520
75539 76070 75671 75803 75935
76071 76369 76145 76219 76293
76370 76418 76382 76394 76406
76419 76663 76480 76541 76602
76664 76714 76676 76688 76700
76715 76769 76728 76741 76754
76770 76855 76791 76812 76833
76856 76957 76881 76906 76931
76958 76991 76966 76974 76982
76992 77096 77018 77044 77070
77097 77404 77173 77249 77325
77405 77622 77459 77513 77567
77623 78481 77837 78051 78265
78482 78649 78523 78564 78605
78650 78722 78668 78686 78704
78723 79019 78797 78871 78945
79020 79378 79109 79198 79287
79379 79460 79399 79419 79439
79461 79702 79521 79581 79641
79703 79738 79711 79719 79727
79739 79869 79771 79803 79835
79870 80002 79903 79936 79969
80003 80034 80010 80017 80024
80035 80094 80049 80063 80077
80095 80129 80103 80111 80119
80130 80161 80137 80144 80151
80162 80527 80253 80344 80435
80528 80567 80537 80546 80555
80568 80600 80576 80584 80592
80601 80756 80639 80677 80715
80757 81995 81066 81375 81684
81996 82065 82013 82030 82047
82066 82112 82077 82088 82099
82113 82220 82139 82165 82191
82221 82339 82250 82279 82308
82340 82391 82352 82364 82376
82392 82665 82460 82528 82596
82666 82863 82715 82764 82813
82864 83027 82904 82944 82984
83028 83162 83061 83094 83127
83163 83228 83179 83195 83211
83229 83487 83293 83357 83421
83488 83588 83513 83538 83563
83589 83624 83597 83605 83613
83625 83671 83636 83647 83658
83672 83808 83706 83740 83774
83809 83873 83825 83841 83857
83874 84004 83906 83938 83970
84005 84205 84055 84105 84155
84206 84330 84237 84268 84299
84331 84592 84396 84461 84526
84593 84754 84633 84673 84713
84755 84896 84790 84825 84860
84897 85071 84940 84983 85026
85072 85466 85170 85268 85366
85467 85604 85501 85535 85569
85605 85651 85616 85627 85638
85652 85826 85695 85738 85781
85827 86085 85891 85955 86019
86086 86121 86094 86102 86110
86122 86268 86158 86194 86230
86269 86327 86283 86297 86311
86328 86469 86363 86398 86433
86470 86578 86497 86524 86551
86579 86747 86621 86663 86705
86748 86926 86792 86836 86880
86927 86974 86938 86949 86960
86975 87065 86997 87019 87041
87066 87121 87079 87092 87105
87122 87183 87137 87152 87167
87184 87243 87198 87212 87226
87244 87799 87382 87520 87658
87800 88182 87895 87990 88085
88183 88542 88272 88361 88450
88543 89291 88730 88917 89104
89292 89855 89432 89572 89712
89856 89934 89875 89894 89913
89935 90138 89951 89967 90102
90139 90196 90153 90167 90181
90197 90566 90289 90381 90473
90567 90680 90595 90623 90651
90681 90990 90758 90835 90912
90991 91385 91089 91187 91285
91386 92011 91542 91698 91854
92012 92365 92100 92188 92276
92366 92583 92420 92474 92528
92584 93445 92799 93014 93229
93446 93728 93516 93586 93656
93729 93772 93739 93749 93759
93773 94102 93855 93937 94019
94103 94134 94110 94117 94124
94135 94595 94250 94365 94480
94596 94772 94640 94684 94728
94773 94953 94818 94863 94908
94954 95071 94983 95012 95041
95072 95159 95093 95114 95135
95160 95302 95195 95230 95265
95303 95612 95380 95457 95534
95613 95701 95635 95657 95679
95702 96476 95895 96088 96281
96477 96726 96539 96601 96663
96727 97027 96802 96877 96952
97028 97121 97051 97074 97097
97122 97157 97130 97138 97146
97158 97228 97175 97192 97209
97229 99346 97758 98287 98816
99347 99512 99388 99429 99470
99513 99549 99522 99531 99540
99550 99752 99600 99650 99700
99753 99789 99762 99771 99780
99790 99834 99801 99812 99823
99835 101141 100161 100487 100813
101142 102225 101412 101682 101952
102226 102378 102264 102302 102340
102379 103494 102657 102935 103213
103495 103924 103602 103709 103816
103925 104187 103990 104055 104120
104188 104448 104253 104318 104383
104449 104478 104456 104463 104470
104479 104591 104507 104535 104563
104592 104644 104605 104618 104631
104645 104719 104663 104681 104699
104720 104828 104747 104774 104801
104829 104859 104836 104843 104850
104860 104915 104873 104886 104899
104916 105232 104936 104956 105174
105233 105316 105253 105273 105293
105317 105361 105328 105339 105350
105362 105417 105375 105388 105401
105418 105449 105425 105432 105439
105450 105581 105482 105514 105546
105582 105814 105640 105698 105756
105815 105896 105835 105855 105875
105897 105956 105911 105925 105939
105957 106002 105968 105979 105990
106003 106071 106020 106037 106054
106072 106094 106077 106082 106087
106095 106214 106124 106153 106182
106215 106278 106230 106245 106260
106279 106338 106293 106307 106321
106339 106369 106346 106353 106360
106370 106399 106377 106384 106391
106400 106435 106408 106416 106424
106436 106688 106499 106562 106625
106689 108227 107073 107457 107841
108228 108395 108269 108310 108351
108396 108580 108442 108488 108534
108581 108636 108594 108607 108620
108637 108707 108654 108671 108688
108708 108756 108720 108732 108744
108757 108792 108765 108773 108781
108793 108926 108826 108859 108892
108927 109073 108963 108999 109035
109074 109772 109248 109422 109596
109773 109807 109781 109789 109797
109808 110912 110084 110360 110636
110913 110941 110920 110927 110934
110942 110967 110948 110954 110960
110968 111045 110987 111006 111025
111046 111328 111116 111186 111256
111329 111998 111496 111663 111830
111999 112433 112107 112215 112323
112434 112489 112447 112460 112473
112490 112692 112540 112590 112640
112693 112816 112723 112753 112783
112817 112866 112829 112841 112853
112867 112919 112880 112893 112906
112920 113012 112943 112966 112989
113013 113061 113025 113037 113049
113062 113315 113125 113188 113251
113316 113418 113341 113366 113391
113419 113510 113441 113463 113485
113511 113637 113542 113573 113604
113638 113702 113654 113670 113686
113703 113777 113721 113739 113757
113778 114057 113847 113916 113985
114058 114103 114069 114080 114091
114104 114236 114137 114170 114203
114237 114296 114251 114265 114279
114297 114688 114394 114491 114588
114689 114788 114713 114737 114761
114789 115378 114936 115083 115230
115379 115449 115396 115413 115430
115450 116069 115604 115758 115912
116070 116128 116084 116098 116112
116129 116576 116240 116351 116462
116577 116725 116614 116651 116688
116726 116829 116751 116776 116801
116830 116942 116858 116886 116914
116943 118416 117311 117679 118047
118417 118535 118446 118475 118504
118536 118859 118616 118696 118776
118860 119422 119000 119140 119280
119423 119537 119451 119479 119507
119538 119584 119549 119560 119571
119585 119619 119593 119601 119609
119620 119655 119628 119636 119644
119656 119684 119663 119670 119677
119685 119752 119701 119717 119733
119753 119780 119759 119765 119771
119781 119820 119790 119799 119808
119821 119845 119827 119833 119839
119846 119890 119857 119868 119879
119891 120015 119918 119945 120009
120016 120148 120049 120082 120115
120149 120186 120158 120167 120176
120187 120255 120204 120221 120238
120256 120308 120269 120282 120295
120309 120416 120335 120361 120387
120417 120483 120433 120449 120465
120484 120524 120494 120504 120514
120525 120555 120532 120539 120546
120556 120577 120561 120566 120571
120578 120716 120612 120646 120680
120717 120759 120727 120737 120747
120760 120886 120791 120822 120853
120887 120924 120896 120905 120914
120925 121045 120955 120985 121015
121046 121079 121054 121062 121070
121080 121175 121103 121126 121149
121176 121231 121189 121202 121215
121232 121365 121265 121298 121331
121366 121441 121384 121402 121420
121442 121516 121460 121478 121496
121517 121580 121532 121547 121562
121581 121621 121591 121601 121611
121622 121704 121642 121662 121682
121705 122016 121782 121859 121936
122017 122103 122038 122059 122080
122104 122341 122163 122222 122281
122342 122498 122381 122420 122459
122499 122577 122518 122537 122556
122578 122645 122594 122610 122626
122646 122705 122660 122674 122688
122706 123025 122785 122864 122943
123026 123142 123055 123084 123113
123143 123168 123149 123155 123161
123169 123304 123202 123235 123268
123305 123835 123437 123569 123701
123836 124151 123914 123992 124070
124152 124242 124174 124196 124218
124243 124306 124258 124273 124288
124307 124711 124408 124509 124610
124712 124748 124721 124730 124739
124749 124962 124802 124855 124908
124963 126222 125277 125591 125905
126223 126273 126235 126247 126259
126274 126562 126346 126418 126490
126563 127310 126749 126935 127121
127311 127444 127344 127377 127410
127445 127516 127462 127479 127496
127517 127582 127533 127549 127565
127583 128172 127730 127877 128024
128173 128212 128182 128191 128200
128213 128356 128248 128283 128318
128357 128381 128363 128369 128375
128382 128413 128389 128396 128403
128414 128443 128421 128428 128435
128444 128475 128451 128458 128465
128476 128565 128498 128520 128542
128566 128810 128627 128688 128749
128811 128842 128818 128825 128832
128843 128970 128874 128905 128936
128971 129101 129003 129035 129067
129102 129190 129124 129146 129168
129191 129262 129208 129225 129242
129263 129495 129321 129379 129437
129496 129689 129544 129592 129640
129690 129748 129704 129718 129732
129749 130126 129843 129937 130031
130127 130201 130145 130163 130181
130202 130239 130211 130220 130229
130240 130297 130254 130268 130282
130298 130350 130311 130324 130337
130351 130434 130371 130391 130411
130435 130498 130450 130465 130480
130499 130657 130538 130577 130616
130658 130809 130695 130732 130769
130810 131076 130876 130942 131008
131077 133314 131636 132195 132754
133315 133433 133344 133373 133402
133434 133755 133514 133594 133674
133756 134073 133835 133914 133993
134074 134123 134086 134098 134110
134124 134294 134166 134208 134250
134295 134327 134303 134311 134319
134328 134364 134337 134346 134355
134365 134395 134372 134379 134386
134396 134441 134407 134418 134429
134442 134541 134466 134490 134514
134542 134640 134566 134590 134614
134641 134727 134662 134683 134704
134728 134792 134744 134760 134776
134793 134924 134825 134857 134889
134925 135002 134943 134961 135000
135003 135096 135026 135049 135072
135097 135145 135109 135121 135133
135146 135203 135160 135174 135188
135204 135300 135228 135252 135276
135301 135363 135316 135331 135346
135364 135406 135374 135384 135394
135407 135846 135516 135625 135734
135847 135902 135860 135873 135886
135903 135942 135912 135921 135930
135943 136054 135970 135997 136024
136055 136327 136123 136191 136259
136328 136374 136339 136350 136361
136375 137021 136536 136697 136858
137022 137580 137161 137300 137439
137581 137608 137587 137593 137599
137609 137664 137622 137635 137648
137665 137698 137673 137681 137689
137699 137930 137756 137813 137870
137931 138222 138003 138075 138147
138223 138282 138237 138251 138265
138283 138595 138361 138439 138517
138596 138619 138601 138606 138611
138620 138729 138647 138674 138701
138730 138806 138749 138768 138787
138807 139084 138876 138945 139014
139085 139116 139092 139099 139106
139117 139197 139137 139157 139177
139198 139265 139214 139230 139246
139266 139311 139277 139288 139299
139312 139338 139318 139324 139330
139339 139400 139354 139369 139384
139401 139628 139457 139513 139569
139629 139769 139664 139699 139734
139770 140053 139840 139910 139980
140054 140170 140083 140112 140141
140171 140283 140199 140227 140255
140284 140363 140303 140322 140341
140364 140466 140389 140414 140439
140467 140519 140480 140493 140506
140520 140731 140572 140624 140676
140732 140772 140742 140752 140762
140773 141171 140872 140971 141070
141172 141194 141177 141182 141187
141195 141239 141206 141217 141228
141240 141318 141259 141278 141297
141319 141353 141327 141335 141343
141354 141596 141414 141474 141534
141597 141698 141622 141647 141672
141699 141763 141715 141731 141747
141764 141943 141808 141852 141896
141944 141977 141952 141960 141968
141978 142070 142001 142024 142047
142071 142192 142101 142131 142161
142193 142234 142203 142213 142223
142235 142314 142254 142273 142292
142315 142346 142322 142329 142336
142347 142501 142385 142423 142461
142502 142533 142509 142516 142523
142534 142571 142543 142552 142561
142572 142781 142624 142676 142728
142782 142937 142820 142858 142896
142938 142994 142952 142966 142980
142995 143032 143004 143013 143022
143033 143064 143040 143047 143054
143065 143324 143129 143193 143257
143325 143562 143384 143443 143502
143563 143767 143614 143665 143716
143768 143794 143774 143780 143786
143795 143971 143839 143883 143927
143972 144005 143980 143988 143996
144006 144277 144073 144140 144207
144278 144329 144290 144302 144314
144330 144378 144342 144354 144366
144379 144473 144402 144425 144448
144474 144597 144504 144534 144564
144598 144695 144622 144646 144670
144696 144823 144727 144758 144789
144824 144885 144839 144854 144869
144886 144951 144902 144918 144934
144952 145028 144971 144990 145009
145029 145092 145044 145059 145074
145093 145183 145115 145137 145159
145184 145210 145190 145196 145202
145211 145302 145233 145255 145277
145303 145351 145315 145327 145339
145352 145394 145362 145372 145382
145395 145643 145457 145519 145581
145644 145677 145652 145660 145668
145678 145766 145700 145722 145744
145767 145816 145779 145791 145803
145817 146049 145875 145933 145991
146050 146084 146058 146066 146074
146085 146320 146143 146201 146259
146321 146505 146367 146413 146459
146506 146564 146520 146534 146548
146565 146600 146573 146581 146589
146601 146743 146636 146671 146706
146744 146766 146749 146754 146759
146767 146819 146780 146793 146806
146820 146952 146853 146886 146919
146953 147077 146984 147015 147046
147078 147165 147099 147120 147141
147166 147977 147368 147570 147772
147978 148069 148000 148022 148044
148070 148161 148092 148114 148136
148162 148312 148199 148236 148273
148313 148363 148325 148337 148349
148364 150893 148772 149180 150669
150894 150954 150909 150924 150939
150955 152010 151218 151481 151744
152011 152071 152026 152041 152056
152072 152525 152185 152298 152411
152526 152571 152537 152548 152559
152572 152963 152669 152766 152863
152964 153139 153007 153050 153093
153140 153314 153183 153226 153269
153315 153359 153326 153337 153348
153360 153888 153492 153624 153756
153889 153959 153906 153923 153940
153960 154285 154041 154122 154203
154286 154688 154386 154486 154586
154689 154865 154733 154777 154821
154866 155038 154909 154952 154995
155039 155192 155077 155115 155153
155193 155316 155223 155253 155283
155317 155417 155342 155367 155392
155418 155462 155429 155440 155451
155463 155550 155484 155505 155526
155551 155782 155608 155665 155722
155783 155824 155793 155803 155813
155825 155851 155831 155837 155843
155852 155964 155880 155908 155936
155965 155987 155970 155975 155980
155988 156055 156004 156020 156036
156056 156072 156060 156064 156068
156073 156193 156103 156133 156163
156194 156219 156200 156206 156212
156220 156253 156228 156236 156244
156254 156273 156258 156262 156266
156274 156318 156285 156296 156307
156319 156412 156342 156365 156388
156413 156432 156417 156421 156425
156433 156463 156440 156447 156454
156464 156481 156468 156472 156476
156482 156567 156503 156524 156545
156568 156597 156575 156582 156589
156598 156625 156604 156610 156616
156626 156654 156633 156640 156647
156655 156702 156666 156677 156688
156703 156763 156718 156733 156748
156764 156824 156779 156794 156809
156825 156859 156833 156841 156849
156860 156877 156864 156868 156872
156878 156908 156885 156892 156899
156909 156952 156919 156929 156939
156953 156982 156960 156967 156974
156983 157000 156987 156991 156995
157001 157019 157005 157009 157013
157020 157037 157024 157028 157032
157038 157121 157058 157078 157098
157122 157143 157127 157132 157137
157144 157192 157156 157168 157180
157193 157242 157205 157217 157229
157243 157274 157250 157257 157264
157275 157291 157279 157283 157287
157292 157320 157299 157306 157313
157321 157361 157331 157341 157351
157362 157379 157366 157370 157374
157380 157409 157387 157394 157401
157410 157430 157415 157420 157425
157431 157477 157442 157453 157464
157478 157494 157482 157486 157490
157495 157677 157540 157585 157630
157678 157767 157700 157722 157744
157768 157804 157777 157786 157795
157805 157842 157814 157823 157832
157843 157885 157853 157863 157873
157886 157937 157898 157910 157922
157938 158120 157983 158028 158073
158121 158202 158141 158161 158181
158203 158353 158240 158277 158314
158354 158486 158387 158420 158453
158487 158530 158497 158507 158517
158531 158638 158557 158583 158609
158639 158748 158666 158693 158720
158749 158919 158791 158833 158875
158920 158947 158926 158932 158938
158948 158980 158956 158964 158972
158981 159202 159036 159091 159146
159203 161753 159840 160477 161114
