0 137 34 68 102
138 313 181 224 267
314 2718 915 1516 2117
2719 2955 2778 2837 2896
2956 3255 3030 3104 3178
3256 3786 3388 3520 3652
3787 4000 3840 3893 3946
4001 4080 4020 4039 4058
4081 4282 4131 4181 4231
4283 4599 4362 4441 4520
4600 5316 4779 4958 5137
5317 5607 5389 5461 5533
5608 5848 5668 5728 5788
5849 5976 5880 5911 5942
5977 6106 6009 6041 6073
6107 6210 6132 6157 6182
6211 6339 6243 6275 6307
6340 6388 6352 6364 6376
6389 6539 6426 6463 6500
6540 6734 6588 6636 6684
6735 6848 6763 6791 6819
6849 6902 6862 6875 6888
6903 7001 6927 6951 6975
7002 7082 7022 7042 7062
7083 7204 7113 7143 7173
7205 7265 7220 7235 7250
7266 7371 7292 7318 7344
7372 7546 7415 7458 7501
7547 7751 7598 7649 7700
7752 7876 7783 7814 7845
7877 7970 7900 7923 7946
7971 8054 7991 8011 8031
8055 8163 8082 8109 8136
8164 8256 8187 8210 8233
8257 8347 8279 8301 8323
8348 8452 8374 8400 8426
8453 8658 8504 8555 8606
8659 8749 8681 8703 8725
8750 8829 8769 8788 8807
8830 8900 8847 8864 8881
8901 8979 8920 8939 8958
8980 9043 8995 9010 9025
9044 9184 9079 9114 9149
9185 9389 9236 9287 9338
9390 9528 9424 9458 9492
9529 9638 9556 9583 9610
9639 9771 9672 9705 9738
9772 9828 9786 9800 9814
9829 9985 9868 9907 9946
9986 10046 10001 10016 10031
10047 10230 10092 10137 10182
10231 10297 10247 10263 10279
10298 10457 10337 10376 10415
10458 10575 10487 10516 10545
10576 10708 10609 10642 10675
10709 10751 10719 10729 10739
10752 10791 10761 10770 10779
10792 10826 10800 10808 10816
10827 10978 10864 10901 10938
10979 11062 10999 11019 11039
11063 11156 11086 11109 11132
11157 11225 11174 11191 11208
11226 11387 11266 11306 11346
11388 11541 11426 11464 11502
11542 11689 11578 11614 11650
11690 11868 11734 11778 11822
11869 11992 11899 11929 11959
11993 12284 12065 12137 12209
12285 12392 12311 12337 12363
12393 12480 12414 12435 12456
12481 12747 12547 12613 12679
12748 12826 12767 12786 12805
12827 12871 12838 12849 12860
12872 12978 12898 12924 12950
12979 13043 12995 13011 13027
13044 13122 13063 13082 13101
13123 13214 13145 13167 13189
13215 13324 13242 13269 13296
13325 13454 13357 13389 13421
13455 13672 13509 13563 13617
13673 13760 13694 13715 13736
13761 13822 13776 13791 13806
13823 13885 13838 13853 13868
13886 13949 13901 13916 13931
13950 14010 13965 13980 13995
14011 14077 14027 14043 14059
14078 14225 14114 14150 14186
14226 14297 14243 14260 14277
14298 14349 14310 14322 14334
14350 14458 14377 14404 14431
14459 14531 14477 14495 14513
14532 14683 14569 14606 14643
14684 14729 14695 14706 14717
14730 14927 14779 14828 14877
14928 15031 14945 14962 15021
15032 15144 15060 15088 15116
15145 15246 15170 15195 15220
15247 15392 15283 15319 15355
15393 15525 15426 15459 15492
15526 15723 15575 15624 15673
15724 15781 15738 15752 15766
15782 16189 15883 15984 16085
16190 16241 16202 16214 16226
16242 16366 16273 16304 16335
16367 16448 16387 16407 16427
16449 16758 16526 16603 16680
16759 16952 16807 16855 16903
16953 17299 17039 17125 17211
17300 17693 17398 17496 17594
17694 17797 17719 17744 17769
17798 17993 17846 17894 17942
17994 18222 18051 18108 18165
18223 18330 18249 18275 18301
18331 18441 18358 18385 18412
18442 18614 18485 18528 18571
18615 18708 18638 18661 18684
18709 19012 18784 18859 18934
19013 19134 19043 19073 19103
19135 19178 19145 19155 19165
19179 19236 19193 19207 19221
19237 19756 19366 19495 19624
19757 19966 19809 19861 19913
19967 20379 20070 20173 20276
20380 20700 20460 20540 20620
20701 20817 20730 20759 20788
20818 21010 20866 20914 20962
21011 21100 21033 21055 21077
21101 21274 21144 21187 21230
21275 21346 21292 21309 21326
21347 21527 21392 21437 21482
21528 21651 21558 21588 21618
21652 21736 21673 21694 21715
21737 21799 21752 21767 21782
21800 22045 21861 21922 21983
22046 22092 22057 22068 22079
22093 22213 22123 22153 22183
22214 22286 22232 22250 22268
22287 22402 22315 22343 22371
22403 22562 22442 22481 22520
22563 22649 22584 22605 22626
22650 22709 22664 22678 22692
22710 22750 22720 22730 22740
22751 22894 22786 22821 22856
22895 23002 22921 22947 22973
23003 23137 23036 23069 23102
23138 23509 23230 23322 23414
23510 23821 23587 23664 23741
23822 23985 23862 23902 23942
23986 24220 24044 24102 24160
24221 24392 24263 24305 24347
24393 24576 24438 24483 24528
24577 24676 24601 24625 24649
24677 24745 24694 24711 24728
24746 24841 24769 24792 24815
24842 25035 24890 24938 24986
25036 25260 25092 25148 25204
25261 25376 25289 25317 25345
25377 25630 25440 25503 25566
25631 25941 25708 25785 25862
25942 26247 26018 26094 26170
26248 26357 26275 26302 26329
26358 26428 26375 26392 26409
26429 26561 26462 26495 26528
26562 26807 26623 26684 26745
26808 27028 26863 26918 26973
27029 27196 27070 27111 27152
27197 27393 27246 27295 27344
27394 27493 27418 27442 27466
27494 27601 27520 27546 27572
27602 27761 27641 27680 27719
27762 27851 27784 27806 27828
27852 27991 27886 27920 27954
27992 28082 28014 28036 28058
28083 28168 28104 28125 28146
28169 28371 28219 28269 28319
28372 28475 28397 28422 28447
28476 28598 28506 28536 28566
28599 28629 28606 28613 28620
28630 28775 28666 28702 28738
28776 28828 28789 28802 28815
28829 28949 28859 28889 28919
28950 29032 28970 28990 29010
29033 29116 29053 29073 29093
29117 29888 29309 29501 29693
29889 29995 29915 29941 29967
29996 30109 29996 29996 30081
30110 30180 30127 30144 30161
30181 30868 30352 30523 30694
30869 30948 30888 30907 30926
30949 31073 30980 31011 31042
31074 31292 31128 31182 31236
31293 31439 31329 31365 31401
31440 31911 31557 31674 31791
31912 32673 32102 32292 32482
32674 32946 32742 32810 32878
32947 33088 32982 33017 33052
33089 33204 33117 33145 33173
33205 33303 33229 33253 33277
33304 33513 33356 33408 33460
33514 33923 33616 33718 33820
33924 34070 33960 33996 34032
34071 34245 34114 34157 34200
34246 34437 34293 34340 34387
34438 34588 34475 34512 34549
34589 34925 34673 34757 34841
34926 34986 34941 34956 34971
34987 35221 35045 35103 35161
35222 35330 35249 35276 35303
35331 35411 35351 35371 35391
35412 35532 35442 35472 35502
35533 35643 35560 35587 35614
35644 35693 35656 35668 35680
35694 35948 35757 35820 35883
35949 36085 35983 36017 36051
36086 36253 36127 36168 36209
36254 36383 36286 36318 36350
36384 36438 36397 36410 36423
36439 36545 36465 36491 36517
36546 36686 36581 36616 36651
36687 36739 36700 36713 36726
36740 36821 36760 36780 36800
36822 36992 36864 36906 36948
36993 37059 37009 37025 37041
37060 37147 37081 37102 37123
37148 37203 37161 37174 37187
37204 37510 37280 37356 37432
37511 37685 37554 37597 37640
37686 37860 37729 37772 37815
37861 37934 37879 37897 37915
37935 38015 37955 37975 37995
38016 38227 38068 38120 38172
38228 38323 38251 38274 38297
38324 38411 38345 38366 38387
38412 38461 38424 38436 38448
38462 38532 38479 38496 38513
38533 38617 38554 38575 38596
38618 38811 38666 38714 38762
38812 39065 38875 38938 39001
39066 39132 39082 39098 39114
39133 39219 39154 39175 39196
39220 39372 39258 39296 39334
39373 39582 39425 39477 39529
39583 39937 39671 39759 39847
39938 40051 39966 39994 40022
40052 40183 40084 40116 40148
40184 40461 40253 40322 40391
40462 40773 40539 40616 40693
40774 40956 40819 40864 40909
40957 41075 40986 41015 41044
41076 41292 41130 41184 41238
41293 41311 41297 41301 41305
41312 41337 41318 41324 41330
41338 41381 41348 41358 41368
41382 41398 41386 41390 41394
41399 41411 41402 41405 41408
41412 41433 41417 41422 41427
41434 41586 41472 41510 41548
41587 41639 41600 41613 41626
41640 41717 41659 41678 41697
41718 41920 41768 41818 41868
41921 42082 41961 42001 42041
42083 42198 42111 42139 42167
42199 42417 42253 42307 42361
42418 42495 42437 42456 42475
42496 42599 42521 42546 42571
42600 42711 42627 42654 42681
42712 42815 42737 42762 42787
42816 42994 42860 42904 42948
42995 43140 43031 43067 43103
43141 43224 43161 43181 43201
43225 43307 43245 43265 43285
43308 43358 43320 43332 43344
43359 43544 43405 43451 43497
43545 43638 43568 43591 43614
43639 43716 43658 43677 43696
43717 43789 43735 43753 43771
43790 43833 43800 43810 43820
43834 43865 43841 43848 43855
43866 43909 43876 43886 43896
43910 43973 43925 43940 43955
43974 44126 44012 44050 44088
44127 44257 44159 44191 44223
44258 44325 44274 44290 44306
44326 44581 44389 44452 44515
44582 44633 44594 44606 44618
44634 44795 44674 44714 44754
44796 44895 44820 44844 44868
44896 44993 44920 44944 44968
44994 45045 44995 44996 45033
45046 45212 45087 45128 45169
45213 45657 45324 45435 45546
45658 45726 45675 45692 45709
45727 45830 45752 45777 45802
45831 45884 45844 45857 45870
45885 46042 45924 45963 46002
46043 46363 46123 46203 46283
46364 46787 46469 46574 46679
46788 47689 47013 47238 47463
47690 47760 47707 47724 47741
47761 48029 47828 47895 47962
48030 48324 48103 48176 48249
48325 48976 48487 48649 48811
48977 49048 48994 49011 49028
49049 49192 49084 49119 49154
49193 49287 49216 49239 49262
49288 49466 49332 49376 49420
49467 49490 49472 49477 49482
49491 49569 49510 49529 49548
49570 49639 49587 49604 49621
49640 49868 49697 49754 49811
49869 49924 49882 49895 49908
49925 50070 49961 49997 50033
50071 50117 50082 50093 50104
50118 50252 50151 50184 50217
50253 50300 50264 50275 50286
50301 50418 50330 50359 50388
50419 50461 50429 50439 50449
50462 50534 50480 50498 50516
50535 50633 50559 50583 50607
50634 50751 50663 50692 50721
50752 50774 50757 50762 50767
50775 50828 50788 50801 50814
50829 50856 50835 50841 50847
50857 50888 50864 50871 50878
50889 50909 50894 50899 50904
50910 50957 50921 50932 50943
50958 51017 50972 50986 51000
51018 51234 51072 51126 51180
51235 51343 51262 51289 51316
51344 51413 51361 51378 51395
51414 51461 51425 51436 51447
51462 51640 51506 51550 51594
51641 51751 51668 51695 51722
51752 51872 51782 51812 51842
51873 51942 51890 51907 51924
51943 52124 51988 52033 52078
52125 52762 52284 52443 52602
52763 52914 52800 52837 52874
52915 53083 52957 52999 53041
53084 53233 53121 53158 53195
53234 53331 53258 53282 53306
53332 53397 53348 53364 53380
53398 53589 53445 53492 53539
53590 53794 53641 53692 53743
53795 53877 53815 53835 53855
53878 53971 53901 53924 53947
53972 54051 53991 54010 54029
54052 54180 54084 54116 54148
54181 54270 54203 54225 54247
54271 54404 54304 54337 54370
54405 54456 54417 54429 54441
54457 54592 54490 54523 54556
54593 54765 54636 54679 54722
54766 54885 54795 54824 54853
54886 55214 54968 55050 55132
55215 55517 55290 55365 55440
55518 55562 55529 55540 55551
55563 55757 55611 55659 55707
55758 56805 56019 56280 56541
56806 56942 56840 56874 56908
56943 57251 57020 57097 57174
57252 58241 57499 57746 57993
58242 58345 58267 58292 58317
58346 58425 58365 58384 58403
58426 58606 58471 58516 58561
58607 58732 58638 58669 58700
58733 58833 58758 58783 58808
58834 58894 58849 58864 58879
58895 58998 58920 58945 58970
58999 59387 59096 59193 59290
59388 59950 59528 59668 59808
59951 60138 59963 59975 60102
60139 60237 60163 60187 60211
60238 60480 60298 60358 60418
60481 60833 60569 60657 60745
60834 61041 60885 60936 60987
61042 61327 61113 61184 61255
61328 61447 61357 61386 61415
61448 61548 61473 61498 61523
61549 61864 61627 61705 61783
61865 62178 61943 62021 62099
62179 62746 62320 62461 62602
62747 62807 62762 62777 62792
62808 62870 62823 62838 62853
62871 62907 62880 62889 62898
62908 63038 62940 62972 63004
63039 63113 63057 63075 63093
63114 63183 63131 63148 63165
63184 63248 63200 63216 63232
63249 63292 63259 63269 63279
63293 63536 63353 63413 63473
63537 63635 63561 63585 63609
63636 63707 63653 63670 63687
63708 63772 63724 63740 63756
63773 63995 63828 63883 63938
63996 64097 64021 64046 64071
64098 64236 64132 64166 64200
64237 64319 64257 64277 64297
64320 64361 64330 64340 64350
64362 64443 64382 64402 64422
64444 64555 64471 64498 64525
64556 64635 64575 64594 64613
64636 64688 64649 64662 64675
64689 64765 64708 64727 64746
64766 64807 64776 64786 64796
64808 64872 64824 64840 64856
64873 64934 64888 64903 64918
64935 64963 64942 64949 64956
64964 65011 64975 64986 64997
65012 65108 65036 65060 65084
65109 65211 65134 65159 65184
65212 65515 65287 65362 65437
65516 65588 65534 65552 65570
65589 65754 65630 65671 65712
65755 65849 65778 65801 65824
65850 65960 65877 65904 65931
65961 66095 65994 66027 66060
66096 66516 66201 66306 66411
66517 66691 66560 66603 66646
66692 66866 66735 66778 66821
66867 67124 66931 66995 67059
67125 67237 67153 67181 67209
67238 67365 67269 67300 67331
67366 67501 67399 67432 67465
67502 67683 67547 67592 67637
67684 67833 67721 67758 67795
67834 68114 67904 67974 68044
68115 68260 68151 68187 68223
68261 68372 68288 68315 68342
68373 68719 68459 68545 68631
68720 69036 68799 68878 68957
69037 70063 69293 69549 69805
70064 70147 70084 70104 70124
70148 70273 70179 70210 70241
70274 70721 70385 70496 70607
70722 70870 70759 70796 70833
70871 71015 70907 70943 70979
71016 71091 71034 71052 71070
71092 71456 71183 71274 71365
71457 71557 71482 71507 71532
71558 71770 71611 71664 71717
71771 71927 71810 71849 71888
71928 72168 71988 72048 72108
72169 72325 72208 72247 72286
72326 72501 72369 72412 72455
72502 72574 72520 72538 72556
72575 72687 72603 72631 72659
72688 72861 72731 72774 72817
72862 73021 72901 72940 72979
73022 73272 73084 73146 73208
73273 73404 73305 73337 73369
73405 73459 73418 73431 73444
73460 73592 73493 73526 73559
73593 73845 73656 73719 73782
73846 73971 73877 73908 73939
73972 74072 73997 74022 74047
74073 74141 74090 74107 74124
74142 74338 74191 74240 74289
74339 74610 74406 74473 74540
74611 74653 74621 74631 74641
74654 74718 74670 74686 74702
74719 74777 74733 74747 74761
74778 74820 74788 74798 74808
74821 74907 74842 74863 74884
74908 75040 74930 74952 75030
75041 75233 75089 75137 75185
75234 75285 75246 75258 75270
75286 75347 75301 75316 75331
75348 75507 75387 75426 75465
75508 75774 75574 75640 75706
75775 75838 75790 75805 75820
75839 76042 75889 75939 75989
76043 76188 76079 76115 76151
76189 76267 76208 76227 76246
76268 76416 76305 76342 76379
76417 76544 76448 76479 76510
76545 77040 76668 76791 76914
77041 77187 77077 77113 77149
77188 77296 77215 77242 77269
77297 77386 77319 77341 77363
77387 77817 77494 77601 77708
77818 77994 77862 77906 77950
77995 78357 78085 78175 78265
78358 78438 78378 78398 78418
78439 78583 78475 78511 78547
78584 78832 78646 78708 78770
78833 78951 78862 78891 78920
78952 79034 78972 78992 79012
79035 79108 79053 79071 79089
79109 79328 79163 79217 79271
79329 79482 79367 79405 79443
79483 79554 79500 79517 79534
79555 79700 79591 79627 79663
79701 79853 79739 79777 79815
79854 79952 79878 79902 79926
79953 80161 80005 80057 80109
80162 80304 80197 80232 80267
80305 80444 80339 80373 80407
80445 80548 80470 80495 80520
80549 80713 80590 80631 80672
80714 80952 80773 80832 80891
80953 81069 80982 81011 81040
81070 81142 81088 81106 81124
81143 81236 81166 81189 81212
81237 81336 81261 81285 81309
81337 81485 81374 81411 81448
81486 81608 81516 81546 81576
81609 81933 81690 81771 81852
81934 82103 81976 82018 82060
82104 82184 82124 82144 82164
82185 82228 82195 82205 82215
82229 82330 82254 82279 82304
82331 82394 82346 82361 82376
82395 82485 82417 82439 82461
82486 82534 82498 82510 82522
82535 82606 82552 82569 82586
82607 82644 82616 82625 82634
82645 82721 82664 82683 82702
82722 82789 82738 82754 82770
82790 82856 82806 82822 82838
82857 82899 82867 82877 82887
82900 82946 82911 82922 82933
82947 83402 83060 83173 83286
83403 83750 83489 83575 83661
83751 83845 83774 83797 83820
83846 83900 83859 83872 83885
83901 84067 83942 83983 84024
84068 84308 84128 84188 84248
84309 84428 84338 84367 84396
84429 84651 84484 84539 84594
84652 84686 84660 84668 84676
84687 84758 84704 84721 84738
84759 84907 84796 84833 84870
84908 85293 85004 85100 85196
85294 85894 85444 85594 85744
85895 85946 85907 85919 85931
85947 86160 86000 86053 86106
86161 86232 86178 86195 86212
86233 86388 86271 86309 86347
86389 86462 86407 86425 86443
86463 86559 86487 86511 86535
86560 86692 86593 86626 86659
86693 86776 86713 86733 86753
86777 86893 86806 86835 86864
86894 87044 86931 86968 87005
87045 87124 87064 87083 87102
87125 87209 87146 87167 87188
87210 87265 87223 87236 87249
87266 87342 87285 87304 87323
87343 87826 87463 87583 87703
87827 87997 87869 87911 87953
87998 88154 88037 88076 88115
88155 88223 88172 88189 88206
88224 88270 88235 88246 88257
88271 88836 88412 88553 88694
88837 89022 88883 88929 88975
89023 89080 89037 89051 89065
89081 89171 89103 89125 89147
89172 89216 89183 89194 89205
89217 89346 89249 89281 89313
89347 89391 89358 89369 89380
89392 89433 89402 89412 89422
89434 89472 89443 89452 89461
89473 89517 89484 89495 89506
89518 89542 89524 89530 89536
89543 89563 89548 89553 89558
89564 89598 89572 89580 89588
89599 89649 89611 89623 89635
89650 89702 89663 89676 89689
89703 89746 89713 89723 89733
89747 89771 89753 89759 89765
89772 89797 89778 89784 89790
89798 89816 89802 89806 89810
89817 89845 89824 89831 89838
89846 89871 89852 89858 89864
89872 89898 89878 89884 89890
89899 89923 89905 89911 89917
89924 89984 89939 89954 89969
89985 90012 89988 89991 90009
90013 90074 90028 90043 90058
90075 90104 90082 90089 90096
90105 90176 90122 90139 90156
90177 90200 90182 90187 90192
90201 90270 90218 90235 90252
90271 90298 90277 90283 90289
90299 90327 90306 90313 90320
90328 90361 90336 90344 90352
90362 90385 90367 90372 90377
90386 90428 90396 90406 90416
90429 90456 90435 90441 90447
90457 90491 90465 90473 90481
90492 90524 90500 90508 90516
90525 90561 90534 90543 90552
90562 90581 90566 90570 90574
90582 90651 90599 90616 90633
90652 90709 90666 90680 90694
90710 90747 90719 90728 90737
90748 90770 90753 90758 90763
90771 90799 90778 90785 90792
90800 90860 90815 90830 90845
90861 90883 90866 90871 90876
90884 90913 90891 90898 90905
90914 90930 90918 90922 90926
90931 90967 90940 90949 90958
90968 91022 90981 90994 91007
91023 91151 91055 91087 91119
91152 91179 91158 91164 91170
91180 91226 91191 91202 91213
91227 91756 91359 91491 91623
91757 92161 91858 91959 92060
92162 92211 92174 92186 92198
92212 92261 92224 92236 92248
92262 92311 92274 92286 92298
92312 92361 92324 92336 92348
92362 92439 92381 92400 92419
92440 92609 92482 92524 92566
92610 92681 92627 92644 92661
92682 93270 92829 92976 93123
93271 93380 93298 93325 93352
93381 93439 93395 93409 93423
93440 93495 93453 93466 93479
93496 94048 93634 93772 93910
94049 94122 94067 94085 94103
94123 94178 94136 94149 94162
94179 94488 94256 94333 94410
94489 94621 94522 94555 94588
94622 94803 94667 94712 94757
94804 94909 94830 94856 94882
94910 94997 94931 94952 94973
94998 95116 95027 95056 95085
95117 95266 95154 95191 95228
95267 95332 95283 95299 95315
95333 95405 95351 95369 95387
95406 96296 95628 95850 96072
96297 96549 96360 96423 96486
96550 96630 96570 96590 96610
96631 96814 96676 96721 96766
96815 97008 96863 96911 96959
97009 97327 97088 97167 97246
97328 97557 97385 97442 97499
97558 97685 97589 97620 97651
97686 97940 97749 97812 97875
97941 98426 98062 98183 98304
98427 98479 98440 98453 98466
98480 98962 98600 98720 98840
98963 99058 98986 99009 99032
99059 99348 99131 99203 99275
99349 99527 99393 99437 99481
99528 99614 99549 99570 99591
99615 100601 99861 100107 100353
100602 101209 100753 100904 101055
101210 101411 101260 101310 101360
101412 101555 101447 101482 101517
101556 101759 101606 101656 101706
101760 101923 101800 101840 101880
101924 102011 101945 101966 101987
102012 102208 102061 102110 102159
102209 102519 102286 102363 102440
102520 102649 102552 102584 102616
102650 102738 102672 102694 102716
102739 102880 102774 102809 102844
102881 103052 102923 102965 103007
103053 103268 103106 103159 103212
103269 103632 103359 103449 103539
103633 103978 103719 103805 103891
103979 104230 104041 104103 104165
104231 104351 104261 104291 104321
104352 104514 104392 104432 104472
104515 104655 104550 104585 104620
104656 104959 104731 104806 104881
104960 105500 104969 104978 105375
105501 105646 105537 105573 105609
105647 105983 105731 105815 105899
105984 106705 106164 106344 106524
106706 106815 106733 106760 106787
106816 107333 106945 107074 107203
107334 107418 107355 107376 107397
107419 107544 107450 107481 107512
107545 107810 107611 107677 107743
107811 108410 107960 108109 108258
108411 108553 108446 108481 108516
108554 108625 108571 108588 108605
108626 108905 108695 108764 108833
108906 109701 109104 109302 109500
109702 110114 109805 109908 110011
110115 110275 110155 110195 110235
110276 110463 110322 110368 110414
110464 111125 110629 110794 110959
111126 111138 111129 111132 111135
111139 111189 111151 111163 111175
111190 111283 111213 111236 111259
111284 111429 111320 111356 111392
111430 111849 111534 111638 111742
111850 111979 111882 111914 111946
111980 112194 112033 112086 112139
112195 112349 112233 112271 112309
112350 112436 112371 112392 112413
112437 112530 112460 112483 112506
112531 112628 112555 112579 112603
112629 112722 112652 112675 112698
112723 112826 112748 112773 112798
112827 112866 112836 112845 112854
112867 112926 112881 112895 112909
112927 113000 112945 112963 112981
113001 113122 113031 113061 113091
113123 113169 113134 113145 113156
113170 113207 113179 113188 113197
113208 113255 113219 113230 113241
113256 113299 113266 113276 113286
113300 113360 113315 113330 113345
113361 113426 113377 113393 113409
113427 113443 113431 113435 113439
113444 113473 113451 113458 113465
113474 113497 113479 113484 113489
113498 113515 113502 113506 113510
113516 113537 113521 113526 113531
113538 113554 113542 113546 113550
113555 113613 113569 113583 113597
113614 113633 113618 113622 113626
113634 113652 113638 113642 113646
113653 113693 113663 113673 113683
113694 113775 113714 113734 113754
113776 113834 113790 113804 113818
113835 113870 113843 113851 113859
113871 113910 113880 113889 113898
113911 113954 113921 113931 113941
113955 114004 113967 113979 113991
114005 114061 114019 114033 114047
114062 114195 114095 114128 114161
114196 114225 114203 114210 114217
114226 114310 114247 114268 114289
114311 114364 114324 114337 114350
114365 114409 114376 114387 114398
114410 114467 114424 114438 114452
114468 114605 114502 114536 114570
114606 114715 114633 114660 114687
114716 114951 114774 114832 114890
114952 115121 114994 115036 115078
115122 115183 115137 115152 115167
115184 115298 115212 115240 115268
115299 115410 115326 115353 115380
115411 115547 115445 115479 115513
115548 115642 115571 115594 115617
115643 115955 115721 115799 115877
115956 116028 115974 115992 116010
116029 116095 116045 116061 116077
116096 116174 116115 116134 116153
116175 116282 116201 116227 116253
116283 116365 116303 116323 116343
116366 116426 116381 116396 116411
116427 116473 116438 116449 116460
116474 116545 116491 116508 116525
116546 116676 116578 116610 116642
116677 116745 116694 116711 116728
116746 116847 116771 116796 116821
116848 117086 116907 116966 117025
117087 117209 117117 117147 117177
117210 117959 117397 117584 117771
117960 118272 118038 118116 118194
118273 118581 118350 118427 118504
118582 118642 118597 118612 118627
118643 118775 118676 118709 118742
118776 118916 118811 118846 118881
118917 119583 119083 119249 119415
119584 119879 119657 119730 119803
119880 120147 119909 119938 120108
120148 120170 120153 120158 120163
120171 120535 120262 120353 120444
120536 120798 120601 120666 120731
120799 121408 120951 121103 121255
121409 121804 121507 121605 121703
121805 122188 121900 121995 122090
122189 122294 122215 122241 122267
122295 122677 122390 122485 122580
122678 123041 122768 122858 122948
123042 123126 123063 123084 123105
123127 123535 123229 123331 123433
123536 123636 123561 123586 123611
123637 123916 123706 123775 123844
123917 123998 123937 123957 123977
123999 124552 124137 124275 124413
124553 124847 124626 124699 124772
124848 125156 124925 125002 125079
125157 125268 125184 125211 125238
125269 125405 125303 125337 125371
125406 125737 125488 125570 125652
125738 126108 125830 125922 126014
126109 126275 126150 126191 126232
126276 126358 126296 126316 126336
126359 126465 126385 126411 126437
126466 126540 126484 126502 126520
126541 126763 126596 126651 126706
126764 127170 126865 126966 127067
127171 127404 127229 127287 127345
127405 127562 127444 127483 127522
127563 127721 127602 127641 127680
127722 128574 127935 128148 128361
128575 128771 128624 128673 128722
128772 128962 128819 128866 128913
128963 129028 128979 128995 129011
129029 129122 129052 129075 129098
129123 129314 129170 129217 129264
129315 129487 129358 129401 129444
129488 129612 129519 129550 129581
129613 129833 129668 129723 129778
129834 129935 129859 129884 129909
129936 130005 129953 129970 129987
130006 130267 130071 130136 130201
130268 130463 130316 130364 130412
130464 130872 130566 130668 130770
130873 131208 130956 131039 131122
131209 131372 131249 131289 131329
131373 131495 131403 131433 131463
131496 131691 131544 131592 131640
131692 132018 131773 131854 131935
132019 132828 132221 132423 132625
132829 132966 132863 132897 132931
132967 133171 133018 133069 133120
133172 133254 133192 133212 133232
133255 133349 133278 133301 133324
133350 133408 133364 133378 133392
133409 133490 133429 133449 133469
133491 133534 133501 133511 133521
133535 133629 133558 133581 133604
133630 133657 133636 133642 133648
133658 133681 133663 133668 133673
133682 133714 133690 133698 133706
133715 133804 133737 133759 133781
133805 133987 133850 133895 133940
133988 134148 134028 134068 134108
134149 134267 134178 134207 134236
134268 134612 134354 134440 134526
134613 134716 134638 134663 134688
134717 136045 134787 134857 135783
136046 136214 136088 136130 136172
136215 136554 136299 136383 136467
136555 136875 136635 136715 136795
136876 136972 136900 136924 136948
136973 137728 137161 137349 137537
137729 137875 137765 137801 137837
137876 138078 137926 137976 138026
138079 138443 138170 138261 138352
138444 138585 138479 138514 138549
138586 138677 138608 138630 138652
138678 138763 138699 138720 138741
138764 138927 138804 138844 138884
138928 139093 138969 139010 139051
139094 139226 139127 139160 139193
139227 139444 139281 139335 139389
139445 139508 139460 139475 139490
139509 139586 139528 139547 139566
139587 140331 139773 139959 140145
140332 140616 140403 140474 140545
140617 140688 140634 140651 140668
140689 140759 140706 140723 140740
140760 140872 140788 140816 140844
140873 141010 140907 140941 140975
141011 141400 141108 141205 141302
141401 141882 141521 141641 141761
141883 142126 141943 142003 142063
142127 142831 142303 142479 142655
142832 145270 143441 144050 144659
145271 145442 145313 145355 145397
145443 145608 145484 145525 145566
145609 145747 145643 145677 145711
145748 146371 145903 146058 146213
146372 146448 146391 146410 146429
146449 146602 146487 146525 146563
146603 146655 146616 146629 146642
146656 146695 146665 146674 146683
146696 146836 146731 146766 146801
146837 147036 146886 146935 146984
147037 147325 147109 147181 147253
147326 147521 147374 147422 147470
147522 147836 147600 147678 147756
147837 148502 148003 148169 148335
148503 148868 148594 148685 148776
148869 149381 148997 149125 149253
149382 149678 149456 149530 149604
149679 150073 149759 149839 150054
150074 150282 150126 150178 150230
150283 150766 150403 150523 150643
150767 150899 150800 150833 150866
150900 150994 150923 150946 150969
150995 151885 151217 151439 151661
151886 152519 152044 152202 152360
152520 152733 152573 152626 152679
152734 152939 152785 152836 152887
152940 154512 153333 153726 154119
154513 155029 154642 154771 154900
155030 155339 155107 155184 155261
155340 155469 155372 155404 155436
155470 155596 155501 155532 155563
155597 155692 155620 155643 155666
155693 155752 155707 155721 155735
155753 155818 155769 155785 155801
155819 155862 155829 155839 155849
155863 155951 155885 155907 155929
155952 156364 156055 156158 156261
156365 156587 156420 156475 156530
156588 157069 156708 156828 156948
157070 157597 157201 157332 157463
157598 157770 157641 157684 157727
157771 158031 157836 157901 157966
158032 158068 158041 158050 158059
158069 159271 158369 158669 158969
159272 159434 159312 159352 159392
159435 160107 159603 159771 159939
160108 161200 160381 160654 160927
161201 161564 161291 161381 161471
161565 161686 161595 161625 161655
161687 161745 161701 161715 161729
161746 161881 161779 161812 161845
161882 161984 161907 161932 161957
161985 162220 162043 162101 162159
162221 162392 162263 162305 162347
162393 162511 162422 162451 162480
162512 162839 162593 162674 162755
162840 162897 162854 162868 162882
162898 163000 162923 162948 162973
163001 163037 163010 163019 163028
163038 163169 163070 163102 163134
163170 163243 163188 163206 163224
163244 163340 163268 163292 163316
163341 163427 163362 163383 163404
163428 163504 163447 163466 163485
163505 163601 163529 163553 163577
163602 163710 163629 163656 163683
163711 164142 163818 163925 164032
164143 165255 164357 164571 165189
165256 166101 165467 165678 165889
166102 166185 166122 166142 166162
166186 166249 166201 166216 166231
166250 166430 166295 166340 166385
166431 166468 166440 166449 166458
166469 166514 166480 166491 166502
166515 166537 166520 166525 166530
166538 166599 166553 166568 166583
166600 166673 166618 166636 166654
166674 166793 166703 166732 166761
166794 166940 166830 166866 166902
166941 167023 166961 166981 167001
167024 167764 167209 167394 167579
167765 167880 167793 167821 167849
167881 168458 168025 168169 168313
168459 168736 168528 168597 168666
168737 168796 168751 168765 168779
168797 168889 168820 168843 168866
168890 169058 168932 168974 169016
169059 169128 169076 169093 169110
169129 169178 169141 169153 169165
169179 169262 169199 169219 169239
169263 169345 169283 169303 169323
169346 169362 169350 169354 169358
169363 169572 169415 169467 169519
169573 170178 169724 169875 170026
170179 170335 170218 170257 170296
170336 170472 170370 170404 170438
170473 170586 170501 170529 170557
170587 170673 170608 170629 170650
170674 170777 170699 170724 170749
170778 170868 170800 170822 170844
170869 171162 170942 171015 171088
171163 171255 171186 171209 171232
171256 171383 171287 171318 171349
171384 171476 171407 171430 171453
171477 171559 171497 171517 171537
171560 171660 171585 171610 171635
171661 171765 171687 171713 171739
171766 171880 171794 171822 171850
171881 171925 171892 171903 171914
171926 171993 171942 171958 171974
171994 172036 172004 172014 172024
172037 172807 172229 172421 172613
172808 172905 172832 172856 172880
172906 173015 172933 172960 172987
173016 173106 173038 173060 173082
173107 173206 173131 173155 173179
173207 173563 173296 173385 173474
173564 173939 173657 173750 173843
173940 174346 174041 174142 174243
174347 174484 174381 174415 174449
174485 174646 174525 174565 174605
174647 174818 174689 174731 174773
174819 174943 174850 174881 174912
174944 175073 174976 175008 175040
175074 175173 175098 175122 175146
175174 175451 175243 175312 175381
175452 175701 175514 175576 175638
175702 175878 175746 175790 175834
175879 175956 175898 175917 175936
175957 176281 176038 176119 176200
176282 176436 176320 176358 176396
176437 176513 176456 176475 176494
176514 176672 176553 176592 176631
176673 176709 176682 176691 176700
176710 177074 176801 176892 176983
177075 177191 177104 177133 177162
177192 177283 177214 177236 177258
177284 177374 177306 177328 177350
177375 177650 177443 177511 177579
177651 177872 177706 177761 177816
177873 177990 177902 177931 177960
177991 178063 178009 178027 178045
178064 178345 178134 178204 178274
178346 178501 178384 178422 178460
178502 178652 178539 178576 178613
178653 179056 178753 178853 178953
179057 179253 179106 179155 179204
179254 179393 179288 179322 179356
179394 179505 179421 179448 179475
179506 179593 179527 179548 179569
179594 179660 179610 179626 179642
179661 179760 179685 179709 179733
179761 180344 179820 179879 180258
180345 180444 180369 180393 180417
180445 180794 180532 180619 180706
180795 181089 180868 180941 181014
181090 181225 181123 181156 181189
181226 181397 181268 181310 181352
181398 181494 181422 181446 181470
181495 181574 181514 181533 181552
181575 181873 181649 181723 181797
181874 182010 181908 181942 181976
182011 182860 182223 182435 182647
182861 183198 182945 183029 183113
183199 184091 183422 183645 183868
184092 184196 184118 184144 184170
184197 184318 184227 184257 184287
184319 185046 184500 184681 184862
185047 185141 185070 185093 185116
185142 185218 185161 185180 185199
185219 185783 185360 185501 185642
185784 186224 185894 186004 186114
186225 186456 186282 186339 186396
186457 186708 186519 186581 186643
186709 186763 186722 186735 186748
186764 186914 186801 186838 186875
186915 187039 186946 186977 187008
187040 187144 187066 187092 187118
187145 187238 187168 187191 187214
187239 187377 187273 187307 187341
187378 187459 187398 187418 187438
187460 187703 187520 187580 187640
187704 188255 187841 187978 188115
188256 188428 188299 188342 188385
188429 188616 188475 188521 188567
188617 189803 188913 189209 189505
189804 189862 189818 189832 189846
189863 189976 189891 189919 189947
189977 190214 190036 190095 190154
190215 191082 190431 190647 190863
191083 191246 191123 191163 191203
191247 191563 191326 191405 191484
191564 191686 191594 191624 191654
191687 191904 191741 191795 191849
191905 192090 191951 191997 192043
192091 192270 192135 192179 192223
192271 192432 192311 192351 192391
192433 192576 192468 192503 192538
192577 192701 192608 192639 192670
192702 193019 192781 192860 192939
193020 193096 193039 193058 193077
193097 193257 193137 193177 193217
193258 193730 193376 193494 193612
193731 193873 193766 193801 193836
193874 194413 194008 194142 194276
194414 194542 194446 194478 194510
194543 194775 194601 194659 194717
194776 194904 194808 194840 194872
194905 195134 194928 194951 195099
195135 195198 195150 195165 195180
195199 195467 195266 195333 195400
195468 195591 195498 195528 195558
195592 195665 195610 195628 195646
195666 195809 195701 195736 195771
195810 196010 195860 195910 195960
196011 196246 196069 196127 196185
196247 196355 196274 196301 196328
196356 196487 196388 196420 196452
196488 196564 196507 196526 196545
196565 196703 196599 196633 196667
196704 196798 196727 196750 196773
196799 196960 196839 196879 196919
196961 197048 196982 197003 197024
197049 197197 197086 197123 197160
197198 197331 197231 197264 197297
197332 197439 197358 197384 197410
197440 197519 197459 197478 197497
197520 197620 197545 197570 197595
197621 197673 197634 197647 197660
197674 197736 197689 197704 197719
197737 197827 197759 197781 197803
197828 198036 197880 197932 197984
198037 198192 198075 198113 198151
198193 198329 198227 198261 198295
198330 198422 198353 198376 198399
198423 198525 198448 198473 198498
198526 198676 198563 198600 198637
198677 198882 198728 198779 198830
198883 199026 198918 198953 198988
199027 199134 199053 199079 199105
199135 199380 199196 199257 199318
199381 199464 199401 199421 199441
199465 199746 199535 199605 199675
199747 199861 199775 199803 199831
199862 199994 199895 199928 199961
199995 200212 200049 200103 200157
200213 200295 200233 200253 200273
200296 200399 200321 200346 200371
200400 200497 200424 200448 200472
200498 200540 200508 200518 200528
200541 200655 200569 200597 200625
200656 200789 200689 200722 200755
200790 200974 200836 200882 200928
200975 201064 200997 201019 201041
201065 201272 201116 201167 201218
201273 201324 201285 201297 201309
201325 201408 201345 201365 201385
201409 201483 201427 201445 201463
201484 201559 201502 201520 201538
201560 201696 201594 201628 201662
201697 201780 201717 201737 201757
201781 201847 201797 201813 201829
201848 201917 201865 201882 201899
201918 201994 201937 201956 201975
201995 202122 202026 202057 202088
202123 202171 202135 202147 202159
202172 202442 202239 202306 202373
202443 202579 202477 202511 202545
202580 202722 202615 202650 202685
202723 203004 202793 202863 202933
203005 203246 203065 203125 203185
203247 203761 203375 203503 203631
203762 203880 203791 203820 203849
203881 204086 203932 203983 204034
204087 204379 204160 204233 204306
204380 204475 204403 204426 204449
204476 204641 204517 204558 204599
204642 204690 204654 204666 204678
204691 204824 204724 204757 204790
204825 204843 204829 204833 204837
204844 204880 204853 204862 204871
204881 204969 204903 204925 204947
204970 204994 204976 204982 204988
204995 205046 205007 205019 205031
205047 205100 205060 205073 205086
205101 205166 205117 205133 205149
205167 205227 205182 205197 205212
205228 205273 205239 205250 205261
205274 205352 205293 205312 205331
205353 205473 205383 205413 205443
205474 205539 205490 205506 205522
205540 205603 205555 205570 205585
205604 206010 205705 205806 205907
206011 206222 206063 206115 206167
206223 206297 206241 206259 206277
206298 206434 206332 206366 206400
206435 206519 206456 206477 206498
206520 206592 206538 206556 206574
206593 206663 206610 206627 206644
206664 206772 206691 206718 206745
206773 206878 206799 206825 206851
206879 206963 206900 206921 206942
206964 206993 206971 206978 206985
206994 207063 207011 207028 207045
207064 207119 207077 207090 207103
207120 207185 207136 207152 207168
207186 207301 207214 207242 207270
207302 207428 207333 207364 207395
207429 207604 207472 207515 207558
207605 207675 207622 207639 207656
207676 207812 207710 207744 207778
207813 207874 207828 207843 207858
207875 207934 207889 207903 207917
207935 207996 207950 207965 207980
207997 208069 208015 208033 208051
208070 208200 208102 208134 208166
208201 208241 208211 208221 208231
208242 208294 208255 208268 208281
208295 208374 208314 208333 208352
208375 208434 208389 208403 208417
208435 208482 208446 208457 208468
208483 208531 208495 208507 208519
208532 208641 208559 208586 208613
208642 208707 208658 208674 208690
208708 208767 208722 208736 208750
208768 208864 208792 208816 208840
208865 208918 208878 208891 208904
208919 209033 208947 208975 209003
209034 209135 209059 209084 209109
209136 209172 209145 209154 209163
209173 209230 209187 209201 209215
209231 209478 209292 209353 209414
209479 209583 209505 209531 209557
209584 209687 209609 209634 209659
209688 209792 209714 209740 209766
209793 209882 209815 209837 209859
209883 209955 209901 209919 209937
209956 210051 209966 209976 210036
210052 210126 210070 210088 210106
210127 210283 210166 210205 210244
210284 210385 210309 210334 210359
210386 210433 210397 210408 210419
210434 210559 210465 210496 210527
210560 210851 210632 210704 210776
210852 210923 210869 210886 210903
210924 210999 210942 210960 210978
211000 211059 211014 211028 211042
211060 211139 211079 211098 211117
211140 211259 211169 211198 211227
211260 211788 211392 211524 211656
211789 211871 211809 211829 211849
211872 212204 211955 212038 212121
212205 212365 212245 212285 212325
212366 212584 212420 212474 212528
212585 212662 212604 212623 212642
212663 212714 212675 212687 212699
212715 213127 212818 212921 213024
213128 213787 213292 213456 213620
213788 213961 213831 213874 213917
213962 214004 213972 213982 213992
214005 214086 214025 214045 214065
214087 214230 214122 214157 214192
214231 214280 214243 214255 214267
214281 214302 214286 214291 214296
214303 214368 214319 214335 214351
214369 214484 214397 214425 214453
214485 214550 214501 214517 214533
214551 214670 214580 214609 214638
214671 214840 214713 214755 214797
214841 214925 214862 214883 214904
214926 214987 214941 214956 214971
214988 215089 215013 215038 215063
215090 215170 215110 215130 215150
215171 215282 215198 215225 215252
215283 215353 215300 215317 215334
215354 215413 215368 215382 215396
215414 215507 215437 215460 215483
215508 215716 215560 215612 215664
215717 215862 215753 215789 215825
215863 216119 215927 215991 216055
216120 216203 216140 216160 216180
216204 216536 216287 216370 216453
216537 216638 216562 216587 216612
216639 216806 216680 216721 216762
216807 217147 216892 216977 217062
217148 217265 217177 217206 217235
217266 217307 217276 217286 217296
217308 217430 217338 217368 217398
217431 217597 217472 217513 217554
217598 217730 217631 217664 217697
217731 217802 217748 217765 217782
217803 217887 217824 217845 217866
217888 217967 217907 217926 217945
217968 218101 218001 218034 218067
218102 218172 218119 218136 218153
218173 218260 218194 218215 218236
218261 218333 218279 218297 218315
218334 218389 218347 218360 218373
218390 218484 218413 218436 218459
218485 218552 218501 218517 218533
218553 218650 218577 218601 218625
218651 218725 218669 218687 218705
218726 218796 218743 218760 218777
218797 218865 218814 218831 218848
218866 218970 218892 218918 218944
218971 218997 218977 218983 218989
218998 219042 219009 219020 219031
219043 219083 219053 219063 219073
219084 219117 219092 219100 219108
219118 219164 219129 219140 219151
219165 219229 219181 219197 219213
219230 219286 219244 219258 219272
219287 219335 219299 219311 219323
219336 219417 219356 219376 219396
219418 219529 219445 219472 219499
219530 219619 219552 219574 219596
219620 219904 219691 219762 219833
219905 220005 219930 219955 219980
220006 220128 220036 220066 220096
220129 220299 220171 220213 220255
220300 220509 220352 220404 220456
220510 220567 220524 220538 220552
220568 220641 220586 220604 220622
220642 220882 220702 220762 220822
220883 220932 220895 220907 220919
220933 221011 220952 220971 220990
221012 221164 221050 221088 221126
221165 221235 221182 221199 221216
221236 221322 221257 221278 221299
221323 221360 221332 221341 221350
221361 221553 221409 221457 221505
221554 221858 221630 221706 221782
221859 221980 221889 221919 221949
221981 222080 222005 222029 222053
222081 222174 222104 222127 222150
222175 222416 222235 222295 222355
222417 222556 222451 222485 222519
222557 222626 222574 222591 222608
222627 222721 222650 222673 222696
222722 222792 222739 222756 222773
222793 222848 222806 222819 222832
222849 222875 222855 222861 222867
222876 222946 222893 222910 222927
222947 223060 222975 223003 223031
223061 223078 223065 223069 223073
223079 223112 223087 223095 223103
223113 223208 223136 223159 223182
223209 223403 223257 223305 223353
223404 223838 223512 223620 223728
223839 223949 223866 223893 223920
223950 224035 223971 223992 224013
224036 224156 224066 224096 224126
224157 224274 224186 224215 224244
224275 224412 224309 224343 224377
224413 224505 224436 224459 224482
224506 224708 224556 224606 224656
224709 224948 224768 224827 224886
224949 225101 224961 224973 225075
225102 225307 225153 225204 225255
225308 225453 225344 225380 225416
225454 225509 225467 225480 225493
225510 225609 225534 225558 225582
225610 225683 225628 225646 225664
225684 226104 225789 225894 225999
226105 226293 226152 226199 226246
226294 226521 226350 226406 226462
226522 226689 226563 226604 226645
226690 226766 226709 226728 226747
226767 226866 226791 226815 226839
226867 226934 226883 226899 226915
226935 227176 226995 227055 227115
227177 227271 227200 227223 227246
227272 227370 227296 227320 227344
227371 227412 227381 227391 227401
227413 227494 227433 227453 227473
227495 227593 227519 227543 227567
227594 227643 227606 227618 227630
227644 227700 227658 227672 227686
227701 227749 227713 227725 227737
227750 227892 227785 227820 227855
227893 227971 227912 227931 227950
227972 228036 227988 228004 228020
228037 228077 228047 228057 228067
228078 228098 228083 228088 228093
228099 228123 228105 228111 228117
228124 228159 228132 228140 228148
228160 228189 228167 228174 228181
228190 228240 228202 228214 228226
228241 228296 228254 228267 228280
228297 228338 228307 228317 228327
228339 228385 228350 228361 228372
228386 228440 228399 228412 228425
228441 228478 228450 228459 228468
228479 228664 228525 228571 228617
228665 228698 228673 228681 228689
228699 228733 228707 228715 228723
228734 228776 228744 228754 228764
228777 228811 228785 228793 228801
228812 228877 228828 228844 228860
228878 229012 228911 228944 228977
229013 229069 229027 229041 229055
229070 229113 229080 229090 229100
229114 229380 229180 229246 229312
229381 229567 229427 229473 229519
229568 229645 229587 229606 229625
229646 229802 229685 229724 229763
229803 229992 229850 229897 229944
229993 230095 230018 230043 230068
230096 230220 230127 230158 230189
230221 230272 230233 230245 230257
230273 230373 230298 230323 230348
230374 230435 230389 230404 230419
230436 230527 230458 230480 230502
230528 230603 230546 230564 230582
230604 230771 230645 230686 230727
230772 230876 230798 230824 230850
230877 231075 230926 230975 231024
231076 231221 231112 231148 231184
231222 232128 231448 231674 231900
232129 232303 232172 232215 232258
232304 232423 232333 232362 232391
232424 232528 232450 232476 232502
232529 233222 232702 232875 233048
233223 244919 234917 236611 243687
