0 859 214 428 642
860 1083 915 970 1025
1084 2023 1318 1552 1786
2024 2084 2039 2054 2069
2085 3566 2455 2825 3195
3567 4295 3749 3931 4113
4296 4396 4321 4346 4371
4397 4466 4414 4431 4448
4467 4527 4482 4497 4512
4528 4688 4568 4608 4648
4689 5238 4826 4963 5100
5239 5431 5287 5335 5383
5432 5464 5440 5448 5456
5465 5523 5479 5493 5507
5524 5730 5575 5626 5677
5731 5888 5770 5809 5848
5889 6095 5940 5991 6042
6096 7218 6376 6656 6936
7219 8443 7525 7831 8137
8444 10067 8849 9254 9659
10068 10399 10150 10232 10314
10400 10486 10421 10442 10463
10487 10568 10507 10527 10547
10569 10640 10586 10603 10620
10641 10737 10665 10689 10713
10738 10828 10760 10782 10804
10829 10877 10841 10853 10865
10878 10908 10885 10892 10899
10909 10970 10924 10939 10954
10971 11003 10979 10987 10995
11004 11194 11051 11098 11145
11195 11248 11208 11221 11234
11249 11279 11256 11263 11270
11280 11317 11289 11298 11307
11318 11376 11332 11346 11360
11377 11562 11423 11469 11515
11563 11642 11582 11601 11620
11643 11729 11664 11685 11706
11730 12391 11895 12060 12225
12392 13059 12558 12724 12890
13060 14083 13315 13570 13825
14084 14155 14101 14118 14135
14156 14356 14206 14256 14306
14357 14765 14459 14561 14663
14766 15009 14824 14882 15006
15010 15095 15031 15052 15073
15096 15151 15109 15122 15135
15152 15198 15163 15174 15185
15199 15410 15251 15303 15355
15411 15475 15427 15443 15459
15476 15540 15492 15508 15524
15541 15813 15609 15677 15745
15814 15880 15830 15846 15862
15881 16699 16085 16289 16493
16700 16937 16759 16818 16877
16938 17128 16985 17032 17079
17129 17350 17184 17239 17294
17351 17464 17379 17407 17435
17465 18176 17642 17819 17996
18177 18246 18194 18211 18228
18247 18575 18329 18411 18493
18576 18629 18589 18602 18615
18630 18778 18667 18704 18741
18779 18893 18807 18835 18863
18894 19022 18926 18958 18990
19023 19223 19073 19123 19173
19224 19353 19256 19288 19320
19354 19619 19420 19486 19552
19620 19720 19645 19670 19695
19721 20005 19792 19863 19934
20006 20154 20043 20080 20117
20155 20195 20165 20175 20185
20196 20253 20210 20224 20238
20254 20490 20313 20372 20431
20491 20683 20539 20587 20635
20684 20837 20722 20760 20798
20838 20926 20860 20882 20904
20927 21063 20961 20995 21029
21064 21173 21091 21118 21145
21174 21284 21201 21228 21255
21285 21419 21318 21351 21384
21420 21622 21470 21520 21570
21623 21886 21688 21753 21818
21887 21937 21899 21911 21923
21938 21961 21943 21948 21953
21962 22077 21990 22018 22046
22078 22360 22148 22218 22288
22361 22538 22405 22449 22493
22539 22611 22557 22575 22593
22612 22753 22647 22682 22717
22754 23548 22952 23150 23348
23549 23655 23575 23601 23627
23656 23788 23689 23722 23755
23789 23833 23800 23811 23822
23834 23949 23862 23890 23918
23950 24040 23972 23994 24016
24041 24196 24079 24117 24155
24197 24280 24217 24237 24257
24281 24403 24311 24341 24371
24404 24469 24420 24436 24452
24470 24572 24495 24520 24545
24573 24731 24612 24651 24690
24732 24800 24749 24766 24783
24801 24887 24822 24843 24864
24888 25222 24971 25054 25137
25223 26486 25538 25853 26168
26487 26790 26562 26637 26712
26791 26834 26801 26811 26821
26835 27031 26884 26933 26982
27032 27192 27072 27112 27152
27193 27775 27338 27483 27628
27776 27944 27818 27860 27902
27945 28102 27984 28023 28062
28103 28404 28178 28253 28328
28405 28528 28435 28465 28495
28529 28556 28535 28541 28547
28557 28616 28571 28585 28599
28617 28655 28626 28635 28644
28656 28764 28683 28710 28737
28765 28793 28772 28779 28786
28794 28856 28809 28824 28839
28857 28907 28869 28881 28893
28908 28954 28919 28930 28941
28955 28989 28963 28971 28979
28990 29054 29006 29022 29038
29055 29132 29074 29093 29112
29133 29243 29160 29187 29214
29244 29397 29282 29320 29358
29398 29789 29495 29592 29689
29790 29957 29831 29872 29913
29958 29981 29963 29968 29973
29982 30009 29986 29990 30006
30010 30136 30041 30072 30103
30137 30250 30165 30193 30221
30251 30428 30295 30339 30383
30429 30522 30452 30475 30498
30523 30647 30554 30585 30616
30648 30770 30678 30708 30738
30771 30969 30820 30869 30918
30970 31126 31009 31048 31087
31127 31196 31144 31161 31178
31197 31235 31206 31215 31224
31236 31457 31291 31346 31401
31458 31537 31477 31496 31515
31538 31823 31609 31680 31751
31824 31907 31844 31864 31884
31908 31961 31921 31934 31947
31962 32028 31978 31994 32010
32029 32125 32053 32077 32101
32126 32169 32136 32146 32156
32170 32288 32199 32228 32257
32289 32370 32309 32329 32349
32371 32518 32407 32443 32479
32519 32615 32543 32567 32591
32616 32734 32645 32674 32703
32735 32799 32751 32767 32783
32800 32882 32820 32840 32860
32883 32994 32910 32937 32964
32995 33064 33012 33029 33046
33065 33190 33096 33127 33158
33191 33259 33208 33225 33242
33260 33306 33271 33282 33293
33307 33389 33327 33347 33367
33390 33530 33425 33460 33495
33531 33615 33552 33573 33594
33616 33954 33700 33784 33868
33955 34273 34034 34113 34192
34274 34360 34295 34316 34337
34361 34453 34384 34407 34430
34454 34531 34473 34492 34511
34532 34801 34599 34666 34733
34802 34957 34840 34878 34916
34958 35099 34993 35028 35063
35100 35151 35112 35124 35136
35152 35260 35179 35206 35233
35261 35307 35272 35283 35294
35308 35470 35348 35388 35428
35471 35506 35479 35487 35495
35507 35578 35524 35541 35558
35579 35616 35588 35597 35606
35617 35716 35641 35665 35689
35717 35776 35731 35745 35759
35777 35903 35808 35839 35870
35904 35953 35916 35928 35940
35954 36253 36028 36102 36176
36254 36311 36268 36282 36296
36312 36409 36336 36360 36384
36410 36730 36490 36570 36650
36731 36900 36773 36815 36857
36901 37179 36970 37039 37108
37180 37236 37194 37208 37222
37237 37366 37269 37301 37333
37367 37542 37410 37453 37496
37543 37588 37554 37565 37576
37589 37620 37596 37603 37610
37621 37668 37632 37643 37654
37669 37690 37674 37679 37684
37691 37728 37700 37709 37718
37729 37798 37746 37763 37780
37799 37859 37814 37829 37844
37860 38553 38033 38206 38379
38554 38762 38606 38658 38710
38763 38974 38815 38867 38919
38975 39245 39042 39109 39176
39246 39327 39266 39286 39306
39328 39556 39385 39442 39499
39557 39780 39612 39667 39722
39781 40817 40040 40299 40558
40818 40900 40838 40858 40878
40901 41585 41072 41243 41414
41586 41710 41617 41648 41679
41711 41731 41716 41721 41726
41732 41752 41737 41742 41747
41753 43830 42272 42791 43310
43831 43869 43840 43849 43858
43870 44234 43961 44052 44143
44235 44318 44255 44275 44295
44319 44364 44330 44341 44352
44365 44441 44384 44403 44422
44442 44481 44451 44460 44469
44482 44509 44488 44494 44500
44510 44535 44516 44522 44528
44536 44611 44554 44572 44590
44612 44657 44623 44634 44645
44658 44969 44735 44812 44889
44970 45022 44977 44984 45015
45023 45065 45033 45043 45053
45066 45125 45080 45094 45108
45126 45155 45133 45140 45147
45156 45193 45165 45174 45183
45194 45293 45218 45242 45266
45294 45500 45345 45396 45447
45501 45623 45531 45561 45591
45624 45764 45659 45694 45729
45765 45851 45786 45807 45828
45852 46033 45897 45942 45987
46034 46191 46073 46112 46151
46192 46362 46234 46276 46318
46363 46423 46378 46393 46408
46424 46550 46455 46486 46517
46551 46619 46568 46585 46602
46620 46838 46674 46728 46782
46839 46863 46845 46851 46857
46864 47112 46926 46988 47050
47113 47270 47152 47191 47230
47271 47322 47283 47295 47307
47323 47389 47339 47355 47371
47390 47415 47396 47402 47408
47416 47457 47426 47436 47446
47458 47492 47466 47474 47482
47493 47631 47527 47561 47595
47632 47778 47668 47704 47740
47779 47931 47817 47855 47893
47932 48160 47989 48046 48103
48161 48208 48172 48183 48194
48209 48271 48224 48239 48254
48272 48404 48305 48338 48371
48405 48504 48429 48453 48477
48505 48531 48511 48517 48523
48532 48549 48536 48540 48544
48550 48586 48559 48568 48577
48587 48610 48592 48597 48602
48611 48653 48621 48631 48641
48654 48750 48678 48702 48726
48751 48782 48758 48765 48772
48783 48882 48807 48831 48855
48883 48903 48888 48893 48898
48904 48948 48915 48926 48937
48949 48997 48961 48973 48985
48998 49044 49009 49020 49031
49045 49199 49083 49121 49159
49200 49551 49287 49374 49461
49552 49741 49599 49646 49693
49742 50176 49850 49958 50066
50177 50283 50203 50229 50255
50284 50351 50300 50316 50332
50352 50476 50383 50414 50445
50477 50498 50482 50487 50492
50499 50610 50526 50553 50580
50611 50685 50629 50647 50665
50686 50767 50706 50726 50746
50768 50802 50776 50784 50792
50803 50831 50810 50817 50824
50832 50853 50837 50842 50847
50854 50889 50862 50870 50878
50890 50957 50906 50922 50938
50958 51024 50974 50990 51006
51025 51043 51029 51033 51037
51044 51077 51052 51060 51068
51078 51120 51088 51098 51108
51121 51164 51131 51141 51151
51165 51209 51176 51187 51198
51210 51259 51222 51234 51246
51260 51319 51274 51288 51302
51320 51388 51337 51354 51371
51389 51474 51410 51431 51452
51475 51686 51527 51579 51631
51687 51880 51735 51783 51831
51881 52161 51951 52021 52091
52162 52647 52283 52404 52525
52648 52694 52659 52670 52681
52695 52788 52718 52741 52764
52789 52830 52799 52809 52819
52831 53003 52874 52917 52960
53004 53310 53080 53156 53232
53311 53564 53374 53437 53500
53565 53905 53650 53735 53820
53906 53963 53920 53934 53948
53964 54251 54035 54106 54177
54252 54329 54271 54290 54309
54330 54568 54389 54448 54507
54569 54635 54585 54601 54617
54636 54838 54686 54736 54786
54839 54912 54857 54875 54893
54913 55231 54992 55071 55150
55232 55547 55310 55388 55466
55548 55604 55562 55576 55590
55605 55685 55625 55645 55665
55686 55742 55700 55714 55728
55743 55957 55796 55849 55902
55958 56375 56062 56166 56270
56376 56422 56387 56398 56409
56423 56512 56445 56467 56489
56513 56618 56539 56565 56591
56619 56838 56673 56727 56781
56839 56887 56851 56863 56875
56888 56946 56902 56916 56930
56947 57007 56962 56977 56992
57008 57066 57022 57036 57050
57067 57120 57080 57093 57106
57121 57196 57139 57157 57175
57197 57235 57206 57215 57224
57236 57379 57271 57306 57341
57380 57463 57400 57420 57440
57464 57801 57548 57632 57716
57802 57847 57813 57824 57835
57848 57897 57860 57872 57884
57898 57936 57907 57916 57925
57937 58123 57983 58029 58075
58124 58242 58153 58182 58211
58243 58421 58287 58331 58375
58422 58457 58430 58438 58446
58458 58496 58467 58476 58485
58497 58526 58504 58511 58518
58527 58549 58532 58537 58542
58550 58583 58558 58566 58574
58584 58604 58589 58594 58599
58605 58623 58609 58613 58617
58624 58645 58629 58634 58639
58646 58714 58663 58680 58697
58715 58854 58749 58783 58817
58855 58899 58866 58877 58888
58900 59005 58926 58952 58978
59006 59056 59018 59030 59042
59057 59151 59080 59103 59126
59152 59222 59169 59186 59203
59223 59420 59272 59321 59370
59421 59459 59430 59439 59448
59460 59496 59469 59478 59487
59497 59618 59527 59557 59587
59619 59662 59629 59639 59649
59663 59698 59671 59679 59687
59699 59852 59737 59775 59813
59853 59934 59873 59893 59913
59935 60096 59951 59967 60072
60097 60151 60110 60123 60136
60152 60213 60167 60182 60197
60214 60310 60238 60262 60286
60311 60481 60353 60395 60437
60482 60533 60494 60506 60518
60534 60585 60546 60558 60570
60586 60604 60590 60594 60598
60605 60625 60610 60615 60620
60626 60674 60638 60650 60662
60675 60809 60708 60741 60774
60810 60837 60816 60822 60828
60838 60869 60845 60852 60859
60870 60909 60879 60888 60897
60910 60957 60921 60932 60943
60958 61001 60968 60978 60988
61002 61233 61059 61116 61173
61234 61284 61246 61258 61270
61285 61340 61298 61311 61324
61341 61411 61358 61375 61392
61412 61539 61443 61474 61505
61540 61604 61556 61572 61588
61605 61643 61614 61623 61632
61644 61711 61660 61676 61692
61712 61808 61736 61760 61784
61809 61890 61829 61849 61869
61891 61957 61907 61923 61939
61958 62040 61978 61998 62018
62041 62106 62057 62073 62089
62107 62163 62121 62135 62149
62164 62232 62181 62198 62215
62233 62297 62249 62265 62281
62298 62335 62307 62316 62325
62336 62378 62346 62356 62366
62379 62435 62393 62407 62421
62436 62488 62449 62462 62475
62489 62530 62499 62509 62519
62531 62575 62542 62553 62564
62576 62614 62585 62594 62603
62615 62646 62622 62629 62636
62647 62664 62651 62655 62659
62665 62702 62674 62683 62692
62703 62743 62713 62723 62733
62744 62765 62749 62754 62759
62766 62843 62785 62804 62823
62844 62907 62859 62874 62889
62908 62954 62919 62930 62941
62955 63102 62991 63027 63063
63103 63121 63107 63111 63115
63122 63153 63129 63136 63143
63154 63192 63163 63172 63181
63193 63215 63198 63203 63208
63216 63580 63307 63398 63489
63581 63799 63635 63689 63743
63800 64065 63866 63932 63998
64066 64239 64109 64152 64195
64240 64277 64249 64258 64267
64278 64383 64304 64330 64356
64384 64436 64397 64410 64423
64437 64497 64452 64467 64482
64498 64637 64532 64566 64600
64638 64699 64653 64668 64683
64700 64879 64744 64788 64832
64880 65036 64919 64958 64997
65037 65149 65065 65093 65121
65150 65280 65182 65214 65246
65281 65479 65330 65379 65428
65480 65571 65502 65524 65546
65572 65825 65635 65698 65761
65826 66058 65884 65942 66000
66059 66236 66103 66147 66191
66237 66285 66249 66261 66273
66286 66362 66305 66324 66343
66363 66409 66374 66385 66396
66410 66440 66417 66424 66431
66441 66621 66486 66531 66576
66622 66708 66643 66664 66685
66709 67279 66851 66993 67135
67280 67468 67327 67374 67421
67469 67653 67515 67561 67607
67654 68133 67773 67892 68011
68134 68414 68204 68274 68344
68415 68544 68447 68479 68511
68545 68581 68554 68563 68572
68582 68860 68651 68720 68789
68861 69193 68944 69027 69110
69194 69381 69240 69286 69332
69382 69544 69422 69462 69502
69545 69678 69578 69611 69644
69679 69951 69747 69815 69883
69952 70085 69985 70018 70051
70086 70212 70117 70148 70179
70213 70255 70223 70233 70243
70256 70435 70300 70344 70388
70436 70573 70470 70504 70538
70574 70595 70579 70584 70589
70596 70797 70646 70696 70746
70798 70867 70815 70832 70849
70868 70922 70881 70894 70907
70923 70987 70939 70955 70971
70988 71061 71006 71024 71042
71062 71125 71077 71092 71107
71126 71259 71159 71192 71225
71260 71342 71280 71300 71320
71343 71399 71357 71371 71385
71400 71621 71455 71510 71565
71622 71694 71640 71658 71676
71695 71750 71708 71721 71734
71751 71813 71766 71781 71796
71814 71872 71828 71842 71856
71873 71931 71887 71901 71915
71932 71987 71945 71958 71971
71988 72062 72006 72024 72042
72063 72120 72077 72091 72105
72121 72218 72145 72169 72193
72219 72285 72235 72251 72267
72286 72453 72327 72368 72409
72454 72564 72481 72508 72535
72565 72635 72582 72599 72616
72636 72708 72654 72672 72690
72709 72830 72739 72769 72799
72831 72857 72837 72843 72849
72858 72890 72866 72874 72882
72891 72962 72908 72925 72942
72963 73015 72976 72989 73002
73016 73081 73032 73048 73064
73082 73202 73112 73142 73172
73203 73320 73232 73261 73290
73321 73421 73346 73371 73396
73422 73496 73440 73458 73476
73497 73689 73545 73593 73641
73690 73998 73767 73844 73921
73999 74065 74015 74031 74047
74066 74166 74091 74116 74141
74167 74209 74177 74187 74197
74210 74386 74254 74298 74342
74387 74568 74432 74477 74522
74569 74666 74593 74617 74641
74667 74691 74673 74679 74685
74692 74786 74715 74738 74761
74787 74867 74807 74827 74847
74868 74972 74894 74920 74946
74973 75028 74979 74985 75021
75029 75236 75080 75131 75182
75237 75308 75254 75271 75288
75309 75369 75324 75339 75354
75370 75520 75407 75444 75481
75521 75571 75533 75545 75557
75572 75868 75646 75720 75794
75869 75940 75886 75903 75920
75941 76003 75956 75971 75986
76004 76090 76025 76046 76067
76091 76150 76105 76119 76133
76151 76277 76182 76213 76244
76278 76348 76295 76312 76329
76349 76379 76356 76363 76370
76380 76416 76389 76398 76407
76417 76483 76433 76449 76465
76484 76565 76504 76524 76544
76566 76781 76619 76672 76725
76782 76854 76800 76818 76836
76855 76899 76866 76877 76888
76900 77186 76971 77042 77113
77187 77235 77199 77211 77223
77236 77436 77286 77336 77386
77437 77485 77449 77461 77473
77486 77569 77506 77526 77546
77570 77667 77594 77618 77642
77668 77704 77677 77686 77695
77705 77773 77722 77739 77756
77774 77850 77793 77812 77831
77851 77934 77871 77891 77911
77935 77982 77946 77957 77968
77983 78071 78005 78027 78049
78072 78169 78096 78120 78144
78170 78326 78209 78248 78287
78327 78403 78346 78365 78384
78404 78612 78456 78508 78560
78613 78711 78637 78661 78685
78712 78809 78736 78760 78784
78810 78923 78838 78866 78894
78924 78992 78941 78958 78975
78993 79031 79002 79011 79020
79032 79171 79066 79100 79134
79172 79329 79211 79250 79289
79330 79392 79345 79360 79375
79393 79440 79404 79415 79426
79441 79474 79449 79457 79465
79475 79523 79487 79499 79511
79524 79614 79546 79568 79590
79615 79765 79652 79689 79726
79766 79855 79788 79810 79832
79856 79903 79867 79878 79889
79904 80490 80050 80196 80342
80491 80591 80516 80541 80566
80592 80743 80629 80666 80703
80744 81033 80816 80888 80960
81034 81149 81062 81090 81118
81150 81370 81205 81260 81315
81371 81492 81401 81431 81461
81493 81545 81506 81519 81532
81546 81858 81624 81702 81780
81859 82035 81903 81947 81991
82036 82734 82210 82384 82558
82735 82751 82739 82743 82747
82752 82988 82811 82870 82929
82989 83104 83017 83045 83073
83105 83331 83161 83217 83273
83332 83526 83380 83428 83476
83527 83677 83564 83601 83638
83678 83742 83694 83710 83726
83743 84045 83818 83893 83968
84046 84176 84078 84110 84142
84177 84326 84214 84251 84288
84327 84377 84339 84351 84363
84378 84449 84395 84412 84429
84450 84552 84475 84500 84525
84553 84682 84585 84617 84649
84683 84764 84703 84723 84743
84765 85008 84825 84885 84945
85009 85157 85046 85083 85120
85158 85258 85183 85208 85233
85259 85373 85287 85315 85343
85374 85455 85394 85414 85434
85456 86366 85683 85910 86137
86367 86427 86382 86397 86412
86428 86639 86480 86532 86584
86640 86717 86659 86678 86697
86718 86873 86756 86794 86832
86874 86984 86901 86928 86955
86985 87145 87025 87065 87105
87146 87324 87190 87234 87278
87325 87459 87358 87391 87424
87460 87646 87506 87552 87598
87647 87715 87664 87681 87698
87716 87793 87735 87754 87773
87794 87947 87832 87870 87908
87948 87992 87959 87970 87981
87993 88157 88034 88075 88116
88158 88396 88217 88276 88335
88397 88488 88419 88441 88463
88489 88543 88502 88515 88528
88544 88740 88593 88642 88691
88741 89171 88848 88955 89062
89172 89254 89192 89212 89232
89255 89327 89273 89291 89309
89328 89394 89344 89360 89376
89395 89526 89427 89459 89491
89527 89578 89539 89551 89563
89579 89692 89607 89635 89663
89693 89924 89750 89807 89864
89925 90033 89943 89961 90024
90034 90096 90049 90064 90079
90097 90170 90115 90133 90151
90171 90261 90193 90215 90237
90262 90317 90275 90288 90301
90318 90427 90345 90372 90399
90428 90569 90463 90498 90533
90570 91546 90814 91058 91302
91547 91646 91571 91595 91619
91647 91847 91697 91747 91797
91848 91928 91868 91888 91908
91929 92096 91970 92011 92052
92097 92284 92143 92189 92235
92285 92365 92305 92325 92345
92366 92457 92388 92410 92432
92458 92671 92511 92564 92617
92672 92725 92685 92698 92711
92726 92766 92736 92746 92756
92767 94346 93161 93555 93949
94347 94595 94409 94471 94533
94596 94660 94612 94628 94644
94661 94802 94696 94731 94766
94803 95203 94903 95003 95103
95204 95255 95216 95228 95240
95256 95307 95268 95280 95292
95308 95453 95344 95380 95416
95454 95566 95482 95510 95538
95567 95644 95586 95605 95624
95645 95693 95657 95669 95681
95694 95717 95699 95704 95709
95718 95948 95775 95832 95889
95949 96028 95968 95987 96006
96029 96089 96044 96059 96074
96090 96228 96124 96158 96192
96229 96290 96244 96259 96274
96291 96373 96311 96331 96351
96374 96493 96403 96432 96461
96494 96714 96549 96604 96659
96715 96773 96729 96743 96757
96774 96858 96795 96816 96837
96859 96913 96872 96885 96898
96914 96941 96920 96926 96932
96942 97019 96961 96980 96999
97020 97083 97035 97050 97065
97084 97104 97089 97094 97099
97105 97205 97130 97155 97180
97206 97276 97223 97240 97257
97277 97302 97283 97289 97295
97303 97385 97323 97343 97363
97386 97426 97396 97406 97416
97427 97511 97448 97469 97490
97512 97712 97562 97612 97662
97713 97875 97753 97793 97833
97876 98066 97923 97970 98017
98067 98140 98085 98103 98121
98141 98178 98150 98159 98168
98179 98229 98191 98203 98215
98230 98271 98240 98250 98260
98272 98348 98291 98310 98329
98349 98391 98359 98369 98379
98392 98494 98417 98442 98467
98495 98546 98507 98519 98531
98547 98576 98554 98561 98568
98577 98605 98584 98591 98598
98606 98637 98613 98620 98627
98638 98657 98642 98646 98650
98658 98713 98671 98684 98697
98714 98845 98746 98778 98810
98846 98897 98858 98870 98882
98898 98996 98922 98946 98970
98997 99177 99042 99087 99132
99178 99232 99191 99204 99217
99233 99323 99255 99277 99299
99324 99399 99342 99360 99378
99400 99458 99414 99428 99442
99459 99518 99473 99487 99501
99519 99575 99533 99547 99561
99576 99814 99635 99694 99753
99815 99905 99837 99859 99881
99906 99968 99921 99936 99951
99969 99999 99976 99983 99990
100000 100172 100043 100086 100129
100173 100310 100207 100241 100275
100311 100468 100350 100389 100428
100469 100819 100556 100643 100730
100820 101017 100869 100918 100967
101018 101094 101037 101056 101075
101095 101192 101119 101143 101167
101193 101362 101235 101277 101319
101363 101468 101389 101415 101441
101469 101555 101490 101511 101532
101556 101633 101575 101594 101613
101634 101750 101663 101692 101721
101751 101859 101778 101805 101832
101860 102120 101925 101990 102055
102121 102641 102251 102381 102511
102642 102783 102677 102712 102747
102784 102907 102814 102844 102874
102908 103002 102931 102954 102977
103003 103038 103011 103019 103027
103039 103160 103069 103099 103129
103161 103194 103169 103177 103185
103195 103214 103199 103203 103207
103215 103236 103220 103225 103230
103237 103271 103245 103253 103261
103272 103421 103309 103346 103383
103422 103510 103444 103466 103488
103511 103614 103536 103561 103586
103615 103715 103640 103665 103690
103716 103824 103743 103770 103797
103825 103952 103856 103887 103918
103953 103994 103963 103973 103983
103995 104145 104032 104069 104106
104146 104394 104208 104270 104332
104395 104428 104403 104411 104419
104429 104446 104433 104437 104441
104447 104543 104471 104495 104519
104544 104661 104573 104602 104631
104662 104729 104678 104694 104710
104730 104796 104746 104762 104778
104797 104814 104801 104805 104809
104815 104899 104836 104857 104878
104900 105002 104924 104948 105000
105003 105030 105009 105015 105021
105031 105049 105035 105039 105043
105050 105072 105055 105060 105065
105073 105102 105080 105087 105094
105103 105239 105137 105171 105205
105240 105272 105248 105256 105264
105273 105298 105279 105285 105291
105299 105406 105325 105351 105377
105407 105431 105413 105419 105425
105432 105460 105439 105446 105453
105461 105518 105475 105489 105503
105519 105569 105531 105543 105555
105570 105596 105576 105582 105588
105597 105642 105608 105619 105630
105643 105661 105647 105651 105655
105662 105688 105668 105674 105680
105689 105707 105693 105697 105701
105708 105753 105719 105730 105741
105754 105777 105759 105764 105769
105778 105828 105790 105802 105814
105829 105867 105838 105847 105856
105868 105928 105883 105898 105913
105929 105968 105938 105947 105956
105969 106012 105979 105989 105999
106013 106060 106024 106035 106046
106061 106095 106069 106077 106085
106096 106127 106103 106110 106117
106128 106158 106135 106142 106149
106159 106177 106163 106167 106171
106178 106210 106186 106194 106202
106211 106232 106216 106221 106226
106233 106294 106248 106263 106278
106295 106329 106303 106311 106319
106330 106370 106340 106350 106360
106371 106396 106377 106383 106389
106397 106452 106410 106423 106436
106453 106504 106465 106477 106489
106505 106565 106520 106535 106550
106566 106844 106635 106704 106773
106845 106901 106859 106873 106887
106902 106992 106924 106946 106968
106993 107054 107008 107023 107038
107055 107340 107126 107197 107268
107341 107702 107431 107521 107611
107703 107730 107709 107715 107721
107731 107753 107736 107741 107746
107754 107817 107769 107784 107799
107818 107876 107832 107846 107860
107877 108128 107939 108001 108063
108129 108263 108162 108195 108228
108264 108297 108272 108280 108288
108298 108344 108309 108320 108331
108345 108444 108369 108393 108417
108445 108542 108469 108493 108517
108543 108630 108564 108585 108606
108631 108682 108643 108655 108667
108683 108856 108726 108769 108812
108857 108912 108870 108883 108896
108913 108962 108925 108937 108949
108963 109014 108975 108987 108999
109015 109127 109043 109071 109099
109128 109203 109146 109164 109182
109204 109614 109306 109408 109510
109615 109703 109637 109659 109681
109704 109784 109724 109744 109764
109785 109889 109811 109837 109863
109890 109925 109898 109906 109914
109926 109958 109934 109942 109950
109959 109992 109967 109975 109983
109993 110134 110028 110063 110098
110135 110196 110150 110165 110180
110197 110287 110219 110241 110263
110288 110362 110306 110324 110342
110363 110448 110384 110405 110426
110449 110515 110465 110481 110497
110516 110602 110537 110558 110579
110603 110705 110628 110653 110678
110706 110773 110722 110738 110754
110774 110825 110786 110798 110810
110826 110933 110852 110878 110904
110934 110981 110945 110956 110967
110982 111038 110996 111010 111024
111039 111069 111046 111053 111060
111070 111165 111093 111116 111139
111166 111297 111198 111230 111262
111298 111423 111329 111360 111391
111424 111841 111528 111632 111736
111842 111912 111859 111876 111893
111913 111949 111922 111931 111940
111950 112032 111970 111990 112010
112033 112578 112169 112305 112441
112579 112979 112679 112779 112879
112980 113065 113001 113022 113043
113066 113180 113094 113122 113150
113181 113304 113211 113241 113271
113305 113372 113321 113337 113353
113373 113421 113385 113397 113409
113422 113490 113439 113456 113473
113491 113543 113504 113517 113530
113544 113628 113565 113586 113607
113629 113829 113679 113729 113779
113830 113893 113845 113860 113875
113894 113947 113907 113920 113933
113948 114072 113979 114010 114041
114073 114118 114084 114095 114106
114119 114140 114124 114129 114134
114141 114225 114162 114183 114204
114226 114260 114234 114242 114250
114261 114322 114276 114291 114306
114323 114356 114331 114339 114347
114357 114426 114374 114391 114408
114427 114480 114440 114453 114466
114481 114512 114488 114495 114502
114513 114561 114525 114537 114549
114562 114600 114571 114580 114589
114601 114637 114610 114619 114628
114638 114827 114685 114732 114779
114828 114894 114844 114860 114876
114895 114949 114908 114921 114934
114950 115024 114968 114986 115004
115025 115103 115044 115063 115082
115104 115139 115112 115120 115128
115140 115223 115160 115180 115200
115224 115372 115261 115298 115335
115373 115445 115391 115409 115427
115446 115477 115453 115460 115467
115478 115514 115487 115496 115505
115515 115535 115520 115525 115530
115536 115566 115543 115550 115557
115567 115652 115588 115609 115630
115653 115682 115660 115667 115674
115683 115719 115692 115701 115710
115720 115779 115734 115748 115762
115780 115824 115791 115802 115813
115825 115877 115838 115851 115864
115878 115925 115889 115900 115911
115926 115998 115944 115962 115980
115999 116091 116022 116045 116068
116092 116123 116099 116106 116113
116124 116213 116146 116168 116190
116214 116252 116223 116232 116241
116253 116447 116301 116349 116397
116448 116475 116454 116460 116466
116476 116697 116531 116586 116641
116698 116725 116704 116710 116716
116726 116742 116730 116734 116738
116743 116775 116751 116759 116767
116776 116802 116782 116788 116794
116803 116834 116810 116817 116824
116835 116851 116839 116843 116847
116852 116915 116867 116882 116897
116916 116943 116922 116928 116934
116944 116965 116949 116954 116959
116966 116983 116970 116974 116978
116984 117002 116988 116992 116996
117003 117034 117010 117017 117024
117035 117179 117071 117107 117143
117180 117234 117193 117206 117219
117235 117297 117250 117265 117280
117298 117335 117307 117316 117325
117336 117397 117351 117366 117381
117398 117506 117425 117452 117479
117507 117563 117521 117535 117549
117564 117714 117601 117638 117675
117715 117796 117735 117755 117775
117797 117829 117805 117813 117821
117830 117913 117850 117870 117890
117914 117979 117930 117946 117962
117980 118075 118003 118026 118049
118076 118224 118113 118150 118187
118225 118314 118247 118269 118291
118315 118364 118327 118339 118351
118365 118500 118398 118431 118464
118501 118766 118567 118633 118699
118767 118797 118774 118781 118788
118798 119074 118867 118936 119005
119075 119260 119121 119167 119213
119261 119328 119277 119293 119309
119329 119612 119399 119469 119539
119613 119682 119630 119647 119664
119683 119860 119727 119771 119815
119861 119928 119877 119893 119909
119929 119976 119940 119951 119962
119977 120016 119982 119987 120012
120017 120103 120038 120059 120080
120104 120158 120117 120130 120143
120159 120261 120184 120209 120234
120262 120325 120277 120292 120307
120326 120459 120359 120392 120425
120460 120496 120469 120478 120487
120497 120567 120514 120531 120548
120568 120632 120584 120600 120616
120633 120681 120645 120657 120669
120682 120733 120694 120706 120718
120734 120778 120745 120756 120767
120779 120814 120787 120795 120803
120815 120932 120844 120873 120902
120933 120956 120938 120943 120948
120957 121005 120969 120981 120993
121006 121075 121023 121040 121057
121076 121151 121094 121112 121130
121152 121194 121162 121172 121182
121195 121299 121221 121247 121273
121300 121374 121318 121336 121354
121375 121923 121512 121649 121786
121924 121972 121936 121948 121960
121973 122422 122085 122197 122309
122423 122515 122446 122469 122492
122516 122700 122562 122608 122654
122701 122755 122714 122727 122740
122756 122999 122816 122876 122936
123000 123298 123074 123148 123222
123299 123475 123343 123387 123431
123476 123584 123503 123530 123557
123585 123691 123611 123637 123663
123692 123732 123702 123712 123722
123733 123882 123770 123807 123844
123883 124042 123922 123961 124000
124043 124102 124057 124071 124085
124103 124246 124138 124173 124208
124247 124305 124261 124275 124289
124306 124362 124320 124334 124348
124363 124557 124411 124459 124507
124558 124666 124585 124612 124639
124667 124906 124726 124785 124844
124907 124959 124920 124933 124946
124960 125046 124981 125002 125023
125047 125068 125052 125057 125062
125069 125168 125093 125117 125141
125169 125345 125213 125257 125301
125346 125390 125357 125368 125379
125391 125434 125401 125411 125421
125435 125565 125467 125499 125531
125566 125603 125575 125584 125593
125604 125630 125610 125616 125622
125631 125715 125652 125673 125694
125716 125801 125737 125758 125779
125802 125866 125818 125834 125850
125867 125909 125877 125887 125897
125910 125948 125919 125928 125937
125949 126054 125975 126001 126027
126055 126165 126082 126109 126136
126166 126206 126176 126186 126196
126207 126392 126253 126299 126345
126393 126456 126408 126423 126438
126457 126502 126468 126479 126490
126503 126526 126508 126513 126518
126527 126571 126538 126549 126560
126572 126612 126582 126592 126602
126613 126697 126634 126655 126676
126698 126823 126729 126760 126791
126824 126872 126836 126848 126860
126873 126889 126877 126881 126885
126890 126909 126894 126898 126902
126910 126975 126926 126942 126958
126976 127043 126992 127008 127024
127044 127254 127096 127148 127200
127255 127320 127271 127287 127303
127321 127367 127332 127343 127354
127368 127425 127382 127396 127410
127426 127486 127441 127456 127471
127487 127614 127518 127549 127580
127615 127674 127629 127643 127657
127675 128016 127760 127845 127930
128017 128053 128026 128035 128044
128054 128274 128109 128164 128219
128275 128419 128311 128347 128383
128420 128536 128449 128478 128507
128537 128575 128546 128555 128564
128576 128630 128589 128602 128615
128631 128687 128645 128659 128673
128688 128735 128699 128710 128721
128736 128923 128782 128828 128874
128924 128980 128938 128952 128966
128981 129060 129000 129019 129038
129061 129225 129102 129143 129184
129226 129437 129278 129330 129382
129438 129567 129470 129502 129534
129568 129758 129615 129662 129709
129759 129896 129793 129827 129861
129897 129915 129901 129905 129909
129916 129944 129923 129930 129937
129945 129972 129951 129957 129963
129973 130019 129984 129995 130006
130020 130120 130045 130070 130095
130121 130581 130236 130351 130466
130582 130784 130632 130682 130732
130785 130938 130823 130861 130899
130939 130971 130947 130955 130963
130972 131170 131021 131070 131119
131171 131274 131196 131221 131246
131275 132243 131517 131759 132001
132244 132688 132355 132466 132577
132689 132747 132703 132717 132731
132748 132810 132763 132778 132793
132811 132937 132842 132873 132904
132938 132992 132951 132964 132977
132993 133162 133035 133077 133119
133163 133234 133180 133197 133214
133235 133298 133250 133265 133280
133299 133373 133317 133335 133353
133374 133478 133400 133426 133452
133479 133556 133498 133517 133536
133557 133649 133580 133603 133626
133650 133718 133667 133684 133701
133719 133802 133739 133759 133779
133803 133874 133820 133837 133854
133875 134061 133921 133967 134013
134062 134216 134100 134138 134176
134217 134247 134224 134231 134238
134248 134323 134266 134284 134302
134324 134602 134393 134462 134531
134603 134654 134615 134627 134639
134655 134817 134695 134735 134775
134818 134938 134848 134878 134908
134939 135020 134954 134969 135015
135021 135101 135041 135061 135081
135102 135173 135119 135136 135153
135174 135205 135181 135188 135195
135206 135222 135210 135214 135218
135223 135265 135233 135243 135253
135266 135436 135308 135350 135392
135437 135489 135450 135463 135476
135490 135656 135531 135572 135613
135657 135804 135693 135729 135765
135805 135856 135817 135829 135841
135857 135966 135884 135911 135938
135967 136426 136081 136195 136309
136427 136972 136563 136699 136835
136973 137021 136985 136997 137009
137022 137117 137045 137068 137091
137118 137490 137211 137304 137397
137491 137670 137535 137579 137623
137671 137717 137682 137693 137704
137718 137792 137736 137754 137772
137793 138026 137851 137909 137967
138027 138075 138039 138051 138063
138076 138146 138093 138110 138127
138147 138234 138168 138189 138210
138235 138336 138260 138285 138310
138337 138733 138436 138535 138634
138734 138846 138762 138790 138818
138847 138960 138875 138903 138931
138961 139034 138979 138997 139015
139035 139097 139050 139065 139080
139098 139225 139129 139160 139191
139226 139453 139282 139338 139394
139454 139473 139458 139462 139466
139474 139502 139481 139488 139495
139503 139544 139513 139523 139533
139545 139580 139553 139561 139569
139581 139632 139593 139605 139617
139633 139737 139659 139685 139711
139738 139929 139785 139832 139879
139930 140011 139950 139970 139990
140012 140095 140032 140052 140072
140096 140138 140106 140116 140126
140139 140277 140173 140207 140241
140278 140308 140285 140292 140299
140309 140387 140328 140347 140366
140388 140534 140424 140460 140496
140535 140665 140567 140599 140631
140666 140782 140695 140724 140753
140783 140823 140793 140803 140813
140824 140902 140843 140862 140881
140903 140950 140914 140925 140936
140951 140996 140962 140973 140984
140997 141036 141006 141015 141024
141037 141059 141042 141047 141052
141060 141083 141065 141070 141075
141084 141102 141088 141092 141096
141103 141154 141115 141127 141139
141155 141213 141169 141183 141197
141214 141244 141221 141228 141235
141245 141398 141283 141321 141359
141399 141422 141404 141409 141414
141423 141466 141433 141443 141453
141467 141625 141506 141545 141584
141626 141643 141630 141634 141638
141644 141681 141653 141662 141671
141682 141845 141722 141762 141802
141846 141917 141863 141880 141897
141918 141967 141930 141942 141954
141968 141996 141975 141982 141989
141997 142166 142039 142081 142123
142167 142222 142180 142193 142206
142223 142275 142236 142249 142262
142276 142441 142317 142358 142399
142442 142865 142547 142652 142757
142866 142941 142884 142902 142920
142942 143000 142956 142970 142984
143001 143049 143013 143025 143037
143050 143089 143059 143068 143077
143090 143117 143096 143102 143108
143118 143231 143146 143174 143202
143232 143445 143285 143338 143391
143446 143662 143500 143554 143608
143663 143733 143680 143697 143714
143734 143758 143740 143746 143752
143759 143946 143805 143851 143897
143947 143965 143951 143955 143959
143966 144059 143989 144012 144035
144060 144151 144082 144104 144126
144152 144173 144157 144162 144167
144174 144227 144187 144200 144213
144228 144252 144234 144240 144246
144253 144280 144259 144265 144271
144281 144320 144290 144299 144308
144321 144353 144329 144337 144345
144354 144504 144391 144428 144465
144505 144536 144512 144519 144526
144537 144567 144544 144551 144558
144568 144615 144579 144590 144601
144616 144672 144630 144644 144658
144673 144757 144694 144715 144736
144758 144798 144768 144778 144788
144799 144886 144820 144841 144862
144887 144971 144908 144929 144950
144972 145063 144994 145016 145038
145064 145126 145079 145094 145109
145127 145241 145155 145183 145211
145242 145289 145253 145264 145275
145290 145351 145305 145320 145335
145352 145370 145356 145360 145364
145371 145390 145375 145379 145383
145391 145477 145412 145433 145454
145478 145522 145489 145500 145511
145523 145584 145538 145553 145568
145585 145637 145598 145611 145624
145638 145769 145670 145702 145734
145770 145817 145781 145792 145803
145818 145855 145827 145836 145845
145856 145965 145883 145910 145937
145966 146206 146026 146086 146146
146207 146345 146241 146275 146309
146346 146422 146365 146384 146403
146423 146547 146454 146485 146516
146548 146590 146558 146568 146578
146591 146653 146606 146621 146636
146654 146687 146662 146670 146678
146688 146709 146693 146698 146703
146710 146755 146721 146732 146743
146756 146825 146773 146790 146807
146826 146842 146830 146834 146838
146843 146906 146858 146873 146888
146907 146961 146920 146933 146946
146962 147010 146974 146986 146998
147011 147039 147018 147025 147032
147040 147061 147045 147050 147055
147062 147095 147070 147078 147086
147096 147116 147101 147106 147111
147117 147146 147124 147131 147138
147147 147176 147154 147161 147168
147177 147209 147185 147193 147201
147210 147274 147226 147242 147258
147275 147323 147287 147299 147311
147324 147429 147350 147376 147402
147430 147600 147472 147514 147556
147601 147661 147616 147631 147646
147662 147905 147722 147782 147842
147906 147961 147919 147932 147945
147962 148015 147975 147988 148001
148016 148113 148040 148064 148088
148114 148192 148133 148152 148171
148193 148319 148224 148255 148286
148320 148389 148337 148354 148371
148390 148437 148401 148412 148423
148438 148461 148443 148448 148453
148462 148511 148474 148486 148498
148512 148565 148525 148538 148551
148566 148615 148578 148590 148602
148616 148729 148644 148672 148700
148730 148781 148742 148754 148766
148782 148845 148797 148812 148827
148846 148949 148871 148896 148921
148950 149018 148967 148984 149001
149019 149104 149040 149061 149082
149105 149142 149114 149123 149132
149143 149244 149168 149193 149218
149245 149422 149289 149333 149377
149423 149539 149452 149481 149510
149540 149620 149560 149580 149600
149621 149695 149639 149657 149675
149696 149831 149729 149762 149795
149832 149861 149839 149846 149853
149862 149894 149870 149878 149886
149895 149922 149901 149907 149913
149923 149953 149930 149937 149944
149954 149976 149959 149964 149969
149977 150060 149982 149987 150045
150061 150095 150069 150077 150085
150096 150134 150105 150114 150123
150135 150249 150163 150191 150219
150250 150340 150272 150294 150316
150341 150529 150388 150435 150482
150530 150644 150558 150586 150614
150645 150717 150663 150681 150699
150718 150841 150748 150778 150808
150842 151135 150915 150988 151061
151136 151223 151157 151178 151199
151224 151358 151257 151290 151323
151359 151466 151385 151411 151437
151467 151633 151508 151549 151590
151634 151758 151665 151696 151727
151759 151907 151796 151833 151870
151908 151972 151924 151940 151956
151973 152092 152002 152031 152060
152093 152206 152121 152149 152177
152207 152330 152237 152267 152297
152331 152413 152351 152371 152391
152414 152435 152419 152424 152429
152436 152680 152497 152558 152619
152681 152750 152698 152715 152732
152751 152903 152789 152827 152865
152904 153020 152933 152962 152991
153021 153089 153038 153055 153072
153090 153179 153112 153134 153156
153180 153306 153211 153242 153273
153307 153366 153321 153335 153349
153367 153513 153403 153439 153475
153514 153612 153538 153562 153586
153613 153815 153663 153713 153763
153816 153975 153855 153894 153933
153976 154128 154014 154052 154090
154129 154189 154144 154159 154174
154190 154449 154254 154318 154382
154450 154853 154550 154650 154750
154854 154967 154882 154910 154938
154968 155035 154984 155000 155016
155036 155153 155065 155094 155123
155154 155195 155164 155174 155184
155196 155314 155225 155254 155283
155315 155415 155340 155365 155390
155416 155503 155437 155458 155479
155504 155594 155526 155548 155570
155595 155666 155612 155629 155646
155667 155764 155691 155715 155739
155765 155861 155789 155813 155837
155862 155954 155885 155908 155931
155955 156018 155970 155985 156000
156019 156213 156067 156115 156163
156214 156333 156243 156272 156301
156334 156407 156352 156370 156388
156408 156785 156502 156596 156690
156786 156925 156820 156854 156888
156926 156963 156935 156944 156953
156964 157030 156980 156996 157012
157031 157165 157064 157097 157130
157166 157207 157176 157186 157196
157208 157248 157218 157228 157238
157249 157638 157346 157443 157540
157639 157776 157673 157707 157741
157777 158257 157897 158017 158137
158258 159155 158482 158706 158930
159156 159465 159233 159310 159387
159466 160137 159633 159800 159967
160138 160292 160176 160214 160252
160293 160592 160367 160441 160515
160593 160831 160652 160711 160770
160832 161001 160874 160916 160958
161002 161452 161114 161226 161338
161453 161482 161460 161467 161474
161483 161538 161496 161509 161522
161539 161585 161550 161561 161572
161586 161638 161599 161612 161625
161639 161691 161652 161665 161678
161692 161727 161700 161708 161716
161728 161771 161738 161748 161758
161772 161903 161804 161836 161868
161904 161928 161910 161916 161922
161929 161953 161935 161941 161947
161954 161998 161965 161976 161987
161999 162015 162003 162007 162011
162016 162113 162040 162064 162088
162114 162229 162142 162170 162198
162230 162248 162234 162238 162242
162249 162288 162258 162267 162276
162289 162338 162301 162313 162325
162339 162403 162355 162371 162387
162404 162425 162409 162414 162419
162426 162444 162430 162434 162438
162445 162492 162456 162467 162478
162493 162522 162500 162507 162514
162523 162782 162587 162651 162715
162783 162870 162804 162825 162846
162871 162908 162880 162889 162898
162909 162967 162923 162937 162951
162968 163012 162979 162990 163001
163013 163065 163026 163039 163052
163066 163119 163079 163092 163105
163120 163232 163148 163176 163204
163233 163274 163243 163253 163263
163275 163366 163297 163319 163341
163367 163390 163372 163377 163382
163391 163429 163400 163409 163418
163430 163468 163439 163448 163457
163469 163564 163492 163515 163538
163565 163598 163573 163581 163589
163599 163633 163607 163615 163623
163634 163817 163679 163724 163769
163818 163889 163835 163852 163869
163890 163907 163894 163898 163902
163908 163929 163913 163918 163923
163930 163955 163936 163942 163948
163956 163994 163965 163974 163983
163995 164013 163999 164003 164007
164014 164064 164026 164038 164050
164065 164103 164074 164083 164092
164104 164134 164111 164118 164125
164135 164158 164140 164145 164150
164159 164204 164170 164181 164192
164205 164230 164211 164217 164223
164231 164247 164235 164239 164243
164248 164267 164252 164256 164260
164268 164344 164287 164306 164325
164345 164361 164349 164353 164357
164362 164454 164385 164408 164431
164455 164474 164459 164463 164467
164475 164491 164479 164483 164487
164492 164527 164500 164508 164516
164528 164545 164532 164536 164540
164546 164577 164553 164560 164567
164578 164595 164582 164586 164590
164596 164625 164603 164610 164617
164626 164672 164637 164648 164659
164673 164705 164681 164689 164697
164706 164734 164713 164720 164727
164735 164838 164760 164785 164810
164839 164923 164860 164881 164902
164924 165043 164942 164960 165030
165044 165121 165063 165082 165101
165122 165145 165127 165132 165137
165146 165186 165156 165166 165176
165187 165223 165196 165205 165214
165224 165328 165250 165276 165302
165329 165445 165358 165387 165416
165446 165487 165456 165466 165476
165488 165528 165498 165508 165518
165529 166007 165648 165767 165886
166008 166057 166020 166032 166044
166058 166084 166064 166070 166076
166085 166101 166089 166093 166097
166102 166184 166122 166142 166162
166185 166216 166192 166199 166206
166217 166256 166226 166235 166244
166257 166299 166267 166277 166287
166300 166321 166305 166310 166315
166322 166359 166331 166340 166349
166360 166396 166369 166378 166387
166397 166413 166401 166405 166409
166414 166455 166424 166434 166444
166456 166473 166460 166464 166468
166474 166507 166482 166490 166498
166508 166524 166512 166516 166520
166525 166557 166533 166541 166549
166558 166644 166579 166600 166621
166645 166712 166661 166677 166693
166713 166745 166721 166729 166737
166746 166815 166763 166780 166797
166816 166845 166823 166830 166837
166846 166876 166853 166860 166867
166877 166903 166883 166889 166895
166904 166963 166918 166932 166946
166964 166991 166970 166976 166982
166992 167022 166999 167006 167013
167023 167063 167033 167043 167053
167064 167269 167115 167166 167217
167270 167338 167287 167304 167321
167339 167538 167388 167437 167486
167539 167833 167612 167685 167758
167834 167930 167858 167882 167906
167931 168193 167996 168061 168126
168194 168261 168210 168226 168242
168262 168319 168276 168290 168304
168320 168364 168331 168342 168353
168365 168422 168379 168393 168407
168423 168458 168431 168439 168447
168459 168512 168472 168485 168498
168513 168576 168528 168543 168558
168577 168666 168599 168621 168643
168667 168701 168675 168683 168691
168702 168787 168723 168744 168765
168788 168873 168809 168830 168851
168874 168994 168904 168934 168964
168995 169125 169027 169059 169091
169126 169279 169164 169202 169240
169280 169451 169322 169364 169406
169452 169486 169460 169468 169476
169487 169561 169505 169523 169541
169562 169623 169577 169592 169607
169624 169757 169657 169690 169723
169758 169851 169781 169804 169827
169852 169979 169883 169914 169945
169980 170084 170006 170032 170058
170085 170233 170122 170159 170196
170234 170380 170270 170306 170342
170381 170642 170446 170511 170576
170643 170732 170665 170687 170709
170733 170877 170769 170805 170841
170878 171018 170913 170948 170983
171019 171118 171043 171067 171091
171119 171246 171150 171181 171212
171247 171770 171377 171507 171637
171771 171861 171793 171815 171837
171862 172054 171910 171958 172006
172055 172146 172077 172099 172121
172147 172257 172174 172201 172228
172258 172354 172282 172306 172330
172355 172506 172392 172429 172466
172507 172638 172539 172571 172603
172639 172728 172661 172683 172705
172729 172803 172747 172765 172783
172804 172862 172818 172832 172846
172863 173000 172897 172931 172965
173001 173106 173027 173053 173079
173107 173244 173141 173175 173209
173245 173472 173301 173357 173413
173473 173695 173528 173583 173638
173696 173860 173737 173778 173819
173861 173984 173891 173921 173951
173985 174382 174084 174183 174282
174383 174502 174412 174441 174470
174503 174694 174550 174597 174644
174695 174882 174741 174787 174833
174883 175127 174944 175005 175066
175128 175348 175183 175238 175293
175349 182207 176511 177673 181653
