0 399 99 198 297
400 3057 1064 1728 2392
3058 3627 3200 3342 3484
3628 3723 3651 3674 3697
3724 3879 3762 3800 3838
3880 4223 3965 4050 4135
4224 4261 4233 4242 4251
4262 4400 4296 4330 4364
4401 4525 4432 4463 4494
4526 4606 4546 4566 4586
4607 4912 4683 4759 4835
4913 5006 4936 4959 4982
5007 5054 5018 5029 5040
5055 5198 5090 5125 5160
5199 5232 5207 5215 5223
5233 5419 5279 5325 5371
5420 5643 5475 5530 5585
5644 5841 5693 5742 5791
5842 5895 5855 5868 5881
5896 5980 5917 5938 5959
5981 6021 5991 6001 6011
6022 6095 6040 6058 6076
6096 6124 6103 6110 6117
6125 6208 6145 6165 6185
6209 6306 6233 6257 6281
6307 6923 6461 6615 6769
6924 6984 6939 6954 6969
6985 7214 7042 7099 7156
7215 7401 7261 7307 7353
7402 7668 7468 7534 7600
7669 7730 7684 7699 7714
7731 7842 7758 7785 7812
7843 7896 7856 7869 7882
7897 8066 7939 7981 8023
8067 8106 8076 8085 8094
8107 8186 8126 8145 8164
8187 8266 8206 8225 8244
8267 8292 8273 8279 8285
8293 8318 8299 8305 8311
8319 8356 8328 8337 8346
8357 8447 8379 8401 8423
8448 8489 8458 8468 8478
8490 8570 8510 8530 8550
8571 8620 8583 8595 8607
8621 8677 8635 8649 8663
8678 8716 8687 8696 8705
8717 8846 8749 8781 8813
8847 8938 8869 8891 8913
8939 8986 8950 8961 8972
8987 9026 8996 9005 9014
9027 9127 9052 9077 9102
9128 9245 9157 9186 9215
9246 9380 9279 9312 9345
9381 9408 9387 9393 9399
9409 9556 9445 9481 9517
9557 10304 9743 9929 10115
10305 10425 10335 10365 10395
10426 10480 10439 10452 10465
10481 10636 10519 10557 10595
10637 10726 10659 10681 10703
10727 10892 10768 10809 10850
10893 10969 10912 10931 10950
10970 11233 11035 11100 11165
11234 11620 11330 11426 11522
11621 12443 11826 12031 12236
12444 12530 12465 12486 12507
12531 13342 12733 12935 13137
13343 13410 13359 13375 13391
13411 13549 13445 13479 13513
13550 13583 13558 13566 13574
13584 13768 13630 13676 13722
13769 13834 13785 13801 13817
13835 13922 13856 13877 13898
13923 13962 13932 13941 13950
13963 14049 13984 14005 14026
14050 14353 14125 14200 14275
14354 14421 14370 14386 14402
14422 14487 14438 14454 14470
14488 14525 14497 14506 14515
14526 14791 14592 14658 14724
14792 14906 14820 14848 14876
14907 14957 14919 14931 14943
14958 15038 14968 14978 15027
15039 15571 15172 15305 15438
15572 15669 15596 15620 15644
15670 16832 15960 16250 16540
16833 17242 16935 17037 17139
17243 17289 17254 17265 17276
17290 17359 17307 17324 17341
17360 17479 17389 17418 17447
17480 17564 17501 17522 17543
17565 17672 17591 17617 17643
17673 17900 17729 17785 17841
17901 17986 17922 17943 17964
17987 18573 18133 18279 18425
18574 19070 18698 18822 18946
19071 19094 19076 19081 19086
19095 19133 19104 19113 19122
19134 19157 19139 19144 19149
19158 19258 19183 19208 19233
19259 19282 19264 19269 19274
19283 19380 19307 19331 19355
19381 19405 19387 19393 19399
19406 19446 19416 19426 19436
19447 19477 19454 19461 19468
19478 19529 19490 19502 19514
19530 19628 19554 19578 19602
19629 19676 19640 19651 19662
19677 19754 19696 19715 19734
19755 19810 19768 19781 19794
19811 19894 19831 19851 19871
19895 19920 19901 19907 19913
19921 19976 19934 19947 19960
19977 20000 19982 19987 19992
20001 20037 20010 20019 20028
20038 20096 20052 20066 20080
20097 20130 20105 20113 20121
20131 20173 20141 20151 20161
20174 20225 20186 20198 20210
20226 20253 20232 20238 20244
20254 20289 20262 20270 20278
20290 20321 20297 20304 20311
20322 20415 20345 20368 20391
20416 20482 20432 20448 20464
20483 20580 20507 20531 20555
20581 20611 20588 20595 20602
20612 20671 20626 20640 20654
20672 20725 20685 20698 20711
20726 20765 20735 20744 20753
20766 20859 20789 20812 20835
20860 20908 20872 20884 20896
20909 20969 20924 20939 20954
20970 21007 20979 20988 20997
21008 21101 21031 21054 21077
21102 21248 21138 21174 21210
21249 21278 21256 21263 21270
21279 21300 21284 21289 21294
21301 21335 21309 21317 21325
21336 21380 21347 21358 21369
21381 21441 21396 21411 21426
21442 21465 21447 21452 21457
21466 21556 21488 21510 21532
21557 21624 21573 21589 21605
21625 21673 21637 21649 21661
21674 21726 21687 21700 21713
21727 21781 21740 21753 21766
21782 21825 21792 21802 21812
21826 21900 21844 21862 21880
21901 21921 21906 21911 21916
21922 21957 21930 21938 21946
21958 21993 21966 21974 21982
21994 22016 21999 22004 22009
22017 22058 22027 22037 22047
22059 22112 22072 22085 22098
22113 22147 22121 22129 22137
22148 22193 22159 22170 22181
22194 22223 22201 22208 22215
22224 22338 22252 22280 22308
22339 22394 22352 22365 22378
22395 22662 22461 22527 22593
22663 23239 22807 22951 23095
23240 23291 23252 23264 23276
23292 23480 23339 23386 23433
23481 23765 23552 23623 23694
23766 24030 23832 23898 23964
24031 24166 24064 24097 24130
24167 24225 24181 24195 24209
24226 24430 24277 24328 24379
24431 25381 24668 24905 25142
25382 25486 25408 25434 25460
25487 25711 25543 25599 25655
25712 25754 25722 25732 25742
25755 25845 25777 25799 25821
25846 25996 25883 25920 25957
25997 26224 26053 26109 26165
26225 26308 26245 26265 26285
26309 26354 26320 26331 26342
26355 26442 26376 26397 26418
26443 26607 26484 26525 26566
26608 26666 26622 26636 26650
26667 26816 26704 26741 26778
26817 26996 26861 26905 26949
26997 27089 27020 27043 27066
27090 27163 27108 27126 27144
27164 27348 27210 27256 27302
27349 27481 27382 27415 27448
27482 27705 27537 27592 27647
27706 27890 27752 27798 27844
27891 28040 27928 27965 28002
28041 28089 28053 28065 28077
28090 28630 28225 28360 28495
28631 28709 28650 28669 28688
28710 28954 28771 28832 28893
28955 29009 28968 28981 28994
29010 29150 29045 29080 29115
29151 29662 29278 29405 29532
29663 29748 29684 29705 29726
29749 29822 29767 29785 29803
29823 29892 29840 29857 29874
29893 29915 29898 29903 29908
29916 29932 29920 29924 29928
29933 29973 29943 29953 29963
29974 30106 29980 29986 30078
30107 30228 30137 30167 30197
30229 30295 30245 30261 30277
30296 30351 30309 30322 30335
30352 30464 30380 30408 30436
30465 30519 30478 30491 30504
30520 30542 30525 30530 30535
30543 30608 30559 30575 30591
30609 30658 30621 30633 30645
30659 30712 30672 30685 30698
30713 30770 30727 30741 30755
30771 30950 30815 30859 30903
30951 30989 30960 30969 30978
30990 31202 31043 31096 31149
31203 31306 31228 31253 31278
31307 31539 31365 31423 31481
31540 31574 31548 31556 31564
31575 31619 31586 31597 31608
31620 31680 31635 31650 31665
31681 31715 31689 31697 31705
31716 31754 31725 31734 31743
31755 31928 31798 31841 31884
31929 32032 31954 31979 32004
32033 32336 32108 32183 32258
32337 32426 32359 32381 32403
32427 32644 32481 32535 32589
32645 32865 32700 32755 32810
32866 32913 32877 32888 32899
32914 33223 32991 33068 33145
33224 33442 33278 33332 33386
33443 33808 33534 33625 33716
33809 33954 33845 33881 33917
33955 34279 34036 34117 34198
34280 34335 34293 34306 34319
34336 34388 34349 34362 34375
34389 34430 34399 34409 34419
34431 34471 34441 34451 34461
34472 34543 34489 34506 34523
34544 34587 34554 34564 34574
34588 34645 34602 34616 34630
34646 34877 34703 34760 34817
34878 34973 34901 34924 34947
34974 34991 34978 34982 34986
34992 35030 35001 35010 35019
35031 35057 35037 35043 35049
35058 35079 35063 35068 35073
35080 35104 35086 35092 35098
35105 35204 35129 35153 35177
35205 35278 35223 35241 35259
35279 35397 35308 35337 35366
35398 35430 35406 35414 35422
35431 35448 35435 35439 35443
35449 35483 35457 35465 35473
35484 35503 35488 35492 35496
35504 35521 35508 35512 35516
35522 35549 35528 35534 35540
35550 35625 35568 35586 35604
35626 35710 35647 35668 35689
35711 35753 35721 35731 35741
35754 36036 35824 35894 35964
36037 36077 36047 36057 36067
36078 36278 36128 36178 36228
36279 36358 36298 36317 36336
36359 36446 36380 36401 36422
36447 36515 36464 36481 36498
36516 36618 36541 36566 36591
36619 36670 36631 36643 36655
36671 36765 36694 36717 36740
36766 36817 36778 36790 36802
36818 36869 36830 36842 36854
36870 36944 36888 36906 36924
36945 36988 36955 36965 36975
36989 37176 37035 37081 37127
37177 37581 37278 37379 37480
37582 37684 37607 37632 37657
37685 37750 37701 37717 37733
37751 37856 37777 37803 37829
37857 37937 37877 37897 37917
37938 38094 37977 38016 38055
38095 38272 38139 38183 38227
38273 38432 38312 38351 38390
38433 38564 38465 38497 38529
38565 39767 38865 39165 39465
39768 39816 39780 39792 39804
39817 39862 39828 39839 39850
39863 39945 39883 39903 39923
39946 40098 39984 40022 40060
40099 40176 40118 40137 40156
40177 40272 40200 40223 40246
40273 41153 40493 40713 40933
41154 41354 41204 41254 41304
41355 41387 41363 41371 41379
41388 41940 41526 41664 41802
41941 42013 41959 41977 41995
42014 42229 42067 42120 42173
42230 42331 42255 42280 42305
42332 43166 42540 42748 42956
43167 43421 43230 43293 43356
43422 46400 43816 44210 46050
46401 46707 46477 46553 46629
46708 46735 46714 46720 46726
46736 46771 46744 46752 46760
46772 47071 46846 46920 46994
47072 47527 47185 47298 47411
47528 48522 47776 48024 48272
48523 48649 48554 48585 48616
48650 48710 48665 48680 48695
48711 48771 48726 48741 48756
48772 49077 48848 48924 49000
49078 49168 49100 49122 49144
49169 49250 49189 49209 49229
49251 49325 49269 49287 49305
49326 49706 49421 49516 49611
49707 49908 49757 49807 49857
49909 50537 50066 50223 50380
50538 50643 50564 50590 50616
50644 50730 50665 50686 50707
50731 51057 50812 50893 50974
51058 51125 51074 51090 51106
51126 51300 51169 51212 51255
51301 51380 51320 51339 51358
51381 51618 51440 51499 51558
51619 51701 51639 51659 51679
51702 51742 51712 51722 51732
51743 51818 51761 51779 51797
51819 52210 51916 52013 52110
52211 52253 52221 52231 52241
52254 52317 52269 52284 52299
52318 52439 52348 52378 52408
52440 52515 52458 52476 52494
52516 52683 52557 52598 52639
52684 52788 52710 52736 52762
52789 52858 52806 52823 52840
52859 52905 52870 52881 52892
52906 52998 52929 52952 52975
52999 53137 53033 53067 53101
53138 53190 53151 53164 53177
53191 53221 53198 53205 53212
53222 53288 53238 53254 53270
53289 53327 53298 53307 53316
53328 53394 53344 53360 53376
53395 53424 53402 53409 53416
53425 53477 53438 53451 53464
53478 53599 53508 53538 53568
53600 53739 53634 53668 53702
53740 53865 53771 53802 53833
53866 53909 53876 53886 53896
53910 53961 53922 53934 53946
53962 54028 53978 53994 54010
54029 54149 54059 54089 54119
54150 54234 54171 54192 54213
54235 54297 54250 54265 54280
54298 54346 54310 54322 54334
54347 54421 54365 54383 54401
54422 54483 54437 54452 54467
54484 54552 54501 54518 54535
54553 54631 54572 54591 54610
54632 54669 54641 54650 54659
54670 54823 54708 54746 54784
54824 54963 54858 54892 54926
54964 56275 55291 55618 55945
56276 56379 56301 56326 56351
56380 56930 56517 56654 56791
56931 57170 56990 57049 57108
57171 57363 57219 57267 57315
57364 57398 57372 57380 57388
57399 57480 57419 57439 57459
57481 57547 57497 57513 57529
57548 57749 57598 57648 57698
57750 57824 57768 57786 57804
57825 57930 57851 57877 57903
57931 57974 57941 57951 57961
57975 58555 58120 58265 58410
58556 58703 58592 58628 58664
58704 59249 58840 58976 59112
59250 59340 59272 59294 59316
59341 59674 59424 59507 59590
59675 59774 59699 59723 59747
59775 60072 59831 59887 60054
60073 60187 60101 60129 60157
60188 60379 60235 60282 60329
60380 60469 60402 60424 60446
60470 60584 60498 60526 60554
60585 60732 60621 60657 60693
60733 60850 60762 60791 60820
60851 60914 60866 60881 60896
60915 61093 60959 61003 61047
61094 61246 61132 61170 61208
61247 61376 61279 61311 61343
61377 61465 61399 61421 61443
61466 61504 61475 61484 61493
61505 61558 61518 61531 61544
61559 61646 61580 61601 61622
61647 61736 61669 61691 61713
61737 61885 61774 61811 61848
61886 62180 61959 62032 62105
62181 62259 62200 62219 62238
62260 62475 62313 62366 62419
62476 62646 62518 62560 62602
62647 62730 62667 62687 62707
62731 62828 62755 62779 62803
62829 62893 62845 62861 62877
62894 62939 62905 62916 62927
62940 63025 62961 62982 63003
63026 63061 63034 63042 63050
63062 63129 63078 63094 63110
63130 63463 63213 63296 63379
63464 63732 63531 63598 63665
63733 63885 63771 63809 63847
63886 63927 63896 63906 63916
63928 63944 63932 63936 63940
63945 64052 63971 63997 64023
64053 64129 64072 64091 64110
64130 64158 64137 64144 64151
64159 64186 64165 64171 64177
64187 64224 64196 64205 64214
64225 64267 64235 64245 64255
64268 64416 64305 64342 64379
64417 64506 64439 64461 64483
64507 64562 64520 64533 64546
64563 64601 64572 64581 64590
64602 64655 64615 64628 64641
64656 64730 64674 64692 64710
64731 64779 64743 64755 64767
64780 64950 64822 64864 64906
64951 65490 65085 65219 65353
65491 65599 65518 65545 65572
65600 65683 65620 65640 65660
65684 65977 65757 65830 65903
65978 66400 66083 66188 66293
66401 66695 66474 66547 66620
66696 67105 66798 66900 67002
67106 67148 67116 67126 67136
67149 67420 67216 67283 67350
67421 67714 67494 67567 67640
67715 67822 67741 67767 67793
67823 68031 67875 67927 67979
68032 68088 68046 68060 68074
68089 68185 68113 68137 68161
68186 68234 68198 68210 68222
68235 68277 68245 68255 68265
68278 68307 68285 68292 68299
68308 68325 68312 68316 68320
68326 68400 68344 68362 68380
68401 68423 68406 68411 68416
68424 68442 68428 68432 68436
68443 68464 68448 68453 68458
68465 68483 68469 68473 68477
68484 68512 68491 68498 68505
68513 68543 68520 68527 68534
68544 68795 68606 68668 68730
68796 68883 68817 68838 68859
68884 68908 68890 68896 68902
68909 69487 69053 69197 69341
69488 69616 69520 69552 69584
69617 69679 69632 69647 69662
69680 69718 69689 69698 69707
69719 69867 69756 69793 69830
69868 69906 69877 69886 69895
69907 70088 69952 69997 70042
70089 70178 70111 70133 70155
70179 70204 70185 70191 70197
70205 70271 70221 70237 70253
70272 70312 70282 70292 70302
70313 70521 70365 70417 70469
70522 70580 70536 70550 70564
70581 70786 70632 70683 70734
70787 72425 71196 71605 72014
72426 72915 72548 72670 72792
72916 72962 72927 72938 72949
72963 73061 72987 73011 73035
73062 73349 73133 73204 73275
73350 73596 73411 73472 73533
73597 73761 73638 73679 73720
73762 73897 73795 73828 73861
73898 73996 73922 73946 73970
73997 74125 74029 74061 74093
74126 74303 74170 74214 74258
74304 74644 74389 74474 74559
74645 75293 74733 74821 75219
75294 75836 75429 75564 75699
75837 76376 75971 76105 76239
76377 76485 76404 76431 76458
76486 76661 76529 76572 76615
76662 76706 76673 76684 76695
76707 76753 76718 76729 76740
76754 76849 76777 76800 76823
76850 76954 76876 76902 76928
76955 77156 77005 77055 77105
77157 77197 77167 77177 77187
77198 77335 77232 77266 77300
77336 77388 77349 77362 77375
77389 77458 77406 77423 77440
77459 77542 77479 77499 77519
77543 77643 77568 77593 77618
77644 77888 77705 77766 77827
77889 77969 77909 77929 77949
77970 78076 77996 78022 78048
78077 78205 78109 78141 78173
78206 78262 78220 78234 78248
78263 78354 78285 78307 78329
78355 78485 78387 78419 78451
78486 78531 78497 78508 78519
78532 78605 78550 78568 78586
78606 78691 78627 78648 78669
78692 78912 78747 78802 78857
78913 79037 78944 78975 79006
79038 79149 79065 79092 79119
79150 79224 79168 79186 79204
79225 79280 79238 79251 79264
79281 79371 79303 79325 79347
79372 79409 79381 79390 79399
79410 79456 79421 79432 79443
79457 79570 79485 79513 79541
79571 79611 79581 79591 79601
79612 79672 79627 79642 79657
79673 79767 79696 79719 79742
79768 79838 79785 79802 79819
79839 80286 79950 80061 80172
80287 80422 80320 80353 80386
80423 80552 80455 80487 80519
80553 80659 80579 80605 80631
80660 80864 80711 80762 80813
80865 81209 80951 81037 81123
81210 81280 81227 81244 81261
81281 81327 81292 81303 81314
81328 81406 81347 81366 81385
81407 81566 81446 81485 81524
81567 81734 81608 81649 81690
81735 81796 81750 81765 81780
81797 82084 81868 81939 82010
82085 82227 82120 82155 82190
82228 82650 82333 82438 82543
82651 82721 82668 82685 82702
82722 83442 82902 83082 83262
83443 83476 83451 83459 83467
83477 83567 83499 83521 83543
83568 83673 83594 83620 83646
83674 83735 83689 83704 83719
83736 83899 83776 83816 83856
83900 84253 83988 84076 84164
84254 84331 84273 84292 84311
84332 84404 84350 84368 84386
84405 84720 84483 84561 84639
84721 84944 84776 84831 84886
84945 85027 84965 84985 85005
85028 85299 85095 85162 85229
85300 85487 85346 85392 85438
85488 85629 85523 85558 85593
85630 85687 85644 85658 85672
85688 86275 85834 85980 86126
86276 86350 86294 86312 86330
86351 86567 86405 86459 86513
86568 86634 86584 86600 86616
86635 86775 86670 86705 86740
86776 86882 86802 86828 86854
86883 87005 86913 86943 86973
87006 87093 87027 87048 87069
87094 87236 87129 87164 87199
87237 87302 87253 87269 87285
87303 87374 87320 87337 87354
87375 87525 87412 87449 87486
87526 87738 87579 87632 87685
87739 87794 87752 87765 87778
87795 88514 87974 88153 88332
88515 88557 88525 88535 88545
88558 88692 88591 88624 88657
88693 88790 88717 88741 88765
88791 88925 88824 88857 88890
88926 89101 88969 89012 89055
89102 89205 89127 89152 89177
89206 89335 89238 89270 89302
89336 89382 89347 89358 89369
89383 89508 89414 89445 89476
89509 89626 89538 89567 89596
89627 89884 89691 89755 89819
89885 89981 89909 89933 89957
89982 90195 89986 89990 90144
90196 90318 90226 90256 90286
90319 90509 90366 90413 90460
90510 90579 90527 90544 90561
90580 90677 90604 90628 90652
90678 90732 90691 90704 90717
90733 90859 90764 90795 90826
90860 90989 90892 90924 90956
90990 91013 90995 91000 91005
91014 91112 91038 91062 91086
91113 91157 91124 91135 91146
91158 91257 91182 91206 91230
91258 91301 91268 91278 91288
91302 91337 91310 91318 91326
91338 91364 91344 91350 91356
91365 91386 91370 91375 91380
91387 91432 91398 91409 91420
91433 91476 91443 91453 91463
91477 91598 91507 91537 91567
91599 91657 91613 91627 91641
91658 91891 91716 91774 91832
91892 92340 92004 92116 92228
92341 92428 92362 92383 92404
92429 92482 92442 92455 92468
92483 92552 92500 92517 92534
92553 92677 92584 92615 92646
92678 92731 92691 92704 92717
92732 92799 92748 92764 92780
92800 92929 92832 92864 92896
92930 93027 92954 92978 93002
93028 93072 93039 93050 93061
93073 93371 93147 93221 93295
93372 93559 93418 93464 93510
93560 93733 93603 93646 93689
93734 93822 93756 93778 93800
93823 93860 93832 93841 93850
93861 93887 93867 93873 93879
93888 94000 93916 93944 93972
94001 94186 94047 94093 94139
94187 94223 94196 94205 94214
94224 94268 94235 94246 94257
94269 94373 94295 94321 94347
94374 94455 94394 94414 94434
94456 94630 94499 94542 94585
94631 94672 94641 94651 94661
94673 94732 94687 94701 94715
94733 94953 94788 94843 94898
94954 95075 94984 95014 95044
95076 95377 95151 95226 95301
95378 95450 95396 95414 95432
95451 95502 95463 95475 95487
95503 95650 95539 95575 95611
95651 95787 95685 95719 95753
95788 95831 95798 95808 95818
95832 95869 95841 95850 95859
95870 95993 95900 95930 95960
95994 96314 96074 96154 96234
96315 96440 96346 96377 96408
96441 96650 96493 96545 96597
96651 96800 96688 96725 96762
96801 96938 96835 96869 96903
96939 97735 97138 97337 97536
97736 97969 97794 97852 97910
97970 98333 98060 98150 98240
98334 98420 98355 98376 98397
98421 99020 98570 98719 98868
99021 99116 99044 99067 99090
99117 99253 99151 99185 99219
99254 99324 99271 99288 99305
99325 99437 99353 99381 99409
99438 99524 99459 99480 99501
99525 99631 99551 99577 99603
99632 99698 99648 99664 99680
99699 99793 99722 99745 99768
99794 100091 99868 99942 100016
100092 100153 100107 100122 100137
100154 100304 100191 100228 100265
100305 100386 100325 100345 100365
100387 100437 100399 100411 100423
100438 100722 100509 100580 100651
100723 100781 100737 100751 100765
100782 101213 100889 100996 101103
101214 101523 101291 101368 101445
101524 101784 101589 101654 101719
101785 101986 101835 101885 101935
101987 102218 102044 102101 102158
102219 102561 102304 102389 102474
102562 102595 102570 102578 102586
102596 102940 102682 102768 102854
102941 103041 102966 102991 103016
103042 103187 103078 103114 103150
103188 103235 103199 103210 103221
103236 103293 103250 103264 103278
103294 103539 103355 103416 103477
103540 103632 103563 103586 103609
103633 103752 103662 103691 103720
103753 104125 103846 103939 104032
104126 104545 104230 104334 104438
104546 104697 104583 104620 104657
104698 105100 104773 104848 105075
105101 105392 105173 105245 105317
105393 105475 105413 105433 105453
105476 105614 105510 105544 105578
105615 105647 105623 105631 105639
105648 106422 105841 106034 106227
106423 106479 106437 106451 106465
106480 106603 106510 106540 106570
106604 106911 106680 106756 106832
106912 107070 106951 106990 107029
107071 107504 107179 107287 107395
107505 107563 107519 107533 107547
107564 108182 107718 107872 108026
108183 108283 108208 108233 108258
108284 108453 108326 108368 108410
108454 108576 108484 108514 108544
108577 109124 108713 108849 108985
109125 109318 109173 109221 109269
109319 109944 109475 109631 109787
109945 110110 109986 110027 110068
110111 110576 110227 110343 110459
110577 110734 110616 110655 110694
110735 110859 110766 110797 110828
110860 110894 110868 110876 110884
110895 111051 110934 110973 111012
111052 111085 111060 111068 111076
111086 111141 111099 111112 111125
111142 111173 111149 111156 111163
111174 111192 111178 111182 111186
111193 111371 111237 111281 111325
111372 111458 111393 111414 111435
111459 112134 111627 111795 111963
112135 112360 112191 112247 112303
112361 113962 112761 113161 113561
113963 114081 113992 114021 114050
114082 114212 114114 114146 114178
114213 114597 114309 114405 114501
114598 114701 114623 114648 114673
114702 114874 114745 114788 114831
114875 114961 114896 114917 114938
114962 115132 115004 115046 115088
115133 115197 115149 115165 115181
115198 115257 115212 115226 115240
115258 115350 115281 115304 115327
115351 115411 115366 115381 115396
115412 115474 115427 115442 115457
115475 115542 115491 115507 115523
115543 115673 115575 115607 115639
115674 115896 115729 115784 115839
115897 115966 115914 115931 115948
115967 116003 115976 115985 115994
116004 116029 116010 116016 116022
116030 116152 116060 116090 116120
116153 116182 116160 116167 116174
116183 116257 116201 116219 116237
116258 116416 116297 116336 116375
116417 116526 116444 116471 116498
116527 116621 116550 116573 116596
116622 116693 116639 116656 116673
116694 116829 116727 116760 116793
116830 116992 116870 116910 116950
116993 117105 117021 117049 117077
117106 117168 117121 117136 117151
117169 117536 117260 117351 117442
117537 117592 117550 117563 117576
117593 117885 117666 117739 117812
117886 117924 117895 117904 117913
117925 118234 118002 118079 118156
118235 118315 118255 118275 118295
118316 118360 118327 118338 118349
118361 118417 118375 118389 118403
118418 118509 118440 118462 118484
118510 118600 118532 118554 118576
118601 118712 118628 118655 118682
118713 118810 118737 118761 118785
118811 119017 118862 118913 118964
119018 119148 119050 119082 119114
119149 119295 119185 119221 119257
119296 119343 119307 119318 119329
119344 119543 119393 119442 119491
119544 119646 119569 119594 119619
119647 119788 119682 119717 119752
119789 119819 119796 119803 119810
119820 119943 119850 119880 119910
119944 119978 119952 119960 119968
119979 120065 119984 119989 120048
120066 120208 120101 120136 120171
120209 120361 120247 120285 120323
120362 120636 120430 120498 120566
120637 120694 120651 120665 120679
120695 120801 120721 120747 120773
120802 120856 120815 120828 120841
120857 120944 120878 120899 120920
120945 120972 120951 120957 120963
120973 121907 121206 121439 121672
121908 122050 121943 121978 122013
122051 122238 122097 122143 122189
122239 122584 122325 122411 122497
122585 122801 122639 122693 122747
122802 123001 122851 122900 122949
123002 123125 123032 123062 123092
123126 123176 123138 123150 123162
123177 123445 123244 123311 123378
123446 123511 123462 123478 123494
123512 123588 123531 123550 123569
123589 123660 123606 123623 123640
123661 123772 123688 123715 123742
123773 123841 123790 123807 123824
123842 123885 123852 123862 123872
123886 123987 123911 123936 123961
123988 124118 124020 124052 124084
124119 124235 124148 124177 124206
124236 124303 124252 124268 124284
124304 124443 124338 124372 124406
124444 124549 124470 124496 124522
124550 124595 124561 124572 124583
124596 124693 124620 124644 124668
124694 124761 124710 124726 124742
124762 124966 124813 124864 124915
124967 125158 125014 125061 125108
125159 125414 125222 125285 125348
125415 126197 125610 125805 126000
126198 126420 126253 126308 126363
126421 126613 126469 126517 126565
126614 126814 126664 126714 126764
126815 127657 127025 127235 127445
127658 127847 127705 127752 127799
127848 128551 128023 128198 128373
128552 128978 128658 128764 128870
128979 129298 129058 129137 129216
129299 129498 129348 129397 129446
129499 129625 129530 129561 129592
129626 129783 129665 129704 129743
129784 129885 129809 129834 129859
129886 129951 129902 129918 129934
129952 130164 130005 130058 130111
130165 130250 130186 130207 130228
130251 130285 130259 130267 130275
130286 130522 130345 130404 130463
130523 130625 130548 130573 130598
130626 130665 130635 130644 130653
130666 130759 130689 130712 130735
130760 130991 130817 130874 130931
130992 131054 131007 131022 131037
131055 131297 131115 131175 131235
131298 131412 131326 131354 131382
131413 131523 131440 131467 131494
131524 131646 131554 131584 131614
131647 131740 131670 131693 131716
131741 131928 131787 131833 131879
131929 132163 131987 132045 132103
132164 132209 132175 132186 132197
132210 132241 132217 132224 132231
132242 132386 132278 132314 132350
132387 132449 132402 132417 132432
132450 132518 132467 132484 132501
132519 132586 132535 132551 132567
132587 132675 132609 132631 132653
132676 132751 132694 132712 132730
132752 132845 132775 132798 132821
132846 132918 132864 132882 132900
132919 133729 133121 133323 133525
133730 134026 133804 133878 133952
134027 134243 134081 134135 134189
134244 134333 134266 134288 134310
134334 134372 134343 134352 134361
134373 134440 134389 134405 134421
134441 134590 134478 134515 134552
134591 135004 134693 134795 135003
135005 135619 135158 135311 135464
135620 135780 135660 135700 135740
135781 135835 135794 135807 135820
135836 136339 135961 136086 136211
136340 136526 136386 136432 136478
136527 136736 136579 136631 136683
136737 136870 136770 136803 136836
136871 137096 136927 136983 137039
137097 137266 137139 137181 137223
137267 137563 137341 137415 137489
137564 137669 137590 137616 137642
137670 137769 137694 137718 137742
137770 137852 137790 137810 137830
137853 138153 137928 138003 138078
138154 138381 138210 138266 138322
138382 138785 138482 138582 138682
138786 139201 138889 138992 139095
139202 139298 139226 139250 139274
139299 139370 139316 139333 139350
139371 139485 139399 139427 139455
139486 139587 139511 139536 139561
139588 139751 139628 139668 139708
139752 139820 139769 139786 139803
139821 139928 139847 139873 139899
139929 140094 139970 140011 140052
140095 140232 140129 140163 140197
140233 140298 140249 140265 140281
140299 140399 140324 140349 140374
140400 140474 140418 140436 140454
140475 140682 140526 140577 140628
140683 140728 140694 140705 140716
140729 140799 140746 140763 140780
140800 140891 140822 140844 140866
140892 140968 140911 140930 140949
140969 141050 140989 141009 141029
141051 141078 141057 141063 141069
141079 141450 141171 141263 141355
141451 143154 141876 142301 142726
143155 143210 143168 143181 143194
143211 143277 143227 143243 143259
143278 143346 143295 143312 143329
143347 143534 143393 143439 143485
143535 143675 143570 143605 143640
143676 143890 143729 143782 143835
143891 143911 143896 143901 143906
143912 144078 143953 143994 144035
144079 144100 144084 144089 144094
144101 144203 144126 144151 144176
144204 144339 144237 144270 144303
144340 144466 144371 144402 144433
144467 144831 144558 144649 144740
144832 144944 144860 144888 144916
144945 145123 144989 145033 145077
145124 145186 145139 145154 145169
145187 145218 145194 145201 145208
145219 145375 145258 145297 145336
145376 145471 145399 145422 145445
145472 145710 145531 145590 145649
145711 145840 145743 145775 145807
145841 146134 145914 145987 146060
146135 146196 146150 146165 146180
146197 146337 146232 146267 146302
146338 146449 146365 146392 146419
146450 146525 146468 146486 146504
146526 146604 146545 146564 146583
146605 146703 146629 146653 146677
146704 146829 146735 146766 146797
146830 146906 146849 146868 146887
146907 147072 146948 146989 147030
147073 147119 147084 147095 147106
147120 147206 147141 147162 147183
147207 147459 147270 147333 147396
147460 147526 147476 147492 147508
147527 147580 147540 147553 147566
147581 150765 148377 149173 149969
