0 340 85 170 255
341 465 372 403 434
466 550 487 508 529
551 661 578 605 632
662 764 687 712 737
765 936 807 849 891
937 1105 979 1021 1063
1106 1254 1143 1180 1217
1255 1433 1299 1343 1387
1434 1811 1528 1622 1716
1812 2185 1905 1998 2091
2186 2582 2285 2384 2483
2583 2840 2647 2711 2775
2841 2858 2845 2849 2853
2859 3001 2894 2929 2964
3002 3238 3061 3120 3179
3239 3571 3322 3405 3488
3572 3995 3677 3782 3887
3996 4156 4036 4076 4116
4157 4333 4201 4245 4289
4334 4650 4413 4492 4571
4651 4764 4679 4707 4735
4765 4864 4789 4813 4837
4865 5136 4932 4999 5066
5137 5220 5157 5177 5197
5221 5644 5326 5431 5536
5645 5721 5664 5683 5702
5722 5778 5736 5750 5764
5779 6045 5845 5911 5977
6046 6175 6078 6110 6142
6176 6227 6188 6200 6212
6228 6540 6306 6384 6462
6541 6597 6555 6569 6583
6598 6804 6649 6700 6751
6805 6944 6839 6873 6907
6945 7016 6962 6979 6996
7017 7074 7031 7045 7059
7075 7188 7103 7131 7159
7189 7273 7210 7231 7252
7274 7323 7286 7298 7310
7324 7361 7333 7342 7351
7362 7391 7369 7376 7383
7392 7435 7402 7412 7422
7436 7589 7474 7512 7550
7590 7648 7604 7618 7632
7649 7851 7699 7749 7799
7852 8026 7895 7938 7981
8027 8096 8044 8061 8078
8097 8142 8108 8119 8130
8143 8519 8237 8331 8425
8520 8924 8621 8722 8823
8925 9008 8945 8965 8985
9009 9112 9034 9059 9084
9113 9190 9132 9151 9170
9191 9248 9205 9219 9233
9249 9417 9291 9333 9375
9418 9489 9435 9452 9469
9490 9593 9515 9540 9565
9594 9739 9630 9666 9702
9740 9837 9764 9788 9812
9838 9900 9853 9868 9883
9901 10023 9931 9961 9991
10024 10216 10072 10120 10168
10217 10367 10254 10291 10328
10368 10484 10397 10426 10455
10485 10531 10496 10507 10518
10532 10567 10540 10548 10556
10568 10617 10580 10592 10604
10618 10798 10663 10708 10753
10799 10958 10838 10877 10916
10959 11029 10976 10993 11010
11030 11123 11053 11076 11099
11124 11187 11139 11154 11169
11188 11259 11205 11222 11239
11260 11363 11285 11310 11335
11364 11741 11458 11552 11646
11742 11837 11765 11788 11811
11838 11948 11865 11892 11919
11949 12033 11970 11991 12012
12034 12200 12075 12116 12157
12201 12306 12227 12253 12279
12307 12391 12328 12349 12370
12392 12546 12430 12468 12506
12547 12625 12566 12585 12604
12626 12689 12641 12656 12671
12690 12729 12699 12708 12717
12730 12828 12754 12778 12802
12829 12892 12844 12859 12874
12893 13013 12923 12953 12983
13014 13091 13033 13052 13071
13092 13249 13131 13170 13209
13250 13331 13270 13290 13310
13332 13673 13417 13502 13587
13674 13839 13715 13756 13797
13840 13973 13873 13906 13939
13974 14012 13983 13992 14001
14013 14112 14037 14061 14085
14113 14224 14140 14167 14194
14225 14280 14238 14251 14264
14281 14309 14288 14295 14302
14310 14333 14315 14320 14325
14334 14362 14341 14348 14355
14363 14392 14370 14377 14384
14393 14428 14401 14409 14417
14429 14460 14436 14443 14450
14461 14543 14481 14501 14521
14544 14621 14563 14582 14601
14622 14926 14698 14774 14850
14927 15057 14945 14963 15042
15058 15200 15093 15128 15163
15201 15265 15217 15233 15249
15266 15308 15276 15286 15296
15309 15362 15322 15335 15348
15363 15535 15406 15449 15492
15536 15592 15550 15564 15578
15593 15717 15624 15655 15686
15718 15765 15729 15740 15751
15766 15821 15779 15792 15805
15822 15974 15860 15898 15936
15975 16133 16014 16053 16092
16134 16211 16153 16172 16191
16212 16439 16268 16324 16380
16440 16528 16462 16484 16506
16529 17429 16754 16979 17204
17430 17481 17442 17454 17466
17482 17704 17537 17592 17647
17705 17774 17722 17739 17756
17775 17812 17784 17793 17802
17813 17863 17825 17837 17849
17864 17893 17871 17878 17885
17894 18139 17955 18016 18077
18140 18220 18160 18180 18200
18221 18400 18265 18309 18353
18401 18492 18423 18445 18467
18493 18598 18519 18545 18571
18599 18822 18654 18709 18764
18823 18854 18830 18837 18844
18855 18906 18867 18879 18891
18907 18977 18924 18941 18958
18978 19157 19022 19066 19110
19158 19241 19178 19198 19218
19242 19526 19313 19384 19455
19527 19584 19541 19555 19569
19585 19675 19607 19629 19651
19676 19778 19701 19726 19751
19779 20020 19839 19899 19959
20021 20187 20062 20103 20144
20188 20289 20213 20238 20263
20290 20409 20319 20348 20377
20410 20514 20436 20462 20488
20515 20677 20555 20595 20635
20678 20722 20689 20700 20711
20723 20783 20738 20753 20768
20784 20911 20815 20846 20877
20912 20978 20928 20944 20960
20979 21124 21015 21051 21087
21125 21250 21156 21187 21218
21251 21520 21318 21385 21452
21521 21696 21564 21607 21650
21697 21829 21730 21763 21796
21830 22442 21983 22136 22289
22443 22556 22471 22499 22527
22557 22690 22590 22623 22656
22691 22781 22713 22735 22757
22782 22910 22814 22846 22878
22911 23013 22936 22961 22986
23014 23168 23052 23090 23128
23169 23234 23185 23201 23217
23235 23414 23279 23323 23367
23415 23491 23434 23453 23472
23492 23611 23521 23550 23579
23612 23688 23631 23650 23669
23689 23842 23727 23765 23803
23843 23939 23867 23891 23915
23940 23971 23947 23954 23961
23972 24013 23982 23992 24002
24014 24274 24079 24144 24209
24275 24344 24292 24309 24326
24345 24534 24392 24439 24486
24535 24609 24553 24571 24589
24610 24650 24620 24630 24640
24651 24696 24662 24673 24684
24697 24732 24705 24713 24721
24733 24797 24749 24765 24781
24798 24856 24812 24826 24840
24857 24927 24874 24891 24908
24928 24972 24939 24950 24961
24973 25091 25002 25031 25060
25092 25126 25100 25108 25116
25127 25232 25153 25179 25205
25233 25405 25276 25319 25362
25406 25565 25445 25484 25523
25566 25746 25611 25656 25701
25747 26181 25855 25963 26071
26182 26307 26213 26244 26275
26308 26408 26333 26358 26383
26409 27006 26558 26707 26856
27007 27573 27148 27289 27430
27574 27638 27590 27606 27622
27639 27825 27685 27731 27777
27826 27941 27854 27882 27910
27942 28029 27963 27984 28005
28030 28089 28044 28058 28072
28090 28187 28114 28138 28162
28188 28240 28201 28214 28227
28241 28413 28284 28327 28370
28414 28508 28437 28460 28483
28509 28567 28523 28537 28551
28568 28642 28586 28604 28622
28643 28871 28700 28757 28814
28872 28963 28894 28916 28938
28964 29070 28990 29016 29042
29071 29106 29079 29087 29095
29107 29358 29169 29231 29293
29359 29661 29434 29509 29584
29662 29743 29682 29702 29722
29744 29871 29775 29806 29837
29872 30014 29903 29934 30009
30015 30118 30040 30065 30090
30119 30236 30148 30177 30206
30237 30317 30257 30277 30297
30318 30394 30337 30356 30375
30395 30525 30427 30459 30491
30526 30576 30538 30550 30562
30577 30878 30652 30727 30802
30879 30982 30904 30929 30954
30983 31448 31099 31215 31331
31449 32285 31658 31867 32076
32286 32596 32363 32440 32517
32597 32643 32608 32619 32630
32644 32692 32656 32668 32680
32693 32933 32753 32813 32873
32934 32987 32947 32960 32973
32988 33164 33032 33076 33120
33165 33356 33212 33259 33306
33357 33407 33369 33381 33393
33408 33470 33423 33438 33453
33471 33605 33504 33537 33570
33606 33658 33619 33632 33645
33659 33696 33668 33677 33686
33697 33835 33731 33765 33799
33836 34131 33909 33982 34055
34132 34181 34144 34156 34168
34182 34225 34192 34202 34212
34226 34363 34260 34294 34328
34364 34456 34387 34410 34433
34457 34575 34486 34515 34544
34576 34668 34599 34622 34645
34669 34706 34678 34687 34696
34707 34756 34719 34731 34743
34757 34819 34772 34787 34802
34820 34870 34832 34844 34856
34871 34939 34888 34905 34922
34940 35394 35053 35166 35279
35395 35487 35418 35441 35464
35488 35534 35499 35510 35521
35535 35692 35574 35613 35652
35693 35814 35723 35753 35783
35815 35891 35834 35853 35872
35892 35976 35913 35934 35955
35977 36067 35999 36021 36043
36068 36280 36121 36174 36227
36281 36339 36295 36309 36323
36340 36385 36351 36362 36373
36386 36409 36391 36396 36401
36410 36528 36439 36468 36497
36529 36671 36564 36599 36634
36672 37062 36769 36866 36963
37063 37110 37074 37085 37096
37111 37262 37148 37185 37222
37263 37300 37272 37281 37290
37301 37366 37317 37333 37349
37367 37427 37382 37397 37412
37428 37561 37461 37494 37527
37562 37785 37617 37672 37727
37786 37919 37819 37852 37885
37920 37991 37937 37954 37971
37992 38047 38005 38018 38031
38048 38120 38066 38084 38102
38121 38224 38146 38171 38196
38225 38342 38254 38283 38312
38343 38470 38374 38405 38436
38471 38608 38505 38539 38573
38609 38658 38621 38633 38645
38659 38826 38700 38741 38782
38827 38931 38853 38879 38905
38932 39052 38962 38992 39022
39053 39129 39072 39091 39110
39130 39241 39157 39184 39211
39242 39284 39252 39262 39272
39285 39442 39324 39363 39402
39443 39532 39465 39487 39509
39533 39649 39562 39591 39620
39650 39733 39670 39690 39710
39734 39796 39749 39764 39779
39797 39821 39803 39809 39815
39822 39879 39836 39850 39864
39880 39913 39888 39896 39904
39914 39976 39929 39944 39959
39977 40095 40006 40035 40064
40096 40170 40114 40132 40150
40171 40218 40182 40193 40204
40219 40277 40233 40247 40261
40278 40319 40288 40298 40308
40320 40381 40335 40350 40365
40382 40446 40398 40414 40430
40447 40507 40462 40477 40492
40508 40626 40537 40566 40595
40627 40668 40637 40647 40657
40669 40735 40685 40701 40717
40736 40756 40741 40746 40751
40757 40780 40762 40767 40772
40781 40825 40792 40803 40814
40826 40867 40836 40846 40856
40868 40905 40877 40886 40895
40906 41246 40991 41076 41161
41247 41336 41269 41291 41313
41337 41886 41474 41611 41748
41887 41976 41909 41931 41953
41977 42019 41987 41997 42007
42020 42075 42033 42046 42059
42076 42115 42085 42094 42103
42116 42139 42121 42126 42131
42140 42156 42144 42148 42152
42157 42215 42171 42185 42199
42216 42477 42281 42346 42411
42478 42530 42491 42504 42517
42531 42567 42540 42549 42558
42568 42615 42579 42590 42601
42616 42648 42624 42632 42640
42649 43151 42774 42899 43024
43152 43239 43173 43194 43215
43240 43321 43260 43280 43300
43322 43712 43419 43516 43613
43713 43839 43744 43775 43806
43840 43982 43875 43910 43945
43983 44229 44044 44105 44166
44230 45049 44422 44614 45036
45050 45326 45119 45188 45257
45327 45402 45345 45363 45381
45403 45546 45438 45473 45508
45547 45608 45562 45577 45592
45609 45734 45640 45671 45702
45735 45771 45744 45753 45762
45772 45969 45821 45870 45919
45970 46029 45984 45998 46012
46030 46114 46051 46072 46093
46115 46184 46132 46149 46166
46185 46508 46265 46345 46425
46509 46575 46525 46541 46557
46576 46800 46632 46688 46744
46801 47081 46871 46941 47011
47082 47519 47191 47300 47409
47520 47607 47541 47562 47583
47608 47807 47657 47706 47755
47808 47938 47840 47872 47904
47939 48178 47998 48057 48116
48179 48373 48227 48275 48323
48374 48445 48391 48408 48425
48446 48601 48484 48522 48560
48602 48741 48636 48670 48704
48742 48853 48769 48796 48823
48854 48977 48884 48914 48944
48978 49123 49014 49050 49086
49124 49626 49249 49374 49499
49627 49780 49665 49703 49741
49781 49832 49793 49805 49817
49833 49921 49855 49877 49899
49922 50010 49944 49966 49988
50011 50084 50029 50047 50065
50085 50145 50100 50115 50130
50146 50254 50173 50200 50227
50255 50339 50276 50297 50318
50340 50396 50354 50368 50382
50397 50495 50421 50445 50469
50496 50696 50546 50596 50646
50697 50797 50722 50747 50772
50798 50923 50829 50860 50891
50924 50965 50934 50944 50954
50966 51020 50979 50992 51005
51021 51112 51043 51065 51087
51113 51222 51140 51167 51194
51223 51278 51236 51249 51262
51279 51533 51342 51405 51468
51534 51617 51554 51574 51594
51618 51667 51630 51642 51654
51668 51719 51680 51692 51704
51720 51874 51758 51796 51834
51875 52823 52112 52349 52586
52824 52907 52844 52864 52884
52908 53124 52962 53016 53070
53125 53192 53141 53157 53173
53193 53240 53204 53215 53226
53241 53500 53305 53369 53433
53501 53542 53511 53521 53531
53543 53702 53582 53621 53660
53703 53789 53724 53745 53766
53790 53984 53838 53886 53934
53985 54141 54024 54063 54102
54142 54304 54182 54222 54262
54305 54479 54348 54391 54434
54480 54637 54519 54558 54597
54638 54932 54711 54784 54857
54933 55047 54961 54989 55017
55048 55104 55062 55076 55090
55105 55158 55118 55131 55144
55159 55212 55172 55185 55198
55213 55456 55273 55333 55393
55457 55494 55466 55475 55484
55495 55556 55510 55525 55540
55557 55594 55566 55575 55584
55595 55785 55642 55689 55736
55786 56002 55840 55894 55948
56003 56186 56048 56093 56138
56187 56337 56224 56261 56298
56338 56664 56419 56500 56581
56665 56919 56728 56791 56854
56920 57051 56952 56984 57016
57052 57179 57083 57114 57145
57180 57370 57227 57274 57321
57371 57458 57392 57413 57434
57459 57735 57528 57597 57666
57736 57812 57755 57774 57793
57813 57987 57856 57899 57942
57988 58039 58000 58012 58024
58040 58080 58050 58060 58070
58081 58120 58090 58099 58108
58121 58208 58142 58163 58184
58209 58280 58226 58243 58260
58281 58361 58301 58321 58341
58362 58452 58384 58406 58428
58453 58542 58475 58497 58519
58543 58628 58564 58585 58606
58629 58768 58663 58697 58731
58769 58810 58779 58789 58799
58811 58947 58845 58879 58913
58948 59018 58965 58982 58999
59019 59066 59030 59041 59052
59067 59151 59088 59109 59130
59152 59302 59189 59226 59263
59303 59491 59350 59397 59444
59492 59555 59507 59522 59537
59556 59642 59577 59598 59619
59643 59811 59685 59727 59769
59812 60093 59858 59904 60069
60094 60215 60124 60154 60184
60216 60413 60265 60314 60363
60414 60517 60439 60464 60489
60518 60622 60544 60570 60596
60623 60718 60646 60669 60692
60719 60778 60733 60747 60761
60779 60834 60792 60805 60818
60835 61021 60881 60927 60973
61022 61219 61071 61120 61169
61220 61299 61239 61258 61277
61300 61406 61326 61352 61378
61407 61546 61441 61475 61509
61547 61598 61559 61571 61583
61599 61670 61616 61633 61650
61671 61774 61696 61721 61746
61775 62854 62044 62313 62582
62855 62950 62878 62901 62924
62951 63060 62978 63005 63032
63061 63347 63132 63203 63274
63348 63596 63410 63472 63534
63597 63857 63662 63727 63792
63858 63979 63888 63918 63948
63980 64184 64031 64082 64133
64185 64323 64219 64253 64287
64324 64648 64405 64486 64567
64649 65074 64755 64861 64967
65075 65134 65089 65103 65117
65135 65263 65167 65199 65231
65264 65309 65275 65286 65297
65310 65370 65325 65340 65355
65371 65466 65394 65417 65440
65467 65535 65484 65501 65518
65536 65885 65623 65710 65797
65886 66207 65966 66046 66126
66208 66590 66303 66398 66493
66591 66713 66621 66651 66681
66714 67137 66819 66924 67029
67138 67515 67232 67326 67420
67516 67669 67554 67592 67630
67670 67737 67686 67702 67718
67738 67926 67785 67832 67879
67927 67987 67942 67957 67972
67988 68062 68006 68024 68042
68063 68095 68071 68079 68087
68096 68261 68137 68178 68219
68262 68661 68361 68460 68559
68662 68933 68729 68796 68863
68934 69268 69017 69100 69183
69269 69327 69283 69297 69311
69328 69515 69374 69420 69466
69516 69568 69529 69542 69555
69569 69643 69587 69605 69623
69644 69833 69691 69738 69785
69834 70049 69887 69940 69993
70050 70439 70147 70244 70341
70440 70543 70465 70490 70515
70544 70583 70553 70562 70571
70584 70677 70607 70630 70653
70678 70903 70734 70790 70846
70904 71001 70928 70952 70976
71002 71677 71170 71338 71506
71678 71781 71703 71728 71753
71782 71819 71791 71800 71809
71820 71941 71850 71880 71910
71942 72010 71959 71976 71993
72011 72363 72099 72187 72275
72364 72786 72469 72574 72679
72787 72906 72816 72845 72874
72907 73007 72932 72957 72982
73008 73063 73021 73034 73047
73064 73375 73141 73218 73295
73376 73424 73388 73400 73412
73425 73576 73462 73499 73536
73577 73662 73598 73619 73640
73663 73874 73715 73767 73819
73875 74119 73936 73997 74058
74120 74947 74326 74532 74738
74948 75010 74960 74972 75006
75011 75073 75026 75041 75056
75074 75171 75098 75122 75146
75172 75433 75237 75302 75367
75434 76069 75592 75750 75908
76070 76189 76099 76128 76157
76190 76228 76199 76208 76217
76229 76294 76245 76261 76277
76295 76523 76352 76409 76466
76524 76561 76533 76542 76551
76562 76683 76592 76622 76652
76684 76791 76710 76736 76762
76792 76860 76809 76826 76843
76861 76903 76871 76881 76891
76904 77011 76930 76956 76982
77012 77284 77080 77148 77216
77285 77366 77305 77325 77345
77367 77479 77395 77423 77451
77480 77754 77548 77616 77684
77755 78147 77853 77951 78049
78148 78214 78164 78180 78196
78215 78691 78334 78453 78572
78692 79069 78786 78880 78974
79070 79118 79082 79094 79106
79119 79179 79134 79149 79164
79180 79219 79189 79198 79207
79220 79294 79238 79256 79274
79295 79679 79391 79487 79583
79680 79823 79715 79750 79785
79824 80120 79898 79972 80046
80121 80168 80132 80143 80154
80169 80346 80213 80257 80301
80347 80390 80357 80367 80377
80391 80562 80433 80475 80517
80563 80670 80589 80615 80641
80671 80748 80690 80709 80728
80749 81082 80832 80915 80998
81083 81360 81152 81221 81290
81361 81476 81389 81417 81445
81477 81952 81595 81713 81831
81953 83051 82227 82501 82775
83052 83453 83152 83252 83352
83454 83540 83475 83496 83517
83541 83951 83643 83745 83847
83952 84255 84027 84102 84177
84256 84491 84314 84372 84430
84492 84585 84515 84538 84561
84586 84668 84606 84626 84646
84669 84853 84715 84761 84807
84854 85092 84913 84972 85031
85093 85135 85103 85113 85123
85136 85241 85162 85188 85214
85242 85294 85255 85268 85281
85295 85764 85412 85529 85646
85765 85924 85804 85843 85882
85925 86001 85944 85963 85982
86002 86145 86037 86072 86107
86146 86310 86187 86228 86269
86311 86525 86364 86417 86470
86526 86778 86589 86652 86715
86779 86880 86804 86829 86854
86881 86966 86902 86923 86944
86967 87076 86994 87021 87048
87077 87276 87126 87175 87224
87277 87370 87300 87323 87346
87371 87416 87382 87393 87404
87417 87592 87460 87503 87546
87593 87707 87621 87649 87677
87708 87947 87767 87826 87885
87948 88342 88046 88144 88242
88343 88417 88361 88379 88397
88418 88471 88431 88444 88457
88472 88703 88529 88586 88643
88704 88958 88767 88830 88893
88959 89238 89028 89097 89166
89239 89662 89344 89449 89554
89663 89753 89685 89707 89729
89754 89847 89777 89800 89823
89848 89993 89884 89920 89956
89994 90092 89995 89996 90069
90093 90204 90120 90147 90174
90205 90335 90237 90269 90301
90336 90479 90371 90406 90441
90480 90559 90499 90518 90537
90560 90610 90572 90584 90596
90611 90629 90615 90619 90623
90630 90655 90636 90642 90648
90656 90775 90685 90714 90743
90776 90823 90787 90798 90809
90824 90893 90841 90858 90875
90894 91018 90925 90956 90987
91019 91076 91033 91047 91061
91077 91441 91168 91259 91350
91442 91512 91459 91476 91493
91513 91604 91535 91557 91579
91605 91653 91617 91629 91641
91654 91848 91702 91750 91798
91849 91895 91860 91871 91882
91896 92006 91923 91950 91977
92007 92176 92049 92091 92133
92177 92234 92191 92205 92219
92235 92282 92246 92257 92268
92283 92427 92319 92355 92391
92428 92981 92566 92704 92842
92982 93077 93005 93028 93051
93078 93202 93109 93140 93171
93203 93351 93240 93277 93314
93352 93639 93423 93494 93565
93640 93743 93665 93690 93715
93744 93861 93773 93802 93831
93862 93965 93887 93912 93937
93966 94114 94003 94040 94077
94115 94179 94131 94147 94163
94180 94454 94248 94316 94384
94455 94518 94470 94485 94500
94519 95228 94696 94873 95050
95229 95305 95248 95267 95286
95306 95883 95450 95594 95738
95884 95958 95902 95920 95938
95959 96085 95990 96021 96052
96086 96227 96121 96156 96191
96228 96342 96256 96284 96312
96343 96452 96370 96397 96424
96453 96648 96501 96549 96597
96649 96872 96704 96759 96814
96873 97062 96920 96967 97014
97063 97318 97126 97189 97252
97319 97510 97366 97413 97460
97511 97781 97578 97645 97712
97782 97860 97801 97820 97839
97861 98364 97986 98111 98236
98365 98467 98390 98415 98440
98468 98506 98477 98486 98495
98507 98581 98525 98543 98561
98582 98600 98586 98590 98594
98601 98777 98645 98689 98733
98778 98999 98833 98888 98943
99000 99131 99032 99064 99096
99132 99195 99147 99162 99177
99196 99219 99201 99206 99211
99220 99367 99256 99292 99328
99368 99426 99382 99396 99410
99427 99507 99447 99467 99487
99508 99624 99537 99566 99595
99625 99666 99635 99645 99655
99667 99708 99677 99687 99697
99709 99780 99726 99743 99760
99781 99907 99812 99843 99874
99908 100045 99942 99976 100010
100046 100364 100125 100204 100283
100365 100513 100402 100439 100476
100514 100790 100583 100652 100721
100791 100913 100821 100851 100881
100914 101176 100979 101044 101109
101177 101333 101216 101255 101294
101334 101545 101386 101438 101490
101546 101622 101565 101584 101603
101623 101791 101665 101707 101749
101792 101874 101812 101832 101852
101875 102122 101936 101997 102058
102123 102422 102197 102271 102345
102423 102580 102462 102501 102540
102581 102626 102592 102603 102614
102627 103038 102729 102831 102933
103039 103084 103050 103061 103072
103085 103138 103098 103111 103124
103139 103164 103145 103151 103157
103165 103212 103176 103187 103198
103213 103308 103236 103259 103282
103309 103464 103347 103385 103423
103465 103498 103473 103481 103489
103499 103619 103529 103559 103589
103620 103685 103636 103652 103668
103686 103775 103708 103730 103752
103776 103836 103791 103806 103821
103837 103896 103851 103865 103879
103897 103965 103914 103931 103948
103966 104022 103980 103994 104008
104023 104178 104061 104099 104137
104179 104425 104240 104301 104362
104426 104445 104430 104434 104438
104446 104820 104539 104632 104725
104821 104916 104844 104867 104890
104917 105060 104937 104957 105045
105061 105146 105082 105103 105124
105147 105341 105195 105243 105291
105342 105479 105376 105410 105444
105480 105571 105502 105524 105546
105572 105656 105593 105614 105635
105657 105725 105674 105691 105708
105726 105808 105746 105766 105786
105809 105984 105852 105895 105938
105985 106021 105994 106003 106012
106022 106081 106036 106050 106064
106082 106173 106104 106126 106148
106174 106241 106190 106206 106222
106242 106294 106255 106268 106281
106295 106351 106309 106323 106337
106352 106491 106386 106420 106454
106492 106666 106535 106578 106621
106667 106733 106683 106699 106715
106734 106863 106766 106798 106830
106864 107245 106959 107054 107149
107246 107336 107268 107290 107312
107337 107448 107364 107391 107418
107449 107582 107482 107515 107548
107583 107817 107641 107699 107757
107818 108064 107879 107940 108001
108065 108308 108125 108185 108245
108309 108611 108384 108459 108534
108612 108691 108631 108650 108669
108692 108729 108701 108710 108719
108730 109051 108810 108890 108970
109052 109354 109127 109202 109277
109355 109415 109370 109385 109400
109416 109455 109425 109434 109443
109456 109488 109464 109472 109480
109489 109527 109498 109507 109516
109528 109603 109546 109564 109582
109604 109721 109633 109662 109691
109722 109805 109742 109762 109782
109806 109940 109839 109872 109905
109941 110543 110091 110241 110391
110544 110728 110590 110636 110682
110729 110775 110740 110751 110762
110776 110843 110792 110808 110824
110844 110917 110862 110880 110898
110918 111027 110945 110972 110999
111028 111161 111061 111094 111127
111162 111334 111205 111248 111291
111335 111467 111368 111401 111434
111468 111500 111476 111484 111492
111501 111561 111516 111531 111546
111562 111854 111635 111708 111781
111855 111952 111879 111903 111927
111953 112046 111976 111999 112022
112047 112231 112093 112139 112185
112232 112349 112261 112290 112319
112350 112421 112367 112384 112401
112422 112572 112459 112496 112533
112573 112683 112600 112627 112654
112684 112771 112705 112726 112747
112772 112868 112796 112820 112844
112869 112944 112887 112905 112923
112945 113052 112971 112997 113023
113053 113210 113092 113131 113170
113211 113327 113240 113269 113298
113328 113440 113356 113384 113412
113441 113531 113463 113485 113507
113532 113605 113550 113568 113586
113606 113677 113623 113640 113657
113678 113791 113706 113734 113762
113792 114086 113865 113938 114011
114087 114112 114093 114099 114105
114113 114921 114315 114517 114719
114922 115521 115071 115220 115369
115522 116302 115717 115912 116107
116303 116718 116406 116509 116612
116719 116820 116744 116769 116794
116821 116875 116834 116847 116860
116876 116942 116892 116908 116924
116943 117022 116962 116981 117000
117023 117096 117041 117059 117077
117097 117256 117136 117175 117214
117257 117624 117348 117439 117530
117625 117736 117652 117679 117706
117737 117809 117755 117773 117791
117810 117896 117831 117852 117873
117897 118318 118002 118107 118212
118319 118454 118352 118385 118418
118455 118511 118469 118483 118497
118512 118542 118519 118526 118533
118543 118620 118562 118581 118600
118621 118666 118632 118643 118654
118667 118751 118688 118709 118730
118752 118947 118800 118848 118896
118948 119209 119013 119078 119143
119210 119314 119236 119262 119288
119315 119669 119403 119491 119579
119670 119771 119695 119720 119745
119772 119967 119820 119868 119916
119968 120069 119975 119982 120051
120070 120210 120105 120140 120175
120211 120332 120241 120271 120301
120333 120529 120382 120431 120480
120530 120629 120554 120578 120602
120630 120676 120641 120652 120663
120677 120881 120728 120779 120830
120882 120986 120908 120934 120960
120987 121057 121004 121021 121038
121058 121137 121077 121096 121115
121138 121184 121149 121160 121171
121185 121276 121207 121229 121251
121277 121331 121290 121303 121316
121332 121411 121351 121370 121389
121412 121478 121428 121444 121460
121479 121555 121498 121517 121536
121556 121597 121566 121576 121586
121598 121676 121617 121636 121655
121677 121724 121688 121699 121710
121725 121822 121749 121773 121797
121823 121959 121857 121891 121925
121960 122019 121974 121988 122002
122020 122077 122034 122048 122062
122078 122203 122109 122140 122171
122204 122252 122216 122228 122240
122253 122321 122270 122287 122304
122322 122851 122454 122586 122718
122852 123054 122902 122952 123002
123055 123194 123089 123123 123157
123195 123777 123340 123485 123630
123778 124064 123849 123920 123991
124065 124233 124107 124149 124191
124234 124985 124421 124608 124795
124986 125134 125023 125060 125097
125135 125360 125191 125247 125303
125361 125410 125373 125385 125397
125411 125574 125451 125491 125531
125575 125690 125603 125631 125659
125691 125762 125708 125725 125742
125763 125812 125775 125787 125799
125813 125860 125824 125835 125846
125861 125950 125883 125905 125927
125951 126063 125979 126007 126035
126064 126102 126073 126082 126091
126103 126159 126117 126131 126145
126160 126233 126178 126196 126214
126234 126338 126260 126286 126312
126339 126425 126360 126381 126402
126426 126451 126432 126438 126444
126452 126495 126462 126472 126482
126496 126532 126505 126514 126523
126533 126594 126548 126563 126578
126595 126688 126618 126641 126664
126689 126773 126710 126731 126752
126774 127118 126860 126946 127032
127119 127217 127143 127167 127191
127218 127296 127237 127256 127275
127297 127336 127306 127315 127324
127337 127387 127349 127361 127373
127388 127673 127459 127530 127601
127674 127714 127684 127694 127704
127715 127971 127779 127843 127907
127972 128019 127983 127994 128005
128020 128172 128058 128096 128134
128173 128463 128245 128317 128389
128464 128678 128517 128570 128623
128679 128906 128735 128791 128847
128907 129045 128941 128975 129009
129046 129114 129063 129080 129097
129115 129245 129147 129179 129211
129246 129408 129286 129326 129366
129409 129655 129470 129531 129592
129656 129741 129677 129698 129719
129742 129899 129781 129820 129859
129900 130015 129928 129956 129984
130016 130055 130025 130034 130043
130056 130181 130087 130118 130149
130182 130253 130199 130216 130233
130254 130383 130286 130318 130350
130384 130555 130426 130468 130510
130556 130611 130569 130582 130595
130612 130676 130628 130644 130660
130677 130849 130720 130763 130806
130850 130934 130871 130892 130913
130935 131011 130954 130973 130992
131012 131069 131026 131040 131054
131070 131229 131109 131148 131187
131230 131451 131285 131340 131395
131452 131525 131470 131488 131506
131526 131608 131546 131566 131586
131609 131694 131630 131651 131672
131695 131990 131768 131841 131914
131991 132120 132023 132055 132087
132121 132190 132138 132155 132172
132191 132267 132210 132229 132248
132268 132488 132323 132378 132433
132489 132603 132517 132545 132573
132604 132752 132641 132678 132715
132753 132837 132774 132795 132816
132838 132973 132871 132904 132937
132974 133029 132987 133000 133013
133030 133075 133041 133052 133063
133076 133323 133137 133198 133259
133324 133447 133354 133384 133414
133448 133509 133463 133478 133493
133510 133571 133525 133540 133555
133572 133643 133589 133606 133623
133644 133706 133659 133674 133689
133707 133804 133731 133755 133779
133805 133971 133846 133887 133928
133972 134042 133989 134006 134023
134043 134101 134057 134071 134085
134102 134372 134169 134236 134303
134373 134440 134389 134405 134421
134441 134565 134472 134503 134534
134566 134619 134579 134592 134605
134620 134693 134638 134656 134674
134694 134752 134708 134722 134736
134753 134811 134767 134781 134795
134812 134933 134842 134872 134902
134934 135084 134950 134966 135063
135085 135155 135102 135119 135136
135156 135319 135196 135236 135276
135320 135388 135337 135354 135371
135389 135465 135408 135427 135446
135466 135518 135479 135492 135505
135519 135652 135552 135585 135618
135653 135732 135672 135691 135710
135733 135769 135742 135751 135760
135770 135854 135791 135812 135833
135855 135999 135891 135927 135963
136000 136048 136012 136024 136036
136049 136109 136064 136079 136094
136110 136139 136117 136124 136131
136140 136409 136207 136274 136341
136410 136486 136429 136448 136467
136487 136580 136510 136533 136556
136581 136862 136651 136721 136791
136863 136931 136880 136897 136914
136932 137020 136954 136976 136998
137021 137160 137055 137089 137123
137161 137280 137190 137219 137248
137281 137343 137296 137311 137326
137344 137483 137378 137412 137446
137484 137526 137494 137504 137514
137527 137567 137537 137547 137557
137568 137733 137609 137650 137691
137734 137787 137747 137760 137773
137788 137855 137804 137820 137836
137856 137905 137868 137880 137892
137906 138158 137969 138032 138095
138159 138305 138195 138231 138267
138306 138338 138314 138322 138330
138339 138484 138375 138411 138447
138485 138679 138533 138581 138629
138680 138740 138695 138710 138725
138741 138994 138804 138867 138930
138995 139191 139044 139093 139142
139192 139271 139211 139230 139249
139272 139394 139302 139332 139362
139395 139449 139408 139421 139434
139450 139602 139488 139526 139564
139603 139834 139660 139717 139774
139835 140076 139895 139955 140015
140077 140410 140160 140243 140326
140411 142491 140931 141451 141971
142492 146628 143526 144560 145594
