0 666 166 332 498
667 829 707 747 787
830 883 843 856 869
884 953 901 918 935
954 1049 977 1000 1023
1050 1161 1077 1104 1131
1162 1256 1185 1208 1231
1257 1421 1298 1339 1380
1422 1444 1427 1432 1437
1445 1786 1530 1615 1700
1787 2118 1869 1951 2033
2119 2183 2135 2151 2167
2184 2228 2195 2206 2217
2229 2327 2253 2277 2301
2328 2389 2343 2358 2373
2390 2510 2420 2450 2480
2511 2556 2522 2533 2544
2557 2742 2603 2649 2695
2743 3165 2848 2953 3058
3166 3281 3194 3222 3250
3282 3353 3299 3316 3333
3354 3482 3386 3418 3450
3483 3679 3532 3581 3630
3680 3842 3720 3760 3800
3843 4201 3932 4021 4110
4202 4469 4268 4334 4400
4470 4559 4492 4514 4536
4560 4606 4571 4582 4593
4607 4629 4612 4617 4622
4630 4651 4635 4640 4645
4652 4682 4659 4666 4673
4683 4701 4687 4691 4695
4702 4743 4712 4722 4732
4744 4799 4757 4770 4783
4800 5124 4881 4962 5043
5125 5253 5157 5189 5221
5254 5448 5302 5350 5398
5449 5487 5458 5467 5476
5488 5535 5499 5510 5521
5536 5563 5542 5548 5554
5564 5674 5591 5618 5645
5675 5716 5685 5695 5705
5717 5819 5742 5767 5792
5820 5858 5829 5838 5847
5859 6040 5904 5949 5994
6041 6164 6071 6101 6131
6165 6339 6208 6251 6294
6340 6370 6347 6354 6361
6371 6749 6465 6559 6653
6750 6774 6756 6762 6768
6775 6828 6788 6801 6814
6829 6852 6834 6839 6844
6853 6888 6861 6869 6877
6889 6905 6893 6897 6901
6906 6976 6923 6940 6957
6977 7059 6997 7017 7037
7060 7077 7064 7068 7072
7078 7107 7085 7092 7099
7108 7132 7114 7120 7126
7133 7166 7141 7149 7157
7167 7186 7171 7175 7179
7187 7204 7191 7195 7199
7205 7237 7213 7221 7229
7238 7347 7265 7292 7319
7348 7410 7363 7378 7393
7411 7456 7422 7433 7444
7457 7489 7465 7473 7481
7490 7525 7498 7506 7514
7526 7549 7531 7536 7541
7550 7584 7558 7566 7574
7585 7623 7594 7603 7612
7624 8121 7748 7872 7996
8122 8300 8166 8210 8254
8301 8520 8355 8409 8463
8521 8658 8555 8589 8623
8659 8994 8742 8825 8908
8995 9039 9006 9017 9028
9040 9093 9053 9066 9079
9094 9150 9108 9122 9136
9151 9278 9182 9213 9244
9279 9328 9291 9303 9315
9329 9768 9438 9547 9656
9769 10357 9916 10063 10210
10358 10386 10365 10372 10379
10387 10661 10455 10523 10591
10662 10692 10669 10676 10683
10693 10733 10703 10713 10723
10734 10821 10755 10776 10797
10822 10863 10832 10842 10852
10864 10924 10879 10894 10909
10925 11360 11033 11141 11249
11361 11571 11413 11465 11517
11572 11879 11648 11724 11800
11880 12137 11944 12008 12072
12138 12458 12218 12298 12378
12459 12856 12558 12657 12756
12857 12890 12865 12873 12881
12891 13071 12936 12981 13026
13072 13134 13087 13102 13117
13135 13241 13161 13187 13213
13242 13302 13257 13272 13287
13303 14007 13479 13655 13831
14008 14087 14027 14046 14065
14088 14503 14191 14294 14397
14504 14801 14578 14652 14726
14802 14984 14847 14892 14937
14985 15271 14988 14991 15201
15272 15306 15280 15288 15296
15307 15392 15328 15349 15370
15393 16098 15569 15745 15921
16099 16418 16178 16257 16336
16419 16534 16447 16475 16503
16535 16588 16548 16561 16574
16589 16703 16617 16645 16673
16704 16806 16729 16754 16779
16807 17219 16910 17013 17116
17220 17336 17249 17278 17307
17337 17411 17355 17373 17391
17412 17563 17449 17486 17523
17564 17673 17591 17618 17645
17674 17728 17687 17700 17713
17729 17812 17749 17769 17789
17813 17867 17826 17839 17852
17868 17914 17879 17890 17901
17915 17963 17927 17939 17951
17964 18023 17978 17992 18006
18024 18109 18045 18066 18087
18110 18327 18164 18218 18272
18328 18430 18353 18378 18403
18431 18634 18481 18531 18581
18635 18704 18652 18669 18686
18705 19003 18779 18853 18927
19004 19212 19056 19108 19160
19213 19308 19236 19259 19282
19309 19488 19353 19397 19441
19489 19751 19554 19619 19684
19752 19862 19779 19806 19833
19863 19924 19878 19893 19908
19925 20109 19971 20017 20063
20110 20282 20153 20196 20239
20283 20804 20413 20543 20673
20805 20864 20819 20833 20847
20865 21145 20935 21005 21075
21146 21228 21166 21186 21206
21229 21318 21251 21273 21295
21319 21553 21377 21435 21493
21554 21618 21570 21586 21602
21619 21804 21665 21711 21757
21805 21843 21814 21823 21832
21844 21927 21864 21884 21904
21928 22151 21983 22038 22093
22152 22253 22177 22202 22227
22254 22324 22271 22288 22305
22325 22593 22392 22459 22526
22594 22648 22607 22620 22633
22649 22686 22658 22667 22676
22687 22871 22733 22779 22825
22872 22950 22891 22910 22929
22951 23119 22993 23035 23077
23120 23292 23163 23206 23249
23293 23363 23310 23327 23344
23364 23442 23383 23402 23421
23443 23515 23461 23479 23497
23516 23591 23534 23552 23570
23592 23709 23621 23650 23679
23710 23765 23723 23736 23749
23766 23824 23780 23794 23808
23825 23903 23844 23863 23882
23904 23944 23914 23924 23934
23945 24379 24053 24161 24269
24380 24508 24412 24444 24476
24509 24587 24528 24547 24566
24588 24666 24607 24626 24645
24667 24708 24677 24687 24697
24709 24818 24736 24763 24790
24819 24960 24854 24889 24924
24961 25017 24975 24989 25003
25018 25082 25034 25050 25066
25083 25150 25099 25115 25131
25151 25349 25200 25249 25298
25350 25658 25427 25504 25581
25659 25813 25697 25735 25773
25814 25848 25822 25830 25838
25849 25911 25864 25879 25894
25912 26114 25962 26012 26062
26115 26143 26122 26129 26136
26144 26206 26159 26174 26189
26207 26223 26211 26215 26219
26224 26328 26250 26276 26302
26329 26377 26341 26353 26365
26378 26420 26388 26398 26408
26421 26462 26431 26441 26451
26463 26499 26472 26481 26490
26500 26520 26505 26510 26515
26521 26668 26557 26593 26629
26669 26710 26679 26689 26699
26711 26855 26747 26783 26819
26856 26999 26891 26926 26961
27000 27257 27064 27128 27192
27258 27381 27288 27318 27348
27382 27425 27392 27402 27412
27426 27519 27449 27472 27495
27520 27576 27534 27548 27562
27577 27646 27594 27611 27628
27647 27855 27699 27751 27803
27856 27990 27889 27922 27955
27991 28036 28002 28013 28024
28037 28392 28125 28213 28301
28393 28446 28406 28419 28432
28447 28535 28469 28491 28513
28536 28580 28547 28558 28569
28581 28733 28619 28657 28695
28734 29063 28816 28898 28980
29064 29123 29078 29092 29106
29124 29162 29133 29142 29151
29163 29202 29172 29181 29190
29203 29254 29215 29227 29239
29255 29403 29292 29329 29366
29404 29444 29414 29424 29434
29445 29597 29483 29521 29559
29598 29701 29623 29648 29673
29702 29795 29725 29748 29771
29796 29892 29820 29844 29868
29893 29989 29917 29941 29965
29990 30061 29992 29994 30045
30062 30259 30111 30160 30209
30260 30399 30294 30328 30362
30400 30632 30458 30516 30574
30633 30888 30696 30759 30822
30889 31333 31000 31111 31222
31334 31469 31367 31400 31433
31470 31651 31515 31560 31605
31652 32741 31924 32196 32468
32742 32777 32750 32758 32766
32778 33242 32894 33010 33126
33243 33425 33288 33333 33378
33426 33478 33439 33452 33465
33479 33524 33490 33501 33512
33525 33642 33554 33583 33612
33643 33944 33718 33793 33868
33945 34114 33987 34029 34071
34115 34424 34192 34269 34346
34425 34532 34451 34477 34503
34533 34647 34561 34589 34617
34648 34737 34670 34692 34714
34738 34846 34765 34792 34819
34847 34974 34878 34909 34940
34975 35229 35038 35101 35164
35230 35923 35403 35576 35749
35924 36139 35977 36030 36083
36140 36266 36171 36202 36233
36267 36592 36348 36429 36510
36593 36694 36618 36643 36668
36695 36815 36725 36755 36785
36816 36942 36847 36878 36909
36943 37207 37009 37075 37141
37208 37261 37221 37234 37247
37262 37445 37307 37352 37397
37446 37561 37474 37502 37530
37562 37642 37582 37602 37622
37643 37670 37649 37655 37661
37671 37698 37677 37683 37689
37699 37770 37716 37733 37750
37771 37816 37782 37793 37804
37817 37854 37826 37835 37844
37855 37915 37870 37885 37900
37916 37959 37926 37936 37946
37960 38003 37970 37980 37990
38004 38043 38013 38022 38031
38044 38094 38056 38068 38080
38095 38118 38100 38105 38110
38119 38175 38133 38147 38161
38176 38202 38182 38188 38194
38203 38229 38209 38215 38221
38230 38298 38247 38264 38281
38299 38328 38306 38313 38320
38329 38748 38433 38537 38641
38749 38870 38779 38809 38839
38871 38991 38901 38931 38961
38992 39071 39011 39030 39049
39072 39108 39081 39090 39099
39109 39163 39122 39135 39148
39164 39290 39195 39226 39257
39291 39343 39304 39317 39330
39344 39365 39349 39354 39359
39366 39430 39382 39398 39414
39431 39477 39442 39453 39464
39478 39539 39493 39508 39523
39540 39713 39583 39626 39669
39714 40076 39804 39894 39984
40077 40120 40087 40097 40107
40121 40166 40132 40143 40154
40167 40210 40177 40187 40197
40211 40305 40234 40257 40280
40306 40419 40334 40362 40390
40420 40460 40430 40440 40450
40461 41041 40606 40751 40896
41042 41378 41126 41210 41294
41379 41401 41384 41389 41394
41402 41552 41439 41476 41513
41553 41575 41558 41563 41568
41576 41626 41588 41600 41612
41627 41652 41633 41639 41645
41653 41715 41668 41683 41698
41716 41810 41739 41762 41785
41811 41945 41844 41877 41910
41946 42142 41995 42044 42093
42143 42173 42150 42157 42164
42174 42210 42183 42192 42201
42211 42520 42288 42365 42442
42521 42906 42617 42713 42809
42907 43368 43022 43137 43252
43369 43566 43418 43467 43516
43567 43770 43617 43667 43717
43771 43841 43788 43805 43822
43842 44063 43897 43952 44007
44064 44364 44139 44214 44289
44365 45976 44523 44681 45732
45977 46583 46128 46279 46430
46584 47201 46738 46892 47046
47202 47251 47214 47226 47238
47252 47305 47265 47278 47291
47306 47383 47325 47344 47363
47384 47652 47451 47518 47585
47653 47806 47691 47729 47767
47807 47861 47820 47833 47846
47862 48089 47918 47974 48030
48090 48278 48137 48184 48231
48279 48457 48323 48367 48411
48458 48543 48479 48500 48521
48544 48613 48561 48578 48595
48614 48832 48668 48722 48776
48833 49219 48929 49025 49121
49220 49322 49245 49270 49295
49323 49542 49377 49431 49485
49543 49746 49593 49643 49693
49747 49879 49780 49813 49846
49880 49905 49886 49892 49898
49906 49960 49919 49932 49945
49961 50012 49973 49985 49997
50013 50050 50022 50031 50040
50051 50350 50125 50199 50273
50351 50396 50362 50373 50384
50397 51035 50556 50715 50874
51036 51540 51162 51288 51414
51541 51710 51583 51625 51667
51711 51946 51769 51827 51885
51947 52012 51963 51979 51995
52013 52070 52027 52041 52055
52071 52127 52085 52099 52113
52128 52213 52149 52170 52191
52214 52265 52226 52238 52250
52266 52337 52283 52300 52317
52338 52623 52409 52480 52551
52624 53896 52942 53260 53578
53897 54294 53996 54095 54194
54295 54653 54384 54473 54562
54654 54750 54678 54702 54726
54751 54866 54779 54807 54835
54867 55139 54935 55003 55071
55140 55208 55157 55174 55191
55209 55297 55231 55253 55275
55298 56223 55529 55760 55991
56224 56365 56259 56294 56329
56366 56743 56460 56554 56648
56744 57028 56815 56886 56957
57029 57417 57126 57223 57320
57418 57791 57511 57604 57697
57792 57849 57806 57820 57834
57850 58198 57937 58024 58111
58199 58297 58223 58247 58271
58298 58375 58317 58336 58355
58376 58420 58387 58398 58409
58421 58450 58428 58435 58442
58451 58487 58460 58469 58478
58488 58554 58504 58520 58536
58555 58571 58559 58563 58567
58572 58622 58584 58596 58608
58623 58643 58628 58633 58638
58644 58698 58657 58670 58683
58699 58756 58713 58727 58741
58757 58811 58770 58783 58796
58812 58829 58816 58820 58824
58830 58877 58841 58852 58863
58878 58901 58883 58888 58893
58902 59037 58935 58968 59001
59038 59086 59050 59062 59074
59087 59232 59123 59159 59195
59233 59315 59253 59273 59293
59316 59807 59438 59560 59682
59808 59919 59835 59862 59889
59920 60483 59939 59958 60360
60484 60542 60498 60512 60526
60543 60598 60556 60569 60582
60599 60650 60611 60623 60635
60651 60677 60657 60663 60669
60678 60777 60702 60726 60750
60778 60824 60789 60800 60811
60825 60896 60842 60859 60876
60897 60934 60906 60915 60924
60935 61011 60954 60973 60992
61012 61293 61082 61152 61222
61294 61414 61324 61354 61384
61415 61515 61440 61465 61490
61516 61601 61537 61558 61579
61602 61648 61613 61624 61635
61649 61736 61670 61691 61712
61737 61784 61748 61759 61770
61785 61838 61798 61811 61824
61839 61966 61870 61901 61932
61967 62146 62011 62055 62099
62147 62457 62224 62301 62378
62458 62727 62525 62592 62659
62728 62769 62738 62748 62758
62770 62911 62805 62840 62875
62912 63153 62972 63032 63092
63154 63238 63175 63196 63217
63239 63499 63304 63369 63434
63500 63857 63589 63678 63767
63858 63923 63874 63890 63906
63924 64181 63988 64052 64116
64182 64238 64196 64210 64224
64239 64314 64257 64275 64293
64315 64437 64345 64375 64405
64438 64644 64489 64540 64591
64645 64723 64664 64683 64702
64724 65251 64855 64986 65117
65252 65458 65303 65354 65405
65459 65530 65476 65493 65510
65531 65593 65546 65561 65576
65594 65733 65628 65662 65696
65734 65891 65773 65812 65851
65892 66406 66020 66148 66276
66407 66699 66480 66553 66626
66700 66983 66770 66840 66910
66984 67143 67023 67062 67101
67144 67514 67236 67328 67420
67515 67659 67551 67587 67623
67660 67776 67689 67718 67747
67777 67918 67812 67847 67882
67919 68058 67953 67987 68021
68059 68177 68088 68117 68146
68178 68428 68240 68302 68364
68429 68465 68438 68447 68456
68466 68564 68490 68514 68538
68565 68618 68578 68591 68604
68619 68846 68675 68731 68787
68847 68948 68872 68897 68922
68949 69003 68962 68975 68988
69004 69061 69018 69032 69046
69062 69585 69192 69322 69452
69586 70016 69693 69800 69907
70017 70250 70075 70133 70191
70251 70303 70264 70277 70290
70304 70466 70344 70384 70424
70467 70721 70530 70593 70656
70722 70864 70757 70792 70827
70865 71974 71142 71419 71696
71975 72067 71998 72021 72044
72068 72128 72083 72098 72113
72129 72303 72172 72215 72258
72304 72395 72326 72348 72370
72396 72848 72509 72622 72735
72849 73045 72898 72947 72996
73046 73074 73053 73060 73067
73075 73319 73136 73197 73258
73320 73357 73329 73338 73347
73358 73829 73475 73592 73709
73830 74197 73921 74012 74103
74198 74373 74241 74284 74327
74374 74598 74430 74486 74542
74599 74738 74633 74667 74701
74739 74817 74758 74777 74796
74818 75041 74863 74908 75030
75042 75182 75077 75112 75147
75183 75211 75190 75197 75204
75212 75254 75222 75232 75242
75255 75299 75266 75277 75288
75300 75391 75322 75344 75366
75392 75510 75421 75450 75479
75511 75668 75550 75589 75628
75669 75799 75701 75733 75765
75800 75837 75809 75818 75827
75838 75901 75853 75868 75883
75902 75966 75918 75934 75950
75967 76010 75977 75987 75997
76011 76082 76028 76045 76062
76083 76159 76102 76121 76140
76160 76245 76181 76202 76223
76246 76289 76256 76266 76276
76290 76357 76306 76322 76338
76358 76446 76380 76402 76424
76447 76508 76462 76477 76492
76509 76605 76533 76557 76581
76606 76888 76676 76746 76816
76889 77001 76917 76945 76973
77002 77062 77017 77032 77047
77063 77088 77069 77075 77081
77089 77145 77103 77117 77131
77146 77221 77164 77182 77200
77222 77384 77262 77302 77342
77385 78071 77556 77727 77898
78072 78401 78154 78236 78318
78402 78570 78444 78486 78528
78571 78784 78624 78677 78730
78785 79194 78887 78989 79091
79195 79259 79211 79227 79243
79260 79291 79267 79274 79281
79292 79517 79348 79404 79460
79518 79613 79541 79564 79587
79614 79637 79619 79624 79629
79638 79719 79658 79678 79698
79720 79774 79733 79746 79759
79775 79790 79778 79781 79784
79791 79873 79811 79831 79851
79874 79988 79902 79930 79958
79989 80005 79993 79997 80001
80006 80046 80016 80026 80036
80047 80094 80058 80069 80080
80095 80150 80108 80121 80134
80151 80276 80182 80213 80244
80277 80332 80290 80303 80316
80333 80425 80356 80379 80402
80426 80505 80445 80464 80483
80506 80562 80520 80534 80548
80563 80611 80575 80587 80599
80612 80757 80648 80684 80720
80758 80854 80782 80806 80830
80855 80896 80865 80875 80885
80897 80997 80922 80947 80972
80998 81452 81111 81224 81337
81453 81571 81482 81511 81540
81572 81596 81578 81584 81590
81597 81789 81645 81693 81741
81790 81887 81814 81838 81862
81888 81927 81897 81906 81915
81928 82098 81970 82012 82054
82099 82157 82113 82127 82141
82158 82345 82204 82250 82296
82346 82401 82359 82372 82385
82402 82466 82418 82434 82450
82467 82603 82501 82535 82569
82604 82710 82630 82656 82682
82711 82762 82723 82735 82747
82763 82795 82771 82779 82787
82796 82865 82813 82830 82847
82866 82888 82871 82876 82881
82889 82975 82910 82931 82952
82976 83013 82985 82994 83003
83014 83048 83022 83030 83038
83049 83115 83065 83081 83097
83116 83135 83120 83124 83128
83136 83183 83147 83158 83169
83184 83223 83193 83202 83211
83224 83259 83232 83240 83248
83260 83322 83275 83290 83305
83323 83355 83331 83339 83347
83356 83396 83366 83376 83386
83397 83443 83408 83419 83430
83444 83476 83452 83460 83468
83477 83550 83495 83513 83531
83551 83668 83580 83609 83638
83669 83726 83683 83697 83711
83727 83759 83735 83743 83751
83760 83812 83773 83786 83799
83813 83878 83829 83845 83861
83879 83944 83895 83911 83927
83945 84039 83968 83991 84014
84040 84066 84046 84052 84058
84067 84103 84076 84085 84094
84104 84169 84120 84136 84152
84170 84245 84188 84206 84224
84246 84298 84259 84272 84285
84299 84355 84313 84327 84341
84356 84398 84366 84376 84386
84399 84590 84446 84493 84540
84591 84778 84637 84683 84729
84779 84910 84811 84843 84875
84911 84985 84929 84947 84965
84986 85203 85040 85094 85148
85204 85276 85222 85240 85258
85277 85316 85286 85295 85304
85317 85613 85391 85465 85539
85614 85736 85644 85674 85704
85737 86107 85829 85921 86013
86108 86202 86131 86154 86177
86203 86359 86242 86281 86320
86360 86601 86420 86480 86540
86602 86671 86619 86636 86653
86672 86747 86690 86708 86726
86748 86868 86778 86808 86838
86869 86889 86874 86879 86884
86890 86960 86907 86924 86941
86961 86998 86970 86979 86988
86999 87262 87064 87129 87194
87263 87459 87312 87361 87410
87460 87566 87486 87512 87538
87567 87981 87670 87773 87876
87982 88039 87996 88010 88024
88040 88228 88087 88134 88181
88229 88290 88244 88259 88274
88291 88486 88339 88387 88435
88487 88858 88579 88671 88763
88859 88905 88870 88881 88892
88906 89165 88970 89034 89098
89166 89202 89175 89184 89193
89203 89310 89229 89255 89281
89311 89339 89318 89325 89332
89340 89633 89413 89486 89559
89634 89776 89669 89704 89739
89777 89874 89801 89825 89849
89875 90045 89906 89937 90033
90046 90081 90054 90062 90070
90082 90206 90113 90144 90175
90207 90345 90241 90275 90309
90346 90904 90485 90624 90763
90905 91251 90991 91077 91163
91252 91607 91340 91428 91516
91608 91802 91656 91704 91752
91803 92018 91856 91909 91962
92019 92259 92079 92139 92199
92260 92316 92274 92288 92302
92317 92476 92356 92395 92434
92477 92656 92521 92565 92609
92657 92778 92687 92717 92747
92779 92840 92794 92809 92824
92841 92972 92873 92905 92937
92973 93381 93075 93177 93279
93382 93499 93411 93440 93469
93500 93597 93524 93548 93572
93598 93689 93620 93642 93664
93690 93745 93703 93716 93729
93746 93822 93765 93784 93803
93823 93917 93846 93869 93892
93918 93958 93928 93938 93948
93959 93998 93968 93977 93986
93999 94269 94066 94133 94200
94270 94460 94317 94364 94411
94461 94525 94477 94493 94509
94526 94574 94538 94550 94562
94575 94620 94586 94597 94608
94621 94722 94646 94671 94696
94723 94779 94737 94751 94765
94780 94937 94819 94858 94897
94938 94987 94950 94962 94974
94988 95052 95004 95020 95036
95053 95127 95071 95089 95107
95128 95234 95154 95180 95206
95235 95316 95255 95275 95295
95317 95387 95334 95351 95368
95388 95492 95414 95440 95466
95493 95532 95502 95511 95520
95533 95567 95541 95549 95557
95568 95640 95586 95604 95622
95641 96099 95755 95869 95983
96100 96294 96148 96196 96244
96295 96311 96299 96303 96307
96312 96328 96316 96320 96324
96329 96345 96333 96337 96341
96346 96366 96351 96356 96361
96367 96384 96371 96375 96379
96385 96422 96394 96403 96412
96423 96443 96428 96433 96438
96444 96511 96460 96476 96492
96512 96540 96519 96526 96533
96541 96558 96545 96549 96553
96559 96615 96573 96587 96601
96616 96705 96638 96660 96682
96706 96738 96714 96722 96730
96739 96758 96743 96747 96751
96759 96824 96775 96791 96807
96825 96986 96865 96905 96945
96987 97088 97012 97037 97062
97089 97144 97102 97115 97128
97145 97250 97171 97197 97223
97251 97312 97266 97281 97296
97313 97506 97361 97409 97457
97507 97587 97527 97547 97567
97588 97623 97596 97604 97612
97624 97719 97647 97670 97693
97720 97838 97749 97778 97807
97839 98222 97934 98029 98124
98223 98252 98230 98237 98244
98253 98505 98316 98379 98442
98506 98542 98515 98524 98533
98543 98623 98563 98583 98603
98624 98768 98660 98696 98732
98769 98785 98773 98777 98781
98786 98820 98794 98802 98810
98821 98881 98836 98851 98866
98882 98927 98893 98904 98915
98928 98998 98945 98962 98979
98999 99027 99006 99013 99020
99028 99073 99039 99050 99061
99074 99121 99085 99096 99107
99122 99153 99129 99136 99143
99154 99274 99184 99214 99244
99275 99542 99341 99407 99473
99543 99590 99554 99565 99576
99591 99718 99622 99653 99684
99719 99802 99739 99759 99779
99803 99832 99810 99817 99824
99833 99853 99838 99843 99848
99854 100110 99918 99982 100046
100111 100170 100125 100139 100153
100171 100201 100178 100185 100192
100202 100252 100214 100226 100238
100253 100405 100291 100329 100367
100406 100424 100410 100414 100418
100425 100467 100435 100445 100455
100468 100484 100472 100476 100480
100485 100517 100493 100501 100509
100518 100545 100524 100530 100536
100546 100610 100562 100578 100594
100611 100779 100653 100695 100737
100780 100804 100786 100792 100798
100805 100858 100818 100831 100844
100859 100920 100874 100889 100904
100921 101047 100952 100983 101014
101048 101659 101200 101352 101504
101660 101809 101697 101734 101771
101810 101879 101827 101844 101861
101880 101968 101902 101924 101946
101969 102043 101987 102005 102023
102044 102080 102053 102062 102071
102081 102113 102089 102097 102105
102114 102182 102131 102148 102165
102183 102235 102196 102209 102222
102236 102357 102266 102296 102326
102358 102490 102391 102424 102457
102491 102551 102506 102521 102536
102552 102585 102560 102568 102576
102586 102666 102606 102626 102646
102667 102718 102679 102691 102703
102719 102847 102751 102783 102815
102848 102913 102864 102880 102896
102914 102933 102918 102922 102926
102934 102971 102943 102952 102961
102972 103012 102982 102992 103002
103013 103073 103028 103043 103058
103074 103134 103089 103104 103119
103135 103183 103147 103159 103171
103184 103257 103202 103220 103238
103258 103297 103267 103276 103285
103298 103503 103349 103400 103451
103504 103571 103520 103536 103552
103572 103595 103577 103582 103587
103596 103641 103607 103618 103629
103642 103707 103658 103674 103690
103708 103826 103737 103766 103795
103827 103914 103848 103869 103890
103915 103994 103934 103953 103972
103995 104256 104060 104125 104190
104257 104419 104297 104337 104377
104420 104483 104435 104450 104465
104484 104500 104488 104492 104496
104501 104525 104507 104513 104519
104526 104604 104545 104564 104583
104605 104656 104617 104629 104641
104657 104705 104669 104681 104693
104706 104930 104762 104818 104874
104931 104948 104935 104939 104943
104949 104986 104958 104967 104976
104987 105159 104990 104993 105117
105160 105198 105169 105178 105187
105199 105230 105206 105213 105220
105231 105295 105247 105263 105279
105296 105502 105347 105398 105449
105503 105686 105548 105593 105638
105687 105717 105694 105701 105708
105718 105739 105723 105728 105733
105740 105824 105761 105782 105803
105825 105853 105832 105839 105846
105854 105893 105863 105872 105881
105894 105952 105908 105922 105936
105953 105980 105959 105965 105971
105981 106027 105992 106003 106014
106028 106130 106053 106078 106103
106131 106184 106144 106157 106170
106185 106238 106198 106211 106224
106239 106277 106248 106257 106266
106278 106375 106302 106326 106350
106376 106414 106385 106394 106403
106415 106471 106429 106443 106457
106472 106494 106477 106482 106487
106495 106545 106507 106519 106531
106546 106644 106570 106594 106618
106645 106703 106659 106673 106687
106704 106737 106712 106720 106728
106738 106770 106746 106754 106762
106771 106793 106776 106781 106786
106794 106826 106802 106810 106818
106827 106899 106845 106863 106881
106900 106923 106905 106910 106915
106924 107115 106971 107018 107065
107116 107142 107122 107128 107134
107143 107315 107186 107229 107272
107316 107337 107321 107326 107331
107338 107370 107346 107354 107362
107371 107521 107408 107445 107482
107522 107564 107532 107542 107552
107565 107606 107575 107585 107595
107607 107626 107611 107615 107619
107627 107648 107632 107637 107642
107649 107681 107657 107665 107673
107682 107700 107686 107690 107694
107701 107718 107705 107709 107713
107719 107774 107732 107745 107758
107775 107814 107784 107793 107802
107815 107877 107830 107845 107860
107878 107941 107893 107908 107923
107942 107973 107949 107956 107963
107974 108008 107982 107990 107998
108009 108071 108024 108039 108054
108072 108091 108076 108080 108084
108092 108130 108101 108110 108119
108131 108148 108135 108139 108143
108149 108180 108156 108163 108170
108181 108209 108188 108195 108202
108210 108261 108222 108234 108246
108262 108313 108274 108286 108298
108314 108335 108319 108324 108329
108336 108403 108352 108368 108384
108404 108463 108418 108432 108446
108464 108535 108481 108498 108515
108536 108563 108542 108548 108554
108564 108607 108574 108584 108594
108608 108640 108616 108624 108632
108641 108657 108645 108649 108653
108658 108675 108662 108666 108670
108676 108697 108681 108686 108691
108698 108769 108715 108732 108749
108770 108787 108774 108778 108782
108788 108847 108802 108816 108830
108848 108877 108855 108862 108869
108878 108894 108882 108886 108890
108895 108939 108906 108917 108928
108940 108979 108949 108958 108967
108980 109023 108990 109000 109010
109024 109041 109028 109032 109036
109042 109070 109049 109056 109063
109071 109132 109086 109101 109116
109133 109177 109144 109155 109166
109178 109212 109186 109194 109202
109213 109242 109220 109227 109234
109243 109260 109247 109251 109255
109261 109282 109266 109271 109276
109283 109317 109291 109299 109307
109318 109445 109349 109380 109411
109446 109475 109453 109460 109467
109476 109499 109481 109486 109491
109500 109522 109505 109510 109515
109523 109651 109555 109587 109619
109652 109684 109660 109668 109676
109685 110018 109768 109851 109934
110019 110508 110141 110263 110385
110509 110606 110533 110557 110581
110607 110698 110629 110651 110673
110699 110728 110706 110713 110720
110729 110758 110736 110743 110750
110759 110785 110765 110771 110777
110786 110831 110797 110808 110819
110832 110869 110841 110850 110859
110870 110952 110890 110910 110930
110953 110984 110960 110967 110974
110985 111016 110992 110999 111006
111017 111176 111056 111095 111134
111177 111205 111184 111191 111198
111206 111236 111213 111220 111227
111237 111274 111246 111255 111264
111275 111314 111284 111293 111302
111315 111339 111321 111327 111333
111340 111384 111351 111362 111373
111385 111443 111399 111413 111427
111444 111472 111451 111458 111465
111473 111496 111478 111483 111488
111497 111583 111518 111539 111560
111584 111747 111624 111664 111704
111748 112141 111846 111944 112042
112142 112620 112261 112380 112499
112621 113262 112781 112941 113101
113263 114227 113504 113745 113986
114228 114805 114372 114516 114660
114806 115078 114874 114942 115010
115079 115131 115092 115105 115118
115132 115175 115142 115152 115162
115176 115198 115181 115186 115191
115199 115443 115260 115321 115382
115444 115535 115466 115488 115510
115536 115837 115611 115686 115761
115838 115912 115856 115874 115892
115913 116011 115937 115961 115985
116012 116062 116024 116036 116048
116063 116111 116075 116087 116099
116112 116159 116123 116134 116145
116160 116235 116178 116196 116214
116236 116269 116244 116252 116260
116270 116430 116310 116350 116390
116431 116508 116450 116469 116488
116509 116563 116522 116535 116548
116564 116714 116601 116638 116675
116715 116747 116723 116731 116739
116748 116793 116759 116770 116781
116794 116815 116799 116804 116809
116816 116843 116822 116828 116834
116844 116929 116865 116886 116907
116930 117048 116959 116988 117017
117049 117181 117082 117115 117148
117182 117245 117197 117212 117227
117246 117303 117260 117274 117288
117304 117353 117316 117328 117340
117354 117415 117369 117384 117399
117416 117476 117431 117446 117461
117477 117983 117603 117729 117855
117984 118082 118008 118032 118056
118083 118134 118095 118107 118119
118135 118189 118148 118161 118174
118190 118245 118203 118216 118229
118246 118311 118262 118278 118294
118312 118378 118328 118344 118360
118379 118452 118397 118415 118433
118453 118503 118465 118477 118489
118504 118967 118619 118734 118849
118968 119006 118977 118986 118995
119007 119251 119068 119129 119190
119252 119323 119269 119286 119303
119324 119684 119414 119504 119594
119685 119778 119708 119731 119754
119779 119844 119795 119811 119827
119845 119936 119867 119889 119911
119937 119975 119946 119955 119964
119976 120258 119981 119986 120192
120259 120305 120270 120281 120292
120306 120531 120362 120418 120474
120532 120575 120542 120552 120562
120576 120730 120614 120652 120690
120731 120901 120773 120815 120857
120902 120938 120911 120920 120929
120939 120957 120943 120947 120951
120958 120992 120966 120974 120982
120993 121019 120999 121005 121011
121020 121045 121026 121032 121038
121046 121079 121054 121062 121070
121080 121117 121089 121098 121107
121118 121199 121138 121158 121178
121200 121318 121229 121258 121287
121319 121409 121341 121363 121385
121410 121466 121424 121438 121452
121467 121502 121475 121483 121491
121503 121605 121528 121553 121578
121606 121653 121617 121628 121639
121654 121777 121684 121714 121744
121778 121941 121818 121858 121898
121942 122102 121982 122022 122062
122103 122936 122311 122519 122727
122937 123015 122956 122975 122994
123016 123101 123037 123058 123079
123102 123138 123111 123120 123129
123139 123201 123154 123169 123184
123202 123258 123216 123230 123244
123259 123381 123289 123319 123349
123382 123487 123408 123434 123460
123488 123531 123498 123508 123518
123532 123552 123537 123542 123547
123553 123623 123570 123587 123604
123624 123723 123648 123672 123696
123724 123784 123739 123754 123769
123785 123828 123795 123805 123815
123829 123922 123852 123875 123898
123923 123969 123934 123945 123956
123970 124047 123989 124008 124027
124048 124162 124076 124104 124132
124163 124212 124175 124187 124199
124213 124282 124230 124247 124264
124283 124352 124300 124317 124334
124353 124460 124379 124405 124431
124461 124504 124471 124481 124491
124505 124552 124516 124527 124538
124553 124616 124568 124583 124598
124617 124776 124656 124695 124734
124777 124857 124797 124817 124837
124858 124909 124870 124882 124894
124910 125054 124946 124982 125018
125055 125139 125076 125097 125118
125140 125256 125169 125198 125227
125257 125709 125370 125483 125596
125710 125816 125736 125762 125788
125817 126054 125876 125935 125994
126055 126873 126259 126463 126667
126874 127038 126915 126956 126997
127039 127135 127063 127087 127111
127136 127243 127162 127188 127214
127244 127345 127269 127294 127319
127346 127404 127360 127374 127388
127405 127660 127468 127531 127594
127661 127731 127678 127695 127712
127732 127805 127750 127768 127786
127806 128469 127971 128136 128301
128470 128580 128497 128524 128551
128581 128799 128635 128689 128743
128800 128823 128805 128810 128815
128824 128848 128830 128836 128842
128849 128877 128856 128863 128870
128878 128954 128897 128916 128935
128955 129006 128967 128979 128991
129007 129214 129058 129109 129160
129215 129271 129229 129243 129257
129272 129408 129306 129340 129374
129409 129632 129464 129519 129574
129633 129672 129642 129651 129660
129673 129819 129709 129745 129781
129820 130320 129945 130070 130195
130321 130938 130475 130629 130783
130939 131469 131071 131203 131335
131470 131515 131481 131492 131503
131516 131698 131561 131606 131651
131699 133185 132070 132441 132812
133186 133261 133204 133222 133240
133262 133316 133275 133288 133301
133317 133380 133332 133347 133362
133381 133478 133405 133429 133453
133479 133536 133493 133507 133521
133537 133695 133576 133615 133654
133696 133806 133723 133750 133777
133807 133859 133820 133833 133846
133860 134091 133917 133974 134031
134092 134347 134155 134218 134281
134348 134449 134373 134398 134423
134450 134522 134468 134486 134504
134523 134555 134531 134539 134547
134556 134644 134578 134600 134622
134645 134717 134663 134681 134699
134718 135048 134788 134858 135036
135049 135130 135069 135089 135109
135131 135202 135148 135165 135182
135203 135267 135219 135235 135251
135268 135363 135291 135314 135337
135364 135399 135372 135380 135388
135400 135452 135413 135426 135439
135453 135503 135465 135477 135489
135504 135580 135523 135542 135561
135581 135729 135618 135655 135692
135730 135833 135755 135780 135805
135834 135865 135841 135848 135855
135866 135945 135885 135904 135923
135946 136008 135961 135976 135991
136009 136192 136054 136099 136144
136193 136240 136204 136215 136226
136241 136286 136252 136263 136274
136287 136321 136295 136303 136311
136322 136377 136335 136348 136361
136378 136402 136384 136390 136396
136403 136437 136411 136419 136427
136438 136462 136444 136450 136456
136463 136506 136473 136483 136493
136507 136541 136515 136523 136531
136542 136620 136561 136580 136599
136621 136658 136630 136639 136648
136659 136884 136715 136771 136827
136885 136953 136902 136919 136936
136954 137057 136979 137004 137029
137058 137206 137095 137132 137169
137207 137337 137239 137271 137303
137338 137689 137425 137512 137599
137690 138081 137787 137884 137981
138082 138528 138193 138304 138415
138529 139109 138674 138819 138964
139110 139188 139129 139148 139167
139189 139301 139217 139245 139273
139302 139361 139316 139330 139344
139362 139486 139393 139424 139455
139487 139538 139499 139511 139523
139539 139576 139548 139557 139566
139577 139605 139584 139591 139598
139606 139655 139618 139630 139642
139656 139744 139678 139700 139722
139745 139947 139795 139845 139895
139948 140004 139962 139976 139990
140005 140086 140025 140045 140065
140087 140141 140100 140113 140126
140142 140512 140234 140326 140418
140513 140594 140533 140553 140573
140595 140702 140621 140647 140673
140703 140766 140718 140733 140748
140767 140959 140815 140863 140911
140960 141018 140974 140988 141002
141019 141106 141040 141061 141082
141107 141167 141122 141137 141152
141168 141194 141174 141180 141186
141195 141298 141220 141245 141270
141299 141378 141318 141337 141356
141379 141635 141443 141507 141571
141636 141685 141648 141660 141672
141686 141757 141703 141720 141737
141758 141854 141782 141806 141830
141855 142129 141923 141991 142059
142130 142202 142148 142166 142184
142203 142265 142218 142233 142248
142266 142396 142298 142330 142362
142397 142424 142403 142409 142415
142425 142442 142429 142433 142437
142443 142463 142448 142453 142458
142464 142509 142475 142486 142497
142510 142557 142521 142532 142543
142558 142579 142563 142568 142573
142580 142600 142585 142590 142595
142601 142623 142606 142611 142616
142624 142670 142635 142646 142657
142671 142717 142682 142693 142704
142718 142756 142727 142736 142745
142757 142774 142761 142765 142769
142775 142796 142780 142785 142790
142797 142856 142811 142825 142839
142857 142901 142868 142879 142890
142902 142989 142923 142944 142965
142990 143023 142998 143006 143014
143024 143048 143030 143036 143042
143049 143069 143054 143059 143064
143070 143090 143075 143080 143085
143091 143113 143096 143101 143106
143114 143133 143118 143122 143126
143134 143185 143146 143158 143170
143186 143241 143199 143212 143225
143242 143336 143265 143288 143311
143337 143396 143351 143365 143379
143397 143553 143436 143475 143514
143554 143629 143572 143590 143608
143630 143652 143635 143640 143645
143653 143773 143683 143713 143743
143774 143831 143788 143802 143816
143832 143885 143845 143858 143871
143886 144132 143947 144008 144069
144133 144194 144148 144163 144178
144195 144251 144209 144223 144237
144252 144506 144315 144378 144441
144507 144584 144526 144545 144564
144585 144634 144597 144609 144621
144635 144738 144660 144685 144710
144739 144824 144760 144781 144802
144825 144845 144830 144835 144840
144846 144876 144853 144860 144867
144877 144925 144889 144901 144913
144926 144989 144941 144956 144971
144990 145062 145008 145026 145044
145063 145107 145074 145085 145096
145108 145147 145117 145126 145135
145148 145198 145160 145172 145184
145199 145219 145204 145209 145214
145220 145247 145226 145232 145238
145248 145264 145252 145256 145260
145265 145442 145309 145353 145397
145443 145477 145451 145459 145467
145478 145503 145484 145490 145496
145504 145566 145519 145534 145549
145567 145641 145585 145603 145621
145642 145831 145689 145736 145783
145832 145956 145863 145894 145925
145957 146045 145979 146001 146023
146046 146216 146088 146130 146172
146217 146265 146229 146241 146253
146266 146912 146427 146588 146749
146913 147040 146944 146975 147006
147041 147184 147076 147111 147146
147185 147344 147224 147263 147302
147345 147488 147380 147415 147450
147489 149481 147987 148485 148983
