0 1380 345 690 1035
1381 1527 1417 1453 1489
1528 1548 1533 1538 1543
1549 2826 1868 2187 2506
2827 2899 2845 2863 2881
2900 3024 2931 2962 2993
3025 3081 3039 3053 3067
3082 3529 3193 3304 3415
3530 3736 3581 3632 3683
3737 3756 3741 3745 3749
3757 3799 3767 3777 3787
3800 3899 3824 3848 3872
3900 3958 3914 3928 3942
3959 3980 3964 3969 3974
3981 4035 3994 4007 4020
4036 4054 4040 4044 4048
4055 4165 4082 4109 4136
4166 4220 4179 4192 4205
4221 4242 4226 4231 4236
4243 4428 4289 4335 4381
4429 4581 4467 4505 4543
4582 4599 4586 4590 4594
4600 4627 4606 4612 4618
4628 4673 4639 4650 4661
4674 4692 4678 4682 4686
4693 4751 4707 4721 4735
4752 4804 4765 4778 4791
4805 4824 4809 4813 4817
4825 4849 4831 4837 4843
4850 5078 4907 4964 5021
5079 5150 5096 5113 5130
5151 5187 5160 5169 5178
5188 5565 5282 5376 5470
5566 5775 5618 5670 5722
5776 5829 5789 5802 5815
5830 5852 5835 5840 5845
5853 6092 5912 5971 6030
6093 6144 6105 6117 6129
6145 6348 6195 6245 6295
6349 6415 6365 6381 6397
6416 6501 6437 6458 6479
6502 6518 6506 6510 6514
6519 6623 6545 6571 6597
6624 6775 6661 6698 6735
6776 6793 6780 6784 6788
6794 6811 6798 6802 6806
6812 6848 6821 6830 6839
6849 6869 6854 6859 6864
6870 6956 6891 6912 6933
6957 7065 6984 7011 7038
7066 7149 7086 7106 7126
7150 7349 7199 7248 7297
7350 7369 7354 7358 7362
7370 7399 7377 7384 7391
7400 7492 7423 7446 7469
7493 7590 7517 7541 7565
7591 7874 7661 7731 7801
7875 8303 7982 8089 8196
8304 8436 8337 8370 8403
8437 8688 8499 8561 8623
8689 8810 8719 8749 8779
8811 9583 9004 9197 9390
9584 10198 9737 9890 10043
10199 10481 10269 10339 10409
10482 10769 10553 10624 10695
10770 10879 10797 10824 10851
10880 11612 11063 11246 11429
11613 11730 11642 11671 11700
11731 11900 11773 11815 11857
11901 12278 11995 12089 12183
12279 12422 12314 12349 12384
12423 12811 12520 12617 12714
12812 13651 13021 13230 13439
13652 13831 13696 13740 13784
13832 14267 13940 14048 14156
14268 14638 14360 14452 14544
14639 14795 14678 14717 14756
14796 14870 14814 14832 14850
14871 15243 14903 14935 15180
15244 15617 15337 15430 15523
15618 16307 15790 15962 16134
16308 16359 16320 16332 16344
16360 16432 16378 16396 16414
16433 16590 16472 16511 16550
16591 16689 16615 16639 16663
16690 16799 16717 16744 16771
16800 16882 16820 16840 16860
16883 16963 16903 16923 16943
16964 19430 17580 18196 18812
19431 19548 19460 19489 19518
19549 20518 19791 20033 20275
20519 20592 20537 20555 20573
20593 20620 20599 20605 20611
20621 20706 20642 20663 20684
20707 20751 20718 20729 20740
20752 20855 20777 20802 20827
20856 20986 20888 20920 20952
20987 21081 21010 21033 21056
21082 21149 21098 21114 21130
21150 21189 21159 21168 21177
21190 21246 21204 21218 21232
21247 21278 21254 21261 21268
21279 21433 21317 21355 21393
21434 21520 21455 21476 21497
21521 21601 21541 21561 21581
21602 21690 21624 21646 21668
21691 21749 21705 21719 21733
21750 21817 21766 21782 21798
21818 21988 21860 21902 21944
21989 22106 22018 22047 22076
22107 22172 22123 22139 22155
22173 22270 22197 22221 22245
22271 22289 22275 22279 22283
22290 22358 22307 22324 22341
22359 22883 22490 22621 22752
22884 22915 22891 22898 22905
22916 22957 22926 22936 22946
22958 23030 22976 22994 23012
23031 23148 23060 23089 23118
23149 23291 23184 23219 23254
23292 23388 23316 23340 23364
23389 23435 23400 23411 23422
23436 23675 23495 23554 23613
23676 23765 23698 23720 23742
23766 23823 23780 23794 23808
23824 23994 23866 23908 23950
23995 24110 24023 24051 24079
24111 24198 24132 24153 24174
24199 24285 24220 24241 24262
24286 24382 24310 24334 24358
24383 24441 24397 24411 24425
24442 24567 24473 24504 24535
24568 24584 24572 24576 24580
24585 24612 24591 24597 24603
24613 24629 24617 24621 24625
24630 24651 24635 24640 24645
24652 24682 24659 24666 24673
24683 24714 24690 24697 24704
24715 24763 24727 24739 24751
24764 24807 24774 24784 24794
24808 24826 24812 24816 24820
24827 24900 24845 24863 24881
24901 24967 24917 24933 24949
24968 25049 24988 25008 25028
25050 25175 25081 25112 25143
25176 25210 25184 25192 25200
25211 25271 25226 25241 25256
25272 25333 25287 25302 25317
25334 25365 25341 25348 25355
25366 25415 25378 25390 25402
25416 25444 25423 25430 25437
25445 25475 25452 25459 25466
25476 25531 25489 25502 25515
25532 25643 25559 25586 25613
25644 25970 25725 25806 25887
25971 26171 26021 26071 26121
26172 26217 26183 26194 26205
26218 26247 26225 26232 26239
26248 26961 26426 26604 26782
26962 27414 27075 27188 27301
27415 27580 27456 27497 27538
27581 27654 27599 27617 27635
27655 27755 27680 27705 27730
27756 27839 27776 27796 27816
27840 28098 27904 27968 28032
28099 28205 28125 28151 28177
28206 28401 28254 28302 28350
28402 28645 28462 28522 28582
28646 28857 28698 28750 28802
28858 28952 28881 28904 28927
28953 29017 28969 28985 29001
29018 29085 29034 29050 29066
29086 29174 29108 29130 29152
29175 29233 29189 29203 29217
29234 29293 29248 29262 29276
29294 29392 29318 29342 29366
29393 29428 29401 29409 29417
29429 29455 29435 29441 29447
29456 29539 29476 29496 29516
29540 29617 29559 29578 29597
29618 29662 29629 29640 29651
29663 29698 29671 29679 29687
29699 29722 29704 29709 29714
29723 29757 29731 29739 29747
29758 29781 29763 29768 29773
29782 29811 29789 29796 29803
29812 30906 29858 29904 30678
30907 31069 30947 30987 31027
31070 31207 31104 31138 31172
31208 31277 31225 31242 31259
31278 31637 31367 31456 31545
31638 31896 31702 31766 31830
31897 32226 31979 32061 32143
32227 32307 32247 32267 32287
32308 32472 32349 32390 32431
32473 32671 32522 32571 32620
32672 34066 33020 33368 33716
34067 34232 34108 34149 34190
34233 34382 34270 34307 34344
34383 34493 34410 34437 34464
34494 34938 34605 34716 34827
34939 35059 34969 34999 35029
35060 35250 35107 35154 35201
35251 35659 35353 35455 35557
35660 35826 35701 35742 35783
35827 35859 35835 35843 35851
35860 35945 35881 35902 35923
35946 36048 35971 35996 36021
36049 36554 36175 36301 36427
36555 36638 36575 36595 36615
36639 36724 36660 36681 36702
36725 36862 36759 36793 36827
36863 36930 36879 36895 36911
36931 36968 36940 36949 36958
36969 37013 36980 36991 37002
37014 37168 37052 37090 37128
37169 37220 37181 37193 37205
37221 37244 37226 37231 37236
37245 37447 37295 37345 37395
37448 37527 37467 37486 37505
37528 37569 37538 37548 37558
37570 37587 37574 37578 37582
37588 37634 37599 37610 37621
37635 37679 37646 37657 37668
37680 37779 37704 37728 37752
37780 37834 37793 37806 37819
37835 37863 37842 37849 37856
37864 37945 37884 37904 37924
37946 38042 37970 37994 38018
38043 38077 38051 38059 38067
38078 38099 38083 38088 38093
38100 38146 38111 38122 38133
38147 38168 38152 38157 38162
38169 38224 38182 38195 38208
38225 38549 38306 38387 38468
38550 38574 38556 38562 38568
38575 38618 38585 38595 38605
38619 38661 38629 38639 38649
38662 38839 38706 38750 38794
38840 38906 38856 38872 38888
38907 39088 38952 38997 39042
39089 39203 39117 39145 39173
39204 39224 39209 39214 39219
39225 39294 39242 39259 39276
39295 39338 39305 39315 39325
39339 39359 39344 39349 39354
39360 39392 39368 39376 39384
39393 39424 39400 39407 39414
39425 39464 39434 39443 39452
39465 39491 39471 39477 39483
39492 39522 39499 39506 39513
39523 39546 39528 39533 39538
39547 39580 39555 39563 39571
39581 39829 39643 39705 39767
39830 40539 40007 40184 40361
40540 40920 40635 40730 40825
40921 41703 41116 41311 41506
41704 41896 41752 41800 41848
41897 42025 41929 41961 41993
42026 42161 42059 42092 42125
42162 42461 42236 42310 42384
42462 42679 42516 42570 42624
42680 43685 42931 43182 43433
43686 43970 43757 43828 43899
43971 44137 44012 44053 44094
44138 44223 44159 44180 44201
44224 44369 44260 44296 44332
44370 44472 44395 44420 44445
44473 44543 44490 44507 44524
44544 44618 44562 44580 44598
44619 45479 44714 44809 45357
45480 45878 45579 45678 45777
45879 45964 45900 45921 45942
45965 46198 46023 46081 46139
46199 46314 46227 46255 46283
46315 46584 46382 46449 46516
46585 46688 46610 46635 46660
46689 46767 46708 46727 46746
46768 46857 46790 46812 46834
46858 46905 46869 46880 46891
46906 46992 46927 46948 46969
46993 47033 47003 47013 47023
47034 47152 47063 47092 47121
47153 47855 47328 47503 47678
47856 48204 47943 48030 48117
48205 48299 48228 48251 48274
48300 48410 48327 48354 48381
48411 48458 48422 48433 48444
48459 48525 48475 48491 48507
48526 48572 48537 48548 48559
48573 48649 48592 48611 48630
48650 48775 48681 48712 48743
48776 48979 48826 48876 48926
48980 49018 48989 48998 49007
49019 49243 49075 49131 49187
49244 49434 49291 49338 49385
49435 49475 49445 49455 49465
49476 49540 49492 49508 49524
49541 49637 49565 49589 49613
49638 49830 49686 49734 49782
49831 50238 49932 50033 50134
50239 51954 50667 51095 51523
51955 52081 51986 52017 52048
52082 52139 52096 52110 52124
52140 52182 52150 52160 52170
52183 52269 52204 52225 52246
52270 52288 52274 52278 52282
52289 52325 52298 52307 52316
52326 52672 52412 52498 52584
52673 52867 52721 52769 52817
52868 53914 53129 53390 53651
53915 54331 54019 54123 54227
54332 54391 54346 54360 54374
54392 54494 54417 54442 54467
54495 54590 54518 54541 54564
54591 55595 54842 55093 55344
55596 55750 55634 55672 55710
55751 55795 55762 55773 55784
55796 55897 55821 55846 55871
55898 55928 55905 55912 55919
55929 55959 55936 55943 55950
55960 56011 55972 55984 55996
56012 56136 56043 56074 56105
56137 56206 56154 56171 56188
56207 56579 56300 56393 56486
56580 56654 56598 56616 56634
56655 56757 56680 56705 56730
56758 59545 57454 58150 58846
59546 59667 59576 59606 59636
59668 59796 59700 59732 59764
59797 60350 59847 59897 60261
60351 60549 60400 60449 60498
60550 60829 60619 60688 60757
60830 61334 60956 61082 61208
61335 61660 61416 61497 61578
61661 62006 61747 61833 61919
62007 62157 62044 62081 62118
62158 62283 62189 62220 62251
62284 62550 62350 62416 62482
62551 63480 62783 63015 63247
63481 63536 63494 63507 63520
63537 63729 63585 63633 63681
63730 63750 63735 63740 63745
63751 63800 63763 63775 63787
63801 63930 63833 63865 63897
63931 64685 64119 64307 64495
64686 65035 64773 64860 64947
65036 65192 65075 65114 65153
65193 65388 65241 65289 65337
65389 65911 65519 65649 65779
65912 66086 65955 65998 66041
66087 66219 66120 66153 66186
66220 66236 66224 66228 66232
66237 66290 66250 66263 66276
66291 67153 66506 66721 66936
67154 67277 67184 67214 67244
67278 67331 67291 67304 67317
67332 67704 67425 67518 67611
67705 68086 67800 67895 67990
68087 68233 68123 68159 68195
68234 68340 68260 68286 68312
68341 68456 68369 68397 68425
68457 68702 68518 68579 68640
68703 68872 68745 68787 68829
68873 68957 68894 68915 68936
68958 69065 68984 69010 69036
69066 69237 69108 69150 69192
69238 69358 69268 69298 69328
69359 69409 69371 69383 69395
69410 69482 69428 69446 69464
69483 69542 69497 69511 69525
69543 69559 69547 69551 69555
69560 69674 69588 69616 69644
69675 70436 69865 70055 70245
70437 70672 70495 70553 70611
70673 70979 70749 70825 70901
70980 71010 70987 70994 71001
71011 71030 71015 71019 71023
71031 71117 71052 71073 71094
71118 71323 71169 71220 71271
71324 71600 71393 71462 71531
71601 71642 71611 71621 71631
71643 71669 71649 71655 71661
71670 71742 71688 71706 71724
71743 71760 71747 71751 71755
71761 71783 71766 71771 71776
71784 71807 71789 71794 71799
71808 71830 71813 71818 71823
71831 71879 71843 71855 71867
71880 71905 71886 71892 71898
71906 71934 71913 71920 71927
71935 71956 71940 71945 71950
71957 72002 71968 71979 71990
72003 72024 72008 72013 72018
72025 72041 72029 72033 72037
72042 72065 72047 72052 72057
72066 72097 72073 72080 72087
72098 72137 72107 72116 72125
72138 72171 72146 72154 72162
72172 72260 72194 72216 72238
72261 72285 72267 72273 72279
72286 72429 72321 72356 72391
72430 72474 72441 72452 72463
72475 76440 73106 73737 76080
76441 76919 76560 76679 76798
76920 76987 76936 76952 76968
76988 77149 77028 77068 77108
77150 77359 77202 77254 77306
77360 77512 77398 77436 77474
77513 77752 77572 77631 77690
77753 77812 77767 77781 77795
77813 77872 77827 77841 77855
77873 77908 77881 77889 77897
77909 77944 77917 77925 77933
77945 77992 77956 77967 77978
77993 78154 78033 78073 78113
78155 78230 78173 78191 78209
78231 78272 78241 78251 78261
78273 78302 78280 78287 78294
78303 78344 78313 78323 78333
78345 78380 78353 78361 78369
78381 78398 78385 78389 78393
78399 78440 78409 78419 78429
78441 78470 78448 78455 78462
78471 78500 78478 78485 78492
78501 78530 78508 78515 78522
78531 78569 78540 78549 78558
78570 78656 78591 78612 78633
78657 78703 78668 78679 78690
78704 78732 78711 78718 78725
78733 78766 78741 78749 78757
78767 78866 78791 78815 78839
78867 78918 78879 78891 78903
78919 78949 78926 78933 78940
78950 78980 78957 78964 78971
78981 79577 79130 79279 79428
79578 79735 79617 79656 79695
79736 80080 79822 79908 79994
80081 80725 80242 80403 80564
80726 81306 80871 81016 81161
81307 81534 81363 81419 81475
81535 81690 81573 81611 81649
81691 81813 81721 81751 81781
81814 81916 81839 81864 81889
81917 82043 81948 81979 82010
82044 82086 82054 82064 82074
82087 82156 82104 82121 82138
82157 82200 82167 82177 82187
82201 82304 82226 82251 82276
82305 83128 82510 82715 82920
83129 83209 83149 83169 83189
83210 83262 83223 83236 83249
83263 83340 83282 83301 83320
83341 83413 83359 83377 83395
83414 83605 83461 83508 83555
83606 83654 83618 83630 83642
83655 83716 83670 83685 83700
83717 83814 83741 83765 83789
83815 83901 83836 83857 83878
83902 83994 83925 83948 83971
83995 84013 83999 84003 84007
84014 84033 84018 84022 84026
84034 84068 84042 84050 84058
84069 84085 84073 84077 84081
84086 84106 84091 84096 84101
84107 84141 84115 84123 84131
84142 84324 84187 84232 84277
84325 84402 84344 84363 84382
84403 84504 84428 84453 84478
84505 84532 84511 84517 84523
84533 84559 84539 84545 84551
84560 84631 84577 84594 84611
84632 84671 84641 84650 84659
84672 84770 84696 84720 84744
84771 85157 84867 84963 85059
85158 85257 85182 85206 85230
85258 85377 85287 85316 85345
85378 85530 85416 85454 85492
85531 85575 85542 85553 85564
85576 85666 85598 85620 85642
85667 85708 85677 85687 85697
85709 85725 85713 85717 85721
85726 85847 85756 85786 85816
85848 85875 85854 85860 85866
85876 85938 85891 85906 85921
85939 86013 85957 85975 85993
86014 86035 86019 86024 86029
86036 86089 86049 86062 86075
86090 86110 86095 86100 86105
86111 86157 86122 86133 86144
86158 86227 86175 86192 86209
86228 86244 86232 86236 86240
86245 86311 86261 86277 86293
86312 86394 86332 86352 86372
86395 86422 86401 86407 86413
86423 86467 86434 86445 86456
86468 86489 86473 86478 86483
86490 86506 86494 86498 86502
86507 86538 86514 86521 86528
86539 86574 86547 86555 86563
86575 86709 86608 86641 86674
86710 86797 86731 86752 86773
86798 86817 86802 86806 86810
86818 86837 86822 86826 86830
86838 86854 86842 86846 86850
86855 86877 86860 86865 86870
86878 86899 86883 86888 86893
86900 86925 86906 86912 86918
86926 87015 86948 86970 86992
87016 87042 87022 87028 87034
87043 87065 87048 87053 87058
87066 87096 87073 87080 87087
87097 87115 87101 87105 87109
87116 87134 87120 87124 87128
87135 87180 87146 87157 87168
87181 87200 87185 87189 87193
87201 87294 87224 87247 87270
87295 87356 87310 87325 87340
87357 87399 87367 87377 87387
87400 87416 87404 87408 87412
87417 87457 87427 87437 87447
87458 87583 87489 87520 87551
87584 87746 87624 87664 87704
87747 87897 87784 87821 87858
87898 87958 87913 87928 87943
87959 88004 87970 87981 87992
88005 88101 88029 88053 88077
88102 88256 88140 88178 88216
88257 88438 88302 88347 88392
88439 88503 88455 88471 88487
88504 88595 88526 88548 88570
88596 88673 88615 88634 88653
88674 89147 88792 88910 89028
89148 89279 89180 89212 89244
89280 89430 89317 89354 89391
89431 89573 89466 89501 89536
89574 89653 89593 89612 89631
89654 89727 89672 89690 89708
89728 89775 89739 89750 89761
89776 89802 89782 89788 89794
89803 89853 89815 89827 89839
89854 89895 89864 89874 89884
89896 89912 89900 89904 89908
89913 89937 89919 89925 89931
89938 90038 89953 89968 90027
90039 90085 90050 90061 90072
90086 90186 90111 90136 90161
90187 90246 90201 90215 90229
90247 90313 90263 90279 90295
90314 90389 90332 90350 90368
90390 90458 90407 90424 90441
90459 90546 90480 90501 90522
90547 90602 90560 90573 90586
90603 90661 90617 90631 90645
90662 90704 90672 90682 90692
90705 91002 90779 90853 90927
91003 91092 91025 91047 91069
91093 91278 91139 91185 91231
91279 91315 91288 91297 91306
91316 91567 91378 91440 91502
91568 91686 91597 91626 91655
91687 91955 91754 91821 91888
91956 92175 92010 92064 92118
92176 93467 92498 92820 93142
93468 94594 93749 94030 94311
94595 94930 94678 94761 94844
94931 95227 95005 95079 95153
95228 95377 95265 95302 95339
95378 95748 95470 95562 95654
95749 95823 95767 95785 95803
95824 96417 95972 96120 96268
96418 96498 96438 96458 96478
96499 96638 96533 96567 96601
96639 97285 96800 96961 97122
97286 97543 97350 97414 97478
97544 97705 97584 97624 97664
97706 98188 97826 97946 98066
98189 98308 98218 98247 98276
98309 98431 98339 98369 98399
98432 98519 98453 98474 98495
98520 98629 98547 98574 98601
98630 98833 98680 98730 98780
98834 98921 98855 98876 98897
98922 99039 98951 98980 99009
99040 99263 99095 99150 99205
99264 99324 99279 99294 99309
99325 99401 99344 99363 99382
99402 99498 99426 99450 99474
99499 100120 99654 99809 99964
100121 100669 100258 100395 100532
100670 100776 100696 100722 100748
100777 100834 100791 100805 100819
100835 101334 100959 101083 101207
101335 101629 101408 101481 101554
101630 103683 102143 102656 103169
103684 103981 103758 103832 103906
103982 104104 104012 104042 104072
104105 104452 104191 104277 104363
104453 104471 104457 104461 104465
104472 104693 104527 104582 104637
104694 105329 104770 104846 105246
105330 105683 105418 105506 105594
105684 105798 105712 105740 105768
105799 106024 105855 105911 105967
106025 106073 106037 106049 106061
106074 106096 106079 106084 106089
106097 106131 106105 106113 106121
106132 106159 106138 106144 106150
106160 107197 106419 106678 106937
107198 107285 107219 107240 107261
107286 107452 107327 107368 107409
107453 108018 107594 107735 107876
108019 108035 108023 108027 108031
108036 108069 108044 108052 108060
108070 108091 108075 108080 108085
108092 108108 108096 108100 108104
108109 108125 108113 108117 108121
108126 108247 108156 108186 108216
108248 108372 108279 108310 108341
108373 108445 108391 108409 108427
108446 108631 108492 108538 108584
108632 108720 108654 108676 108698
108721 108764 108731 108741 108751
108765 108809 108776 108787 108798
108810 109038 108867 108924 108981
109039 109087 109051 109063 109075
109088 109162 109106 109124 109142
109163 109190 109169 109175 109181
109191 109208 109195 109199 109203
109209 109225 109213 109217 109221
109226 109325 109250 109274 109298
109326 109342 109330 109334 109338
109343 109450 109369 109395 109421
109451 109859 109553 109655 109757
109860 109942 109880 109900 109920
109943 110204 110008 110073 110138
110205 110342 110239 110273 110307
110343 110388 110354 110365 110376
110389 110477 110411 110433 110455
110478 110767 110550 110622 110694
110768 110894 110799 110830 110861
110895 111117 110950 111005 111060
111118 111173 111131 111144 111157
111174 111271 111198 111222 111246
111272 111677 111373 111474 111575
111678 111799 111708 111738 111768
111800 111879 111819 111838 111857
111880 112013 111913 111946 111979
112014 112121 112040 112066 112092
112122 112269 112158 112194 112230
112270 112339 112287 112304 112321
112340 112388 112352 112364 112376
112389 112463 112407 112425 112443
112464 112802 112548 112632 112716
112803 113018 112856 112909 112962
113019 113158 113053 113087 113121
113159 113215 113173 113187 113201
113216 113232 113220 113224 113228
113233 113272 113242 113251 113260
113273 114120 113484 113695 113906
114121 114164 114131 114141 114151
114165 114243 114184 114203 114222
114244 114469 114300 114356 114412
114470 114555 114491 114512 114533
114556 114798 114616 114676 114736
114799 114890 114821 114843 114865
114891 114969 114910 114929 114948
114970 115371 115070 115170 115270
115372 115895 115502 115632 115762
115896 116015 115925 115954 115983
116016 116078 116031 116046 116061
116079 116171 116102 116125 116148
116172 116357 116218 116264 116310
116358 116468 116385 116412 116439
116469 116599 116501 116533 116565
116600 116788 116647 116694 116741
116789 116833 116800 116811 116822
116834 116862 116841 116848 116855
116863 116914 116875 116887 116899
116915 116982 116931 116947 116963
116983 117249 117049 117115 117181
117250 117544 117323 117396 117469
117545 117621 117564 117583 117602
117622 117658 117631 117640 117649
117659 117762 117684 117709 117734
117763 117817 117776 117789 117802
117818 117977 117857 117896 117935
117978 118042 117994 118010 118026
118043 118253 118095 118147 118199
118254 118424 118296 118338 118380
118425 118737 118503 118581 118659
118738 118796 118752 118766 118780
118797 118823 118803 118809 118815
118824 118884 118839 118854 118869
118885 118942 118899 118913 118927
118943 119056 118971 118999 119027
119057 119135 119076 119095 119114
119136 119437 119211 119286 119361
119438 119536 119462 119486 119510
119537 119741 119588 119639 119690
119742 119813 119759 119776 119793
119814 119931 119843 119872 119901
119932 120104 119948 119964 120078
120105 120247 120140 120175 120210
120248 120303 120261 120274 120287
120304 120336 120312 120320 120328
120337 120671 120420 120503 120586
120672 120810 120706 120740 120774
120811 120862 120823 120835 120847
120863 120909 120874 120885 120896
120910 121025 120938 120966 120994
121026 121080 121039 121052 121065
121081 121179 121105 121129 121153
121180 121287 121206 121232 121258
121288 121347 121302 121316 121330
121348 121420 121366 121384 121402
121421 121460 121430 121439 121448
121461 121516 121474 121487 121500
121517 121594 121536 121555 121574
121595 121634 121604 121613 121622
121635 121685 121647 121659 121671
121686 121713 121692 121698 121704
121714 121772 121728 121742 121756
121773 121816 121783 121793 121803
121817 121878 121832 121847 121862
121879 121927 121891 121903 121915
121928 121994 121944 121960 121976
121995 122050 122008 122021 122034
122051 122075 122057 122063 122069
122076 122108 122084 122092 122100
122109 122133 122115 122121 122127
122134 122169 122142 122150 122158
122170 122214 122181 122192 122203
122215 122267 122228 122241 122254
122268 122391 122298 122328 122358
122392 122498 122418 122444 122470
122499 122616 122528 122557 122586
122617 122641 122623 122629 122635
122642 122787 122678 122714 122750
122788 123098 122865 122942 123019
123099 123374 123167 123235 123303
123375 123547 123418 123461 123504
123548 123736 123595 123642 123689
123737 123814 123756 123775 123794
123815 123904 123837 123859 123881
123905 124395 124027 124149 124271
124396 124559 124436 124476 124516
124560 124636 124579 124598 124617
124637 124692 124650 124663 124676
124693 124756 124708 124723 124738
124757 126782 125263 125769 126275
126783 126863 126803 126823 126843
126864 127108 126925 126986 127047
127109 127244 127142 127175 127208
127245 127605 127335 127425 127515
127606 127663 127620 127634 127648
127664 127760 127688 127712 127736
127761 127923 127801 127841 127881
127924 128147 127979 128034 128089
128148 128228 128168 128188 128208
128229 128687 128343 128457 128571
128688 128720 128696 128704 128712
128721 129834 128999 129277 129555
129835 129898 129850 129865 129880
129899 131630 130331 130763 131195
131631 131694 131646 131661 131676
131695 132032 131779 131863 131947
132033 132103 132050 132067 132084
132104 132784 132274 132444 132614
132785 132829 132796 132807 132818
132830 132911 132850 132870 132890
132912 133923 133164 133416 133668
133924 133998 133942 133960 133978
133999 134084 134020 134041 134062
134085 135409 134313 134541 135306
135410 135633 135465 135520 135575
135634 135942 135711 135788 135865
135943 136010 135959 135975 135991
136011 136180 136053 136095 136137
136181 136198 136185 136189 136193
136199 136285 136220 136241 136262
136286 136317 136293 136300 136307
136318 136386 136335 136352 136369
136387 136413 136393 136399 136405
136414 136431 136418 136422 136426
136432 136456 136438 136444 136450
136457 136560 136482 136507 136532
136561 136629 136578 136595 136612
136630 136656 136636 136642 136648
136657 136685 136664 136671 136678
136686 136736 136698 136710 136722
136737 136792 136750 136763 136776
136793 136851 136807 136821 136835
136852 136877 136858 136864 136870
136878 136986 136905 136932 136959
136987 137005 136991 136995 136999
137006 137020 137009 137012 137015
137021 137071 137033 137045 137057
137072 137103 137079 137086 137093
137104 137128 137110 137116 137122
137129 137177 137141 137153 137165
137178 137195 137182 137186 137190
137196 137247 137208 137220 137232
137248 137378 137280 137312 137344
137379 137577 137428 137477 137526
137578 137618 137588 137598 137608
137619 137648 137626 137633 137640
137649 137777 137681 137713 137745
137778 137986 137830 137882 137934
137987 138060 138005 138023 138041
138061 138302 138121 138181 138241
138303 138804 138428 138553 138678
138805 138946 138840 138875 138910
138947 139076 138979 139011 139043
139077 139231 139115 139153 139191
139232 139460 139289 139346 139403
139461 139516 139474 139487 139500
139517 139564 139528 139539 139550
139565 139613 139577 139589 139601
139614 139893 139683 139752 139821
139894 140111 139948 140002 140056
140112 140657 140248 140384 140520
140658 140709 140670 140682 140694
140710 140867 140749 140788 140827
140868 140955 140889 140910 140931
140956 141002 140967 140978 140989
141003 141022 141007 141011 141015
141023 141042 141027 141031 141035
141043 141061 141047 141051 141055
141062 141080 141066 141070 141074
141081 141108 141087 141093 141099
141109 141195 141130 141151 141172
141196 141277 141216 141236 141256
141278 141322 141289 141300 141311
141323 141354 141330 141337 141344
141355 141470 141383 141411 141439
141471 141655 141517 141563 141609
141656 141723 141672 141688 141704
141724 141756 141732 141740 141748
141757 141776 141761 141765 141769
141777 141827 141789 141801 141813
141828 141858 141835 141842 141849
141859 142257 141958 142057 142156
142258 142296 142267 142276 142285
142297 142360 142312 142327 142342
142361 142403 142371 142381 142391
142404 142477 142422 142440 142458
142478 142509 142485 142492 142499
142510 142584 142528 142546 142564
142585 142706 142615 142645 142675
142707 142755 142719 142731 142743
142756 142852 142780 142804 142828
142853 143056 142903 142953 143003
143057 143095 143066 143075 143084
143096 143126 143103 143110 143117
143127 143157 143134 143141 143148
143158 143183 143164 143170 143176
143184 143254 143201 143218 143235
143255 143313 143269 143283 143297
143314 143375 143329 143344 143359
143376 143518 143411 143446 143481
143519 143600 143539 143559 143579
143601 143692 143623 143645 143667
143693 143769 143712 143731 143750
143770 143865 143793 143816 143839
143866 144022 143905 143944 143983
144023 144083 144038 144053 144068
144084 144149 144100 144116 144132
144150 144210 144165 144180 144195
144211 144287 144230 144249 144268
144288 144317 144295 144302 144309
144318 144386 144335 144352 144369
144387 144408 144392 144397 144402
144409 144430 144414 144419 144424
144431 144504 144449 144467 144485
144505 144563 144519 144533 144547
144564 144591 144570 144576 144582
144592 144620 144599 144606 144613
144621 144836 144674 144727 144780
144837 144900 144852 144867 144882
144901 144945 144912 144923 144934
144946 145036 144968 144990 145012
145037 145114 145056 145075 145094
145115 145205 145137 145159 145181
145206 145257 145218 145230 145242
145258 145353 145281 145304 145327
145354 145384 145361 145368 145375
145385 145440 145398 145411 145424
145441 145475 145449 145457 145465
145476 145492 145480 145484 145488
145493 145619 145524 145555 145586
145620 145674 145633 145646 145659
145675 145703 145682 145689 145696
145704 145783 145723 145742 145761
145784 145817 145792 145800 145808
145818 145845 145824 145830 145836
145846 145863 145850 145854 145858
145864 145905 145874 145884 145894
145906 146024 145935 145964 145993
146025 146216 146072 146119 146166
146217 146317 146242 146267 146292
146318 146364 146329 146340 146351
146365 146469 146391 146417 146443
146470 146558 146492 146514 146536
146559 146754 146607 146655 146703
146755 147134 146849 146943 147037
147135 147414 147204 147273 147342
147415 147479 147431 147447 147463
147480 147532 147493 147506 147519
147533 147629 147557 147581 147605
147630 147673 147640 147650 147660
147674 147820 147710 147746 147782
147821 147879 147835 147849 147863
147880 147953 147898 147916 147934
147954 147988 147962 147970 147978
147989 148155 148030 148071 148112
148156 148514 148245 148334 148423
148515 148545 148522 148529 148536
148546 148563 148550 148554 148558
148564 148615 148576 148588 148600
148616 148632 148620 148624 148628
148633 148654 148638 148643 148648
148655 148680 148661 148667 148673
148681 148878 148730 148779 148828
148879 149001 148909 148939 148969
149002 149232 149059 149116 149173
149233 149318 149254 149275 149296
149319 149349 149326 149333 149340
149350 149407 149364 149378 149392
149408 149463 149421 149434 149447
149464 149553 149486 149508 149530
149554 149615 149569 149584 149599
149616 149662 149627 149638 149649
149663 149684 149668 149673 149678
149685 149740 149698 149711 149724
149741 149770 149748 149755 149762
149771 149917 149807 149843 149879
149918 149935 149922 149926 149930
149936 149983 149947 149958 149969
149984 150001 149987 149990 150000
150002 150037 150010 150018 150026
150038 150099 150053 150068 150083
150100 150131 150107 150114 150121
150132 150181 150144 150156 150168
150182 150456 150250 150318 150386
150457 150506 150469 150481 150493
150507 150523 150511 150515 150519
150524 150548 150530 150536 150542
150549 150591 150559 150569 150579
150592 150714 150622 150652 150682
150715 150741 150721 150727 150733
150742 150771 150749 150756 150763
150772 150851 150791 150810 150829
150852 150993 150887 150922 150957
150994 151016 150999 151004 151009
151017 151043 151023 151029 151035
151044 151097 151057 151070 151083
151098 151132 151106 151114 151122
151133 151149 151137 151141 151145
151150 151180 151157 151164 151171
151181 151200 151185 151189 151193
151201 151218 151205 151209 151213
151219 151304 151240 151261 151282
151305 151636 151387 151469 151551
151637 151929 151710 151783 151856
151930 151982 151943 151956 151969
151983 152092 152010 152037 152064
152093 152145 152106 152119 152132
152146 152168 152151 152156 152161
152169 152290 152199 152229 152259
152291 152420 152323 152355 152387
152421 152703 152491 152561 152631
152704 153300 152853 153002 153151
153301 153341 153311 153321 153331
153342 153413 153359 153376 153393
153414 153562 153451 153488 153525
153563 153626 153578 153593 153608
153627 153811 153673 153719 153765
153812 153900 153834 153856 153878
153901 154103 153951 154001 154051
154104 154183 154123 154142 154161
154184 154461 154253 154322 154391
154462 154594 154495 154528 154561
154595 154720 154626 154657 154688
154721 155035 154799 154877 154955
155036 155088 155049 155062 155075
155089 155145 155103 155117 155131
155146 155209 155161 155176 155191
155210 155497 155281 155352 155423
155498 155573 155516 155534 155552
155574 155745 155616 155658 155700
155746 155790 155757 155768 155779
155791 156065 155859 155927 155995
156066 156155 156088 156110 156132
156156 156223 156172 156188 156204
156224 156250 156230 156236 156242
156251 156267 156255 156259 156263
156268 156512 156329 156390 156451
156513 156567 156526 156539 156552
156568 156601 156576 156584 156592
156602 156629 156608 156614 156620
156630 156654 156636 156642 156648
156655 156686 156662 156669 156676
156687 156720 156695 156703 156711
156721 156791 156738 156755 156772
156792 156865 156810 156828 156846
156866 156890 156872 156878 156884
156891 156909 156895 156899 156903
156910 156960 156922 156934 156946
156961 157024 156976 156991 157006
157025 157091 157041 157057 157073
157092 157403 157169 157246 157323
157404 157788 157500 157596 157692
157789 157857 157806 157823 157840
157858 158107 157920 157982 158044
158108 158260 158146 158184 158222
158261 159066 158462 158663 158864
159067 159147 159087 159107 159127
159148 159556 159250 159352 159454
159557 159633 159576 159595 159614
159634 159681 159645 159656 159667
159682 159704 159687 159692 159697
159705 159749 159716 159727 159738
159750 159772 159755 159760 159765
159773 159858 159794 159815 159836
159859 159939 159879 159899 159919
159940 160209 160007 160074 160141
160210 160450 160270 160330 160390
160451 160886 160559 160667 160775
160887 161095 160939 160991 161043
161096 161220 161127 161158 161189
161221 161476 161284 161347 161410
161477 161617 161512 161547 161582
161618 161718 161643 161668 161693
161719 161754 161727 161735 161743
161755 161906 161792 161829 161866
161907 161977 161924 161941 161958
161978 162127 162015 162052 162089
162128 162181 162141 162154 162167
162182 162232 162194 162206 162218
162233 162284 162245 162257 162269
162285 162419 162318 162351 162384
162420 162480 162435 162450 162465
162481 162565 162502 162523 162544
162566 162899 162649 162732 162815
162900 163011 162927 162954 162981
163012 163028 163016 163020 163024
163029 163049 163034 163039 163044
163050 163162 163078 163106 163134
163163 163329 163204 163245 163286
163330 163479 163367 163404 163441
163480 163543 163495 163510 163525
163544 163571 163550 163556 163562
163572 163601 163579 163586 163593
163602 163646 163613 163624 163635
163647 164207 163787 163927 164067
164208 164350 164243 164278 164313
164351 164369 164355 164359 164363
164370 164388 164374 164378 164382
164389 164407 164393 164397 164401
164408 164425 164412 164416 164420
164426 164443 164430 164434 164438
164444 164462 164448 164452 164456
164463 164485 164468 164473 164478
164486 164592 164512 164538 164564
164593 164629 164602 164611 164620
164630 164681 164642 164654 164666
164682 164917 164740 164798 164856
164918 165013 164938 164958 165009
165014 165054 165024 165034 165044
165055 165108 165068 165081 165094
165109 165125 165113 165117 165121
165126 165159 165134 165142 165150
165160 165197 165169 165178 165187
165198 165217 165202 165206 165210
165218 165268 165230 165242 165254
165269 165335 165285 165301 165317
165336 165368 165344 165352 165360
165369 165386 165373 165377 165381
165387 165439 165400 165413 165426
165440 165467 165446 165452 165458
165468 165514 165479 165490 165501
165515 165534 165519 165523 165527
165535 165570 165543 165551 165559
165571 165589 165575 165579 165583
165590 165639 165602 165614 165626
165640 165667 165646 165652 165658
165668 165690 165673 165678 165683
165691 165727 165700 165709 165718
165728 165755 165734 165740 165746
165756 165782 165762 165768 165774
165783 165809 165789 165795 165801
165810 165844 165818 165826 165834
165845 165873 165852 165859 165866
165874 165892 165878 165882 165886
165893 165911 165897 165901 165905
165912 165940 165919 165926 165933
165941 165965 165947 165953 165959
165966 166010 165977 165988 165999
166011 166088 166030 166049 166068
166089 166105 166093 166097 166101
166106 166151 166117 166128 166139
166152 166175 166157 166162 166167
166176 166269 166199 166222 166245
166270 166303 166278 166286 166294
166304 166323 166308 166312 166316
166324 166353 166331 166338 166345
166354 166401 166365 166376 166387
166402 166446 166413 166424 166435
166447 166567 166477 166507 166537
166568 166589 166573 166578 166583
166590 166691 166615 166640 166665
166692 166729 166701 166710 166719
166730 166892 166770 166810 166850
166893 166974 166913 166933 166953
166975 167026 166987 166999 167011
167027 167043 167031 167035 167039
167044 167070 167050 167056 167062
167071 167093 167076 167081 167086
167094 167115 167099 167104 167109
167116 167141 167122 167128 167134
167142 167179 167151 167160 167169
167180 167213 167188 167196 167204
167214 167234 167219 167224 167229
167235 167257 167240 167245 167250
167258 167277 167262 167266 167270
167278 167298 167283 167288 167293
167299 167320 167304 167309 167314
167321 167339 167325 167329 167333
167340 167356 167344 167348 167352
167357 167477 167387 167417 167447
167478 167545 167494 167510 167526
167546 167593 167557 167568 167579
167594 167629 167602 167610 167618
167630 167662 167638 167646 167654
167663 167751 167685 167707 167729
167752 167791 167761 167770 167779
167792 167842 167804 167816 167828
167843 168003 167883 167923 167963
168004 168182 168048 168092 168136
168183 168207 168189 168195 168201
168208 168225 168212 168216 168220
168226 168256 168233 168240 168247
168257 168312 168270 168283 168296
168313 168376 168328 168343 168358
168377 168435 168391 168405 168419
168436 168516 168456 168476 168496
168517 168560 168527 168537 168547
168561 168603 168571 168581 168591
168604 168646 168614 168624 168634
168647 168666 168651 168655 168659
168667 168689 168672 168677 168682
168690 168713 168695 168700 168705
168714 168750 168723 168732 168741
168751 168777 168757 168763 168769
168778 168818 168788 168798 168808
168819 168860 168829 168839 168849
168861 168890 168868 168875 168882
168891 168911 168896 168901 168906
168912 168928 168916 168920 168924
168929 168976 168940 168951 168962
168977 169002 168983 168989 168995
169003 169020 169007 169011 169015
169021 169056 169029 169037 169045
169057 169081 169063 169069 169075
169082 169128 169093 169104 169115
169129 169157 169136 169143 169150
169158 169180 169163 169168 169173
169181 169199 169185 169189 169193
169200 169227 169206 169212 169218
169228 169272 169239 169250 169261
169273 169314 169283 169293 169303
169315 169351 169324 169333 169342
169352 169368 169356 169360 169364
169369 169409 169379 169389 169399
169410 169566 169449 169488 169527
169567 169627 169582 169597 169612
169628 169692 169644 169660 169676
169693 169757 169709 169725 169741
169758 169807 169770 169782 169794
169808 169876 169825 169842 169859
169877 169969 169900 169923 169946
169970 170018 169982 169994 170006
170019 170054 170027 170035 170043
170055 170088 170063 170071 170079
170089 170197 170116 170143 170170
170198 170244 170209 170220 170231
170245 170264 170249 170253 170257
170265 170283 170269 170273 170277
170284 170320 170293 170302 170311
170321 170355 170329 170337 170345
170356 170467 170383 170410 170437
170468 170901 170576 170684 170792
170902 171050 170939 170976 171013
171051 171104 171064 171077 171090
171105 171232 171136 171167 171198
171233 171302 171250 171267 171284
171303 171430 171334 171365 171396
171431 171543 171459 171487 171515
171544 171574 171551 171558 171565
171575 171621 171586 171597 171608
171622 171725 171647 171672 171697
171726 171754 171733 171740 171747
171755 171774 171759 171763 171767
171775 171836 171790 171805 171820
171837 171870 171845 171853 171861
171871 171915 171882 171893 171904
171916 171937 171921 171926 171931
171938 171956 171942 171946 171950
171957 171990 171965 171973 171981
171991 172048 172005 172019 172033
172049 172083 172057 172065 172073
172084 172119 172092 172100 172108
172120 172140 172125 172130 172135
172141 172190 172153 172165 172177
172191 172225 172199 172207 172215
172226 172256 172233 172240 172247
172257 172373 172286 172315 172344
172374 172453 172393 172412 172431
172454 172531 172473 172492 172511
172532 172618 172553 172574 172595
172619 172719 172644 172669 172694
172720 172742 172725 172730 172735
172743 172759 172747 172751 172755
172760 172804 172771 172782 172793
172805 172829 172811 172817 172823
172830 172850 172835 172840 172845
172851 172873 172856 172861 172866
172874 172891 172878 172882 172886
172892 172944 172905 172918 172931
172945 172979 172953 172961 172969
172980 173012 172988 172996 173004
173013 173033 173018 173023 173028
173034 173065 173041 173048 173055
173066 173103 173075 173084 173093
173104 173145 173114 173124 173134
173146 173175 173153 173160 173167
173176 173367 173223 173270 173317
173368 173416 173380 173392 173404
173417 174160 173602 173787 173972
174161 174686 174292 174423 174554
174687 174965 174756 174825 174894
174966 175622 175130 175294 175458
175623 178406 176318 177013 177708
