0 488 122 244 366
489 651 529 569 609
652 803 689 726 763
804 1071 870 936 1002
1072 1199 1103 1134 1165
1200 1327 1231 1262 1293
1328 1488 1368 1408 1448
1489 1647 1528 1567 1606
1648 1807 1687 1726 1765
1808 1975 1849 1890 1931
1976 2996 2231 2486 2741
2997 3225 3054 3111 3168
3226 3431 3277 3328 3379
3432 3540 3459 3486 3513
3541 3690 3578 3615 3652
3691 4033 3776 3861 3946
4034 4319 4105 4176 4247
4320 4395 4338 4356 4374
4396 4634 4455 4514 4573
4635 4667 4643 4651 4659
4668 4745 4687 4706 4725
4746 4979 4804 4862 4920
4980 5122 5015 5050 5085
5123 5282 5162 5201 5240
5283 5353 5300 5317 5334
5354 5405 5366 5378 5390
5406 5436 5413 5420 5427
5437 5949 5565 5693 5821
5950 6129 5994 6038 6082
6130 6202 6148 6166 6184
6203 6335 6236 6269 6302
6336 6383 6347 6358 6369
6384 6432 6396 6408 6420
6433 6469 6442 6451 6460
6470 6487 6474 6478 6482
6488 6538 6500 6512 6524
6539 6552 6542 6545 6548
6553 6565 6556 6559 6562
6566 6632 6582 6598 6614
6633 6695 6648 6663 6678
6696 6728 6704 6712 6720
6729 6760 6736 6743 6750
6761 6816 6774 6787 6800
6817 6861 6828 6839 6850
6862 7051 6909 6956 7003
7052 7081 7059 7066 7073
7082 7108 7088 7094 7100
7109 7134 7115 7121 7127
7135 7195 7150 7165 7180
7196 7238 7206 7216 7226
7239 7309 7256 7273 7290
7310 7354 7321 7332 7343
7355 7455 7380 7405 7430
7456 7580 7487 7518 7549
7581 7752 7623 7665 7707
7753 7833 7773 7793 7813
7834 7885 7846 7858 7870
7886 7945 7900 7914 7928
7946 7979 7954 7962 7970
7980 8145 8021 8062 8103
8146 8234 8168 8190 8212
8235 8372 8269 8303 8337
8373 8481 8400 8427 8454
8482 8537 8495 8508 8521
8538 8631 8561 8584 8607
8632 8668 8641 8650 8659
8669 8738 8686 8703 8720
8739 8771 8747 8755 8763
8772 8890 8801 8830 8859
8891 9011 8921 8951 8981
9012 9082 9029 9046 9063
9083 9148 9099 9115 9131
9149 9356 9200 9251 9302
9357 9394 9366 9375 9384
9395 9570 9438 9481 9524
9571 9620 9583 9595 9607
9621 9743 9651 9681 9711
9744 9763 9748 9752 9756
9764 9820 9778 9792 9806
9821 9943 9851 9881 9911
9944 9985 9954 9964 9974
9986 10032 9997 10008 10019
10033 10402 10125 10217 10309
10403 10579 10447 10491 10535
10580 10854 10648 10716 10784
10855 11044 10902 10949 10996
11045 11762 11224 11403 11582
11763 11990 11819 11875 11931
11991 12044 12004 12017 12030
12045 12996 12282 12519 12756
12997 13179 13042 13087 13132
13180 13640 13295 13410 13525
13641 13709 13658 13675 13692
13710 13765 13723 13736 13749
13766 13831 13782 13798 13814
13832 13878 13843 13854 13865
13879 13905 13885 13891 13897
13906 13954 13918 13930 13942
13955 14010 13968 13981 13994
14011 14038 14017 14023 14029
14039 14125 14060 14081 14102
14126 14150 14132 14138 14144
14151 14196 14162 14173 14184
14197 14237 14207 14217 14227
14238 14367 14270 14302 14334
14368 14907 14502 14636 14770
14908 15192 14930 14952 15144
15193 15754 15333 15473 15613
15755 15799 15766 15777 15788
15800 15853 15813 15826 15839
15854 15882 15861 15868 15875
15883 15954 15900 15917 15934
15955 15993 15964 15973 15982
15994 16017 15999 16004 16009
16018 16068 16030 16042 16054
16069 16105 16078 16087 16096
16106 16131 16112 16118 16124
16132 16159 16138 16144 16150
16160 16200 16170 16180 16190
16201 16253 16214 16227 16240
16254 16293 16263 16272 16281
16294 16329 16302 16310 16318
16330 16356 16336 16342 16348
16357 16419 16372 16387 16402
16420 16533 16448 16476 16504
16534 16764 16591 16648 16705
16765 16804 16774 16783 16792
16805 16985 16850 16895 16940
16986 17026 16996 17006 17016
17027 17173 17063 17099 17135
17174 17504 17256 17338 17420
17505 17964 17619 17733 17847
17965 18530 18106 18247 18388
18531 18829 18605 18679 18753
18830 18893 18845 18860 18875
18894 19339 19005 19116 19227
19340 19468 19372 19404 19436
19469 19638 19511 19553 19595
19639 19791 19677 19715 19753
19792 19839 19803 19814 19825
19840 21223 20185 20530 20875
21224 21625 21324 21424 21524
21626 23042 21980 22334 22688
23043 23536 23166 23289 23412
23537 23597 23552 23567 23582
23598 23750 23636 23674 23712
23751 23799 23763 23775 23787
23800 23973 23843 23886 23929
23974 24230 24038 24102 24166
24231 24422 24278 24325 24372
24423 24687 24489 24555 24621
24688 24737 24700 24712 24724
24738 24847 24765 24792 24819
24848 24910 24863 24878 24893
24911 24977 24927 24943 24959
24978 25093 25006 25034 25062
25094 25296 25144 25194 25244
25297 25325 25304 25311 25318
25326 25431 25352 25378 25404
25432 25487 25445 25458 25471
25488 25630 25523 25558 25593
25631 26243 25784 25937 26090
26244 26369 26275 26306 26337
26370 26439 26387 26404 26421
26440 26659 26494 26548 26602
26660 27532 26878 27096 27314
27533 27565 27541 27549 27557
27566 27659 27589 27612 27635
27660 27717 27674 27688 27702
27718 28030 27796 27874 27952
28031 28121 28053 28075 28097
28122 28171 28134 28146 28158
28172 28294 28202 28232 28262
28295 28377 28315 28335 28355
28378 28846 28495 28612 28729
28847 29546 29021 29195 29369
29547 29808 29612 29677 29742
29809 30205 29856 29903 30153
30206 30598 30304 30402 30500
30599 30881 30669 30739 30809
30882 31094 30935 30988 31041
31095 31269 31138 31181 31224
31270 31304 31278 31286 31294
31305 31376 31322 31339 31356
31377 31573 31426 31475 31524
31574 31953 31668 31762 31856
31954 32414 32069 32184 32299
32415 32499 32436 32457 32478
32500 32587 32521 32542 32563
32588 32711 32618 32648 32678
32712 32823 32739 32766 32793
32824 32958 32857 32890 32923
32959 33036 32978 32997 33016
33037 33113 33056 33075 33094
33114 33159 33125 33136 33147
33160 33264 33186 33212 33238
33265 33331 33281 33297 33313
33332 33378 33343 33354 33365
33379 33569 33426 33473 33520
33570 33697 33601 33632 33663
33698 34347 33860 34022 34184
34348 34466 34377 34406 34435
34467 34763 34541 34615 34689
34764 34924 34804 34844 34884
34925 35059 34958 34991 35024
35060 35563 35185 35310 35435
35564 35759 35612 35660 35708
35760 35905 35796 35832 35868
35906 36001 35929 35952 35975
36002 36225 36057 36112 36167
36226 36606 36321 36416 36511
36607 37519 36835 37063 37291
37520 38049 37652 37784 37916
38050 38099 38062 38074 38086
38100 38274 38143 38186 38229
38275 38351 38294 38313 38332
38352 38461 38379 38406 38433
38462 38512 38474 38486 38498
38513 38997 38634 38755 38876
38998 39188 39045 39092 39139
39189 39333 39225 39261 39297
39334 39581 39395 39456 39517
39582 39649 39598 39614 39630
39650 40006 39739 39828 39917
40007 40300 40080 40153 40226
40301 40630 40383 40465 40547
40631 40719 40653 40675 40697
40720 40908 40767 40814 40861
40909 41002 40932 40955 40978
41003 41180 41047 41091 41135
41181 41278 41205 41229 41253
41279 41339 41294 41309 41324
41340 41426 41361 41382 41403
41427 41498 41444 41461 41478
41499 41644 41535 41571 41607
41645 41709 41661 41677 41693
41710 41833 41740 41770 41800
41834 41922 41856 41878 41900
41923 42594 42090 42257 42424
42595 42739 42631 42667 42703
42740 43570 42947 43154 43361
43571 43687 43600 43629 43658
43688 43714 43694 43700 43706
43715 43860 43751 43787 43823
43861 43918 43875 43889 43903
43919 44267 44006 44093 44180
44268 44356 44290 44312 44334
44357 44515 44396 44435 44474
44516 44574 44530 44544 44558
44575 44871 44649 44723 44797
44872 45012 44903 44934 45009
45013 45135 45043 45073 45103
45136 45180 45147 45158 45169
45181 45223 45191 45201 45211
45224 45749 45355 45486 45617
45750 45795 45761 45772 45783
45796 45837 45806 45816 45826
45838 45887 45850 45862 45874
45888 46086 45937 45986 46035
46087 46183 46111 46135 46159
46184 46243 46198 46212 46226
46244 46301 46258 46272 46286
46302 46418 46331 46360 46389
46419 46444 46425 46431 46437
46445 46676 46502 46559 46616
46677 46733 46691 46705 46719
46734 46940 46785 46836 46887
46941 47372 47048 47155 47262
47373 47453 47393 47413 47433
47454 47594 47489 47524 47559
47595 47641 47606 47617 47628
47642 47682 47652 47662 47672
47683 47742 47697 47711 47725
47743 47791 47755 47767 47779
47792 47997 47843 47894 47945
47998 48045 48009 48020 48031
48046 48115 48063 48080 48097
48116 49293 48410 48704 48998
49294 49350 49308 49322 49336
49351 50047 49525 49699 49873
50048 50128 50068 50088 50108
50129 50518 50226 50323 50420
50519 51076 50658 50797 50936
51077 51440 51167 51257 51347
51441 51534 51464 51487 51510
51535 51649 51563 51591 51619
51650 51790 51685 51720 51755
51791 51843 51804 51817 51830
51844 51954 51871 51898 51925
51955 52120 51996 52037 52078
52121 52285 52162 52203 52244
52286 52457 52328 52370 52412
52458 52629 52500 52542 52584
52630 52730 52655 52680 52705
52731 53002 52798 52865 52932
53003 53155 53041 53079 53117
53156 53445 53228 53300 53372
53446 53592 53482 53518 53554
53593 53718 53624 53655 53686
53719 53791 53737 53755 53773
53792 54061 53859 53926 53993
54062 54134 54080 54098 54116
54135 54197 54150 54165 54180
54198 54238 54208 54218 54228
54239 54353 54267 54295 54323
54354 55255 54579 54804 55029
55256 55312 55270 55284 55298
55313 55393 55333 55353 55373
55394 55646 55457 55520 55583
55647 55716 55664 55681 55698
55717 56544 55923 56129 56335
56545 56720 56588 56631 56674
56721 56748 56727 56733 56739
56749 57021 56817 56885 56953
57022 57112 57044 57066 57088
57113 57173 57128 57143 57158
57174 57231 57188 57202 57216
57232 57553 57312 57392 57472
57554 57611 57568 57582 57596
57612 57667 57625 57638 57651
57668 57758 57690 57712 57734
57759 57897 57793 57827 57861
57898 58013 57926 57954 57982
58014 58108 58037 58060 58083
58109 58146 58118 58127 58136
58147 58187 58157 58167 58177
58188 58252 58204 58220 58236
58253 58455 58303 58353 58403
58456 59103 58617 58778 58939
59104 60350 59327 59550 60261
60351 60443 60374 60397 60420
60444 60810 60535 60626 60717
60811 60955 60847 60883 60919
60956 61632 61125 61294 61463
61633 62379 61819 62005 62191
62380 63000 62535 62690 62845
63001 63466 63117 63233 63349
63467 63546 63486 63505 63524
63547 63727 63592 63637 63682
63728 63857 63760 63792 63824
63858 64152 63931 64004 64077
64153 64210 64167 64181 64195
64211 64262 64223 64235 64247
64263 64357 64286 64309 64332
64358 64376 64362 64366 64370
64377 64526 64414 64451 64488
64527 64573 64538 64549 64560
64574 64678 64600 64626 64652
64679 64712 64687 64695 64703
64713 65361 64875 65037 65199
65362 65700 65446 65530 65614
65701 65807 65727 65753 65779
65808 66341 65941 66074 66207
66342 66419 66361 66380 66399
66420 66654 66478 66536 66594
66655 66778 66685 66715 66745
66779 66917 66813 66847 66881
66918 67037 66947 66976 67005
67038 67093 67051 67064 67077
67094 67218 67125 67156 67187
67219 67888 67386 67553 67720
67889 68249 67979 68069 68159
68250 68414 68291 68332 68373
68415 68604 68462 68509 68556
68605 68911 68681 68757 68833
68912 69148 68971 69030 69089
69149 69257 69176 69203 69230
69258 69313 69271 69284 69297
69314 69413 69338 69362 69386
69414 69541 69445 69476 69507
69542 69648 69568 69594 69620
69649 69994 69735 69821 69907
69995 70055 70010 70025 70040
70056 70124 70073 70090 70107
70125 70209 70146 70167 70188
70210 70781 70352 70494 70636
70782 70814 70790 70798 70806
70815 70873 70829 70843 70857
70874 70920 70885 70896 70907
70921 70986 70937 70953 70969
70987 71034 70998 71009 71020
71035 71200 71076 71117 71158
71201 71267 71217 71233 71249
71268 71681 71371 71474 71577
71682 72162 71802 71922 72042
72163 72403 72223 72283 72343
72404 72569 72445 72486 72527
72570 72670 72595 72620 72645
72671 72790 72700 72729 72758
72791 72917 72822 72853 72884
72918 72987 72935 72952 72969
72988 73164 73032 73076 73120
73165 73222 73179 73193 73207
73223 73296 73241 73259 73277
73297 73363 73313 73329 73345
73364 73491 73395 73426 73457
73492 73574 73512 73532 73552
73575 73616 73585 73595 73605
73617 73735 73646 73675 73704
73736 73801 73752 73768 73784
73802 73845 73812 73822 73832
73846 73906 73861 73876 73891
73907 74213 73983 74059 74135
74214 74635 74319 74424 74529
74636 74660 74642 74648 74654
74661 74723 74676 74691 74706
74724 74852 74756 74788 74820
74853 74981 74885 74917 74949
74982 75083 74986 74990 75060
75084 75194 75111 75138 75165
75195 75341 75231 75267 75303
75342 75391 75354 75366 75378
75392 75551 75431 75470 75509
75552 75745 75600 75648 75696
75746 75899 75784 75822 75860
75900 76185 75971 76042 76113
76186 76438 76249 76312 76375
76439 76508 76456 76473 76490
76509 76535 76515 76521 76527
76536 76573 76545 76554 76563
76574 76687 76602 76630 76658
76688 76745 76702 76716 76730
76746 76779 76754 76762 76770
76780 76979 76829 76878 76927
76980 77058 76999 77018 77037
77059 77093 77067 77075 77083
77094 77247 77132 77170 77208
77248 77322 77266 77284 77302
77323 77458 77356 77389 77422
77459 77709 77521 77583 77645
77710 77925 77763 77816 77869
77926 78313 78022 78118 78214
78314 78350 78323 78332 78341
78351 78570 78405 78459 78513
78571 78668 78595 78619 78643
78669 78805 78703 78737 78771
78806 78935 78838 78870 78902
78936 79020 78957 78978 78999
79021 79724 79196 79371 79546
79725 79773 79737 79749 79761
79774 79954 79819 79864 79909
79955 80493 80089 80223 80357
80494 80557 80509 80524 80539
80558 80629 80575 80592 80609
80630 80667 80639 80648 80657
80668 80800 80701 80734 80767
80801 81205 80902 81003 81104
81206 81297 81228 81250 81272
81298 81369 81315 81332 81349
81370 81417 81381 81392 81403
81418 81453 81426 81434 81442
81454 81521 81470 81486 81502
81522 81550 81529 81536 81543
81551 81660 81578 81605 81632
81661 81722 81676 81691 81706
81723 81806 81743 81763 81783
81807 81854 81818 81829 81840
81855 81905 81867 81879 81891
81906 81968 81921 81936 81951
81969 82168 82018 82067 82116
82169 82317 82206 82243 82280
82318 82542 82374 82430 82486
82543 82581 82552 82561 82570
82582 82625 82592 82602 82612
82626 82717 82648 82670 82692
82718 82746 82725 82732 82739
82747 82852 82773 82799 82825
82853 82915 82868 82883 82898
82916 82977 82931 82946 82961
82978 83019 82988 82998 83008
83020 83149 83052 83084 83116
83150 83235 83171 83192 83213
83236 83379 83271 83306 83341
83380 83424 83391 83402 83413
83425 83483 83439 83453 83467
83484 83675 83531 83578 83625
83676 83719 83686 83696 83706
83720 83794 83738 83756 83774
83795 83839 83806 83817 83828
83840 83976 83874 83908 83942
83977 84015 83986 83995 84004
84016 84142 84047 84078 84109
84143 84215 84161 84179 84197
84216 84287 84233 84250 84267
84288 84342 84301 84314 84327
84343 84388 84354 84365 84376
84389 84558 84431 84473 84515
84559 84675 84588 84617 84646
84676 84755 84695 84714 84733
84756 84787 84763 84770 84777
84788 84988 84838 84888 84938
84989 85027 84998 85007 85016
85028 85059 85035 85042 85049
85060 85112 85073 85086 85099
85113 85164 85125 85137 85149
85165 85192 85171 85177 85183
85193 85229 85202 85211 85220
85230 85267 85239 85248 85257
85268 85299 85275 85282 85289
85300 85453 85338 85376 85414
85454 85673 85508 85562 85616
85674 85753 85693 85712 85731
85754 85924 85796 85838 85880
85925 86028 85950 85975 86000
86029 86098 86046 86063 86080
86099 86142 86109 86119 86129
86143 86181 86152 86161 86170
86182 86232 86194 86206 86218
86233 86263 86240 86247 86254
86264 86389 86295 86326 86357
86390 86426 86399 86408 86417
86427 86485 86441 86455 86469
86486 86541 86499 86512 86525
86542 86588 86553 86564 86575
86589 86620 86596 86603 86610
86621 86720 86645 86669 86693
86721 86792 86738 86755 86772
86793 86816 86798 86803 86808
86817 86840 86822 86827 86832
86841 87106 86907 86973 87039
87107 87235 87139 87171 87203
87236 87253 87240 87244 87248
87254 87301 87265 87276 87287
87302 87499 87351 87400 87449
87500 87523 87505 87510 87515
87524 87572 87536 87548 87560
87573 87679 87599 87625 87651
87680 87738 87694 87708 87722
87739 87823 87760 87781 87802
87824 88464 87984 88144 88304
88465 88589 88496 88527 88558
88590 88717 88621 88652 88683
88718 89230 88846 88974 89102
89231 89489 89295 89359 89423
89490 89552 89505 89520 89535
89553 89676 89583 89613 89643
89677 89888 89729 89781 89833
89889 89917 89896 89903 89910
89918 90023 89938 89958 90015
90024 90060 90033 90042 90051
90061 90262 90111 90161 90211
90263 90416 90301 90339 90377
90417 90489 90435 90453 90471
90490 90532 90500 90510 90520
90533 90588 90546 90559 90572
90589 90609 90594 90599 90604
90610 90751 90645 90680 90715
90752 90937 90798 90844 90890
90938 91169 90995 91052 91109
91170 91243 91188 91206 91224
91244 91276 91252 91260 91268
91277 91397 91307 91337 91367
91398 91481 91418 91438 91458
91482 91512 91489 91496 91503
91513 91779 91579 91645 91711
91780 91849 91797 91814 91831
91850 91887 91859 91868 91877
91888 91912 91894 91900 91906
91913 91994 91933 91953 91973
91995 92041 92006 92017 92028
92042 92166 92073 92104 92135
92167 92457 92239 92311 92383
92458 92545 92479 92500 92521
92546 92624 92565 92584 92603
92625 92717 92648 92671 92694
92718 93517 92917 93116 93315
93518 93979 93633 93748 93863
93980 94050 93997 94014 94031
94051 94099 94063 94075 94087
94100 94192 94123 94146 94169
94193 94303 94220 94247 94274
94304 94499 94352 94400 94448
94500 94767 94566 94632 94698
94768 95381 94921 95074 95227
95382 95649 95448 95514 95580
95650 95775 95681 95712 95743
95776 95805 95783 95790 95797
95806 95838 95814 95822 95830
95839 95870 95846 95853 95860
95871 95917 95882 95893 95904
95918 96001 95938 95958 95978
96002 96480 96121 96240 96359
96481 97156 96649 96817 96985
97157 97219 97172 97187 97202
97220 97791 97362 97504 97646
97792 98129 97876 97960 98044
98130 98307 98174 98218 98262
98308 98391 98328 98348 98368
98392 99251 98606 98820 99034
99252 99587 99335 99418 99501
99588 99673 99609 99630 99651
99674 99784 99701 99728 99755
99785 99836 99797 99809 99821
99837 100784 100073 100309 100545
100785 101046 100850 100915 100980
101047 101096 101059 101071 101083
101097 101432 101180 101263 101346
101433 101791 101522 101611 101700
101792 102154 101882 101972 102062
102155 102319 102196 102237 102278
102320 102413 102343 102366 102389
102414 102499 102435 102456 102477
102500 102657 102539 102578 102617
102658 102764 102684 102710 102736
102765 102808 102775 102785 102795
102809 102955 102845 102881 102917
102956 103009 102969 102982 102995
103010 103212 103060 103110 103160
103213 103350 103247 103281 103315
103351 103423 103369 103387 103405
103424 103475 103436 103448 103460
103476 103871 103574 103672 103770
103872 104403 104004 104136 104268
104404 104987 104549 104694 104839
104988 105041 104990 104992 105030
105042 105712 105209 105376 105543
105713 106202 105835 105957 106079
106203 106324 106233 106263 106293
106325 106410 106346 106367 106388
106411 106449 106420 106429 106438
106450 106559 106477 106504 106531
106560 106678 106589 106618 106647
106679 106763 106700 106721 106742
106764 106791 106770 106776 106782
106792 106843 106804 106816 106828
106844 106932 106866 106888 106910
106933 107368 107041 107149 107257
107369 107479 107396 107423 107450
107480 107538 107494 107508 107522
107539 107557 107543 107547 107551
107558 108078 107688 107818 107948
108079 108267 108126 108173 108220
108268 108399 108300 108332 108364
108400 108462 108415 108430 108445
108463 108640 108507 108551 108595
108641 108675 108649 108657 108665
108676 108704 108683 108690 108697
108705 108787 108725 108745 108765
108788 108817 108795 108802 108809
108818 108863 108829 108840 108851
108864 108973 108891 108918 108945
108974 109020 108985 108996 109007
109021 109236 109074 109127 109180
109237 109309 109255 109273 109291
109310 109677 109401 109492 109583
109678 109871 109726 109774 109822
109872 109910 109881 109890 109899
109911 109947 109920 109929 109938
109948 109990 109958 109968 109978
109991 110357 110082 110173 110264
110358 110447 110380 110402 110424
110448 110590 110483 110518 110553
110591 110648 110605 110619 110633
110649 110752 110674 110699 110724
110753 110817 110769 110785 110801
110818 110860 110828 110838 110848
110861 110900 110870 110879 110888
110901 110954 110914 110927 110940
110955 110989 110963 110971 110979
110990 111057 111006 111022 111038
111058 111112 111071 111084 111097
111113 111142 111120 111127 111134
111143 111198 111156 111169 111182
111199 111224 111205 111211 111217
111225 111869 111386 111547 111708
111870 111923 111883 111896 111909
111924 111966 111934 111944 111954
111967 111992 111973 111979 111985
111993 112044 112005 112017 112029
112045 112420 112138 112231 112324
112421 112721 112496 112571 112646
112722 113032 112799 112876 112953
113033 113598 113174 113315 113456
113599 113693 113622 113645 113668
113694 113731 113703 113712 113721
113732 113795 113747 113762 113777
113796 113830 113804 113812 113820
113831 113901 113848 113865 113882
113902 113931 113909 113916 113923
113932 113978 113943 113954 113965
113979 114032 113992 114005 114018
114033 114265 114091 114149 114207
114266 114314 114278 114290 114302
114315 114662 114401 114487 114573
114663 115092 114770 114877 114984
115093 115195 115118 115143 115168
115196 115260 115212 115228 115244
115261 115300 115270 115279 115288
115301 115446 115337 115373 115409
115447 115471 115453 115459 115465
115472 115661 115519 115566 115613
115662 115791 115694 115726 115758
115792 115849 115806 115820 115834
115850 116570 116030 116210 116390
116571 116690 116600 116629 116658
116691 116752 116706 116721 116736
116753 116949 116802 116851 116900
116950 117017 116966 116982 116998
117018 117139 117048 117078 117108
117140 117162 117145 117150 117155
117163 117252 117185 117207 117229
117253 117563 117330 117407 117484
117564 117699 117597 117630 117663
117700 117787 117721 117742 117763
117788 117894 117814 117840 117866
117895 118036 117930 117965 118000
118037 118093 118051 118065 118079
118094 118309 118147 118200 118253
118310 118353 118320 118330 118340
118354 118516 118394 118434 118474
118517 118562 118528 118539 118550
118563 118600 118572 118581 118590
118601 118632 118608 118615 118622
118633 118708 118651 118669 118687
118709 118731 118714 118719 118724
118732 118782 118744 118756 118768
118783 118840 118797 118811 118825
118841 119108 118907 118973 119039
119109 119665 119248 119387 119526
119666 119822 119705 119744 119783
119823 120444 119867 119911 120333
120445 120977 120578 120711 120844
120978 121531 121116 121254 121392
121532 121592 121547 121562 121577
121593 121762 121635 121677 121719
121763 121812 121775 121787 121799
121813 121923 121840 121867 121894
121924 121959 121932 121940 121948
121960 122217 122024 122088 122152
122218 122399 122263 122308 122353
122400 122754 122488 122576 122664
122755 122894 122789 122823 122857
122895 122961 122911 122927 122943
122962 123247 123033 123104 123175
123248 123316 123265 123282 123299
123317 123808 123439 123561 123683
123809 124343 123942 124075 124208
124344 124459 124372 124400 124428
124460 124611 124497 124534 124571
124612 125370 124801 124990 125179
125371 125415 125382 125393 125404
125416 125618 125466 125516 125566
125619 125723 125645 125671 125697
125724 126450 125905 126086 126267
126451 126516 126467 126483 126499
126517 126870 126605 126693 126781
126871 127053 126916 126961 127006
127054 127208 127092 127130 127168
127209 127356 127245 127281 127317
127357 127491 127390 127423 127456
127492 127692 127542 127592 127642
127693 127888 127741 127789 127837
127889 128010 127919 127949 127979
128011 128193 128056 128101 128146
128194 128246 128207 128220 128233
128247 128327 128267 128287 128307
128328 128521 128376 128424 128472
128522 128647 128553 128584 128615
128648 129058 128750 128852 128954
129059 129234 129102 129145 129188
129235 129475 129295 129355 129415
129476 129582 129502 129528 129554
129583 129734 129620 129657 129694
129735 130014 129804 129873 129942
130015 130087 130033 130051 130069
130088 130119 130095 130102 130109
130120 130227 130146 130172 130198
130228 131622 130576 130924 131272
131623 131694 131640 131657 131674
131695 131813 131724 131753 131782
131814 132898 132085 132356 132627
132899 132959 132914 132929 132944
132960 133452 133083 133206 133329
133453 133620 133494 133535 133576
133621 133863 133681 133741 133801
133864 134119 133927 133990 134053
134120 134226 134146 134172 134198
134227 134292 134243 134259 134275
134293 134359 134309 134325 134341
134360 134426 134376 134392 134408
134427 134464 134436 134445 134454
134465 134900 134573 134681 134789
134901 134954 134914 134927 134940
134955 135115 134966 134977 135084
135116 135685 135258 135400 135542
135686 135754 135703 135720 135737
135755 135895 135790 135825 135860
135896 136327 136003 136110 136217
136328 136529 136378 136428 136478
136530 136935 136631 136732 136833
136936 137095 136975 137014 137053
137096 137687 137243 137390 137537
137688 137726 137697 137706 137715
137727 137785 137741 137755 137769
137786 138577 137983 138180 138377
138578 138616 138587 138596 138605
138617 138736 138646 138675 138704
138737 138774 138746 138755 138764
138775 138830 138788 138801 138814
138831 138864 138839 138847 138855
138865 138897 138873 138881 138889
138898 138955 138912 138926 138940
138956 139011 138969 138982 138995
139012 139035 139017 139022 139027
139036 139303 139102 139168 139234
139304 139350 139315 139326 139337
139351 139577 139407 139463 139519
139578 140013 139686 139794 139902
140014 140243 140071 140128 140185
140244 140541 140318 140392 140466
140542 140919 140636 140730 140824
140920 141074 140958 140996 141034
141075 141218 141110 141145 141180
141219 141380 141259 141299 141339
141381 141503 141411 141441 141471
141504 141781 141573 141642 141711
141782 141972 141829 141876 141923
141973 142094 142003 142033 142063
142095 142340 142156 142217 142278
142341 142375 142349 142357 142365
142376 142443 142392 142408 142424
142444 142566 142474 142504 142534
142567 142611 142578 142589 142600
142612 142679 142628 142644 142660
142680 142710 142687 142694 142701
142711 142847 142745 142779 142813
142848 142893 142859 142870 142881
142894 142940 142905 142916 142927
142941 143077 142975 143009 143043
143078 143293 143131 143184 143237
143294 143474 143339 143384 143429
143475 143553 143494 143513 143532
143554 143596 143564 143574 143584
143597 143615 143601 143605 143609
143616 143687 143633 143650 143667
143688 143794 143714 143740 143766
143795 144018 143850 143905 143960
144019 144056 144028 144037 144046
144057 144095 144066 144075 144084
144096 144138 144106 144116 144126
144139 144177 144148 144157 144166
144178 144272 144201 144224 144247
144273 144412 144307 144341 144375
144413 144510 144437 144461 144485
144511 144565 144524 144537 144550
144566 144601 144574 144582 144590
144602 144636 144610 144618 144626
144637 144665 144644 144651 144658
144666 144709 144676 144686 144696
144710 144806 144734 144758 144782
144807 144971 144848 144889 144930
144972 145058 144993 145014 145035
145059 145125 145075 145091 145107
145126 146448 145456 145786 146116
146449 147134 146620 146791 146962
147135 147773 147294 147453 147612
147774 147831 147788 147802 147816
147832 148012 147877 147922 147967
148013 148095 148033 148053 148073
148096 148409 148174 148252 148330
148410 148572 148450 148490 148530
148573 148667 148596 148619 148642
148668 148959 148740 148812 148884
148960 149222 149025 149090 149155
149223 149316 149246 149269 149292
149317 149566 149379 149441 149503
149567 149643 149586 149605 149624
149644 149671 149650 149656 149662
149672 149707 149680 149688 149696
149708 149911 149758 149808 149858
149912 149931 149916 149920 149924
149932 149962 149939 149946 149953
149963 149983 149968 149973 149978
149984 150076 149987 149990 150057
150077 150173 150101 150125 150149
150174 150286 150202 150230 150258
150287 151598 150614 150941 151268
151599 151691 151622 151645 151668
151692 151763 151709 151726 151743
151764 151954 151811 151858 151905
151955 152212 152019 152083 152147
152213 152261 152225 152237 152249
152262 152361 152286 152310 152334
152362 152492 152394 152426 152458
152493 153546 152756 153019 153282
153547 153933 153643 153739 153835
153934 154719 154130 154326 154522
154720 154823 154745 154770 154795
154824 155004 154869 154914 154959
155005 155116 155032 155059 155086
155117 155278 155157 155197 155237
155279 155524 155340 155401 155462
155525 156036 155652 155779 155906
156037 156093 156051 156065 156079
156094 156178 156115 156136 156157
156179 156226 156190 156201 156212
156227 156504 156296 156365 156434
156505 156617 156533 156561 156589
156618 156897 156687 156756 156825
156898 156983 156919 156940 156961
156984 157037 156997 157010 157023
157038 157092 157051 157064 157077
157093 157133 157103 157113 157123
157134 157384 157196 157258 157320
157385 157570 157431 157477 157523
157571 158225 157734 157897 158060
158226 158301 158244 158262 158280
158302 158371 158319 158336 158353
158372 158418 158383 158394 158405
158419 158618 158468 158517 158566
158619 158682 158634 158649 158664
158683 158866 158728 158773 158818
158867 158921 158880 158893 158906
158922 159052 158954 158986 159018
159053 159147 159076 159099 159122
159148 159207 159162 159176 159190
159208 159258 159220 159232 159244
159259 159470 159311 159363 159415
159471 160756 159792 160113 160434
160757 161288 160889 161021 161153
161289 161746 161403 161517 161631
161747 162057 161824 161901 161978
162058 162749 162230 162402 162574
162750 162835 162771 162792 162813
162836 162879 162846 162856 162866
162880 163142 162945 163010 163075
163143 163329 163189 163235 163281
163330 163414 163351 163372 163393
163415 163600 163461 163507 163553
163601 163806 163652 163703 163754
163807 164111 163883 163959 164035
164112 164224 164140 164168 164196
164225 164589 164316 164407 164498
164590 164733 164625 164660 164695
164734 164897 164774 164814 164854
164898 165007 164923 164948 165003
165008 165123 165036 165064 165092
165124 165578 165237 165350 165463
165579 166163 165725 165871 166017
166164 166389 166220 166276 166332
166390 166648 166454 166518 166582
166649 166895 166710 166771 166832
166896 167003 166922 166948 166974
167004 167087 167024 167044 167064
167088 167376 167160 167232 167304
167377 167464 167398 167419 167440
167465 167811 167551 167637 167723
167812 167868 167826 167840 167854
167869 167962 167892 167915 167938
167963 168010 167974 167985 167996
168011 168055 168022 168033 168044
168056 168132 168075 168094 168113
168133 168182 168145 168157 168169
168183 168254 168200 168217 168234
168255 168275 168260 168265 168270
168276 168310 168284 168292 168300
168311 168373 168326 168341 168356
168374 168494 168404 168434 168464
168495 168529 168503 168511 168519
168530 168579 168542 168554 168566
168580 168651 168597 168614 168631
168652 168703 168664 168676 168688
168704 168800 168728 168752 168776
168801 168899 168825 168849 168873
168900 169100 168950 169000 169050
169101 169584 169221 169341 169461
169585 170292 169761 169937 170113
170293 170584 170365 170437 170509
170585 170669 170606 170627 170648
170670 170781 170697 170724 170751
170782 170846 170798 170814 170830
170847 170988 170882 170917 170952
170989 171027 170998 171007 171016
171028 171127 171052 171076 171100
171128 171231 171153 171178 171203
171232 171447 171285 171338 171391
171448 171478 171455 171462 171469
171479 171510 171486 171493 171500
171511 171773 171576 171641 171706
171774 171934 171814 171854 171894
171935 172060 171966 171997 172028
172061 172225 172102 172143 172184
172226 172466 172286 172346 172406
172467 172911 172578 172689 172800
172912 172943 172919 172926 172933
172944 172996 172957 172970 172983
172997 173087 173019 173041 173063
173088 173162 173106 173124 173142
173163 173324 173203 173243 173283
173325 173403 173344 173363 173382
173404 173497 173427 173450 173473
173498 173555 173512 173526 173540
173556 173596 173566 173576 173586
173597 173816 173651 173705 173759
173817 173890 173835 173853 173871
173891 173921 173898 173905 173912
173922 174044 173952 173982 174012
174045 174342 174119 174193 174267
174343 174384 174353 174363 174373
174385 174669 174456 174527 174598
174670 174775 174696 174722 174748
174776 174870 174799 174822 174845
174871 174917 174882 174893 174904
174918 175043 174949 174980 175011
175044 175099 175057 175070 175083
175100 175155 175113 175126 175139
175156 175231 175174 175192 175210
175232 175268 175241 175250 175259
175269 175352 175289 175309 175329
175353 175425 175371 175389 175407
175426 175489 175441 175456 175471
175490 175584 175513 175536 175559
175585 175663 175604 175623 175642
175664 176137 175782 175900 176018
176138 176197 176152 176166 176180
176198 176636 176307 176416 176525
176637 176847 176689 176741 176793
176848 177072 176904 176960 177016
177073 177183 177100 177127 177154
177184 177222 177193 177202 177211
177223 177253 177230 177237 177244
177254 177318 177270 177286 177302
177319 177347 177326 177333 177340
177348 177385 177357 177366 177375
177386 177452 177402 177418 177434
177453 177481 177460 177467 177474
177482 177554 177500 177518 177536
177555 177656 177580 177605 177630
177657 177706 177669 177681 177693
177707 177754 177718 177729 177740
177755 177790 177763 177771 177779
177791 177890 177815 177839 177863
177891 177949 177905 177919 177933
177950 178004 177963 177976 177989
178005 178027 178010 178015 178020
178028 178055 178034 178040 178046
178056 178076 178061 178066 178071
178077 178129 178090 178103 178116
178130 178217 178151 178172 178193
178218 178252 178226 178234 178242
178253 178289 178262 178271 178280
178290 178389 178314 178338 178362
178390 178407 178394 178398 178402
178408 178431 178413 178418 178423
178432 178459 178438 178444 178450
178460 178528 178477 178494 178511
178529 178571 178539 178549 178559
178572 178607 178580 178588 178596
178608 178640 178616 178624 178632
178641 178750 178668 178695 178722
178751 178956 178802 178853 178904
178957 179002 178968 178979 178990
179003 179282 179072 179141 179210
179283 179566 179353 179423 179493
179567 179684 179596 179625 179654
179685 179751 179701 179717 179733
179752 179933 179797 179842 179887
179934 180079 179950 179966 180057
180080 180167 180101 180122 180143
180168 180230 180183 180198 180213
180231 180296 180247 180263 180279
180297 180393 180321 180345 180369
180394 180647 180457 180520 180583
180648 180840 180696 180744 180792
180841 180870 180848 180855 180862
180871 180950 180890 180909 180928
180951 181183 181009 181067 181125
181184 181342 181223 181262 181301
181343 181411 181360 181377 181394
181412 181486 181430 181448 181466
181487 181518 181494 181501 181508
181519 181679 181559 181599 181639
181680 181827 181716 181752 181788
181828 182151 181908 181988 182068
182152 182219 182168 182184 182200
182220 182262 182230 182240 182250
182263 182295 182271 182279 182287
182296 182432 182330 182364 182398
182433 185979 183319 184205 185091
