0 1115 278 556 834
1116 1135 1120 1124 1128
1136 1589 1249 1362 1475
1590 1607 1594 1598 1602
1608 1626 1612 1616 1620
1627 1643 1631 1635 1639
1644 1662 1648 1652 1656
1663 1685 1668 1673 1678
1686 1704 1690 1694 1698
1705 1852 1741 1777 1813
1853 1887 1861 1869 1877
1888 2618 2070 2252 2434
2619 3936 2948 3277 3606
3937 4154 3991 4045 4099
4155 4172 4159 4163 4167
4173 4303 4205 4237 4269
4304 4665 4394 4484 4574
4666 4937 4733 4800 4867
4938 5097 4977 5016 5055
5098 5220 5128 5158 5188
5221 5343 5251 5281 5311
5344 5416 5362 5380 5398
5417 5506 5439 5461 5483
5507 5645 5541 5575 5609
5646 5745 5670 5694 5718
5746 5806 5761 5776 5791
5807 5886 5826 5845 5864
5887 5983 5911 5935 5959
5984 6148 6025 6066 6107
6149 6247 6173 6197 6221
6248 6422 6291 6334 6377
6423 6487 6439 6455 6471
6488 6537 6500 6512 6524
6538 6676 6572 6606 6640
6677 6779 6702 6727 6752
6780 6912 6813 6846 6879
6913 7107 6961 7009 7057
7108 7282 7151 7194 7237
7283 7336 7296 7309 7322
7337 7369 7345 7353 7361
7370 7645 7438 7506 7574
7646 8044 7745 7844 7943
8045 8474 8152 8259 8366
8475 8612 8509 8543 8577
8613 8931 8692 8771 8850
8932 8962 8939 8946 8953
8963 9063 8988 9013 9038
9064 9201 9098 9132 9166
9202 9228 9208 9214 9220
9229 9479 9291 9353 9415
9480 9596 9509 9538 9567
9597 9777 9642 9687 9732
9778 10064 9849 9920 9991
10065 10124 10079 10093 10107
10125 10436 10202 10279 10356
10437 10783 10523 10609 10695
10784 10898 10812 10840 10868
10899 11003 10925 10951 10977
11004 11115 11031 11058 11085
11116 11174 11130 11144 11158
11175 11544 11267 11359 11451
11545 11807 11610 11675 11740
11808 12248 11918 12028 12138
12249 12371 12279 12309 12339
12372 12761 12469 12566 12663
12762 12802 12772 12782 12792
12803 12858 12816 12829 12842
12859 12943 12880 12901 12922
12944 13036 12967 12990 13013
13037 13132 13060 13083 13106
13133 13206 13151 13169 13187
13207 13440 13265 13323 13381
13441 13509 13458 13475 13492
13510 13608 13534 13558 13582
13609 13706 13633 13657 13681
13707 13810 13732 13757 13782
13811 13896 13832 13853 13874
13897 13992 13920 13943 13966
13993 14209 14047 14101 14155
14210 14358 14247 14284 14321
14359 14397 14368 14377 14386
14398 14461 14413 14428 14443
14462 14622 14502 14542 14582
14623 14708 14644 14665 14686
14709 14835 14740 14771 14802
14836 14892 14850 14864 14878
14893 15023 14919 14945 15015
15024 15083 15038 15052 15066
15084 15154 15101 15118 15135
15155 15192 15164 15173 15182
15193 15251 15207 15221 15235
15252 15412 15292 15332 15372
15413 15609 15462 15511 15560
15610 15717 15636 15662 15688
15718 15754 15727 15736 15745
15755 15773 15759 15763 15767
15774 15807 15782 15790 15798
15808 16028 15863 15918 15973
16029 16083 16042 16055 16068
16084 16108 16090 16096 16102
16109 16166 16123 16137 16151
16167 16257 16189 16211 16233
16258 16340 16278 16298 16318
16341 16403 16356 16371 16386
16404 16479 16422 16440 16458
16480 16810 16562 16644 16726
16811 16904 16834 16857 16880
16905 17476 17047 17189 17331
17477 18032 17615 17753 17891
18033 18126 18056 18079 18102
18127 18482 18215 18303 18391
18483 18503 18488 18493 18498
18504 18577 18522 18540 18558
18578 18640 18593 18608 18623
18641 19364 18821 19001 19181
19365 20809 19726 20087 20448
20810 20916 20836 20862 20888
20917 20987 20934 20951 20968
20988 21130 21023 21058 21093
21131 21278 21167 21203 21239
21279 21375 21303 21327 21351
21376 21655 21445 21514 21583
21656 21718 21671 21686 21701
21719 21819 21744 21769 21794
21820 21877 21834 21848 21862
21878 22126 21940 22002 22064
22127 22214 22148 22169 22190
22215 22627 22318 22421 22524
22628 22714 22649 22670 22691
22715 25328 23368 24021 24674
25329 25546 25383 25437 25491
25547 25671 25578 25609 25640
25672 25838 25713 25754 25795
25839 26045 25890 25941 25992
26046 26254 26098 26150 26202
26255 26300 26266 26277 26288
26301 26372 26318 26335 26352
26373 26424 26385 26397 26409
26425 26514 26447 26469 26491
26515 26555 26525 26535 26545
26556 26575 26560 26564 26568
26576 26604 26583 26590 26597
26605 26645 26615 26625 26635
26646 26703 26660 26674 26688
26704 26739 26712 26720 26728
26740 26798 26754 26768 26782
26799 26830 26806 26813 26820
26831 26985 26869 26907 26945
26986 27026 26996 27006 27016
27027 27083 27041 27055 27069
27084 27232 27121 27158 27195
27233 27363 27265 27297 27329
27364 27391 27370 27376 27382
27392 27409 27396 27400 27404
27410 27464 27423 27436 27449
27465 27550 27486 27507 27528
27551 27628 27570 27589 27608
27629 27673 27640 27651 27662
27674 27710 27683 27692 27701
27711 27808 27735 27759 27783
27809 27990 27854 27899 27944
27991 28032 28001 28011 28021
28033 28109 28052 28071 28090
28110 28178 28127 28144 28161
28179 28237 28193 28207 28221
28238 28259 28243 28248 28253
28260 28383 28290 28320 28350
28384 28652 28451 28518 28585
28653 28691 28662 28671 28680
28692 28730 28701 28710 28719
28731 28807 28750 28769 28788
28808 28858 28820 28832 28844
28859 28916 28873 28887 28901
28917 29340 29022 29127 29232
29341 29761 29446 29551 29656
29762 29844 29782 29802 29822
29845 29915 29862 29879 29896
29916 29996 29936 29956 29976
29997 30173 29997 29997 30129
30174 30321 30210 30246 30282
30322 30456 30355 30388 30421
30457 30572 30485 30513 30541
30573 30603 30580 30587 30594
30604 30689 30625 30646 30667
30690 30792 30715 30740 30765
30793 31000 30844 30895 30946
31001 31080 31020 31039 31058
31081 31199 31110 31139 31168
31200 31471 31267 31334 31401
31472 31585 31500 31528 31556
31586 31736 31623 31660 31697
31737 31915 31781 31825 31869
31916 31991 31934 31952 31970
31992 32041 32004 32016 32028
32042 32124 32062 32082 32102
32125 32284 32164 32203 32242
32285 32337 32298 32311 32324
32338 32437 32362 32386 32410
32438 32891 32551 32664 32777
32892 33455 33032 33172 33312
33456 34329 33674 33892 34110
34330 34406 34349 34368 34387
34407 34781 34500 34593 34686
34782 35182 34882 34982 35082
35183 35372 35230 35277 35324
35373 35462 35395 35417 35439
35463 35604 35498 35533 35568
35605 35950 35691 35777 35863
35951 37106 36239 36527 36815
37107 37258 37144 37181 37218
37259 37352 37282 37305 37328
37353 37512 37392 37431 37470
37513 37579 37529 37545 37561
37580 37722 37615 37650 37685
37723 37820 37747 37771 37795
37821 37884 37836 37851 37866
37885 37964 37904 37923 37942
37965 38063 37989 38013 38037
38064 38269 38115 38166 38217
38270 38393 38300 38330 38360
38394 38548 38432 38470 38508
38549 38648 38573 38597 38621
38649 38767 38678 38707 38736
38768 39070 38843 38918 38993
39071 39121 39083 39095 39107
39122 39228 39148 39174 39200
39229 39315 39250 39271 39292
39316 39441 39347 39378 39409
39442 39541 39466 39490 39514
39542 39688 39578 39614 39650
39689 39871 39734 39779 39824
39872 39966 39895 39918 39941
39967 40100 40000 40033 40066
40101 40224 40131 40161 40191
40225 40443 40279 40333 40387
40444 40871 40550 40656 40762
40872 41017 40908 40944 40980
41018 41138 41048 41078 41108
41139 41376 41198 41257 41316
41377 41539 41417 41457 41497
41540 41595 41553 41566 41579
41596 41657 41611 41626 41641
41658 41677 41662 41666 41670
41678 41714 41687 41696 41705
41715 41752 41724 41733 41742
41753 41769 41757 41761 41765
41770 41805 41778 41786 41794
41806 41824 41810 41814 41818
41825 41850 41831 41837 41843
41851 41897 41862 41873 41884
41898 42053 41936 41974 42012
42054 42232 42098 42142 42186
42233 42282 42245 42257 42269
42283 42419 42317 42351 42385
42420 42850 42527 42634 42741
42851 42970 42880 42909 42938
42971 43036 42987 43003 43019
43037 43129 43060 43083 43106
43130 43282 43168 43206 43244
43283 43589 43359 43435 43511
43590 43657 43606 43622 43638
43658 43882 43714 43770 43826
43883 44039 43922 43961 44000
44040 44115 44058 44076 44094
44116 44187 44133 44150 44167
44188 44270 44208 44228 44248
44271 44310 44280 44289 44298
44311 44387 44330 44349 44368
44388 44455 44404 44420 44436
44456 44511 44469 44482 44495
44512 44552 44522 44532 44542
44553 44602 44565 44577 44589
44603 44647 44614 44625 44636
44648 44767 44677 44706 44735
44768 44815 44779 44790 44801
44816 44942 44847 44878 44909
44943 45026 44957 44971 45018
45027 45091 45043 45059 45075
45092 45164 45110 45128 45146
45165 45213 45177 45189 45201
45214 45234 45219 45224 45229
45235 45318 45255 45275 45295
45319 45344 45325 45331 45337
45345 45367 45350 45355 45360
45368 45418 45380 45392 45404
45419 45466 45430 45441 45452
45467 45842 45560 45653 45746
45843 45874 45850 45857 45864
45875 45891 45879 45883 45887
45892 45911 45896 45900 45904
45912 45935 45917 45922 45927
45936 46066 45968 46000 46032
46067 46467 46167 46267 46367
46468 46536 46485 46502 46519
46537 46575 46546 46555 46564
46576 46643 46592 46608 46624
46644 46692 46656 46668 46680
46693 46741 46705 46717 46729
46742 46796 46755 46768 46781
46797 47089 46870 46943 47016
47090 47182 47113 47136 47159
47183 50301 47962 48741 49520
50302 51409 50578 50854 51130
51410 51685 51478 51546 51614
51686 52505 51890 52094 52298
52506 52798 52579 52652 52725
52799 52847 52811 52823 52835
52848 52937 52870 52892 52914
52938 53050 52966 52994 53022
53051 53412 53141 53231 53321
53413 53664 53475 53537 53599
53665 53701 53674 53683 53692
53702 54126 53808 53914 54020
54127 54199 54145 54163 54181
54200 54401 54250 54300 54350
54402 54825 54507 54612 54717
54826 55021 54874 54922 54970
55022 55158 55056 55090 55124
55159 55469 55236 55313 55390
55470 55922 55583 55696 55809
55923 56024 55948 55973 55998
56025 56241 56079 56133 56187
56242 56341 56266 56290 56314
56342 56455 56370 56398 56426
56456 56760 56532 56608 56684
56761 56978 56815 56869 56923
56979 57142 57019 57059 57099
57143 57199 57157 57171 57185
57200 57242 57210 57220 57230
57243 57473 57300 57357 57414
57474 59439 57965 58456 58947
59440 59501 59455 59470 59485
59502 59617 59530 59558 59586
59618 59644 59624 59630 59636
59645 59864 59699 59753 59807
59865 60179 59898 59931 60132
60180 60265 60201 60222 60243
60266 60446 60311 60356 60401
60447 60508 60462 60477 60492
60509 60547 60518 60527 60536
60548 60750 60598 60648 60698
60751 60842 60773 60795 60817
60843 61033 60890 60937 60984
61034 61180 61070 61106 61142
61181 61262 61201 61221 61241
61263 61469 61314 61365 61416
61470 61499 61477 61484 61491
61500 61699 61549 61598 61647
61700 61828 61732 61764 61796
61829 62216 61925 62021 62117
62217 62271 62230 62243 62256
62272 62632 62362 62452 62542
62633 63040 62734 62835 62936
63041 63380 63125 63209 63293
63381 63475 63404 63427 63450
63476 63520 63487 63498 63509
63521 63685 63562 63603 63644
63686 63838 63724 63762 63800
63839 63906 63855 63871 63887
63907 64008 63932 63957 63982
64009 64105 64033 64057 64081
64106 64252 64142 64178 64214
64253 64643 64350 64447 64544
64644 64919 64712 64780 64848
64920 64985 64936 64952 64968
64986 65052 65002 65018 65034
65053 65189 65087 65121 65155
65190 65362 65233 65276 65319
65363 65588 65419 65475 65531
65589 65692 65614 65639 65664
65693 65783 65715 65737 65759
65784 65928 65820 65856 65892
65929 66074 65965 66001 66037
66075 66166 66097 66119 66141
66167 66199 66175 66183 66191
66200 66239 66209 66218 66227
66240 66315 66258 66276 66294
66316 66400 66337 66358 66379
66401 66466 66417 66433 66449
66467 66579 66495 66523 66551
66580 66719 66614 66648 66682
66720 66831 66747 66774 66801
66832 66944 66860 66888 66916
66945 66995 66957 66969 66981
66996 67078 67016 67036 67056
67079 67158 67098 67117 67136
67159 67206 67170 67181 67192
67207 67314 67233 67259 67285
67315 67365 67327 67339 67351
67366 67423 67380 67394 67408
67424 67628 67475 67526 67577
67629 67771 67664 67699 67734
67772 67919 67808 67844 67880
67920 68034 67948 67976 68004
68035 68070 68043 68051 68059
68071 68112 68081 68091 68101
68113 68203 68135 68157 68179
68204 68295 68226 68248 68270
68296 68489 68344 68392 68440
68490 68683 68538 68586 68634
68684 68813 68716 68748 68780
68814 68937 68844 68874 68904
68938 69051 68966 68994 69022
69052 69165 69080 69108 69136
69166 69183 69170 69174 69178
69184 69400 69238 69292 69346
69401 69655 69464 69527 69590
69656 70372 69835 70014 70193
70373 72047 70791 71209 71627
72048 72880 72256 72464 72672
72881 75589 73410 73939 75441
75590 75778 75637 75684 75731
75779 76148 75871 75963 76055
76149 76361 76202 76255 76308
76362 76610 76424 76486 76548
76611 76915 76687 76763 76839
76916 76983 76932 76948 76964
76984 77038 76997 77010 77023
77039 77131 77062 77085 77108
77132 77197 77148 77164 77180
77198 77283 77219 77240 77261
77284 77378 77307 77330 77353
77379 77468 77401 77423 77445
77469 77603 77502 77535 77568
77604 77663 77618 77632 77646
77664 78022 77753 77842 77931
78023 78142 78052 78081 78110
78143 78236 78166 78189 78212
78237 78378 78272 78307 78342
78379 78580 78429 78479 78529
78581 78660 78600 78619 78638
78661 78751 78683 78705 78727
78752 78986 78810 78868 78926
78987 79085 79011 79035 79059
79086 79127 79096 79106 79116
79128 79240 79156 79184 79212
79241 79264 79246 79251 79256
79265 79400 79298 79331 79364
79401 79429 79408 79415 79422
79430 79519 79452 79474 79496
79520 79605 79541 79562 79583
79606 79775 79648 79690 79732
79776 79873 79800 79824 79848
79874 79934 79889 79904 79919
79935 80035 79960 79985 80010
80036 80988 80274 80512 80750
80989 81141 81027 81065 81103
81142 81285 81177 81212 81247
81286 82147 81501 81716 81931
82148 82407 82212 82276 82340
82408 82598 82455 82502 82549
82599 82863 82665 82731 82797
82864 82923 82878 82892 82906
82924 83006 82944 82964 82984
83007 83111 83033 83059 83085
83112 83154 83122 83132 83142
83155 83293 83189 83223 83257
83294 83377 83314 83334 83354
83378 83491 83406 83434 83462
83492 83651 83531 83570 83609
83652 83832 83697 83742 83787
83833 83881 83845 83857 83869
83882 83959 83901 83920 83939
83960 83994 83968 83976 83984
83995 84150 84033 84071 84109
84151 84366 84204 84257 84310
84367 84430 84382 84397 84412
84431 84528 84455 84479 84503
84529 84685 84568 84607 84646
84686 84741 84699 84712 84725
84742 84903 84782 84822 84862
84904 84984 84924 84944 84964
84985 85108 85015 85045 85075
85109 85143 85117 85125 85133
85144 85341 85193 85242 85291
85342 85416 85360 85378 85396
85417 85530 85445 85473 85501
85531 85586 85544 85557 85570
85587 85700 85615 85643 85671
85701 85786 85722 85743 85764
85787 85873 85808 85829 85850
85874 85924 85886 85898 85910
85925 85954 85932 85939 85946
85955 85997 85965 85975 85985
85998 86053 86011 86024 86037
86054 86134 86074 86094 86114
86135 86339 86186 86237 86288
86340 86584 86401 86462 86523
86585 86768 86630 86675 86720
86769 86845 86788 86807 86826
86846 86938 86869 86892 86915
86939 87044 86965 86991 87017
87045 87130 87066 87087 87108
87131 87266 87164 87197 87230
87267 87450 87312 87357 87402
87451 87556 87477 87503 87529
87557 87667 87584 87611 87638
87668 87751 87688 87708 87728
87752 88549 87951 88150 88349
88550 88653 88575 88600 88625
88654 88729 88672 88690 88708
88730 88873 88765 88800 88835
88874 88963 88896 88918 88940
88964 89036 88982 89000 89018
89037 89077 89047 89057 89067
89078 89110 89086 89094 89102
89111 89163 89124 89137 89150
89164 89225 89179 89194 89209
89226 89424 89275 89324 89373
89425 89565 89460 89495 89530
89566 89717 89603 89640 89677
89718 89767 89730 89742 89754
89768 89924 89807 89846 89885
89925 90060 89943 89961 90045
90061 90115 90074 90087 90100
90116 90192 90135 90154 90173
90193 90240 90204 90215 90226
90241 90448 90292 90343 90394
90449 90531 90469 90489 90509
90532 90585 90545 90558 90571
90586 90701 90614 90642 90670
90702 90852 90739 90776 90813
90853 91260 90954 91055 91156
91261 91375 91289 91317 91345
91376 91502 91407 91438 91469
91503 91565 91518 91533 91548
91566 91657 91588 91610 91632
91658 91697 91667 91676 91685
91698 91899 91748 91798 91848
91900 92160 91965 92030 92095
92161 92221 92176 92191 92206
92222 92526 92298 92374 92450
92527 92689 92567 92607 92647
92690 92836 92726 92762 92798
92837 92882 92848 92859 92870
92883 92941 92897 92911 92925
92942 92979 92951 92960 92969
92980 93058 92999 93018 93037
93059 93128 93076 93093 93110
93129 93315 93175 93221 93267
93316 93431 93344 93372 93400
93432 93464 93440 93448 93456
93465 93632 93506 93547 93588
93633 93728 93656 93679 93702
93729 93807 93748 93767 93786
93808 93858 93820 93832 93844
93859 93952 93882 93905 93928
93953 94128 93996 94039 94082
94129 94200 94146 94163 94180
94201 94298 94225 94249 94273
94299 94452 94337 94375 94413
94453 94680 94509 94565 94621
94681 95678 94930 95179 95428
95679 95713 95687 95695 95703
95714 96128 95817 95920 96023
96129 96551 96234 96339 96444
96552 96682 96584 96616 96648
96683 96813 96715 96747 96779
96814 96900 96835 96856 96877
96901 96969 96918 96935 96952
96970 97064 96993 97016 97039
97065 97110 97076 97087 97098
97111 97173 97126 97141 97156
97174 97222 97186 97198 97210
97223 97429 97274 97325 97376
97430 97458 97437 97444 97451
97459 97517 97473 97487 97501
97518 97543 97524 97530 97536
97544 97595 97556 97568 97580
97596 97710 97624 97652 97680
97711 97742 97718 97725 97732
97743 97829 97764 97785 97806
97830 97968 97864 97898 97932
97969 98243 98037 98105 98173
98244 98413 98286 98328 98370
98414 98580 98455 98496 98537
98581 98817 98640 98699 98758
98818 99114 98892 98966 99040
99115 99447 99198 99281 99364
99448 99762 99526 99604 99682
99763 99972 99815 99867 99919
99973 100021 99985 99997 100009
100022 100069 100033 100044 100055
100070 100176 100096 100122 100148
100177 100222 100188 100199 100210
100223 100293 100240 100257 100274
100294 100360 100310 100326 100342
100361 100479 100390 100419 100448
100480 100513 100488 100496 100504
100514 100630 100543 100572 100601
100631 100675 100642 100653 100664
100676 100753 100695 100714 100733
100754 100801 100765 100776 100787
100802 100922 100832 100862 100892
100923 100991 100940 100957 100974
100992 101028 101001 101010 101019
101029 101220 101076 101123 101170
101221 101300 101240 101259 101278
101301 101348 101312 101323 101334
101349 101549 101399 101449 101499
101550 101593 101560 101570 101580
101594 101676 101614 101634 101654
101677 102287 101829 101981 102133
102288 102662 102381 102474 102567
102663 102829 102704 102745 102786
102830 102899 102847 102864 102881
102900 102919 102904 102908 102912
102920 102993 102938 102956 102974
102994 103033 103003 103012 103021
103034 103190 103073 103112 103151
103191 103352 103231 103271 103311
103353 103405 103366 103379 103392
103406 103463 103420 103434 103448
103464 103860 103563 103662 103761
103861 104172 103938 104015 104092
104173 104256 104193 104213 104233
104257 104316 104271 104285 104299
104317 104392 104335 104353 104371
104393 104726 104476 104559 104642
104727 106160 104795 104863 105870
106161 106264 106186 106211 106236
106265 106334 106282 106299 106316
106335 109224 107057 107779 108501
109225 109361 109259 109293 109327
109362 109547 109408 109454 109500
109548 110026 109667 109786 109905
110027 110552 110158 110289 110420
110553 111160 110704 110855 111006
111161 111325 111202 111243 111284
111326 111509 111371 111416 111461
111510 111576 111526 111542 111558
111577 111715 111611 111645 111679
111716 111847 111748 111780 111812
111848 111947 111872 111896 111920
111948 112006 111962 111976 111990
112007 112067 112022 112037 112052
112068 112132 112084 112100 112116
112133 112262 112165 112197 112229
112263 112783 112393 112523 112653
112784 114137 113122 113460 113798
114138 114298 114178 114218 114258
114299 114419 114329 114359 114389
114420 114663 114480 114540 114600
114664 114857 114712 114760 114808
114858 115102 114919 114980 115041
115103 115179 115122 115141 115160
115180 115283 115205 115230 115255
115284 115335 115296 115308 115320
115336 115372 115345 115354 115363
115373 115515 115408 115443 115478
115516 115647 115548 115580 115612
115648 115741 115671 115694 115717
115742 115821 115761 115780 115799
115822 115864 115832 115842 115852
115865 115924 115879 115893 115907
115925 115991 115941 115957 115973
115992 116230 116051 116110 116169
116231 116270 116240 116249 116258
116271 116459 116318 116365 116412
116460 116615 116498 116536 116574
116616 116776 116656 116696 116736
116777 116843 116793 116809 116825
116844 116959 116872 116900 116928
116960 117122 117000 117040 117080
117123 117176 117136 117149 117162
117177 117226 117189 117201 117213
117227 117359 117260 117293 117326
117360 117637 117429 117498 117567
117638 117821 117683 117728 117773
117822 117903 117842 117862 117882
117904 117974 117921 117938 117955
117975 118212 118034 118093 118152
118213 118239 118219 118225 118231
118240 118280 118250 118260 118270
118281 118467 118327 118373 118419
118468 118487 118472 118476 118480
118488 118536 118500 118512 118524
118537 118611 118555 118573 118591
118612 119075 118727 118842 118957
119076 119195 119105 119134 119163
119196 119296 119221 119246 119271
119297 119359 119312 119327 119342
119360 119594 119418 119476 119534
119595 119645 119607 119619 119631
119646 119690 119657 119668 119679
119691 119778 119712 119733 119754
119779 120231 119834 119889 120171
120232 120333 120257 120282 120307
120334 120491 120373 120412 120451
120492 120620 120524 120556 120588
120621 120831 120673 120725 120777
120832 120888 120846 120860 120874
120889 120978 120911 120933 120955
120979 121044 120995 121011 121027
121045 121128 121065 121085 121105
121129 121203 121147 121165 121183
121204 121354 121241 121278 121315
121355 121461 121381 121407 121433
121462 121634 121505 121548 121591
121635 121821 121681 121727 121773
121822 122002 121867 121912 121957
122003 122043 122013 122023 122033
122044 122217 122087 122130 122173
122218 122298 122238 122258 122278
122299 122424 122330 122361 122392
122425 122593 122467 122509 122551
122594 122927 122677 122760 122843
122928 123012 122949 122970 122991
123013 123085 123031 123049 123067
123086 123141 123099 123112 123125
123142 123364 123197 123252 123307
123365 123431 123381 123397 123413
123432 124697 123748 124064 124380
124698 124840 124733 124768 124803
124841 124946 124867 124893 124919
124947 125322 125040 125133 125226
125323 125966 125483 125643 125803
125967 126333 126058 126149 126240
126334 126467 126367 126400 126433
126468 126626 126507 126546 126585
126627 126688 126642 126657 126672
126689 126810 126719 126749 126779
126811 126949 126845 126879 126913
126950 127079 126982 127014 127046
127080 127265 127126 127172 127218
127266 127461 127314 127362 127410
127462 127623 127502 127542 127582
127624 127661 127633 127642 127651
127662 127844 127707 127752 127797
127845 127921 127864 127883 127902
127922 128007 127943 127964 127985
128008 128069 128023 128038 128053
128070 128115 128081 128092 128103
128116 128150 128124 128132 128140
128151 128211 128166 128181 128196
128212 128240 128219 128226 128233
128241 128290 128253 128265 128277
128291 128414 128321 128351 128381
128415 128501 128436 128457 128478
128502 128600 128526 128550 128574
128601 128711 128628 128655 128682
128712 128935 128767 128822 128877
128936 129354 129040 129144 129248
129355 129937 129500 129645 129790
129938 130033 129961 129984 130007
130034 130275 130094 130154 130214
130276 130421 130312 130348 130384
130422 130501 130441 130460 130479
130502 130588 130523 130544 130565
130589 130995 130690 130791 130892
130996 131102 131022 131048 131074
131103 131264 131143 131183 131223
131265 131412 131301 131337 131373
131413 131576 131453 131493 131533
131577 131667 131599 131621 131643
131668 131774 131694 131720 131746
131775 132516 131960 132145 132330
132517 133350 132725 132933 133141
133351 133728 133445 133539 133633
133729 141330 134046 134363 139746
