0 355 88 176 264
356 682 437 518 599
683 1659 927 1171 1415
1660 1801 1695 1730 1765
1802 1892 1824 1846 1868
1893 2091 1942 1991 2040
2092 2297 2143 2194 2245
2298 2789 2420 2542 2664
2790 3043 2853 2916 2979
3044 3060 3048 3052 3056
3061 3112 3073 3085 3097
3113 3223 3140 3167 3194
3224 3328 3250 3276 3302
3329 3360 3336 3343 3350
3361 3433 3379 3397 3415
3434 3568 3467 3500 3533
3569 3717 3606 3643 3680
3718 3734 3722 3726 3730
3735 3891 3774 3813 3852
3892 4117 3948 4004 4060
4118 6528 4720 5322 5924
6529 7516 6775 7021 7267
7517 7624 7543 7569 7595
7625 7648 7630 7635 7640
7649 7705 7663 7677 7691
7706 7924 7760 7814 7868
7925 8068 7960 7995 8030
8069 8721 8232 8395 8558
8722 8860 8756 8790 8824
8861 8942 8881 8901 8921
8943 8984 8953 8963 8973
8985 9068 9005 9025 9045
9069 9122 9082 9095 9108
9123 9325 9173 9223 9273
9326 9652 9407 9488 9569
9653 10036 9748 9843 9938
10037 10198 10077 10117 10157
10199 10241 10209 10219 10229
10242 10309 10258 10274 10290
10310 10410 10335 10360 10385
10411 10436 10417 10423 10429
10437 10515 10456 10475 10494
10516 10532 10520 10524 10528
10533 10588 10546 10559 10572
10589 10683 10612 10635 10658
10684 10756 10702 10720 10738
10757 10859 10782 10807 10832
10860 11171 10937 11014 11091
11172 11324 11210 11248 11286
11325 11438 11353 11381 11409
11439 11475 11448 11457 11466
11476 11539 11491 11506 11521
11540 12089 11677 11814 11951
12090 12147 12104 12118 12132
12148 12233 12169 12190 12211
12234 12391 12273 12312 12351
12392 12626 12450 12508 12566
12627 12660 12635 12643 12651
12661 12710 12673 12685 12697
12711 12785 12729 12747 12765
12786 12852 12802 12818 12834
12853 12880 12859 12865 12871
12881 12970 12903 12925 12947
12971 13058 12992 13013 13034
13059 13125 13075 13091 13107
13126 13490 13217 13308 13399
13491 13733 13551 13611 13671
13734 13790 13748 13762 13776
13791 13977 13837 13883 13929
13978 14065 13999 14020 14041
14066 14508 14176 14286 14396
14509 14643 14542 14575 14608
14644 14759 14672 14700 14728
14760 14951 14807 14854 14901
14952 14996 14963 14974 14985
14997 15031 14997 14997 15021
15032 15134 15057 15082 15107
15135 15259 15166 15197 15228
15260 15489 15317 15374 15431
15490 15582 15513 15536 15559
15583 15665 15603 15623 15643
15666 15746 15686 15706 15726
15747 16173 15853 15959 16065
16174 16320 16210 16246 16282
16321 16577 16385 16449 16513
16578 16717 16612 16646 16680
16718 16831 16746 16774 16802
16832 16920 16854 16876 16898
16921 17010 16943 16965 16987
17011 17086 17029 17047 17065
17087 17163 17106 17125 17144
17164 17214 17176 17188 17200
17215 17308 17238 17261 17284
17309 17350 17319 17329 17339
17351 17384 17359 17367 17375
17385 17412 17391 17397 17403
17413 17459 17424 17435 17446
17460 17478 17464 17468 17472
17479 17511 17487 17495 17503
17512 17539 17518 17524 17530
17540 17556 17544 17548 17552
17557 17613 17571 17585 17599
17614 17653 17623 17632 17641
17654 17816 17694 17734 17774
17817 17929 17845 17873 17901
17930 17977 17941 17952 17963
17978 18015 17987 17996 18005
18016 18075 18030 18044 18058
18076 18112 18085 18094 18103
18113 18167 18126 18139 18152
18168 18203 18176 18184 18192
18204 18226 18209 18214 18219
18227 18255 18234 18241 18248
18256 18281 18262 18268 18274
18282 18315 18290 18298 18306
18316 18337 18321 18326 18331
18338 18358 18343 18348 18353
18359 18377 18363 18367 18371
18378 18411 18386 18394 18402
18412 18485 18430 18448 18466
18486 18511 18492 18498 18504
18512 18546 18520 18528 18536
18547 18605 18561 18575 18589
18606 18681 18624 18642 18660
18682 18752 18699 18716 18733
18753 18832 18772 18791 18810
18833 18878 18844 18855 18866
18879 18918 18888 18897 18906
18919 18967 18931 18943 18955
18968 19143 19011 19054 19097
19144 19262 19173 19202 19231
19263 19344 19283 19303 19323
19345 19410 19361 19377 19393
19411 19460 19423 19435 19447
19461 19545 19482 19503 19524
19546 19582 19555 19564 19573
19583 19600 19587 19591 19595
19601 19627 19607 19613 19619
19628 19685 19642 19656 19670
19686 19711 19692 19698 19704
19712 19754 19722 19732 19742
19755 19806 19767 19779 19791
19807 19912 19833 19859 19885
19913 19992 19932 19951 19970
19993 20188 20041 20089 20137
20189 20313 20220 20251 20282
20314 20384 20331 20348 20365
20385 20470 20406 20427 20448
20471 20489 20475 20479 20483
20490 20519 20497 20504 20511
20520 20553 20528 20536 20544
20554 20581 20560 20566 20572
20582 20598 20586 20590 20594
20599 20649 20611 20623 20635
20650 20675 20656 20662 20668
20676 20771 20699 20722 20745
20772 20804 20780 20788 20796
20805 20849 20816 20827 20838
20850 20882 20858 20866 20874
20883 20899 20887 20891 20895
20900 20932 20908 20916 20924
20933 20952 20937 20941 20945
20953 20974 20958 20963 20968
20975 20998 20980 20985 20990
20999 21018 21003 21007 21011
21019 21038 21023 21027 21031
21039 21072 21047 21055 21063
21073 21092 21077 21081 21085
21093 21117 21099 21105 21111
21118 21139 21123 21128 21133
21140 21168 21147 21154 21161
21169 21201 21177 21185 21193
21202 21222 21207 21212 21217
21223 21250 21229 21235 21241
21251 21305 21264 21277 21290
21306 21330 21312 21318 21324
21331 21350 21335 21339 21343
21351 21370 21355 21359 21363
21371 21402 21378 21385 21392
21403 21430 21409 21415 21421
21431 21454 21436 21441 21446
21455 21477 21460 21465 21470
21478 21520 21488 21498 21508
21521 21546 21527 21533 21539
21547 21576 21554 21561 21568
21577 21599 21582 21587 21592
21600 21646 21611 21622 21633
21647 21666 21651 21655 21659
21667 21688 21672 21677 21682
21689 21711 21694 21699 21704
21712 21739 21718 21724 21730
21740 21760 21745 21750 21755
21761 21784 21766 21771 21776
21785 21810 21791 21797 21803
21811 21849 21820 21829 21838
21850 21876 21856 21862 21868
21877 21899 21882 21887 21892
21900 21956 21914 21928 21942
21957 22002 21968 21979 21990
22003 22044 22013 22023 22033
22045 22073 22052 22059 22066
22074 22101 22080 22086 22092
22102 22197 22125 22148 22171
22198 22235 22207 22216 22225
22236 22381 22272 22308 22344
22382 22449 22398 22414 22430
22450 22516 22466 22482 22498
22517 22545 22524 22531 22538
22546 22583 22555 22564 22573
22584 22680 22608 22632 22656
22681 22723 22691 22701 22711
22724 22771 22735 22746 22757
22772 22837 22788 22804 22820
22838 22861 22843 22848 22853
22862 22888 22868 22874 22880
22889 22906 22893 22897 22901
22907 23000 22930 22953 22976
23001 23020 23005 23009 23013
23021 23105 23042 23063 23084
23106 23156 23118 23130 23142
23157 23439 23227 23297 23367
23440 23497 23454 23468 23482
23498 23562 23514 23530 23546
23563 23613 23575 23587 23599
23614 24011 23713 23812 23911
24012 24104 24035 24058 24081
24105 24135 24112 24119 24126
24136 24373 24195 24254 24313
24374 24464 24396 24418 24440
24465 24767 24540 24615 24690
24768 24884 24797 24826 24855
24885 25139 24948 25011 25074
25140 25223 25160 25180 25200
25224 26023 25423 25622 25821
26024 26317 26097 26170 26243
26318 26386 26335 26352 26369
26387 26519 26420 26453 26486
26520 26576 26534 26548 26562
26577 26739 26617 26657 26697
26740 26816 26759 26778 26797
26817 26934 26846 26875 26904
26935 27090 26973 27011 27049
27091 27168 27110 27129 27148
27169 27213 27180 27191 27202
27214 27357 27249 27284 27319
27358 27503 27394 27430 27466
27504 27652 27541 27578 27615
27653 27781 27685 27717 27749
27782 27858 27801 27820 27839
27859 27876 27863 27867 27871
27877 27907 27884 27891 27898
27908 27971 27923 27938 27953
27972 28006 27980 27988 27996
28007 28312 28083 28159 28235
28313 28448 28346 28379 28412
28449 28661 28502 28555 28608
28662 28794 28695 28728 28761
28795 28869 28813 28831 28849
28870 28938 28887 28904 28921
28939 29011 28957 28975 28993
29012 29056 29023 29034 29045
29057 29087 29064 29071 29078
29088 29174 29109 29130 29151
29175 29204 29182 29189 29196
29205 29427 29260 29315 29370
29428 29690 29493 29558 29623
29691 29788 29715 29739 29763
29789 30049 29841 29893 30036
30050 30169 30079 30108 30137
30170 30496 30251 30332 30413
30497 30627 30529 30561 30593
30628 30685 30642 30656 30670
30686 30831 30722 30758 30794
30832 31091 30896 30960 31024
31092 31422 31174 31256 31338
31423 31470 31434 31445 31456
31471 31596 31502 31533 31564
31597 31746 31634 31671 31708
31747 32102 31835 31923 32011
32103 32294 32150 32197 32244
32295 32554 32359 32423 32487
32555 32623 32572 32589 32606
32624 32735 32651 32678 32705
32736 32885 32773 32810 32847
32886 33360 33004 33122 33240
33361 34648 33682 34003 34324
34649 35236 34795 34941 35087
35237 36292 35500 35763 36026
36293 36416 36323 36353 36383
36417 36509 36440 36463 36486
36510 36680 36552 36594 36636
36681 36750 36698 36715 36732
36751 37068 36830 36909 36988
37069 37170 37094 37119 37144
37171 37219 37183 37195 37207
37220 37336 37249 37278 37307
37337 37389 37350 37363 37376
37390 37426 37399 37408 37417
37427 37536 37454 37481 37508
37537 37602 37553 37569 37585
37603 37655 37616 37629 37642
37656 37735 37675 37694 37713
37736 38074 37820 37904 37988
38075 38182 38101 38127 38153
38183 38416 38241 38299 38357
38417 38529 38445 38473 38501
38530 38597 38546 38562 38578
38598 38807 38650 38702 38754
38808 38874 38824 38840 38856
38875 38991 38904 38933 38962
38992 39034 39002 39012 39022
39035 39087 39048 39061 39074
39088 39215 39119 39150 39181
39216 39394 39260 39304 39348
39395 39514 39424 39453 39482
39515 39686 39557 39599 39641
39687 39898 39739 39791 39843
39899 40133 39957 40015 40073
40134 40204 40151 40168 40185
40205 40300 40228 40251 40274
40301 40466 40342 40383 40424
40467 40517 40479 40491 40503
40518 40592 40536 40554 40572
40593 40655 40608 40623 40638
40656 40702 40667 40678 40689
40703 40741 40712 40721 40730
40742 40827 40763 40784 40805
40828 40865 40837 40846 40855
40866 40931 40882 40898 40914
40932 41005 40950 40968 40986
41006 41116 41033 41060 41087
41117 41184 41133 41149 41165
41185 41300 41213 41241 41269
41301 41403 41326 41351 41376
41404 41449 41415 41426 41437
41450 41636 41496 41542 41588
41637 41691 41650 41663 41676
41692 41798 41718 41744 41770
41799 41853 41812 41825 41838
41854 41901 41865 41876 41887
41902 41960 41916 41930 41944
41961 42078 41990 42019 42048
42079 42227 42116 42153 42190
42228 42269 42238 42248 42258
42270 42348 42289 42308 42327
42349 42389 42359 42369 42379
42390 42441 42402 42414 42426
42442 42468 42448 42454 42460
42469 42643 42512 42555 42598
42644 42831 42690 42736 42782
42832 42959 42863 42894 42925
42960 43843 43180 43400 43620
43844 44650 44045 44246 44447
44651 44807 44690 44729 44768
44808 44856 44820 44832 44844
44857 44936 44876 44895 44914
44937 45010 44952 44967 45006
45011 45048 45020 45029 45038
45049 45098 45061 45073 45085
45099 45146 45110 45121 45132
45147 45181 45155 45163 45171
45182 45311 45214 45246 45278
45312 45361 45324 45336 45348
45362 45387 45368 45374 45380
45388 45434 45399 45410 45421
45435 45530 45458 45481 45504
45531 45625 45554 45577 45600
45626 45796 45668 45710 45752
45797 45863 45813 45829 45845
45864 45993 45896 45928 45960
45994 46129 46027 46060 46093
46130 46298 46172 46214 46256
46299 46795 46423 46547 46671
46796 46976 46841 46886 46931
46977 47083 47003 47029 47055
47084 47232 47121 47158 47195
47233 47263 47240 47247 47254
47264 47426 47304 47344 47384
47427 47495 47444 47461 47478
47496 47643 47532 47568 47604
47644 47760 47673 47702 47731
47761 47833 47779 47797 47815
47834 47870 47843 47852 47861
47871 48695 48077 48283 48489
48696 48867 48738 48780 48822
48868 48961 48891 48914 48937
48962 49529 49103 49244 49385
49530 49738 49582 49634 49686
49739 49888 49776 49813 49850
49889 49956 49905 49921 49937
49957 49995 49966 49975 49984
49996 50042 50007 50018 50029
50043 50100 50057 50071 50085
50101 50166 50117 50133 50149
50167 50225 50181 50195 50209
50226 50425 50275 50324 50373
50426 50470 50437 50448 50459
50471 50530 50485 50499 50513
50531 50606 50549 50567 50585
50607 50652 50618 50629 50640
50653 50717 50669 50685 50701
50718 50775 50732 50746 50760
50776 50927 50813 50850 50887
50928 51071 50963 50998 51033
51072 51138 51088 51104 51120
51139 51268 51171 51203 51235
51269 51332 51284 51299 51314
51333 51354 51338 51343 51348
51355 51438 51375 51395 51415
51439 51690 51501 51563 51625
51691 51784 51714 51737 51760
51785 52015 51842 51899 51956
52016 52294 52085 52154 52223
52295 52732 52404 52513 52622
52733 53116 52828 52923 53018
53117 53172 53130 53143 53156
53173 53254 53193 53213 53233
53255 53369 53283 53311 53339
53370 53487 53399 53428 53457
53488 53726 53547 53606 53665
53727 53870 53762 53797 53832
53871 54144 53939 54007 54075
54145 54239 54168 54191 54214
54240 54293 54253 54266 54279
54294 54369 54312 54330 54348
54370 54396 54376 54382 54388
54397 54496 54421 54445 54469
54497 54655 54536 54575 54614
54656 54682 54662 54668 54674
54683 54704 54688 54693 54698
54705 54913 54757 54809 54861
54914 55055 54949 54984 55019
55056 55173 55085 55114 55143
55174 55314 55209 55244 55279
55315 55677 55405 55495 55585
55678 55711 55686 55694 55702
55712 55742 55719 55726 55733
55743 55784 55753 55763 55773
55785 55867 55805 55825 55845
55868 55925 55882 55896 55910
55926 56019 55949 55972 55995
56020 56091 56037 56054 56071
56092 56177 56113 56134 56155
56178 56258 56198 56218 56238
56259 56336 56278 56297 56316
56337 56392 56350 56363 56376
56393 56434 56403 56413 56423
56435 56742 56511 56587 56663
56743 56785 56753 56763 56773
56786 56999 56839 56892 56945
57000 57109 57027 57054 57081
57110 57351 57170 57230 57290
57352 57429 57371 57390 57409
57430 57552 57460 57490 57520
57553 57771 57607 57661 57715
57772 57880 57799 57826 57853
57881 57939 57895 57909 57923
57940 58024 57961 57982 58003
58025 58084 58039 58053 58067
58085 58185 58110 58135 58160
58186 58782 58335 58484 58633
58783 59179 58882 58981 59080
59180 59409 59237 59294 59351
59410 59670 59475 59540 59605
59671 60042 59753 59835 60030
60043 60405 60133 60223 60313
60406 60498 60429 60452 60475
60499 60540 60509 60519 60529
60541 60955 60644 60747 60850
60956 61005 60968 60980 60992
61006 61408 61106 61206 61306
61409 61507 61433 61457 61481
61508 61937 61615 61722 61829
61938 61954 61942 61946 61950
61955 62263 62032 62109 62186
62264 62611 62350 62436 62522
62612 62728 62641 62670 62699
62729 62789 62744 62759 62774
62790 62852 62805 62820 62835
62853 62870 62857 62861 62865
62871 62896 62877 62883 62889
62897 62917 62902 62907 62912
62918 62958 62928 62938 62948
62959 62980 62964 62969 62974
62981 63001 62986 62991 62996
63002 63036 63010 63018 63026
63037 63075 63046 63055 63064
63076 63120 63087 63098 63109
63121 63174 63134 63147 63160
63175 63313 63209 63243 63277
63314 63361 63325 63336 63347
63362 63527 63403 63444 63485
63528 63587 63542 63556 63570
63588 63812 63644 63700 63756
63813 64113 63888 63963 64038
64114 64157 64124 64134 64144
64158 64202 64169 64180 64191
64203 64253 64215 64227 64239
64254 64433 64298 64342 64386
64434 64530 64458 64482 64506
64531 64584 64544 64557 64570
64585 64775 64632 64679 64726
64776 65029 64839 64902 64965
65030 65167 65064 65098 65132
65168 65323 65206 65244 65282
65324 65455 65356 65388 65420
65456 65585 65488 65520 65552
65586 65644 65600 65614 65628
65645 65733 65667 65689 65711
65734 65840 65760 65786 65812
65841 66030 65888 65935 65982
66031 66127 66055 66079 66103
66128 66305 66172 66216 66260
66306 66436 66338 66370 66402
66437 66542 66463 66489 66515
66543 66762 66597 66651 66705
66763 66801 66772 66781 66790
66802 66916 66830 66858 66886
66917 66949 66925 66933 66941
66950 67035 66971 66992 67013
67036 67080 67047 67058 67069
67081 67138 67095 67109 67123
67139 67199 67154 67169 67184
67200 67325 67231 67262 67293
67326 67634 67403 67480 67557
67635 67822 67681 67727 67773
67823 68034 67875 67927 67979
68035 68086 68047 68059 68071
68087 68161 68105 68123 68141
68162 68305 68197 68232 68267
68306 68441 68339 68372 68405
68442 68769 68523 68604 68685
68770 69178 68872 68974 69076
69179 69209 69186 69193 69200
69210 69278 69227 69244 69261
69279 69798 69408 69537 69666
69799 69946 69835 69871 69907
69947 70424 70066 70185 70304
70425 70534 70452 70479 70506
70535 70629 70558 70581 70604
70630 70843 70683 70736 70789
70844 70942 70868 70892 70916
70943 71020 70962 70981 71000
71021 71061 71031 71041 71051
71062 71204 71097 71132 71167
71205 71335 71237 71269 71301
71336 71390 71349 71362 71375
71391 71504 71419 71447 71475
71505 71578 71523 71541 71559
71579 71649 71596 71613 71630
71650 71693 71660 71670 71680
71694 71784 71716 71738 71760
71785 72094 71862 71939 72016
72095 72143 72107 72119 72131
72144 72225 72164 72184 72204
72226 72275 72238 72250 72262
72276 72415 72310 72344 72378
72416 72691 72484 72552 72620
72692 72773 72712 72732 72752
72774 72869 72797 72820 72843
72870 73267 72969 73068 73167
73268 73905 73427 73586 73745
73906 74046 73941 73976 74011
74047 74131 74068 74089 74110
74132 74210 74151 74170 74189
74211 74254 74221 74231 74241
74255 74443 74302 74349 74396
74444 74552 74471 74498 74525
74553 74590 74562 74571 74580
74591 74615 74597 74603 74609
74616 74658 74626 74636 74646
74659 74777 74688 74717 74746
74778 74849 74795 74812 74829
74850 74948 74874 74898 74922
74949 75090 74961 74973 75066
75091 75190 75115 75139 75163
75191 75281 75213 75235 75257
75282 75323 75292 75302 75312
75324 75369 75335 75346 75357
75370 75606 75429 75488 75547
75607 75838 75664 75721 75778
75839 76015 75883 75927 75971
76016 76152 76050 76084 76118
76153 76196 76163 76173 76183
76197 76330 76230 76263 76296
76331 76594 76396 76461 76526
76595 76742 76631 76667 76703
76743 76806 76758 76773 76788
76807 77879 77075 77343 77611
77880 77960 77900 77920 77940
77961 78190 78018 78075 78132
78191 78210 78195 78199 78203
78211 78227 78215 78219 78223
78228 78263 78236 78244 78252
78264 78327 78279 78294 78309
78328 78352 78334 78340 78346
78353 78375 78358 78363 78368
78376 78400 78382 78388 78394
78401 78428 78407 78413 78419
78429 78454 78435 78441 78447
78455 78634 78499 78543 78587
78635 78685 78647 78659 78671
78686 78781 78709 78732 78755
78782 78822 78792 78802 78812
78823 78873 78835 78847 78859
78874 78911 78883 78892 78901
78912 78946 78920 78928 78936
78947 78967 78952 78957 78962
78968 78992 78974 78980 78986
78993 79014 78998 79003 79008
79015 79063 79027 79039 79051
79064 79086 79069 79074 79079
79087 79107 79092 79097 79102
79108 79132 79114 79120 79126
79133 79169 79142 79151 79160
79170 79198 79177 79184 79191
79199 79251 79212 79225 79238
79252 79268 79256 79260 79264
79269 79299 79276 79283 79290
79300 79330 79307 79314 79321
79331 79357 79337 79343 79349
79358 79401 79368 79378 79388
79402 79419 79406 79410 79414
79420 79450 79427 79434 79441
79451 79470 79455 79459 79463
79471 79671 79521 79571 79621
79672 79719 79683 79694 79705
79720 79762 79730 79740 79750
79763 79798 79771 79779 79787
79799 79838 79808 79817 79826
79839 79874 79847 79855 79863
79875 79897 79880 79885 79890
79898 79919 79903 79908 79913
79920 79967 79931 79942 79953
79968 79994 79974 79980 79986
79995 80022 80001 80007 80013
80023 80040 80027 80031 80035
80041 80102 80056 80071 80086
80103 80122 80107 80111 80115
80123 80169 80134 80145 80156
80170 80195 80176 80182 80188
80196 80268 80214 80232 80250
80269 80493 80325 80381 80437
80494 80639 80530 80566 80602
80640 80778 80674 80708 80742
80779 80800 80784 80789 80794
80801 80833 80809 80817 80825
80834 80986 80872 80910 80948
80987 81199 81040 81093 81146
81200 81302 81225 81250 81275
81303 81330 81309 81315 81321
81331 81394 81346 81361 81376
81395 81527 81428 81461 81494
81528 81545 81532 81536 81540
81546 81798 81609 81672 81735
81799 81875 81818 81837 81856
81876 82020 81912 81948 81984
82021 82048 82027 82033 82039
82049 82065 82053 82057 82061
82066 82130 82082 82098 82114
82131 82179 82143 82155 82167
82180 82323 82215 82250 82285
82324 82573 82386 82448 82510
82574 82620 82585 82596 82607
82621 82724 82646 82671 82696
82725 82761 82734 82743 82752
82762 82844 82782 82802 82822
82845 82874 82852 82859 82866
82875 82901 82881 82887 82893
82902 82935 82910 82918 82926
82936 82987 82948 82960 82972
82988 83175 83034 83080 83126
83176 83250 83194 83212 83230
83251 83346 83274 83297 83320
83347 83370 83352 83357 83362
83371 83430 83385 83399 83413
83431 83509 83450 83469 83488
83510 83581 83527 83544 83561
83582 83623 83592 83602 83612
83624 83931 83700 83776 83852
83932 84059 83963 83994 84025
84060 84169 84087 84114 84141
84170 84225 84183 84196 84209
84226 84368 84261 84296 84331
84369 84457 84391 84413 84435
84458 84553 84481 84504 84527
84554 84674 84584 84614 84644
84675 84693 84679 84683 84687
84694 84756 84709 84724 84739
84757 84837 84777 84797 84817
84838 84892 84851 84864 84877
84893 84930 84902 84911 84920
84931 84990 84945 84959 84973
84991 85007 84995 84999 85003
85008 85032 85014 85020 85026
85033 85064 85040 85047 85054
85065 85083 85069 85073 85077
85084 85107 85089 85094 85099
85108 85147 85117 85126 85135
85148 85172 85154 85160 85166
85173 85206 85181 85189 85197
85207 85238 85214 85221 85228
85239 85320 85259 85279 85299
85321 85353 85329 85337 85345
85354 85384 85361 85368 85375
85385 85402 85389 85393 85397
85403 85433 85410 85417 85424
85434 85470 85443 85452 85461
85471 85521 85483 85495 85507
85522 85581 85536 85550 85564
85582 85606 85588 85594 85600
85607 85933 85688 85769 85850
85934 85985 85946 85958 85970
85986 86011 85992 85998 86004
86012 86044 86020 86028 86036
86045 86079 86053 86061 86069
86080 86103 86085 86090 86095
86104 86134 86111 86118 86125
86135 86152 86139 86143 86147
86153 86185 86161 86169 86177
86186 86202 86190 86194 86198
86203 86233 86210 86217 86224
86234 86250 86238 86242 86246
86251 86275 86257 86263 86269
86276 86310 86284 86292 86300
86311 86341 86318 86325 86332
86342 86366 86348 86354 86360
86367 86394 86373 86379 86385
86395 86417 86400 86405 86410
86418 86485 86434 86450 86466
86486 86566 86506 86526 86546
86567 86605 86576 86585 86594
86606 86624 86610 86614 86618
86625 86670 86636 86647 86658
86671 86699 86678 86685 86692
86700 86756 86714 86728 86742
86757 86795 86766 86775 86784
86796 86823 86802 86808 86814
86824 86859 86832 86840 86848
86860 86885 86866 86872 86878
86886 86958 86904 86922 86940
86959 87053 86982 87005 87028
87054 87093 87063 87072 87081
87094 87110 87098 87102 87106
87111 87136 87117 87123 87129
87137 87160 87142 87147 87152
87161 87190 87168 87175 87182
87191 87229 87200 87209 87218
87230 87248 87234 87238 87242
87249 87279 87256 87263 87270
87280 87306 87286 87292 87298
87307 87364 87321 87335 87349
87365 87454 87387 87409 87431
87455 87495 87465 87475 87485
87496 87534 87505 87514 87523
87535 87620 87556 87577 87598
87621 87726 87647 87673 87699
87727 87826 87751 87775 87799
87827 87949 87857 87887 87917
87950 88086 87984 88018 88052
88087 88141 88100 88113 88126
88142 88165 88147 88152 88157
88166 88186 88171 88176 88181
88187 88216 88194 88201 88208
88217 88252 88225 88233 88241
88253 88279 88259 88265 88271
88280 88400 88310 88340 88370
88401 88620 88455 88509 88563
88621 88879 88685 88749 88813
88880 89564 89051 89222 89393
89565 89634 89582 89599 89616
89635 89782 89671 89707 89743
89783 90383 89837 89891 90285
90384 90584 90434 90484 90534
90585 90697 90613 90641 90669
90698 90761 90713 90728 90743
90762 91041 90831 90900 90969
91042 91117 91060 91078 91096
91118 91161 91128 91138 91148
91162 91205 91172 91182 91192
91206 91305 91230 91254 91278
91306 91381 91324 91342 91360
91382 91816 91490 91598 91706
91817 91989 91860 91903 91946
91990 92155 92031 92072 92113
92156 92205 92168 92180 92192
92206 92303 92230 92254 92278
92304 92343 92313 92322 92331
92344 93117 92537 92730 92923
93118 93191 93136 93154 93172
93192 93450 93256 93320 93384
93451 93519 93468 93485 93502
93520 93571 93532 93544 93556
93572 93633 93587 93602 93617
93634 93948 93712 93790 93868
93949 94029 93969 93989 94009
94030 94054 94036 94042 94048
94055 94259 94106 94157 94208
94260 94376 94289 94318 94347
94377 94456 94396 94415 94434
94457 94536 94476 94495 94514
94537 94591 94550 94563 94576
94592 94806 94645 94698 94751
94807 94876 94824 94841 94858
94877 94938 94892 94907 94922
94939 95002 94954 94969 94984
95003 95052 95015 95027 95039
95053 95107 95066 95079 95092
95108 95318 95160 95212 95264
95319 95378 95333 95347 95361
95379 95413 95387 95395 95403
95414 95444 95421 95428 95435
95445 95465 95450 95455 95460
95466 95813 95552 95638 95724
95814 96009 95862 95910 95958
96010 96058 96022 96034 96046
96059 96095 96068 96077 96086
96096 96343 96157 96218 96279
96344 96400 96358 96372 96386
96401 96514 96429 96457 96485
96515 96655 96550 96585 96620
96656 96757 96681 96706 96731
96758 96916 96797 96836 96875
96917 97182 96983 97049 97115
97183 97391 97235 97287 97339
97392 97524 97425 97458 97491
97525 97588 97540 97555 97570
97589 97688 97613 97637 97661
97689 97848 97728 97767 97806
97849 97992 97884 97919 97954
97993 98081 98015 98037 98059
98082 98184 98107 98132 98157
98185 98361 98229 98273 98317
98362 98383 98367 98372 98377
98384 98429 98395 98406 98417
98430 98455 98436 98442 98448
98456 98537 98476 98496 98516
98538 98622 98559 98580 98601
98623 98694 98640 98657 98674
98695 98849 98733 98771 98809
98850 98918 98867 98884 98901
98919 99036 98948 98977 99006
99037 99053 99041 99045 99049
99054 99097 99064 99074 99084
99098 99142 99109 99120 99131
99143 99262 99172 99201 99230
99263 99312 99275 99287 99299
99313 99553 99373 99433 99493
99554 99643 99576 99598 99620
99644 99705 99659 99674 99689
99706 99786 99726 99746 99766
99787 99846 99801 99815 99829
99847 99912 99863 99879 99895
99913 99995 99933 99953 99973
99996 100157 100036 100076 100116
100158 100232 100176 100194 100212
100233 100470 100292 100351 100410
100471 100645 100514 100557 100600
100646 100709 100661 100676 100691
100710 100745 100718 100726 100734
100746 100822 100765 100784 100803
100823 101030 100874 100925 100976
101031 101215 101077 101123 101169
101216 101328 101244 101272 101300
101329 101387 101343 101357 101371
101388 101457 101405 101422 101439
101458 101571 101486 101514 101542
101572 101673 101597 101622 101647
101674 101925 101736 101798 101860
101926 102068 101961 101996 102031
102069 102107 102078 102087 102096
102108 102175 102124 102140 102156
102176 102530 102264 102352 102440
102531 102594 102546 102561 102576
102595 102693 102619 102643 102667
102694 102814 102724 102754 102784
102815 103362 102951 103087 103223
103363 103540 103407 103451 103495
103541 103778 103600 103659 103718
103779 103926 103815 103851 103887
103927 103999 103945 103963 103981
104000 104193 104048 104096 104144
104194 104348 104232 104270 104308
104349 104493 104385 104421 104457
104494 104759 104560 104626 104692
104760 104787 104766 104772 104778
104788 104904 104817 104846 104875
104905 105228 104928 104951 105171
105229 105463 105287 105345 105403
105464 105804 105549 105634 105719
105805 105881 105824 105843 105862
105882 105939 105896 105910 105924
105940 106008 105957 105974 105991
106009 106207 106058 106107 106156
106208 106267 106222 106236 106250
106268 106351 106288 106308 106328
106352 106419 106368 106384 106400
106420 106499 106439 106458 106477
106500 106538 106509 106518 106527
106539 106783 106600 106661 106722
106784 106873 106806 106828 106850
106874 107185 106951 107028 107105
107186 107271 107207 107228 107249
107272 107399 107303 107334 107365
107400 107618 107454 107508 107562
107619 107698 107638 107657 107676
107699 107793 107722 107745 107768
107794 107915 107824 107854 107884
107916 107976 107931 107946 107961
107977 108182 108028 108079 108130
108183 108305 108213 108243 108273
108306 108600 108379 108452 108525
108601 108637 108610 108619 108628
108638 108686 108650 108662 108674
108687 108739 108700 108713 108726
108740 108886 108776 108812 108848
108887 109277 108984 109081 109178
109278 109472 109326 109374 109422
109473 109529 109487 109501 109515
109530 109570 109540 109550 109560
109571 109611 109581 109591 109601
109612 109650 109621 109630 109639
109651 109703 109664 109677 109690
109704 109753 109716 109728 109740
109754 109827 109772 109790 109808
109828 109907 109847 109866 109885
109908 109991 109928 109948 109968
109992 110035 110002 110012 110022
110036 110078 110046 110056 110066
110079 110106 110085 110091 110097
110107 110132 110113 110119 110125
110133 110248 110161 110189 110217
110249 110401 110287 110325 110363
110402 110474 110420 110438 110456
110475 110569 110498 110521 110544
110570 110624 110583 110596 110609
110625 110692 110641 110657 110673
110693 110737 110704 110715 110726
110738 110768 110745 110752 110759
110769 110808 110778 110787 110796
110809 110897 110831 110853 110875
110898 110941 110908 110918 110928
110942 111008 110958 110974 110990
111009 111037 111016 111023 111030
111038 111077 111047 111056 111065
111078 111111 111086 111094 111102
111112 111177 111128 111144 111160
111178 111206 111185 111192 111199
111207 111268 111222 111237 111252
111269 111332 111284 111299 111314
111333 111376 111343 111353 111363
111377 111412 111385 111393 111401
111413 111468 111426 111439 111452
111469 111500 111476 111483 111490
111501 111517 111505 111509 111513
111518 111545 111524 111530 111536
111546 111563 111550 111554 111558
111564 111586 111569 111574 111579
111587 111726 111621 111655 111689
111727 111749 111732 111737 111742
111750 111837 111771 111792 111813
111838 111887 111850 111862 111874
111888 111922 111896 111904 111912
111923 111964 111933 111943 111953
111965 112042 111984 112003 112022
112043 112188 112079 112115 112151
112189 112312 112219 112249 112279
112313 112386 112331 112349 112367
112387 112465 112406 112425 112444
112466 112552 112487 112508 112529
112553 112588 112561 112569 112577
112589 112641 112602 112615 112628
112642 112668 112648 112654 112660
112669 112735 112685 112701 112717
112736 112789 112749 112762 112775
112790 112828 112799 112808 112817
112829 112884 112842 112855 112868
112885 112923 112894 112903 112912
112924 112943 112928 112932 112936
112944 112985 112954 112964 112974
112986 113010 112992 112998 113004
113011 113034 113016 113021 113026
113035 113072 113044 113053 113062
113073 113132 113087 113101 113115
113133 113205 113151 113169 113187
113206 113259 113219 113232 113245
113260 113279 113264 113268 113272
113280 113322 113290 113300 113310
113323 113385 113338 113353 113368
113386 113402 113390 113394 113398
113403 113423 113408 113413 113418
113424 113443 113428 113432 113436
113444 113475 113451 113458 113465
113476 113815 113560 113644 113728
113816 113968 113854 113892 113930
113969 114050 113989 114009 114029
114051 114093 114061 114071 114081
114094 114132 114103 114112 114121
114133 114218 114154 114175 114196
114219 114335 114248 114277 114306
114336 114388 114349 114362 114375
114389 114548 114428 114467 114506
114549 114634 114570 114591 114612
114635 114683 114647 114659 114671
114684 114730 114695 114706 114717
114731 114816 114752 114773 114794
114817 114871 114830 114843 114856
114872 115025 114910 114948 114986
115026 115047 115031 115036 115041
115048 115076 115055 115062 115069
115077 115182 115103 115129 115155
115183 115203 115188 115193 115198
115204 115234 115211 115218 115225
115235 115323 115257 115279 115301
115324 115363 115333 115342 115351
115364 115398 115372 115380 115388
115399 115439 115409 115419 115429
115440 115512 115458 115476 115494
115513 115530 115517 115521 115525
115531 115551 115536 115541 115546
115552 115586 115560 115568 115576
115587 115685 115611 115635 115659
115686 115740 115699 115712 115725
115741 115806 115757 115773 115789
115807 115861 115820 115833 115846
115862 115940 115881 115900 115919
115941 115989 115953 115965 115977
115990 116031 116000 116010 116020
116032 116101 116049 116066 116083
116102 116211 116129 116156 116183
116212 116273 116227 116242 116257
116274 116558 116345 116416 116487
116559 116616 116573 116587 116601
116617 116798 116662 116707 116752
116799 116857 116813 116827 116841
116858 117003 116894 116930 116966
117004 117131 117035 117066 117097
117132 117469 117216 117300 117384
117470 117533 117485 117500 117515
117534 117648 117562 117590 117618
117649 117681 117657 117665 117673
117682 117724 117692 117702 117712
117725 117765 117735 117745 117755
117766 117790 117772 117778 117784
117791 117817 117797 117803 117809
117818 117903 117839 117860 117881
117904 117997 117927 117950 117973
117998 118062 118014 118030 118046
118063 118310 118124 118185 118246
118311 118333 118316 118321 118326
118334 118363 118341 118348 118355
118364 118460 118388 118412 118436
118461 118598 118495 118529 118563
118599 118669 118616 118633 118650
118670 118755 118691 118712 118733
118756 118777 118761 118766 118771
118778 118832 118791 118804 118817
118833 119068 118891 118949 119007
119069 119235 119110 119151 119192
119236 119333 119260 119284 119308
119334 119388 119347 119360 119373
119389 119454 119405 119421 119437
119455 119516 119470 119485 119500
119517 119563 119528 119539 119550
119564 119599 119572 119580 119588
119600 119790 119647 119694 119741
119791 119820 119798 119805 119812
119821 119863 119831 119841 119851
119864 119911 119875 119886 119897
119912 119970 119926 119940 119954
119971 120001 119978 119985 120000
120002 120043 120012 120022 120032
120044 120087 120054 120064 120074
120088 120125 120097 120106 120115
120126 120160 120134 120142 120150
120161 120187 120167 120173 120179
120188 120215 120194 120200 120206
120216 120253 120225 120234 120243
120254 120311 120268 120282 120296
120312 120375 120327 120342 120357
120376 120439 120391 120406 120421
120440 120481 120450 120460 120470
120482 120514 120490 120498 120506
120515 120552 120524 120533 120542
120553 120585 120561 120569 120577
120586 120634 120598 120610 120622
120635 120699 120651 120667 120683
120700 120725 120706 120712 120718
120726 120754 120733 120740 120747
120755 120778 120760 120765 120770
120779 120802 120784 120789 120794
120803 120845 120813 120823 120833
120846 120888 120856 120866 120876
120889 120917 120896 120903 120910
120918 120963 120929 120940 120951
120964 121013 120976 120988 121000
121014 121098 121035 121056 121077
121099 121245 121135 121171 121207
121246 121265 121250 121254 121258
121266 121309 121276 121286 121296
121310 121328 121314 121318 121322
121329 121355 121335 121341 121347
121356 121398 121366 121376 121386
121399 121433 121407 121415 121423
121434 121465 121441 121448 121455
121466 121490 121472 121478 121484
121491 121515 121497 121503 121509
121516 121551 121524 121532 121540
121552 121569 121556 121560 121564
121570 121593 121575 121580 121585
121594 121624 121601 121608 121615
121625 121664 121634 121643 121652
121665 121688 121670 121675 121680
121689 121709 121694 121699 121704
121710 121751 121720 121730 121740
121752 121780 121759 121766 121773
121781 121797 121785 121789 121793
121798 121832 121806 121814 121822
121833 121864 121840 121847 121854
121865 121885 121870 121875 121880
121886 121905 121890 121894 121898
121906 121931 121912 121918 121924
121932 121954 121937 121942 121947
121955 122010 121968 121981 121994
122011 122044 122019 122027 122035
122045 122089 122056 122067 122078
122090 122123 122098 122106 122114
122124 122185 122139 122154 122169
122186 122248 122201 122216 122231
122249 122287 122258 122267 122276
122288 122362 122306 122324 122342
122363 122392 122370 122377 122384
122393 122502 122420 122447 122474
122503 122546 122513 122523 122533
122547 122622 122565 122583 122601
122623 122690 122639 122655 122671
122691 122741 122703 122715 122727
122742 122778 122751 122760 122769
122779 122826 122790 122801 122812
122827 122873 122838 122849 122860
122874 122910 122883 122892 122901
122911 122948 122920 122929 122938
122949 123006 122963 122977 122991
123007 123037 123014 123021 123028
123038 123086 123050 123062 123074
123087 123112 123093 123099 123105
123113 123134 123118 123123 123128
123135 123163 123142 123149 123156
123164 123184 123169 123174 123179
123185 123205 123190 123195 123200
123206 123231 123212 123218 123224
123232 123293 123247 123262 123277
123294 123316 123299 123304 123309
123317 123352 123325 123333 123341
123353 123420 123369 123385 123401
123421 123476 123434 123447 123460
123477 123568 123499 123521 123543
123569 123597 123576 123583 123590
123598 123618 123603 123608 123613
123619 123665 123630 123641 123652
123666 123723 123680 123694 123708
123724 123783 123738 123752 123766
123784 123817 123792 123800 123808
123818 123834 123822 123826 123830
123835 123852 123839 123843 123847
123853 123893 123863 123873 123883
123894 123933 123903 123912 123921
123934 123977 123944 123954 123964
123978 124002 123984 123990 123996
124003 124042 124012 124021 124030
124043 124083 124053 124063 124073
124084 124111 124090 124096 124102
124112 124138 124118 124124 124130
124139 124199 124154 124169 124184
124200 124245 124211 124222 124233
124246 124307 124261 124276 124291
124308 124338 124315 124322 124329
124339 124367 124346 124353 124360
124368 124385 124372 124376 124380
124386 124406 124391 124396 124401
124407 124433 124413 124419 124425
124434 124453 124438 124442 124446
124454 124476 124459 124464 124469
124477 124495 124481 124485 124489
124496 124546 124508 124520 124532
124547 124570 124552 124557 124562
124571 124591 124576 124581 124586
124592 124608 124596 124600 124604
124609 124635 124615 124621 124627
124636 124770 124669 124702 124735
124771 125073 124846 124921 124996
125074 125477 125174 125274 125374
125478 125576 125502 125526 125550
125577 125678 125602 125627 125652
125679 125769 125701 125723 125745
125770 125819 125782 125794 125806
125820 126006 125866 125912 125958
126007 126090 126027 126047 126067
126091 126175 126112 126133 126154
126176 126242 126192 126208 126224
126243 126301 126257 126271 126285
126302 126376 126320 126338 126356
126377 126577 126427 126477 126527
126578 126938 126668 126758 126848
126939 127078 126973 127007 127041
127079 127122 127089 127099 127109
127123 127254 127155 127187 127219
127255 127405 127292 127329 127366
127406 127448 127416 127426 127436
127449 127524 127467 127485 127503
127525 127741 127579 127633 127687
127742 127809 127758 127774 127790
127810 127914 127836 127862 127888
127915 127997 127935 127955 127975
127998 128065 128014 128030 128046
128066 128123 128080 128094 128108
128124 128189 128140 128156 128172
128190 128375 128236 128282 128328
128376 128418 128386 128396 128406
128419 128505 128440 128461 128482
128506 128566 128521 128536 128551
128567 128634 128583 128599 128615
128635 128676 128645 128655 128665
128677 128721 128688 128699 128710
128722 128775 128735 128748 128761
128776 128806 128783 128790 128797
128807 128841 128815 128823 128831
128842 128868 128848 128854 128860
128869 128921 128882 128895 128908
128922 128996 128940 128958 128976
128997 129019 129002 129007 129012
129020 129164 129056 129092 129128
129165 129241 129184 129203 129222
129242 129300 129256 129270 129284
129301 129401 129326 129351 129376
129402 129418 129406 129410 129414
129419 129449 129426 129433 129440
129450 129556 129476 129502 129528
129557 129645 129579 129601 129623
129646 129707 129661 129676 129691
129708 129760 129721 129734 129747
129761 129843 129781 129801 129821
129844 129925 129864 129884 129904
129926 129945 129930 129934 129938
129946 130000 129959 129972 129985
130001 130054 130014 130027 130040
130055 130106 130067 130079 130091
130107 130132 130113 130119 130125
130133 130168 130141 130149 130157
130169 130213 130180 130191 130202
130214 130293 130233 130252 130271
130294 130353 130308 130322 130336
130354 130395 130364 130374 130384
130396 130445 130408 130420 130432
130446 130499 130459 130472 130485
130500 130551 130512 130524 130536
130552 130609 130566 130580 130594
130610 130639 130617 130624 130631
130640 130734 130663 130686 130709
130735 130827 130758 130781 130804
130828 130896 130845 130862 130879
130897 130950 130910 130923 130936
130951 131006 130964 130977 130990
131007 131046 131016 131025 131034
131047 131145 131071 131095 131119
131146 131163 131150 131154 131158
131164 131180 131168 131172 131176
131181 131217 131190 131199 131208
131218 131258 131228 131238 131248
131259 131279 131264 131269 131274
131280 131307 131286 131292 131298
131308 131336 131315 131322 131329
131337 131428 131359 131381 131403
131429 131553 131460 131491 131522
131554 131715 131594 131634 131674
131716 131773 131730 131744 131758
131774 131849 131792 131810 131828
131850 131984 131883 131916 131949
131985 132477 132108 132231 132354
132478 132668 132525 132572 132619
132669 132907 132728 132787 132846
132908 133349 133018 133128 133238
133350 133640 133422 133494 133566
133641 134409 133833 134025 134217
134410 134452 134420 134430 134440
134453 134504 134465 134477 134489
134505 134539 134513 134521 134529
134540 134574 134548 134556 134564
134575 134598 134580 134585 134590
134599 134697 134623 134647 134671
134698 134788 134720 134742 134764
134789 134923 134822 134855 134888
134924 135110 134942 134960 135081
135111 135185 135129 135147 135165
135186 135226 135196 135206 135216
135227 135315 135249 135271 135293
135316 135431 135344 135372 135400
135432 135500 135449 135466 135483
135501 135596 135524 135547 135570
135597 136146 135734 135871 136008
136147 136363 136201 136255 136309
136364 136469 136390 136416 136442
136470 136510 136480 136490 136500
136511 136569 136525 136539 136553
136570 136635 136586 136602 136618
136636 136889 136699 136762 136825
136890 136940 136902 136914 136926
136941 137043 136966 136991 137016
137044 137096 137057 137070 137083
137097 137212 137125 137153 137181
137213 137257 137224 137235 137246
137258 137298 137268 137278 137288
137299 137462 137339 137379 137419
137463 137608 137499 137535 137571
137609 137681 137627 137645 137663
137682 137767 137703 137724 137745
137768 138251 137888 138008 138128
138252 138649 138351 138450 138549
138650 138988 138734 138818 138902
138989 139117 139021 139053 139085
139118 139251 139151 139184 139217
139252 139339 139273 139294 139315
139340 139459 139369 139398 139427
139460 139565 139486 139512 139538
139566 139596 139573 139580 139587
139597 139931 139680 139763 139846
139932 140397 140048 140164 140280
140398 140447 140410 140422 140434
140448 140512 140464 140480 140496
140513 140854 140598 140683 140768
140855 140970 140883 140911 140939
140971 141145 141014 141057 141100
141146 141308 141186 141226 141266
141309 141408 141333 141357 141381
141409 141429 141414 141419 141424
141430 141462 141438 141446 141454
141463 141480 141467 141471 141475
141481 141533 141494 141507 141520
141534 141579 141545 141556 141567
141580 141615 141588 141596 141604
141616 141680 141632 141648 141664
141681 141839 141720 141759 141798
141840 141899 141854 141868 141882
141900 142052 141938 141976 142014
142053 142161 142080 142107 142134
142162 142279 142191 142220 142249
142280 142373 142303 142326 142349
142374 142441 142390 142406 142422
142442 142473 142449 142456 142463
142474 142498 142480 142486 142492
142499 142835 142583 142667 142751
142836 142879 142846 142856 142866
142880 142990 142907 142934 142961
142991 143135 143027 143063 143099
143136 143242 143162 143188 143214
143243 143323 143263 143283 143303
143324 143397 143342 143360 143378
143398 143484 143419 143440 143461
143485 143525 143495 143505 143515
143526 143585 143540 143554 143568
143586 143685 143610 143634 143658
143686 143769 143706 143726 143746
143770 143817 143781 143792 143803
143818 143970 143856 143894 143932
143971 144042 143988 144005 144022
144043 144083 144053 144063 144073
144084 144147 144099 144114 144129
144148 144207 144162 144176 144190
144208 144234 144214 144220 144226
144235 144257 144240 144245 144250
144258 144279 144263 144268 144273
144280 144426 144316 144352 144388
144427 144781 144515 144603 144691
144782 144863 144802 144822 144842
144864 145124 144929 144994 145059
145125 145203 145144 145163 145182
145204 145311 145230 145256 145282
145312 145454 145347 145382 145417
145455 145584 145487 145519 145551
145585 145662 145604 145623 145642
145663 145792 145695 145727 145759
145793 146059 145859 145925 145991
146060 146308 146122 146184 146246
146309 146345 146318 146327 146336
146346 146425 146365 146384 146403
146426 146497 146443 146460 146477
146498 146550 146511 146524 146537
146551 146613 146566 146581 146596
146614 146676 146629 146644 146659
146677 146719 146687 146697 146707
146720 146774 146733 146746 146759
146775 146802 146781 146787 146793
146803 146819 146807 146811 146815
146820 146836 146824 146828 146832
146837 146948 146864 146891 146918
146949 146997 146961 146973 146985
146998 147089 147020 147042 147064
147090 147250 147130 147170 147210
147251 147402 147288 147325 147362
147403 147602 147452 147501 147550
147603 147726 147633 147663 147693
147727 147743 147731 147735 147739
147744 147761 147748 147752 147756
147762 147851 147784 147806 147828
147852 148024 147895 147938 147981
148025 148270 148086 148147 148208
148271 148489 148325 148379 148433
148490 148660 148532 148574 148616
148661 148833 148704 148747 148790
148834 148940 148860 148886 148912
148941 149046 148967 148993 149019
149047 149153 149073 149099 149125
149154 149246 149177 149200 149223
149247 149268 149252 149257 149262
149269 149296 149275 149281 149287
149297 149328 149304 149311 149318
149329 149412 149349 149369 149389
149413 149461 149425 149437 149449
149462 149488 149468 149474 149480
149489 149517 149496 149503 149510
149518 149537 149522 149526 149530
149538 149632 149561 149584 149607
149633 149813 149678 149723 149768
149814 149967 149852 149890 149928
149968 150051 149975 149982 150036
150052 150117 150068 150084 150100
150118 150158 150128 150138 150148
150159 150203 150170 150181 150192
150204 150257 150217 150230 150243
150258 150347 150280 150302 150324
150348 150432 150369 150390 150411
150433 150603 150475 150517 150559
150604 150661 150618 150632 150646
150662 150742 150682 150702 150722
150743 150793 150755 150767 150779
150794 150865 150811 150828 150845
150866 150941 150884 150902 150920
150942 151001 150956 150970 150984
151002 151220 151056 151110 151164
151221 151296 151239 151257 151275
151297 151358 151312 151327 151342
151359 151382 151364 151369 151374
151383 151400 151387 151391 151395
151401 151426 151407 151413 151419
151427 151465 151436 151445 151454
151466 151505 151475 151484 151493
151506 151537 151513 151520 151527
151538 151619 151558 151578 151598
151620 151670 151632 151644 151656
151671 151742 151688 151705 151722
151743 151849 151769 151795 151821
151850 151937 151871 151892 151913
151938 152104 151979 152020 152061
152105 152172 152121 152137 152153
152173 152245 152191 152209 152227
152246 152314 152263 152280 152297
152315 152377 152330 152345 152360
152378 152436 152392 152406 152420
152437 152508 152454 152471 152488
152509 152578 152526 152543 152560
152579 152693 152607 152635 152663
152694 152758 152710 152726 152742
152759 152803 152770 152781 152792
152804 152830 152810 152816 152822
152831 152871 152841 152851 152861
152872 152912 152882 152892 152902
152913 152935 152918 152923 152928
152936 152977 152946 152956 152966
152978 153063 152999 153020 153041
153064 153108 153075 153086 153097
153109 153142 153117 153125 153133
153143 153173 153150 153157 153164
153174 153288 153202 153230 153258
153289 153325 153298 153307 153316
153326 153388 153341 153356 153371
153389 153420 153396 153403 153410
153421 153465 153432 153443 153454
153466 153516 153478 153490 153502
153517 153554 153526 153535 153544
153555 153599 153566 153577 153588
153600 153672 153618 153636 153654
153673 153715 153683 153693 153703
153716 153761 153727 153738 153749
153762 153799 153771 153780 153789
153800 153832 153808 153816 153824
153833 153894 153848 153863 153878
153895 153957 153910 153925 153940
153958 153991 153966 153974 153982
153992 154065 154010 154028 154046
154066 154113 154077 154088 154099
154114 154189 154132 154150 154168
154190 154249 154204 154218 154232
154250 154303 154263 154276 154289
154304 154343 154313 154322 154331
154344 154385 154354 154364 154374
154386 154436 154398 154410 154422
154437 154472 154445 154453 154461
154473 154526 154486 154499 154512
154527 154554 154533 154539 154545
154555 154588 154563 154571 154579
154589 154655 154605 154621 154637
154656 154720 154672 154688 154704
154721 154769 154733 154745 154757
154770 154834 154786 154802 154818
154835 154867 154843 154851 154859
154868 154941 154886 154904 154922
154942 154994 154955 154968 154981
154995 155039 155006 155017 155028
155040 155083 155050 155060 155070
155084 155127 155094 155104 155114
155128 155172 155139 155150 155161
155173 155211 155182 155191 155200
155212 155251 155221 155230 155239
155252 155299 155263 155274 155285
155300 155350 155312 155324 155336
155351 155410 155365 155379 155393
155411 155459 155423 155435 155447
155460 155502 155470 155480 155490
155503 155548 155514 155525 155536
155549 155602 155562 155575 155588
155603 155637 155611 155619 155627
155638 155712 155656 155674 155692
155713 155864 155750 155787 155824
155865 155906 155875 155885 155895
155907 156000 155930 155953 155976
156001 156037 156010 156019 156028
156038 156072 156046 156054 156062
156073 156108 156081 156089 156097
156109 156172 156124 156139 156154
156173 156239 156189 156205 156221
156240 156279 156249 156258 156267
156280 156314 156288 156296 156304
156315 156341 156321 156327 156333
156342 156388 156353 156364 156375
156389 156445 156403 156417 156431
156446 156494 156458 156470 156482
156495 156540 156506 156517 156528
156541 156560 156545 156549 156553
156561 156580 156565 156569 156573
156581 156598 156585 156589 156593
156599 156628 156606 156613 156620
156629 156656 156635 156641 156647
156657 156765 156684 156711 156738
156766 156886 156796 156826 156856
156887 156994 156913 156939 156965
156995 157033 157004 157013 157022
157034 157053 157038 157042 157046
157054 157090 157063 157072 157081
157091 157123 157099 157107 157115
157124 157142 157128 157132 157136
157143 157188 157154 157165 157176
157189 157371 157234 157279 157324
157372 157388 157376 157380 157384
157389 157411 157394 157399 157404
157412 157485 157430 157448 157466
157486 157531 157497 157508 157519
157532 157571 157541 157550 157559
157572 157609 157581 157590 157599
157610 157642 157618 157626 157634
157643 157703 157658 157673 157688
157704 157746 157714 157724 157734
157747 157831 157768 157789 157810
157832 157909 157851 157870 157889
157910 157971 157925 157940 157955
157972 158032 157987 158002 158017
158033 158088 158046 158059 158072
158089 158160 158106 158123 158140
158161 158221 158176 158191 158206
158222 158247 158228 158234 158240
158248 158282 158256 158264 158272
158283 158310 158289 158295 158301
158311 158331 158316 158321 158326
158332 158355 158337 158342 158347
158356 158380 158362 158368 158374
158381 158400 158385 158389 158393
158401 158442 158411 158421 158431
158443 158480 158452 158461 158470
158481 158502 158486 158491 158496
158503 158540 158512 158521 158530
158541 158588 158552 158563 158574
158589 158659 158606 158623 158640
158660 158676 158664 158668 158672
158677 158706 158684 158691 158698
158707 158731 158713 158719 158725
158732 158838 158758 158784 158810
158839 158880 158849 158859 158869
158881 158925 158892 158903 158914
158926 158956 158933 158940 158947
158957 158974 158961 158965 158969
158975 159009 158983 158991 158999
159010 159026 159014 159018 159022
159027 159049 159032 159037 159042
159050 159070 159055 159060 159065
159071 159094 159076 159081 159086
159095 159113 159099 159103 159107
159114 159154 159124 159134 159144
159155 159208 159168 159181 159194
159209 159228 159213 159217 159221
159229 159258 159236 159243 159250
159259 159275 159263 159267 159271
159276 159319 159286 159296 159306
159320 159378 159334 159348 159362
159379 159441 159394 159409 159424
159442 159507 159458 159474 159490
159508 159556 159520 159532 159544
159557 159677 159587 159617 159647
159678 159794 159707 159736 159765
159795 159815 159800 159805 159810
159816 159848 159824 159832 159840
159849 159875 159855 159861 159867
159876 159901 159882 159888 159894
159902 159936 159910 159918 159926
159937 159954 159941 159945 159949
159955 159971 159959 159963 159967
159972 160019 159983 159994 160005
160020 160069 160032 160044 160056
160070 160091 160075 160080 160085
160092 160146 160105 160118 160131
160147 160190 160157 160167 160177
160191 160229 160200 160209 160218
160230 160275 160241 160252 160263
160276 160367 160298 160320 160342
160368 160414 160379 160390 160401
160415 160453 160424 160433 160442
160454 160479 160460 160466 160472
160480 160512 160488 160496 160504
160513 160622 160540 160567 160594
160623 160639 160627 160631 160635
160640 160731 160662 160684 160706
160732 160786 160745 160758 160771
160787 160803 160791 160795 160799
160804 160825 160809 160814 160819
160826 160855 160833 160840 160847
160856 160934 160875 160894 160913
160935 160970 160943 160951 160959
160971 161034 160986 161001 161016
161035 161058 161040 161045 161050
161059 161083 161065 161071 161077
161084 161113 161091 161098 161105
161114 161216 161139 161164 161189
161217 161246 161224 161231 161238
161247 161286 161256 161265 161274
161287 161306 161291 161295 161299
161307 161416 161334 161361 161388
161417 161442 161423 161429 161435
161443 161462 161447 161451 161455
161463 161541 161482 161501 161520
161542 161563 161547 161552 161557
161564 161606 161574 161584 161594
161607 161673 161623 161639 161655
161674 161698 161680 161686 161692
161699 161729 161706 161713 161720
161730 161756 161736 161742 161748
161757 161935 161801 161845 161889
161936 161973 161945 161954 161963
161974 162013 161983 161992 162001
162014 162047 162022 162030 162038
162048 162085 162057 162066 162075
162086 162119 162094 162102 162110
162120 162297 162164 162208 162252
162298 162401 162323 162348 162373
162402 162466 162418 162434 162450
162467 162523 162481 162495 162509
162524 162637 162552 162580 162608
162638 162735 162662 162686 162710
162736 162839 162761 162786 162811
162840 162979 162874 162908 162942
162980 163181 163030 163080 163130
163182 163229 163193 163204 163215
163230 163270 163240 163250 163260
163271 163355 163292 163313 163334
163356 163410 163369 163382 163395
163411 163680 163478 163545 163612
163681 163774 163704 163727 163750
163775 163797 163780 163785 163790
163798 163901 163823 163848 163873
163902 163933 163909 163916 163923
163934 163999 163950 163966 163982
164000 164027 164006 164012 164018
164028 164089 164043 164058 164073
164090 164125 164098 164106 164114
164126 164172 164137 164148 164159
164173 164240 164189 164205 164221
164241 164292 164253 164265 164277
164293 164316 164298 164303 164308
164317 164353 164326 164335 164344
164354 164552 164403 164452 164501
164553 164593 164563 164573 164583
164594 164612 164598 164602 164606
164613 164704 164635 164657 164679
164705 164747 164715 164725 164735
164748 164790 164758 164768 164778
164791 164819 164798 164805 164812
164820 164844 164826 164832 164838
164845 164867 164850 164855 164860
164868 164890 164873 164878 164883
164891 164974 164911 164931 164951
164975 165020 164981 164987 165015
165021 165110 165043 165065 165087
165111 165206 165134 165157 165180
165207 165229 165212 165217 165222
165230 165299 165247 165264 165281
165300 165347 165311 165322 165333
165348 165503 165386 165424 165462
165504 165554 165516 165528 165540
165555 165610 165568 165581 165594
165611 165650 165620 165629 165638
165651 165691 165661 165671 165681
165692 165710 165696 165700 165704
165711 165733 165716 165721 165726
165734 165755 165739 165744 165749
165756 165806 165768 165780 165792
165807 165834 165813 165819 165825
165835 165852 165839 165843 165847
165853 165902 165865 165877 165889
165903 165966 165918 165933 165948
165967 166001 165975 165983 165991
166002 166018 166006 166010 166014
166019 166036 166023 166027 166031
166037 166064 166043 166049 166055
166065 166150 166086 166107 166128
166151 166205 166164 166177 166190
166206 166229 166211 166216 166221
166230 166251 166235 166240 166245
166252 166303 166264 166276 166288
166304 166357 166317 166330 166343
166358 166408 166370 166382 166394
166409 166474 166425 166441 166457
166475 166497 166480 166485 166490
166498 166514 166502 166506 166510
166515 166546 166522 166529 166536
166547 166670 166577 166607 166637
166671 166729 166685 166699 166713
166730 166782 166743 166756 166769
166783 166932 166820 166857 166894
166933 167027 166956 166979 167002
167028 167141 167056 167084 167112
167142 167218 167161 167180 167199
167219 167288 167236 167253 167270
167289 167386 167313 167337 167361
167387 167442 167400 167413 167426
167443 167465 167448 167453 167458
167466 167486 167471 167476 167481
167487 167507 167492 167497 167502
167508 167575 167524 167540 167556
167576 167657 167596 167616 167636
167658 167751 167681 167704 167727
167752 167797 167763 167774 167785
167798 167821 167803 167808 167813
167822 168013 167869 167916 167963
168014 168541 168145 168276 168407
168542 168788 168603 168664 168725
168789 168908 168818 168847 168876
168909 169006 168933 168957 168981
169007 169072 169023 169039 169055
169073 169239 169114 169155 169196
169240 169430 169287 169334 169381
169431 169622 169478 169525 169572
169623 169760 169657 169691 169725
169761 169999 169820 169879 169938
170000 170273 170068 170136 170204
170274 170496 170329 170384 170439
170497 170686 170544 170591 170638
170687 170800 170715 170743 170771
170801 170836 170809 170817 170825
170837 170871 170845 170853 170861
170872 171303 170979 171086 171193
171304 171351 171315 171326 171337
171352 171425 171370 171388 171406
171426 171475 171438 171450 171462
171476 171548 171494 171512 171530
171549 171606 171563 171577 171591
171607 172263 171771 171935 172099
172264 172460 172313 172362 172411
172461 172648 172507 172553 172599
172649 172790 172684 172719 172754
172791 172912 172821 172851 172881
172913 173183 172980 173047 173114
173184 181941 174887 176590 181455
