0 68 17 34 51
69 1742 487 905 1323
1743 1785 1753 1763 1773
1786 1825 1795 1804 1813
1826 1860 1834 1842 1850
1861 2031 1903 1945 1987
2032 2150 2061 2090 2119
2151 2243 2174 2197 2220
2244 2358 2272 2300 2328
2359 2418 2373 2387 2401
2419 3027 2571 2723 2875
3028 3185 3067 3106 3145
3186 3301 3214 3242 3270
3302 3333 3309 3316 3323
3334 3419 3355 3376 3397
3420 3514 3443 3466 3489
3515 3600 3536 3557 3578
3601 3674 3619 3637 3655
3675 3709 3683 3691 3699
3710 3766 3724 3738 3752
3767 3825 3781 3795 3809
3826 3975 3863 3900 3937
3976 4086 4003 4030 4057
4087 4112 4093 4099 4105
4113 4214 4138 4163 4188
4215 4248 4223 4231 4239
4249 4285 4258 4267 4276
4286 4373 4307 4328 4349
4374 4403 4381 4388 4395
4404 4475 4421 4438 4455
4476 4546 4493 4510 4527
4547 4608 4562 4577 4592
4609 4642 4617 4625 4633
4643 4769 4674 4705 4736
4770 4858 4792 4814 4836
4859 5014 4897 4935 4973
5015 5050 5023 5031 5039
5051 5198 5087 5123 5159
5199 5248 5211 5223 5235
5249 5316 5265 5281 5297
5317 5398 5337 5357 5377
5399 5425 5405 5411 5417
5426 5470 5437 5448 5459
5471 5502 5478 5485 5492
5503 5541 5512 5521 5530
5542 5613 5559 5576 5593
5614 5858 5675 5736 5797
5859 5884 5865 5871 5877
5885 5910 5891 5897 5903
5911 5961 5923 5935 5947
5962 5996 5970 5978 5986
5997 6051 6010 6023 6036
6052 6110 6066 6080 6094
6111 6151 6121 6131 6141
6152 6332 6197 6242 6287
6333 6368 6341 6349 6357
6369 6426 6383 6397 6411
6427 6462 6435 6443 6451
6463 6543 6483 6503 6523
6544 6654 6571 6598 6625
6655 6696 6665 6675 6685
6697 6738 6707 6717 6727
6739 6942 6789 6839 6889
6943 6999 6957 6971 6985
7000 7019 7004 7008 7012
7020 7125 7046 7072 7098
7126 7156 7133 7140 7147
7157 7268 7184 7211 7238
7269 7309 7279 7289 7299
7310 7462 7348 7386 7424
7463 7533 7480 7497 7514
7534 7674 7569 7604 7639
7675 7882 7726 7777 7828
7883 7910 7889 7895 7901
7911 8210 7985 8059 8133
8211 8463 8274 8337 8400
8464 8634 8506 8548 8590
8635 8682 8646 8657 8668
8683 8823 8718 8753 8788
8824 9026 8874 8924 8974
9027 9160 9060 9093 9126
9161 9256 9184 9207 9230
9257 9325 9274 9291 9308
9326 9360 9334 9342 9350
9361 9384 9366 9371 9376
9385 9415 9392 9399 9406
9416 9457 9426 9436 9446
9458 9516 9472 9486 9500
9517 9561 9528 9539 9550
9562 9652 9584 9606 9628
9653 9736 9673 9693 9713
9737 9783 9748 9759 9770
9784 9804 9789 9794 9799
9805 9911 9831 9857 9883
9912 9955 9922 9932 9942
9956 10224 10023 10090 10157
10225 10251 10231 10237 10243
10252 10288 10261 10270 10279
10289 10326 10298 10307 10316
10327 10419 10350 10373 10396
10420 10461 10430 10440 10450
10462 10503 10472 10482 10492
10504 10565 10519 10534 10549
10566 10660 10589 10612 10635
10661 10689 10668 10675 10682
10690 10846 10729 10768 10807
10847 10928 10867 10887 10907
10929 11064 10962 10995 11028
11065 11274 11117 11169 11221
11275 11369 11298 11321 11344
11370 11417 11381 11392 11403
11418 11484 11434 11450 11466
11485 11512 11491 11497 11503
11513 11582 11530 11547 11564
11583 11992 11685 11787 11889
11993 12117 12024 12055 12086
12118 12343 12174 12230 12286
12344 12384 12354 12364 12374
12385 12484 12409 12433 12457
12485 12564 12504 12523 12542
12565 12612 12576 12587 12598
12613 12672 12627 12641 12655
12673 12697 12679 12685 12691
12698 12719 12703 12708 12713
12720 12829 12747 12774 12801
12830 12868 12839 12848 12857
12869 12916 12880 12891 12902
12917 13084 12958 12999 13040
13085 13131 13096 13107 13118
13132 13262 13164 13196 13228
13263 13430 13304 13345 13386
13431 13599 13473 13515 13557
13600 13653 13613 13626 13639
13654 13697 13664 13674 13684
13698 14013 13776 13854 13932
14014 14081 14030 14046 14062
14082 14240 14121 14160 14199
14241 14289 14253 14265 14277
14290 14366 14309 14328 14347
14367 14446 14386 14405 14424
14447 14587 14482 14517 14552
14588 14788 14638 14688 14738
14789 14895 14815 14841 14867
14896 14937 14906 14916 14926
14938 14965 14944 14950 14956
14966 15023 14974 14982 15015
15024 15049 15030 15036 15042
15050 15086 15059 15068 15077
15087 15201 15115 15143 15171
15202 15290 15224 15246 15268
15291 15425 15324 15357 15390
15426 15481 15439 15452 15465
15482 15656 15525 15568 15611
15657 15698 15667 15677 15687
15699 15882 15744 15789 15834
15883 15905 15888 15893 15898
15906 16047 15941 15976 16011
16048 16088 16058 16068 16078
16089 16168 16108 16127 16146
16169 16197 16176 16183 16190
16198 16235 16207 16216 16225
16236 16307 16253 16270 16287
16308 16393 16329 16350 16371
16394 16435 16404 16414 16424
16436 16573 16470 16504 16538
16574 16606 16582 16590 16598
16607 16688 16627 16647 16667
16689 16747 16703 16717 16731
16748 16807 16762 16776 16790
16808 16829 16813 16818 16823
16830 16963 16863 16896 16929
16964 17002 16973 16982 16991
17003 17024 17008 17013 17018
17025 17265 17085 17145 17205
17266 17439 17309 17352 17395
17440 17486 17451 17462 17473
17487 17774 17558 17629 17700
17775 17814 17784 17793 17802
17815 17876 17830 17845 17860
17877 17906 17884 17891 17898
17907 18082 17950 17993 18036
18083 18159 18102 18121 18140
18160 18209 18172 18184 18196
18210 18246 18219 18228 18237
18247 18296 18259 18271 18283
18297 18332 18305 18313 18321
18333 18369 18342 18351 18360
18370 18488 18399 18428 18457
18489 18606 18518 18547 18576
18607 18645 18616 18625 18634
18646 18710 18662 18678 18694
18711 18784 18729 18747 18765
18785 18903 18814 18843 18872
18904 18924 18909 18914 18919
18925 19001 18944 18963 18982
19002 19053 19014 19026 19038
19054 19097 19064 19074 19084
19098 19189 19120 19142 19164
19190 19276 19211 19232 19253
19277 19319 19287 19297 19307
19320 19378 19334 19348 19362
19379 19397 19383 19387 19391
19398 19512 19426 19454 19482
19513 19821 19590 19667 19744
19822 19927 19848 19874 19900
19928 20038 19955 19982 20009
20039 20270 20096 20153 20210
20271 20373 20296 20321 20346
20374 20559 20420 20466 20512
20560 20592 20568 20576 20584
20593 20675 20613 20633 20653
20676 20894 20730 20784 20838
20895 20919 20901 20907 20913
20920 21068 20957 20994 21031
21069 21133 21085 21101 21117
21134 21156 21139 21144 21149
21157 21236 21176 21195 21214
21237 21321 21258 21279 21300
21322 21456 21355 21388 21421
21457 21575 21486 21515 21544
21576 21598 21581 21586 21591
21599 21619 21604 21609 21614
21620 21652 21628 21636 21644
21653 21687 21661 21669 21677
21688 21704 21692 21696 21700
21705 21730 21711 21717 21723
21731 21758 21737 21743 21749
21759 21788 21766 21773 21780
21789 21876 21810 21831 21852
21877 21919 21887 21897 21907
21920 22205 21991 22062 22133
22206 22233 22212 22218 22224
22234 22275 22244 22254 22264
22276 22332 22290 22304 22318
22333 22428 22356 22379 22402
22429 22451 22434 22439 22444
22452 22540 22474 22496 22518
22541 22571 22548 22555 22562
22572 22626 22585 22598 22611
22627 22740 22655 22683 22711
22741 22830 22763 22785 22807
22831 22905 22849 22867 22885
22906 22948 22916 22926 22936
22949 22977 22956 22963 22970
22978 23043 22994 23010 23026
23044 23098 23057 23070 23083
23099 23237 23133 23167 23201
23238 23301 23253 23268 23283
23302 23478 23346 23390 23434
23479 23544 23495 23511 23527
23545 23705 23585 23625 23665
23706 23791 23727 23748 23769
23792 23821 23799 23806 23813
23822 23860 23831 23840 23849
23861 23909 23873 23885 23897
23910 23947 23919 23928 23937
23948 23982 23956 23964 23972
23983 24036 23996 24009 24022
24037 24082 24048 24059 24070
24083 24125 24093 24103 24113
24126 24482 24215 24304 24393
24483 24618 24516 24549 24582
24619 24712 24642 24665 24688
24713 25027 24791 24869 24947
25028 25193 25069 25110 25151
25194 25221 25200 25206 25212
25222 25468 25283 25344 25405
25469 25590 25499 25529 25559
25591 25684 25614 25637 25660
25685 25849 25726 25767 25808
25850 26068 25904 25958 26012
26069 26256 26115 26161 26207
26257 26281 26263 26269 26275
26282 26536 26345 26408 26471
26537 26601 26553 26569 26585
26602 26737 26635 26668 26701
26738 26763 26744 26750 26756
26764 26790 26770 26776 26782
26791 26861 26808 26825 26842
26862 26920 26876 26890 26904
26921 26992 26938 26955 26972
26993 27103 27020 27047 27074
27104 27357 27167 27230 27293
27358 27430 27376 27394 27412
27431 27471 27441 27451 27461
27472 27573 27497 27522 27547
27574 27666 27597 27620 27643
27667 27789 27697 27727 27757
27790 27848 27804 27818 27832
27849 27900 27861 27873 27885
27901 27972 27918 27935 27952
27973 28162 28020 28067 28114
28163 28256 28186 28209 28232
28257 28355 28281 28305 28329
28356 28469 28384 28412 28440
28470 28614 28506 28542 28578
28615 28712 28639 28663 28687
28713 29011 28787 28861 28935
29012 29033 29017 29022 29027
29034 29357 29114 29194 29274
29358 29562 29409 29460 29511
29563 29895 29646 29729 29812
29896 29944 29908 29920 29932
29945 29975 29952 29959 29966
29976 30015 29981 29986 30009
30016 30120 30042 30068 30094
30121 30144 30126 30131 30136
30145 30291 30181 30217 30253
30292 30520 30349 30406 30463
30521 30608 30542 30563 30584
30609 30738 30641 30673 30705
30739 30920 30784 30829 30874
30921 30981 30936 30951 30966
30982 31080 31006 31030 31054
31081 31120 31090 31099 31108
31121 31193 31139 31157 31175
31194 31224 31201 31208 31215
31225 31288 31240 31255 31270
31289 31316 31295 31301 31307
31317 31352 31325 31333 31341
31353 31406 31366 31379 31392
31407 31441 31415 31423 31431
31442 31677 31500 31558 31616
31678 32000 31758 31838 31918
32001 32027 32007 32013 32019
32028 32112 32049 32070 32091
32113 32170 32127 32141 32155
32171 32227 32185 32199 32213
32228 32275 32239 32250 32261
32276 32304 32283 32290 32297
32305 32372 32321 32337 32353
32373 32747 32466 32559 32652
32748 32859 32775 32802 32829
32860 33065 32911 32962 33013
33066 33189 33096 33126 33156
33190 33248 33204 33218 33232
33249 33329 33269 33289 33309
33330 33361 33337 33344 33351
33362 33512 33399 33436 33473
33513 33713 33563 33613 33663
33714 33756 33724 33734 33744
33757 33847 33779 33801 33823
33848 33905 33862 33876 33890
33906 33945 33915 33924 33933
33946 33973 33952 33958 33964
33974 34071 33998 34022 34046
34072 34125 34085 34098 34111
34126 34174 34138 34150 34162
34175 34235 34190 34205 34220
34236 34347 34263 34290 34317
34348 34417 34365 34382 34399
34418 34576 34457 34496 34535
34577 34698 34607 34637 34667
34699 34883 34745 34791 34837
34884 34961 34903 34922 34941
34962 34997 34970 34978 34986
34998 35069 35015 35032 35049
35070 35110 35080 35090 35100
35111 35206 35134 35157 35180
35207 35280 35225 35243 35261
35281 35313 35289 35297 35305
35314 35340 35320 35326 35332
35341 35440 35365 35389 35413
35441 35466 35447 35453 35459
35467 35574 35493 35519 35545
35575 35684 35602 35629 35656
35685 35721 35694 35703 35712
35722 35768 35733 35744 35755
35769 35835 35785 35801 35817
35836 35880 35847 35858 35869
35881 35938 35895 35909 35923
35939 36067 35971 36003 36035
36068 36133 36084 36100 36116
36134 36245 36161 36188 36215
36246 36301 36259 36272 36285
36302 36480 36346 36390 36434
36481 36596 36509 36537 36565
36597 36673 36616 36635 36654
36674 36744 36691 36708 36725
36745 36863 36774 36803 36832
36864 36909 36875 36886 36897
36910 36942 36918 36926 36934
36943 36964 36948 36953 36958
36965 36981 36969 36973 36977
36982 37036 36995 37008 37021
37037 37093 37051 37065 37079
37094 37168 37112 37130 37148
37169 37210 37179 37189 37199
37211 37268 37225 37239 37253
37269 37524 37332 37395 37458
37525 37560 37533 37541 37549
37561 37609 37573 37585 37597
37610 37648 37619 37628 37637
37649 37739 37671 37693 37715
37740 37779 37749 37758 37767
37780 37817 37789 37798 37807
37818 37852 37826 37834 37842
37853 37890 37862 37871 37880
37891 37910 37895 37899 37903
37911 37927 37915 37919 37923
37928 38219 38000 38072 38144
38220 38304 38241 38262 38283
38305 38351 38316 38327 38338
38352 38435 38372 38392 38412
38436 38495 38450 38464 38478
38496 38611 38524 38552 38580
38612 38919 38688 38764 38840
38920 39167 38981 39042 39103
39168 39187 39172 39176 39180
39188 39229 39198 39208 39218
39230 39277 39241 39252 39263
39278 39472 39326 39374 39422
39473 39831 39562 39651 39740
39832 40208 39926 40020 40114
40209 40400 40256 40303 40350
40401 40501 40426 40451 40476
40502 40543 40512 40522 40532
40544 40597 40557 40570 40583
40598 40629 40605 40612 40619
40630 40716 40651 40672 40693
40717 40764 40728 40739 40750
40765 40786 40770 40775 40780
40787 40961 40830 40873 40916
40962 41017 40975 40988 41001
41018 41086 41035 41052 41069
41087 41145 41101 41115 41129
41146 41192 41157 41168 41179
41193 41244 41205 41217 41229
41245 41267 41250 41255 41260
41268 41395 41299 41330 41361
41396 41426 41403 41410 41417
41427 41473 41438 41449 41460
41474 41558 41495 41516 41537
41559 41839 41629 41699 41769
41840 41946 41866 41892 41918
41947 42104 41986 42025 42064
42105 42386 42175 42245 42315
42387 42491 42413 42439 42465
42492 42613 42522 42552 42582
42614 42675 42629 42644 42659
42676 42701 42682 42688 42694
42702 42792 42724 42746 42768
42793 42873 42813 42833 42853
42874 43002 42906 42938 42970
43003 43069 43019 43035 43051
43070 43110 43080 43090 43100
43111 43130 43115 43119 43123
43131 43199 43148 43165 43182
43200 43302 43225 43250 43275
43303 43370 43319 43335 43351
43371 43508 43405 43439 43473
43509 43549 43519 43529 43539
43550 43583 43558 43566 43574
43584 43623 43593 43602 43611
43624 43660 43633 43642 43651
43661 43720 43675 43689 43703
43721 43817 43745 43769 43793
43818 43869 43830 43842 43854
43870 44061 43917 43964 44011
44062 44148 44083 44104 44125
44149 44281 44182 44215 44248
44282 44393 44309 44336 44363
44394 44640 44455 44516 44577
44641 44789 44678 44715 44752
44790 44838 44802 44814 44826
44839 44874 44847 44855 44863
44875 44991 44904 44933 44962
44992 45129 44993 44994 45096
45130 45214 45151 45172 45193
45215 45345 45247 45279 45311
45346 45450 45372 45398 45424
45451 45569 45480 45509 45538
45570 45649 45589 45608 45627
45650 45714 45666 45682 45698
45715 45745 45722 45729 45736
45746 45865 45775 45804 45833
45866 45911 45877 45888 45899
45912 45980 45929 45946 45963
45981 46042 45996 46011 46026
46043 46126 46063 46083 46103
46127 46354 46183 46239 46295
46355 46483 46387 46419 46451
46484 46542 46498 46512 46526
46543 46568 46549 46555 46561
46569 46713 46605 46641 46677
46714 46807 46737 46760 46783
46808 46888 46828 46848 46868
46889 46954 46905 46921 46937
46955 46975 46960 46965 46970
46976 47002 46982 46988 46994
47003 47055 47016 47029 47042
47056 47138 47076 47096 47116
47139 47170 47146 47153 47160
47171 47259 47193 47215 47237
47260 47330 47277 47294 47311
47331 47377 47342 47353 47364
47378 47413 47386 47394 47402
47414 47431 47418 47422 47426
47432 47466 47440 47448 47456
47467 47507 47477 47487 47497
47508 47548 47518 47528 47538
47549 47771 47604 47659 47714
47772 47899 47803 47834 47865
47900 47991 47922 47944 47966
47992 48099 48018 48044 48070
48100 48162 48115 48130 48145
48163 48270 48189 48215 48241
48271 48320 48283 48295 48307
48321 48376 48334 48347 48360
48377 48492 48405 48433 48461
48493 48561 48510 48527 48544
48562 48624 48577 48592 48607
48625 48649 48631 48637 48643
48650 48697 48661 48672 48683
48698 48719 48703 48708 48713
48720 48768 48732 48744 48756
48769 48846 48788 48807 48826
48847 48929 48867 48887 48907
48930 48953 48935 48940 48945
48954 48992 48963 48972 48981
48993 49025 49001 49009 49017
49026 49111 49047 49068 49089
49112 49333 49167 49222 49277
49334 49367 49342 49350 49358
49368 49405 49377 49386 49395
49406 49496 49428 49450 49472
49497 49515 49501 49505 49509
49516 49539 49521 49526 49531
49540 49591 49552 49564 49576
49592 49641 49604 49616 49628
49642 49806 49683 49724 49765
49807 49836 49814 49821 49828
49837 50014 49881 49925 49969
50015 50079 50031 50047 50063
50080 50211 50112 50144 50176
50212 50259 50223 50234 50245
50260 50340 50280 50300 50320
50341 50449 50368 50395 50422
50450 50571 50480 50510 50540
50572 50653 50592 50612 50632
50654 51020 50745 50836 50927
51021 51076 51034 51047 51060
51077 51095 51081 51085 51089
51096 51135 51105 51114 51123
51136 51215 51155 51174 51193
51216 51622 51317 51418 51519
51623 51709 51644 51665 51686
51710 51741 51717 51724 51731
51742 51870 51774 51806 51838
51871 51898 51877 51883 51889
51899 52161 51964 52029 52094
52162 52257 52185 52208 52231
52258 52559 52333 52408 52483
52560 52920 52650 52740 52830
52921 53061 52956 52991 53026
53062 53129 53078 53094 53110
53130 53177 53141 53152 53163
53178 53208 53185 53192 53199
53209 53263 53222 53235 53248
53264 53390 53295 53326 53357
53391 53454 53406 53421 53436
53455 53516 53470 53485 53500
53517 53569 53530 53543 53556
53570 53689 53599 53628 53657
53690 53828 53724 53758 53792
53829 53961 53862 53895 53928
53962 54009 53973 53984 53995
54010 54084 54028 54046 54064
54085 54355 54152 54219 54286
54356 54521 54397 54438 54479
54522 54670 54559 54596 54633
54671 54691 54676 54681 54686
54692 54827 54725 54758 54791
54828 55051 54883 54938 54993
55052 55181 55084 55116 55148
55182 55246 55198 55214 55230
55247 55295 55259 55271 55283
55296 55315 55300 55304 55308
55316 55422 55342 55368 55394
55423 55447 55429 55435 55441
55448 55528 55468 55488 55508
55529 55707 55573 55617 55661
55708 55812 55734 55760 55786
55813 55870 55827 55841 55855
55871 55904 55879 55887 55895
55905 55939 55913 55921 55929
55940 55964 55946 55952 55958
55965 56019 55978 55991 56004
56020 56089 56037 56054 56071
56090 56117 56096 56102 56108
56118 56192 56136 56154 56172
56193 56266 56211 56229 56247
56267 56293 56273 56279 56285
56294 56334 56304 56314 56324
56335 56474 56369 56403 56437
56475 56537 56490 56505 56520
56538 56572 56546 56554 56562
56573 56730 56612 56651 56690
56731 57246 56859 56987 57115
57247 57313 57263 57279 57295
57314 57635 57394 57474 57554
57636 57693 57650 57664 57678
57694 57925 57751 57808 57865
57926 58148 57981 58036 58091
58149 58268 58178 58207 58236
58269 58296 58275 58281 58287
58297 58350 58310 58323 58336
58351 58547 58400 58449 58498
58548 58569 58553 58558 58563
58570 58658 58592 58614 58636
58659 58802 58694 58729 58764
58803 58844 58813 58823 58833
58845 58879 58853 58861 58869
58880 59049 58922 58964 59006
59050 59174 59081 59112 59143
59175 59204 59182 59189 59196
59205 59235 59212 59219 59226
59236 59272 59245 59254 59263
59273 59482 59325 59377 59429
59483 59555 59501 59519 59537
59556 59649 59579 59602 59625
59650 59680 59657 59664 59671
59681 59754 59699 59717 59735
59755 59843 59777 59799 59821
59844 59993 59881 59918 59955
59994 60065 59995 59996 60048
60066 60121 60079 60092 60105
60122 60192 60139 60156 60173
60193 60397 60244 60295 60346
60398 60563 60439 60480 60521
60564 60679 60592 60620 60648
60680 60813 60713 60746 60779
60814 61001 60860 60906 60952
61002 61144 61037 61072 61107
61145 61237 61168 61191 61214
61238 61297 61252 61266 61280
61298 61441 61333 61368 61403
61442 61689 61503 61564 61625
61690 61725 61698 61706 61714
61726 61751 61732 61738 61744
61752 61782 61759 61766 61773
61783 61899 61812 61841 61870
61900 62218 61979 62058 62137
62219 62399 62264 62309 62354
62400 62477 62419 62438 62457
62478 62683 62529 62580 62631
62684 62713 62691 62698 62705
62714 62741 62720 62726 62732
62742 62927 62788 62834 62880
62928 63020 62951 62974 62997
63021 63495 63139 63257 63375
63496 63763 63562 63628 63694
63764 63860 63788 63812 63836
63861 63901 63871 63881 63891
63902 64010 63929 63956 63983
64011 64096 64032 64053 64074
64097 64153 64111 64125 64139
64154 64214 64169 64184 64199
64215 64287 64233 64251 64269
64288 64317 64295 64302 64309
64318 64540 64373 64428 64483
64541 64583 64551 64561 64571
64584 64629 64595 64606 64617
64630 64872 64690 64750 64810
64873 65007 64906 64939 64972
65008 65111 65033 65058 65083
65112 65161 65124 65136 65148
65162 65258 65186 65210 65234
65259 65417 65298 65337 65376
65418 65535 65447 65476 65505
65536 65783 65597 65658 65719
65784 65804 65789 65794 65799
65805 65825 65810 65815 65820
65826 65865 65835 65844 65853
65866 65933 65882 65898 65914
65934 65956 65939 65944 65949
65957 66005 65969 65981 65993
66006 66239 66064 66122 66180
66240 66263 66245 66250 66255
66264 66333 66281 66298 66315
66334 66406 66352 66370 66388
66407 66423 66411 66415 66419
66424 66631 66475 66526 66577
66632 66682 66644 66656 66668
66683 66897 66736 66789 66842
66898 66973 66916 66934 66952
66974 67019 66985 66996 67007
67020 67064 67031 67042 67053
67065 67107 67075 67085 67095
67108 67156 67120 67132 67144
67157 67232 67175 67193 67211
67233 67306 67251 67269 67287
67307 67377 67324 67341 67358
67378 67497 67407 67436 67465
67498 67543 67509 67520 67531
67544 67700 67583 67622 67661
67701 67761 67716 67731 67746
67762 68075 67840 67918 67996
68076 68145 68093 68110 68127
68146 68182 68155 68164 68173
68183 68260 68202 68221 68240
68261 68313 68274 68287 68300
68314 68414 68339 68364 68389
68415 68478 68430 68445 68460
68479 68529 68491 68503 68515
68530 68630 68555 68580 68605
68631 68700 68648 68665 68682
68701 68819 68730 68759 68788
68820 68867 68831 68842 68853
68868 68895 68874 68880 68886
68896 69010 68924 68952 68980
69011 69051 69021 69031 69041
69052 69180 69084 69116 69148
69181 69223 69191 69201 69211
69224 69298 69242 69260 69278
69299 69415 69328 69357 69386
69416 69470 69429 69442 69455
69471 69487 69475 69479 69483
69488 69509 69493 69498 69503
69510 69793 69580 69650 69720
69794 69817 69799 69804 69809
69818 69842 69824 69830 69836
69843 69925 69863 69883 69903
69926 69964 69935 69944 69953
69965 69996 69972 69979 69986
69997 70035 70006 70015 70024
70036 70129 70059 70082 70105
70130 70249 70159 70188 70217
70250 70272 70255 70260 70265
70273 70385 70301 70329 70357
70386 70410 70392 70398 70404
70411 70441 70418 70425 70432
70442 70483 70452 70462 70472
70484 70512 70491 70498 70505
70513 70678 70554 70595 70636
70679 70876 70728 70777 70826
70877 71316 70986 71095 71204
71317 71379 71332 71347 71362
71380 71449 71397 71414 71431
71450 71477 71456 71462 71468
71478 71534 71492 71506 71520
71535 71578 71545 71555 71565
71579 71641 71594 71609 71624
71642 71671 71649 71656 71663
71672 71707 71680 71688 71696
71708 71764 71722 71736 71750
71765 71812 71776 71787 71798
71813 71887 71831 71849 71867
71888 71905 71892 71896 71900
71906 71957 71918 71930 71942
71958 72062 71984 72010 72036
72063 72146 72083 72103 72123
72147 72185 72156 72165 72174
72186 72374 72233 72280 72327
72375 72520 72411 72447 72483
72521 72663 72556 72591 72626
72664 72751 72685 72706 72727
72752 72880 72784 72816 72848
72881 72927 72892 72903 72914
72928 72963 72936 72944 72952
72964 73026 72979 72994 73009
73027 73071 73038 73049 73060
73072 73126 73085 73098 73111
73127 73199 73145 73163 73181
73200 73356 73239 73278 73317
73357 73397 73367 73377 73387
73398 73732 73481 73564 73647
73733 73764 73740 73747 73754
73765 73905 73800 73835 73870
73906 73936 73913 73920 73927
73937 73984 73948 73959 73970
73985 74027 73995 74005 74015
74028 74076 74040 74052 74064
74077 74134 74091 74105 74119
74135 74181 74146 74157 74168
74182 74249 74198 74214 74230
74250 74395 74286 74322 74358
74396 74454 74410 74424 74438
74455 74474 74459 74463 74467
74475 74496 74480 74485 74490
74497 74539 74507 74517 74527
74540 74582 74550 74560 74570
74583 74631 74595 74607 74619
74632 74654 74637 74642 74647
74655 74705 74667 74679 74691
74706 74791 74727 74748 74769
74792 74899 74818 74844 74870
74900 74939 74909 74918 74927
74940 75288 74954 74968 75216
75289 75343 75302 75315 75328
75344 75784 75454 75564 75674
75785 75813 75792 75799 75806
75814 76000 75860 75906 75952
76001 76028 76007 76013 76019
76029 76069 76039 76049 76059
76070 76222 76108 76146 76184
76223 76368 76259 76295 76331
76369 76453 76390 76411 76432
76454 76501 76465 76476 76487
76502 76838 76586 76670 76754
76839 76975 76873 76907 76941
76976 76996 76981 76986 76991
76997 77123 77028 77059 77090
77124 77196 77142 77160 77178
77197 77232 77205 77213 77221
77233 77343 77260 77287 77314
77344 77396 77357 77370 77383
77397 77439 77407 77417 77427
77440 77458 77444 77448 77452
77459 77574 77487 77515 77543
77575 77597 77580 77585 77590
77598 77619 77603 77608 77613
77620 77660 77630 77640 77650
77661 77698 77670 77679 77688
77699 77776 77718 77737 77756
77777 77853 77796 77815 77834
77854 77875 77859 77864 77869
77876 77898 77881 77886 77891
77899 77922 77904 77909 77914
77923 77969 77934 77945 77956
77970 77986 77974 77978 77982
77987 78011 77993 77999 78005
78012 78041 78019 78026 78033
78042 78082 78052 78062 78072
78083 78114 78090 78097 78104
78115 78182 78131 78147 78163
78183 78328 78219 78255 78291
78329 78449 78359 78389 78419
78450 78502 78463 78476 78489
78503 78540 78512 78521 78530
78541 78595 78554 78567 78580
78596 78782 78642 78688 78734
78783 78837 78796 78809 78822
78838 78890 78851 78864 78877
78891 78946 78904 78917 78930
78947 79005 78961 78975 78989
79006 79042 79015 79024 79033
79043 79062 79047 79051 79055
79063 79082 79067 79071 79075
79083 79115 79091 79099 79107
79116 79164 79128 79140 79152
79165 79189 79171 79177 79183
79190 79315 79221 79252 79283
79316 79344 79323 79330 79337
79345 79472 79376 79407 79438
79473 79510 79482 79491 79500
79511 79547 79520 79529 79538
79548 79609 79563 79578 79593
79610 79634 79616 79622 79628
79635 79826 79682 79729 79776
79827 79858 79834 79841 79848
79859 79900 79869 79879 79889
79901 79979 79920 79939 79958
79980 80069 80002 80024 80046
80070 80102 80078 80086 80094
80103 80343 80163 80223 80283
80344 80534 80391 80438 80485
80535 80817 80605 80675 80745
80818 81035 80872 80926 80980
81036 81226 81083 81130 81177
81227 81289 81242 81257 81272
81290 81321 81297 81304 81311
81322 81438 81351 81380 81409
81439 81471 81447 81455 81463
81472 81494 81477 81482 81487
81495 81567 81513 81531 81549
81568 81619 81580 81592 81604
81620 81903 81690 81760 81830
81904 81938 81912 81920 81928
81939 81961 81944 81949 81954
81962 82005 81972 81982 81992
82006 82073 82022 82038 82054
82074 82098 82080 82086 82092
82099 82184 82120 82141 82162
82185 82367 82230 82275 82320
82368 82448 82388 82408 82428
82449 82477 82456 82463 82470
82478 82513 82486 82494 82502
82514 82565 82526 82538 82550
82566 82706 82601 82636 82671
82707 82779 82725 82743 82761
82780 82904 82811 82842 82873
82905 82977 82923 82941 82959
82978 82999 82983 82988 82993
83000 83052 83013 83026 83039
83053 83078 83059 83065 83071
83079 83103 83085 83091 83097
83104 83228 83135 83166 83197
83229 83311 83249 83269 83289
83312 83353 83322 83332 83342
83354 83408 83367 83380 83393
83409 83499 83431 83453 83475
83500 83709 83552 83604 83656
83710 84053 83795 83880 83965
84054 84099 84065 84076 84087
84100 84278 84144 84188 84232
84279 84309 84286 84293 84300
84310 84599 84382 84454 84526
84600 84638 84609 84618 84627
84639 84766 84670 84701 84732
84767 84825 84781 84795 84809
84826 84911 84847 84868 84889
84912 85042 84944 84976 85008
85043 85140 85067 85091 85115
85141 85157 85145 85149 85153
85158 85179 85163 85168 85173
85180 85271 85202 85224 85246
85272 85366 85295 85318 85341
85367 85693 85448 85529 85610
85694 85743 85706 85718 85730
85744 85937 85792 85840 85888
85938 85987 85950 85962 85974
85988 86047 86002 86016 86030
86048 86196 86085 86122 86159
86197 86227 86204 86211 86218
86228 86450 86283 86338 86393
86451 86562 86478 86505 86532
86563 86653 86585 86607 86629
86654 86733 86673 86692 86711
86734 86801 86750 86766 86782
86802 86923 86832 86862 86892
86924 86954 86931 86938 86945
86955 87062 86981 87007 87033
87063 87087 87069 87075 87081
87088 87151 87103 87118 87133
87152 87225 87170 87188 87206
87226 87262 87235 87244 87253
87263 87290 87269 87275 87281
87291 87315 87297 87303 87309
87316 87498 87361 87406 87451
87499 87520 87504 87509 87514
87521 87555 87529 87537 87545
87556 87639 87576 87596 87616
87640 87880 87700 87760 87820
87881 87953 87899 87917 87935
87954 88122 87996 88038 88080
88123 88186 88138 88153 88168
88187 88366 88231 88275 88319
88367 88461 88390 88413 88436
88462 88600 88496 88530 88564
88601 88789 88648 88695 88742
88790 88972 88835 88880 88925
88973 89023 88985 88997 89009
89024 89077 89037 89050 89063
89078 89218 89113 89148 89183
89219 89280 89234 89249 89264
89281 89330 89293 89305 89317
89331 89382 89343 89355 89367
89383 89414 89390 89397 89404
89415 89444 89422 89429 89436
89445 89461 89449 89453 89457
89462 89586 89493 89524 89555
89587 89631 89598 89609 89620
89632 89682 89644 89656 89668
89683 89733 89695 89707 89719
89734 89753 89738 89742 89746
89754 89786 89762 89770 89778
89787 89812 89793 89799 89805
89813 89856 89823 89833 89843
89857 89987 89889 89921 89953
89988 90014 89990 89992 90009
90015 90140 90046 90077 90108
90141 90362 90196 90251 90306
90363 90434 90380 90397 90414
90435 90480 90446 90457 90468
90481 90778 90555 90629 90703
90779 90915 90813 90847 90881
90916 90965 90928 90940 90952
90966 91218 91029 91092 91155
91219 91257 91228 91237 91246
91258 91289 91265 91272 91279
91290 91361 91307 91324 91341
91362 91381 91366 91370 91374
91382 91454 91400 91418 91436
91455 91587 91488 91521 91554
91588 91730 91623 91658 91693
91731 91793 91746 91761 91776
91794 91945 91831 91868 91905
91946 92251 92022 92098 92174
92252 92314 92267 92282 92297
92315 92425 92342 92369 92396
92426 92468 92436 92446 92456
92469 92575 92495 92521 92547
92576 92746 92618 92660 92702
92747 92867 92777 92807 92837
92868 92958 92890 92912 92934
92959 93119 92999 93039 93079
93120 93188 93137 93154 93171
93189 93348 93228 93267 93306
93349 93408 93363 93377 93391
93409 93487 93428 93447 93466
93488 93528 93498 93508 93518
93529 93737 93581 93633 93685
93738 93765 93744 93750 93756
93766 93797 93773 93780 93787
93798 93836 93807 93816 93825
93837 93862 93843 93849 93855
93863 93933 93880 93897 93914
93934 93969 93942 93950 93958
93970 94138 94012 94054 94096
94139 94224 94160 94181 94202
94225 94263 94234 94243 94252
94264 94300 94273 94282 94291
94301 94324 94306 94311 94316
94325 94348 94330 94335 94340
94349 94391 94359 94369 94379
94392 94473 94412 94432 94452
94474 94532 94488 94502 94516
94533 94643 94560 94587 94614
94644 94793 94681 94718 94755
94794 94855 94809 94824 94839
94856 94923 94872 94888 94904
94924 95017 94947 94970 94993
95018 95127 95045 95072 95099
95128 95375 95189 95250 95311
95376 95527 95413 95450 95487
95528 95629 95553 95578 95603
95630 95658 95637 95644 95651
95659 95700 95669 95679 95689
95701 95794 95724 95747 95770
95795 95871 95814 95833 95852
95872 95922 95884 95896 95908
95923 95959 95932 95941 95950
95960 96020 95975 95990 96005
96021 96068 96032 96043 96054
96069 96196 96100 96131 96162
96197 96298 96222 96247 96272
96299 96379 96319 96339 96359
96380 96532 96418 96456 96494
96533 96562 96540 96547 96554
96563 96790 96619 96675 96731
96791 96936 96827 96863 96899
96937 96967 96944 96951 96958
96968 97049 96988 97008 97028
97050 97083 97058 97066 97074
97084 97168 97105 97126 97147
97169 97253 97190 97211 97232
97254 97469 97307 97360 97413
97470 97628 97509 97548 97587
97629 97733 97655 97681 97707
97734 97832 97758 97782 97806
97833 97959 97864 97895 97926
97960 97985 97966 97972 97978
97986 98080 98009 98032 98055
98081 98184 98106 98131 98156
98185 98224 98194 98203 98212
98225 98445 98280 98335 98390
98446 98605 98485 98524 98563
98606 98659 98619 98632 98645
98660 98721 98675 98690 98705
98722 98784 98737 98752 98767
98785 98818 98793 98801 98809
98819 98848 98826 98833 98840
98849 98949 98874 98899 98924
98950 99121 98992 99034 99076
99122 99162 99132 99142 99152
99163 99356 99211 99259 99307
99357 99426 99374 99391 99408
99427 99687 99492 99557 99622
99688 99726 99697 99706 99715
99727 99802 99745 99763 99781
99803 99951 99840 99877 99914
99952 100205 100015 100078 100141
100206 100237 100213 100220 100227
100238 100283 100249 100260 100271
100284 100300 100288 100292 100296
100301 100335 100309 100317 100325
100336 100349 100339 100342 100345
100350 100539 100397 100444 100491
100540 100557 100544 100548 100552
100558 100621 100573 100588 100603
100622 100719 100646 100670 100694
100720 100838 100749 100778 100807
100839 100899 100854 100869 100884
100900 100993 100923 100946 100969
100994 101014 100999 101004 101009
101015 101053 101024 101033 101042
101054 101109 101067 101080 101093
101110 101205 101133 101156 101179
101206 101259 101219 101232 101245
101260 101327 101276 101292 101308
101328 101401 101346 101364 101382
101402 101539 101436 101470 101504
101540 101677 101574 101608 101642
101678 101805 101709 101740 101771
101806 101844 101815 101824 101833
101845 101902 101859 101873 101887
101903 101979 101922 101941 101960
101980 102326 102066 102152 102238
102327 102954 102483 102639 102795
102955 103222 103021 103087 103153
103223 103259 103232 103241 103250
103260 103377 103289 103318 103347
103378 103409 103385 103392 103399
103410 103546 103444 103478 103512
103547 103638 103569 103591 103613
103639 103691 103652 103665 103678
103692 103778 103713 103734 103755
103779 103802 103784 103789 103794
103803 103944 103838 103873 103908
103945 103987 103955 103965 103975
103988 104012 103994 104000 104006
104013 104069 104027 104041 104055
104070 104093 104075 104080 104085
104094 104135 104104 104114 104124
104136 104167 104143 104150 104157
104168 104220 104181 104194 104207
104221 104297 104240 104259 104278
104298 104375 104317 104336 104355
104376 104413 104385 104394 104403
104414 104496 104434 104454 104474
104497 104553 104511 104525 104539
104554 104626 104572 104590 104608
104627 104676 104639 104651 104663
104677 104721 104688 104699 104710
104722 104784 104737 104752 104767
104785 104910 104816 104847 104878
104911 105109 104933 104955 105081
105110 105136 105116 105122 105128
105137 105184 105148 105159 105170
105185 105301 105214 105243 105272
105302 105399 105326 105350 105374
105400 105484 105421 105442 105463
105485 105556 105502 105519 105536
105557 105604 105568 105579 105590
105605 105626 105610 105615 105620
105627 105676 105639 105651 105663
105677 105729 105690 105703 105716
105730 105762 105738 105746 105754
105763 105798 105771 105779 105787
105799 105992 105847 105895 105943
105993 106056 106008 106023 106038
106057 106108 106069 106081 106093
106109 106211 106134 106159 106184
106212 106259 106223 106234 106245
106260 106376 106289 106318 106347
106377 106473 106401 106425 106449
106474 106546 106492 106510 106528
106547 106636 106569 106591 106613
106637 106680 106647 106657 106667
106681 106821 106716 106751 106786
106822 106897 106840 106858 106876
106898 106931 106906 106914 106922
106932 106993 106947 106962 106977
106994 107103 107021 107048 107075
107104 107135 107111 107118 107125
107136 107228 107159 107182 107205
107229 107296 107245 107261 107277
107297 107416 107326 107355 107384
107417 107468 107429 107441 107453
107469 107578 107496 107523 107550
107579 107623 107590 107601 107612
107624 107651 107630 107636 107642
107652 107706 107665 107678 107691
107707 107739 107715 107723 107731
107740 107785 107751 107762 107773
107786 107842 107800 107814 107828
107843 107882 107852 107861 107870
107883 107974 107905 107927 107949
107975 108015 107985 107995 108005
108016 108054 108025 108034 108043
108055 108089 108063 108071 108079
108090 108116 108096 108102 108108
108117 108213 108141 108165 108189
108214 108268 108227 108240 108253
108269 108331 108284 108299 108314
108332 108430 108356 108380 108404
108431 108454 108436 108441 108446
108455 108519 108471 108487 108503
108520 108546 108526 108532 108538
108547 108619 108565 108583 108601
108620 108639 108624 108628 108632
108640 108668 108647 108654 108661
108669 108697 108676 108683 108690
108698 108730 108706 108714 108722
108731 108751 108736 108741 108746
108752 108774 108757 108762 108767
108775 108800 108781 108787 108793
108801 108817 108805 108809 108813
108818 108834 108822 108826 108830
108835 109477 108995 109155 109315
109478 109585 109504 109530 109556
109586 109646 109601 109616 109631
109647 109930 109717 109787 109857
109931 110030 109955 109979 110003
110031 110109 110050 110069 110088
110110 110182 110128 110146 110164
110183 110301 110212 110241 110270
110302 110336 110310 110318 110326
110337 110384 110348 110359 110370
110385 110472 110406 110427 110448
110473 110638 110514 110555 110596
110639 110767 110671 110703 110735
110768 110878 110795 110822 110849
110879 110942 110894 110909 110924
110943 111055 110971 110999 111027
111056 111563 111182 111308 111434
111564 111700 111598 111632 111666
111701 111777 111720 111739 111758
111778 111809 111785 111792 111799
111810 111849 111819 111828 111837
111850 111928 111869 111888 111907
111929 111977 111941 111953 111965
111978 112163 112024 112070 112116
112164 112242 112183 112202 112221
112243 112362 112272 112301 112330
112363 112445 112383 112403 112423
112446 112593 112482 112518 112554
112594 112683 112616 112638 112660
112684 112740 112698 112712 112726
112741 112769 112748 112755 112762
112770 112832 112785 112800 112815
112833 112908 112851 112869 112887
112909 112978 112926 112943 112960
112979 113079 113004 113029 113054
113080 113161 113100 113120 113140
113162 113347 113208 113254 113300
113348 114505 113637 113926 114215
114506 114614 114533 114560 114587
114615 114696 114635 114655 114675
114697 114844 114733 114769 114805
114845 115069 114901 114957 115013
115070 115294 115126 115182 115238
115295 115442 115331 115367 115403
115443 115505 115458 115473 115488
115506 115643 115540 115574 115608
115644 116251 115795 115946 116097
116252 116361 116279 116306 116333
116362 116566 116413 116464 116515
116567 116884 116646 116725 116804
116885 117273 116982 117079 117176
117274 117750 117393 117512 117631
117751 118055 117827 117903 117979
118056 118410 118144 118232 118320
118411 118444 118419 118427 118435
118445 118903 118559 118673 118787
118904 124429 119177 119450 123321
