0 67 16 32 48
68 619 205 342 479
620 716 644 668 692
717 739 722 727 732
740 836 764 788 812
837 863 843 849 855
864 984 894 924 954
985 1076 1007 1029 1051
1077 2073 1326 1575 1824
2074 2316 2134 2194 2254
2317 2453 2351 2385 2419
2454 2508 2467 2480 2493
2509 2618 2536 2563 2590
2619 2730 2646 2673 2700
2731 2754 2736 2741 2746
2755 2898 2790 2825 2860
2899 2973 2917 2935 2953
2974 3031 2988 3002 3016
3032 3085 3045 3058 3071
3086 3142 3100 3114 3128
3143 3221 3162 3181 3200
3222 3270 3234 3246 3258
3271 3315 3282 3293 3304
3316 3422 3342 3368 3394
3423 3473 3435 3447 3459
3474 3501 3480 3486 3492
3502 3529 3508 3514 3520
3530 3557 3536 3542 3548
3558 3586 3565 3572 3579
3587 3618 3594 3601 3608
3619 3854 3677 3735 3793
3855 3921 3871 3887 3903
3922 4201 3991 4060 4129
4202 4310 4229 4256 4283
4311 4508 4360 4409 4458
4509 4580 4526 4543 4560
4581 4831 4643 4705 4767
4832 4908 4851 4870 4889
4909 5041 4942 4975 5008
5042 5192 5079 5116 5153
5193 5317 5224 5255 5286
5318 5751 5426 5534 5642
5752 5788 5761 5770 5779
5789 5829 5799 5809 5819
5830 6158 5912 5994 6076
6159 6355 6208 6257 6306
6356 6629 6424 6492 6560
6630 6749 6659 6688 6717
6750 6803 6763 6776 6789
6804 6826 6809 6814 6819
6827 6876 6839 6851 6863
6877 7037 6917 6957 6997
7038 7111 7056 7074 7092
7112 7182 7129 7146 7163
7183 7266 7203 7223 7243
7267 7329 7282 7297 7312
7330 7405 7348 7366 7384
7406 7470 7422 7438 7454
7471 7541 7488 7505 7522
7542 7622 7562 7582 7602
7623 7704 7643 7663 7683
7705 7779 7723 7741 7759
7780 7907 7811 7842 7873
7908 8010 7933 7958 7983
8011 8116 8037 8063 8089
8117 8210 8140 8163 8186
8211 8291 8231 8251 8271
8292 8358 8308 8324 8340
8359 8483 8390 8421 8452
8484 8671 8530 8576 8622
8672 8730 8686 8700 8714
8731 8840 8758 8785 8812
8841 8901 8856 8871 8886
8902 8964 8917 8932 8947
8965 9033 8982 8999 9016
9034 9083 9046 9058 9070
9084 9165 9104 9124 9144
9166 9189 9171 9176 9181
9190 9515 9271 9352 9433
9516 9563 9527 9538 9549
9564 9646 9584 9604 9624
9647 9692 9658 9669 9680
9693 9812 9722 9751 9780
9813 9888 9831 9849 9867
9889 10241 9977 10065 10153
10242 10310 10259 10276 10293
10311 10478 10352 10393 10434
10479 10531 10492 10505 10518
10532 10765 10590 10648 10706
10766 10839 10784 10802 10820
10840 10944 10866 10892 10918
10945 10992 10956 10967 10978
10993 11038 11004 11015 11026
11039 11184 11075 11111 11147
11185 11277 11208 11231 11254
11278 11364 11299 11320 11341
11365 11416 11377 11389 11401
11417 11481 11433 11449 11465
11482 11639 11521 11560 11599
11640 11677 11649 11658 11667
11678 11968 11750 11822 11894
11969 12076 11995 12021 12047
12077 12144 12093 12109 12125
12145 12249 12171 12197 12223
12250 12331 12270 12290 12310
12332 12402 12349 12366 12383
12403 12425 12408 12413 12418
12426 12444 12430 12434 12438
12445 12479 12453 12461 12469
12480 12565 12501 12522 12543
12566 12703 12600 12634 12668
12704 12779 12722 12740 12758
12780 12855 12798 12816 12834
12856 13045 12903 12950 12997
13046 13274 13103 13160 13217
13275 13952 13444 13613 13782
13953 14108 13991 14029 14067
14109 14258 14146 14183 14220
14259 14350 14281 14303 14325
14351 14398 14362 14373 14384
14399 14584 14445 14491 14537
14585 14862 14654 14723 14792
14863 15161 14897 14931 15120
15162 15247 15183 15204 15225
15248 15284 15257 15266 15275
15285 15347 15300 15315 15330
15348 15459 15375 15402 15429
15460 15504 15471 15482 15493
15505 15556 15517 15529 15541
15557 15617 15572 15587 15602
15618 15714 15642 15666 15690
15715 15760 15726 15737 15748
15761 15826 15777 15793 15809
15827 15899 15845 15863 15881
15900 15943 15910 15920 15930
15944 16027 15964 15984 16004
16028 16292 16094 16160 16226
16293 16357 16309 16325 16341
16358 16402 16369 16380 16391
16403 16445 16413 16423 16433
16446 16563 16475 16504 16533
16564 16594 16571 16578 16585
16595 16627 16603 16611 16619
16628 16647 16632 16636 16640
16648 16885 16707 16766 16825
16886 16996 16913 16940 16967
16997 17062 17013 17029 17045
17063 17124 17078 17093 17108
17125 17406 17195 17265 17335
17407 17723 17486 17565 17644
17724 17879 17762 17800 17838
17880 17927 17891 17902 17913
17928 18048 17958 17988 18018
18049 18259 18101 18153 18205
18260 18352 18283 18306 18329
18353 18688 18436 18519 18602
18689 18996 18765 18841 18917
18997 19146 19034 19071 19108
19147 19253 19173 19199 19225
19254 19326 19272 19290 19308
19327 19403 19346 19365 19384
19404 19463 19418 19432 19446
19464 19565 19489 19514 19539
19566 19608 19576 19586 19596
19609 19842 19667 19725 19783
19843 19926 19863 19883 19903
19927 19984 19941 19955 19969
19985 20055 20002 20019 20036
20056 20102 20067 20078 20089
20103 20262 20142 20181 20220
20263 20380 20292 20321 20350
20381 20486 20407 20433 20459
20487 20657 20529 20571 20613
20658 20727 20675 20692 20709
20728 20750 20733 20738 20743
20751 20803 20764 20777 20790
20804 20970 20845 20886 20927
20971 21164 21019 21067 21115
21165 21334 21207 21249 21291
21335 21470 21368 21401 21434
21471 21599 21503 21535 21567
21600 21700 21625 21650 21675
21701 21765 21717 21733 21749
21766 21858 21789 21812 21835
21859 21985 21890 21921 21952
21986 22363 22080 22174 22268
22364 22477 22392 22420 22448
22478 22595 22507 22536 22565
22596 22647 22608 22620 22632
22648 22692 22659 22670 22681
22693 22730 22702 22711 22720
22731 22780 22743 22755 22767
22781 22902 22811 22841 22871
22903 23013 22930 22957 22984
23014 23148 23047 23080 23113
23149 23308 23188 23227 23266
23309 23463 23347 23385 23423
23464 23519 23477 23490 23503
23520 23844 23601 23682 23763
23845 24212 23936 24027 24118
24213 24273 24228 24243 24258
24274 24498 24330 24386 24442
24499 24664 24540 24581 24622
24665 25060 24763 24861 24959
25061 25096 25069 25077 25085
25097 25146 25109 25121 25133
25147 25182 25155 25163 25171
25183 25289 25209 25235 25261
25290 25344 25303 25316 25329
25345 25551 25396 25447 25498
25552 25684 25585 25618 25651
25685 25820 25718 25751 25784
25821 25886 25837 25853 25869
25887 26001 25915 25943 25971
26002 26088 26023 26044 26065
26089 26179 26111 26133 26155
26180 26356 26224 26268 26312
26357 26462 26383 26409 26435
26463 26540 26482 26501 26520
26541 26664 26571 26601 26631
26665 26770 26691 26717 26743
26771 26878 26797 26823 26849
26879 26989 26906 26933 26960
26990 27142 27028 27066 27104
27143 27239 27167 27191 27215
27240 27397 27279 27318 27357
27398 27441 27408 27418 27428
27442 27531 27464 27486 27508
27532 27620 27554 27576 27598
27621 29544 28101 28581 29061
29545 29623 29564 29583 29602
29624 29878 29687 29750 29813
29879 29966 29900 29921 29942
29967 30022 29975 29983 30015
30023 30293 30090 30157 30224
30294 30560 30360 30426 30492
30561 30933 30654 30747 30840
30934 31037 30959 30984 31009
31038 31205 31079 31120 31161
31206 31308 31231 31256 31281
31309 31359 31321 31333 31345
31360 31424 31376 31392 31408
31425 31579 31463 31501 31539
31580 31644 31596 31612 31628
31645 31703 31659 31673 31687
31704 31742 31713 31722 31731
31743 31846 31768 31793 31818
31847 31919 31865 31883 31901
31920 31940 31925 31930 31935
31941 31991 31953 31965 31977
31992 32156 32033 32074 32115
32157 32276 32186 32215 32244
32277 32371 32300 32323 32346
32372 32471 32396 32420 32444
32472 32566 32495 32518 32541
32567 32653 32588 32609 32630
32654 32912 32718 32782 32846
32913 33007 32936 32959 32982
33008 33144 33042 33076 33110
33145 33227 33165 33185 33205
33228 33336 33255 33282 33309
33337 33413 33356 33375 33394
33414 33499 33435 33456 33477
33500 33613 33528 33556 33584
33614 33719 33640 33666 33692
33720 33946 33776 33832 33888
33947 34032 33968 33989 34010
34033 34113 34053 34073 34093
34114 34143 34121 34128 34135
34144 34257 34172 34200 34228
34258 34304 34269 34280 34291
34305 34538 34363 34421 34479
34539 34631 34562 34585 34608
34632 34815 34677 34722 34767
34816 34900 34837 34858 34879
34901 35078 34945 34989 35033
35079 35219 35114 35149 35184
35220 35577 35309 35398 35487
35578 35740 35618 35658 35698
35741 35878 35775 35809 35843
35879 35933 35892 35905 35918
35934 35998 35950 35966 35982
35999 36168 36041 36083 36125
36169 36247 36188 36207 36226
36248 36439 36295 36342 36389
36440 36494 36453 36466 36479
36495 36540 36506 36517 36528
36541 36587 36552 36563 36574
36588 36632 36599 36610 36621
36633 36682 36645 36657 36669
36683 36753 36700 36717 36734
36754 36923 36796 36838 36880
36924 36943 36928 36932 36936
36944 37149 36995 37046 37097
37150 37189 37159 37168 37177
37190 37244 37203 37216 37229
37245 37352 37271 37297 37323
37353 37835 37473 37593 37713
37836 38455 37990 38144 38298
38456 38660 38507 38558 38609
38661 39042 38756 38851 38946
39043 39782 39227 39411 39595
39783 40052 39850 39917 39984
40053 40199 40089 40125 40161
40200 40277 40219 40238 40257
40278 40307 40285 40292 40299
40308 40343 40316 40324 40332
40344 40390 40355 40366 40377
40391 40425 40399 40407 40415
40426 40469 40436 40446 40456
40470 40503 40478 40486 40494
40504 40531 40510 40516 40522
40532 40586 40545 40558 40571
40587 40634 40598 40609 40620
40635 40803 40677 40719 40761
40804 41117 40882 40960 41038
41118 41248 41150 41182 41214
41249 41303 41262 41275 41288
41304 41353 41316 41328 41340
41354 41426 41372 41390 41408
41427 41476 41439 41451 41463
41477 41557 41497 41517 41537
41558 41760 41608 41658 41708
41761 41825 41777 41793 41809
41826 41921 41849 41872 41895
41922 42003 41942 41962 41982
42004 42032 42011 42018 42025
42033 42068 42041 42049 42057
42069 42110 42079 42089 42099
42111 42159 42123 42135 42147
42160 42256 42184 42208 42232
42257 42305 42269 42281 42293
42306 42346 42316 42326 42336
42347 42394 42358 42369 42380
42395 42474 42414 42433 42452
42475 42618 42510 42545 42580
42619 42665 42630 42641 42652
42666 42730 42682 42698 42714
42731 44161 43088 43445 43802
44162 44372 44214 44266 44318
44373 45196 44529 44685 45147
45197 45238 45207 45217 45227
45239 45458 45293 45347 45401
45459 45529 45476 45493 45510
45530 45639 45557 45584 45611
45640 45683 45650 45660 45670
45684 46518 45892 46100 46308
46519 47291 46712 46905 47098
47292 47886 47440 47588 47736
47887 48060 47930 47973 48016
48061 48184 48091 48121 48151
48185 48373 48232 48279 48326
48374 48697 48454 48534 48614
48698 48915 48752 48806 48860
48916 49680 49107 49298 49489
49681 49757 49700 49719 49738
49758 49887 49790 49822 49854
49888 50015 49919 49950 49981
50016 50621 50167 50318 50469
50622 50894 50690 50758 50826
50895 50983 50917 50939 50961
50984 51034 50996 51008 51020
51035 51125 51057 51079 51101
51126 51280 51164 51202 51240
51281 51491 51333 51385 51437
51492 51580 51514 51536 51558
51581 51620 51590 51599 51608
51621 51684 51636 51651 51666
51685 51817 51718 51751 51784
51818 51902 51839 51860 51881
51903 52044 51938 51973 52008
52045 52075 52052 52059 52066
52076 52290 52129 52182 52235
52291 52443 52329 52367 52405
52444 52526 52464 52484 52504
52527 52637 52554 52581 52608
52638 52709 52655 52672 52689
52710 52781 52727 52744 52761
52782 52853 52799 52816 52833
52854 53099 52915 52976 53037
53100 53266 53141 53182 53223
53267 53340 53285 53303 53321
53341 53450 53368 53395 53422
53451 53538 53472 53493 53514
53539 53585 53550 53561 53572
53586 53648 53601 53616 53631
53649 54117 53766 53883 54000
54118 54508 54215 54312 54409
54509 54545 54518 54527 54536
54546 54698 54584 54622 54660
54699 55271 54842 54985 55128
55272 55802 55404 55536 55668
55803 55918 55831 55859 55887
55919 56000 55939 55959 55979
56001 56095 56024 56047 56070
56096 56311 56149 56202 56255
56312 56357 56323 56334 56345
56358 56545 56404 56450 56496
56546 56582 56555 56564 56573
56583 56631 56595 56607 56619
56632 56714 56652 56672 56692
56715 56773 56729 56743 56757
56774 56808 56782 56790 56798
56809 56879 56826 56843 56860
56880 56934 56893 56906 56919
56935 56993 56949 56963 56977
56994 57109 57022 57050 57078
57110 57166 57124 57138 57152
57167 57313 57203 57239 57275
57314 57399 57335 57356 57377
57400 57614 57453 57506 57559
57615 57790 57658 57701 57744
57791 58459 57958 58125 58292
58460 58611 58497 58534 58571
58612 58697 58633 58654 58675
58698 58801 58723 58748 58773
58802 58848 58813 58824 58835
58849 58966 58878 58907 58936
58967 59016 58979 58991 59003
59017 59067 59029 59041 59053
59068 59145 59087 59106 59125
59146 59274 59178 59210 59242
59275 59394 59304 59333 59362
59395 59560 59436 59477 59518
59561 59676 59589 59617 59645
59677 59718 59687 59697 59707
59719 59841 59749 59779 59809
59842 59884 59852 59862 59872
59885 59992 59911 59937 59963
59993 60042 59994 59995 60030
60043 60132 60065 60087 60109
60133 60321 60180 60227 60274
60322 60397 60340 60358 60376
60398 60514 60427 60456 60485
60515 60611 60539 60563 60587
60612 60714 60637 60662 60687
60715 60873 60754 60793 60832
60874 61186 60952 61030 61108
61187 61319 61220 61253 61286
61320 61488 61362 61404 61446
61489 61550 61504 61519 61534
61551 61725 61594 61637 61680
61726 61809 61746 61766 61786
61810 61914 61836 61862 61888
61915 62001 61936 61957 61978
62002 62065 62017 62032 62047
62066 62171 62092 62118 62144
62172 62278 62198 62224 62250
62279 62409 62311 62343 62375
62410 62465 62423 62436 62449
62466 62544 62485 62504 62523
62545 62607 62560 62575 62590
62608 62665 62622 62636 62650
62666 62720 62679 62692 62705
62721 62797 62740 62759 62778
62798 62849 62810 62822 62834
62850 62915 62866 62882 62898
62916 62953 62925 62934 62943
62954 63004 62966 62978 62990
63005 63049 63016 63027 63038
63050 63753 63225 63400 63575
63754 63923 63796 63838 63880
63924 64119 63972 64020 64068
64120 64592 64238 64356 64474
64593 64621 64600 64607 64614
64622 64675 64635 64648 64661
64676 64788 64704 64732 64760
64789 64898 64816 64843 64870
64899 65057 64938 64977 65016
65058 65191 65091 65124 65157
65192 65243 65204 65216 65228
65244 65307 65259 65274 65289
65308 66777 65675 66042 66409
66778 66880 66803 66828 66853
66881 67357 67000 67119 67238
67358 67609 67420 67482 67544
67610 67871 67675 67740 67805
67872 67983 67899 67926 67953
67984 68121 68018 68052 68086
68122 68288 68163 68204 68245
68289 69175 68510 68731 68952
69176 69233 69190 69204 69218
69234 69320 69255 69276 69297
69321 69408 69342 69363 69384
69409 69484 69427 69445 69463
69485 69591 69511 69537 69563
69592 69955 69682 69772 69862
69956 70084 69988 70020 70052
70085 70372 70156 70227 70298
70373 70390 70377 70381 70385
70391 70407 70395 70399 70403
70408 70462 70421 70434 70447
70463 70499 70472 70481 70490
70500 70572 70518 70536 70554
70573 70654 70593 70613 70633
70655 71409 70843 71031 71219
71410 71546 71444 71478 71512
71547 71699 71585 71623 71661
71700 71822 71730 71760 71790
71823 71862 71832 71841 71850
71863 71887 71869 71875 71881
71888 72005 71917 71946 71975
72006 72086 72026 72046 72066
72087 72121 72095 72103 72111
72122 72185 72137 72152 72167
72186 72242 72200 72214 72228
72243 72334 72265 72287 72309
72335 72483 72372 72409 72446
72484 72507 72489 72494 72499
72508 72659 72545 72582 72619
72660 72742 72680 72700 72720
72743 72792 72755 72767 72779
72793 73036 72853 72913 72973
73037 73161 73068 73099 73130
73162 73207 73173 73184 73195
73208 73257 73220 73232 73244
73258 73275 73262 73266 73270
73276 73362 73297 73318 73339
73363 73416 73376 73389 73402
73417 73476 73431 73445 73459
73477 73521 73488 73499 73510
73522 73552 73529 73536 73543
73553 73725 73596 73639 73682
73726 73930 73777 73828 73879
73931 74004 73949 73967 73985
74005 74085 74025 74045 74065
74086 74177 74108 74130 74152
74178 74460 74248 74318 74388
74461 74557 74485 74509 74533
74558 74864 74634 74710 74786
74865 74964 74889 74913 74937
74965 75028 74973 74981 75021
75029 75074 75040 75051 75062
75075 75144 75092 75109 75126
75145 75216 75162 75179 75196
75217 75560 75302 75387 75472
75561 76022 75676 75791 75906
76023 76463 76133 76243 76353
76464 76599 76497 76530 76563
76600 76617 76604 76608 76612
76618 76701 76638 76658 76678
76702 76752 76714 76726 76738
76753 76892 76787 76821 76855
76893 76964 76910 76927 76944
76965 77894 77197 77429 77661
77895 78016 77925 77955 77985
78017 78234 78071 78125 78179
78235 78346 78262 78289 78316
78347 78432 78368 78389 78410
78433 78467 78441 78449 78457
78468 78543 78486 78504 78522
78544 78638 78567 78590 78613
78639 78701 78654 78669 78684
78702 78970 78769 78836 78903
78971 79087 79000 79029 79058
79088 79213 79119 79150 79181
79214 79285 79231 79248 79265
79286 79412 79317 79348 79379
79413 79494 79433 79453 79473
79495 79621 79526 79557 79588
79622 79756 79655 79688 79721
79757 79846 79779 79801 79823
79847 80199 79935 80023 80111
80200 80246 80211 80222 80233
80247 80361 80275 80303 80331
80362 80532 80404 80446 80488
80533 80709 80577 80621 80665
80710 80771 80725 80740 80755
80772 80917 80808 80844 80880
80918 80956 80927 80936 80945
80957 81074 80986 81015 81044
81075 81154 81094 81113 81132
81155 81265 81182 81209 81236
81266 81368 81291 81316 81341
81369 81665 81443 81517 81591
81666 81757 81688 81710 81732
81758 81892 81791 81824 81857
81893 81978 81914 81935 81956
81979 82246 82045 82111 82177
82247 82431 82293 82339 82385
82432 82656 82488 82544 82600
82657 82836 82701 82745 82789
82837 82978 82872 82907 82942
82979 83189 83031 83083 83135
83190 83429 83249 83308 83367
83430 83507 83449 83468 83487
83508 83560 83521 83534 83547
83561 83705 83597 83633 83669
83706 83818 83734 83762 83790
83819 83836 83823 83827 83831
83837 83938 83862 83887 83912
83939 83998 83953 83967 83981
83999 84098 84023 84047 84071
84099 84158 84113 84127 84141
84159 84181 84164 84169 84174
84182 84232 84194 84206 84218
84233 84352 84262 84291 84320
84353 84490 84387 84421 84455
84491 84629 84525 84559 84593
84630 84746 84659 84688 84717
84747 84887 84782 84817 84852
84888 85012 84919 84950 84981
85013 85140 85044 85075 85106
85141 85388 85202 85263 85324
85389 85455 85405 85421 85437
85456 85572 85485 85514 85543
85573 85625 85586 85599 85612
85626 85726 85651 85676 85701
85727 85836 85754 85781 85808
85837 85932 85860 85883 85906
85933 86199 85999 86065 86131
86200 86846 86361 86522 86683
86847 86971 86878 86909 86940
86972 87121 87009 87046 87083
87122 87212 87144 87166 87188
87213 87308 87236 87259 87282
87309 87410 87334 87359 87384
87411 87617 87462 87513 87564
87618 87685 87634 87650 87666
87686 87818 87719 87752 87785
87819 87918 87843 87867 87891
87919 88094 87962 88005 88048
88095 88167 88113 88131 88149
88168 88267 88192 88216 88240
88268 88443 88311 88354 88397
88444 88492 88456 88468 88480
88493 88797 88569 88645 88721
88798 88835 88807 88816 88825
88836 88876 88846 88856 88866
88877 88935 88891 88905 88919
88936 89053 88965 88994 89023
89054 89137 89074 89094 89114
89138 89599 89253 89368 89483
89600 89729 89632 89664 89696
89730 90367 89797 89864 90273
90368 90495 90399 90430 90461
90496 90677 90541 90586 90631
90678 90829 90715 90752 90789
90830 90866 90839 90848 90857
90867 90916 90879 90891 90903
90917 90968 90929 90941 90953
90969 91031 90984 90999 91014
91032 91279 91093 91154 91215
91280 91384 91306 91332 91358
91385 91449 91401 91417 91433
91450 91513 91465 91480 91495
91514 91559 91525 91536 91547
91560 91659 91584 91608 91632
91660 91708 91672 91684 91696
91709 91903 91757 91805 91853
91904 91951 91915 91926 91937
91952 92008 91966 91980 91994
92009 92079 92026 92043 92060
92080 92644 92221 92362 92503
92645 93107 92760 92875 92990
93108 93173 93124 93140 93156
93174 93246 93192 93210 93228
93247 93335 93269 93291 93313
93336 93621 93407 93478 93549
93622 94128 93748 93874 94000
94129 94252 94159 94189 94219
94253 95201 94490 94727 94964
95202 95716 95330 95458 95586
95717 95850 95750 95783 95816
95851 95911 95866 95881 95896
95912 96043 95944 95976 96008
96044 96137 96067 96090 96113
96138 96502 96229 96320 96411
96503 96611 96530 96557 96584
96612 96707 96635 96658 96681
96708 96858 96745 96782 96819
96859 97050 96906 96953 97000
97051 97172 97081 97111 97141
97173 97225 97186 97199 97212
97226 97334 97253 97280 97307
97335 97418 97355 97375 97395
97419 97659 97479 97539 97599
97660 97766 97686 97712 97738
97767 98033 97833 97899 97965
98034 98119 98055 98076 98097
98120 98277 98159 98198 98237
98278 98346 98295 98312 98329
98347 98433 98368 98389 98410
98434 99886 98797 99160 99523
99887 100391 100013 100139 100265
100392 100509 100421 100450 100479
100510 100589 100529 100548 100567
100590 100652 100605 100620 100635
100653 100718 100669 100685 100701
100719 100762 100729 100739 100749
100763 100925 100803 100843 100883
100926 101089 100966 101006 101046
101090 101164 101108 101126 101144
101165 101226 101180 101195 101210
101227 101376 101264 101301 101338
101377 101477 101402 101427 101452
101478 101511 101486 101494 101502
101512 101543 101519 101526 101533
101544 101601 101558 101572 101586
101602 101619 101606 101610 101614
101620 101734 101648 101676 101704
101735 101774 101744 101753 101762
101775 101852 101794 101813 101832
101853 101916 101868 101883 101898
101917 101993 101936 101955 101974
101994 102093 102018 102042 102066
102094 102217 102124 102154 102184
102218 102255 102227 102236 102245
102256 102573 102335 102414 102493
102574 102633 102588 102602 102616
102634 102676 102644 102654 102664
102677 102774 102701 102725 102749
102775 102898 102805 102835 102865
102899 102979 102919 102939 102959
102980 103102 103010 103040 103070
103103 103191 103125 103147 103169
103192 103319 103223 103254 103285
103320 103471 103357 103394 103431
103472 103525 103485 103498 103511
103526 103549 103531 103536 103541
103550 103568 103554 103558 103562
103569 103693 103600 103631 103662
103694 104230 103828 103962 104096
104231 104342 104258 104285 104312
104343 104487 104379 104415 104451
104488 104561 104506 104524 104542
104562 105118 104671 104780 105087
105119 105265 105155 105191 105227
105266 105290 105272 105278 105284
105291 105407 105320 105349 105378
105408 105966 105547 105686 105825
105967 106027 105982 105997 106012
106028 106088 106043 106058 106073
106089 106402 106167 106245 106323
106403 106527 106434 106465 106496
106528 106607 106547 106566 106585
106608 106958 106695 106782 106869
106959 107368 107061 107163 107265
107369 107509 107404 107439 107474
107510 107814 107586 107662 107738
107815 108208 107913 108011 108109
108209 108332 108239 108269 108299
108333 108400 108349 108365 108381
108401 108656 108464 108527 108590
108657 108745 108679 108701 108723
108746 108812 108762 108778 108794
108813 108883 108830 108847 108864
108884 108942 108898 108912 108926
108943 109006 108958 108973 108988
109007 109095 109029 109051 109073
109096 109170 109114 109132 109150
109171 109224 109184 109197 109210
109225 109401 109269 109313 109357
109402 109457 109415 109428 109441
109458 109579 109488 109518 109548
109580 109665 109601 109622 109643
109666 109742 109685 109704 109723
109743 109876 109776 109809 109842
109877 110006 109909 109941 109973
110007 110185 110051 110095 110139
110186 110966 110381 110576 110771
110967 111062 110990 111013 111036
111063 111096 111071 111079 111087
111097 111276 111141 111185 111229
111277 111447 111319 111361 111403
111448 112057 111600 111752 111904
112058 112365 112134 112210 112286
112366 112882 112495 112624 112753
112883 112995 112911 112939 112967
112996 113223 113052 113108 113164
113224 113356 113257 113290 113323
113357 113441 113378 113399 113420
113442 113515 113460 113478 113496
113516 113603 113537 113558 113579
113604 113765 113644 113684 113724
113766 113885 113795 113824 113853
113886 114048 113926 113966 114006
114049 114221 114092 114135 114178
114222 114328 114248 114274 114300
114329 114537 114381 114433 114485
114538 114638 114563 114588 114613
114639 114688 114651 114663 114675
114689 115768 114958 115227 115496
115769 116650 115989 116209 116429
116651 116727 116670 116689 116708
116728 116801 116746 116764 116782
116802 116890 116824 116846 116868
116891 118087 117190 117489 117788
118088 118224 118122 118156 118190
118225 118289 118241 118257 118273
118290 118502 118343 118396 118449
118503 118519 118507 118511 118515
118520 118579 118534 118548 118562
118580 118727 118616 118652 118688
118728 118775 118739 118750 118761
118776 118804 118783 118790 118797
118805 118825 118810 118815 118820
118826 118857 118833 118840 118847
118858 118934 118877 118896 118915
118935 118953 118939 118943 118947
118954 118980 118960 118966 118972
118981 119077 119005 119029 119053
119078 119114 119087 119096 119105
119115 119267 119153 119191 119229
119268 119300 119276 119284 119292
119301 119527 119357 119413 119469
119528 119677 119565 119602 119639
119678 120105 119758 119838 120078
120106 120201 120129 120152 120175
120202 120785 120347 120492 120637
120786 121313 120917 121048 121179
121314 121383 121331 121348 121365
121384 121450 121400 121416 121432
121451 121524 121469 121487 121505
121525 121817 121598 121671 121744
121818 121869 121830 121842 121854
121870 121942 121888 121906 121924
121943 122092 121980 122017 122054
122093 122176 122113 122133 122153
122177 122339 122217 122257 122297
122340 122513 122383 122426 122469
122514 122535 122519 122524 122529
122536 122605 122553 122570 122587
122606 122702 122630 122654 122678
122703 123909 123004 123305 123606
123910 124203 123983 124056 124129
124204 124532 124286 124368 124450
124533 124833 124608 124683 124758
124834 125279 124945 125056 125167
125280 125485 125331 125382 125433
125486 126212 125667 125848 126029
126213 126301 126235 126257 126279
126302 126391 126324 126346 126368
126392 126529 126426 126460 126494
126530 126589 126544 126558 126572
126590 126786 126639 126688 126737
126787 126828 126797 126807 126817
126829 126871 126839 126849 126859
126872 126963 126894 126916 126938
126964 127104 126999 127034 127069
127105 127270 127146 127187 127228
127271 127347 127290 127309 127328
127348 127425 127367 127386 127405
127426 127565 127460 127494 127528
127566 127661 127589 127612 127635
127662 133389 129093 130524 131955
133390 133670 133460 133530 133600
133671 133823 133709 133747 133785
