0 259 64 128 192
260 1389 542 824 1106
1390 1498 1417 1444 1471
1499 1769 1566 1633 1700
1770 2009 1829 1888 1947
2010 2280 2077 2144 2211
2281 2776 2404 2527 2650
2777 3035 2841 2905 2969
3036 3487 3148 3260 3372
3488 3511 3493 3498 3503
3512 4519 3763 4014 4265
4520 4616 4544 4568 4592
4617 4703 4638 4659 4680
4704 4756 4717 4730 4743
4757 4859 4782 4807 4832
4860 5093 4918 4976 5034
5094 5152 5108 5122 5136
5153 5341 5200 5247 5294
5342 5450 5369 5396 5423
5451 5540 5473 5495 5517
5541 5558 5545 5549 5553
5559 5744 5605 5651 5697
5745 5791 5756 5767 5778
5792 5827 5800 5808 5816
5828 5878 5840 5852 5864
5879 6042 5919 5959 5999
6043 6074 6050 6057 6064
6075 6102 6081 6087 6093
6103 6122 6107 6111 6115
6123 6201 6142 6161 6180
6202 6231 6209 6216 6223
6232 6268 6241 6250 6259
6269 6753 6390 6511 6632
6754 7362 6906 7058 7210
7363 8127 7554 7745 7936
8128 8162 8136 8144 8152
8163 8198 8171 8179 8187
8199 8667 8316 8433 8550
8668 8747 8687 8706 8725
8748 9361 8901 9054 9207
9362 9588 9418 9474 9530
9589 9773 9635 9681 9727
9774 9983 9826 9878 9930
9984 10284 10059 10134 10209
10285 10325 10295 10305 10315
10326 10369 10336 10346 10356
10370 10410 10380 10390 10400
10411 10477 10427 10443 10459
10478 10569 10500 10522 10544
10570 10941 10662 10754 10846
10942 11309 11033 11124 11215
11310 11415 11336 11362 11388
11416 11498 11436 11456 11476
11499 12169 11666 11833 12000
12170 12279 12197 12224 12251
12280 12334 12293 12306 12319
12335 12387 12348 12361 12374
12388 12491 12413 12438 12463
12492 12561 12509 12526 12543
12562 12626 12578 12594 12610
12627 12702 12645 12663 12681
12703 12764 12718 12733 12748
12765 12820 12778 12791 12804
12821 12925 12847 12873 12899
12926 12999 12944 12962 12980
13000 13191 13047 13094 13141
13192 13291 13216 13240 13264
13292 13447 13330 13368 13406
13448 13479 13455 13462 13469
13480 13597 13509 13538 13567
13598 13641 13608 13618 13628
13642 13718 13661 13680 13699
13719 13839 13749 13779 13809
13840 13944 13866 13892 13918
13945 14124 13989 14033 14077
14125 14311 14171 14217 14263
14312 14696 14408 14504 14600
14697 15056 14772 14847 15042
15057 15228 15099 15141 15183
15229 15315 15250 15271 15292
15316 15483 15357 15398 15439
15484 15548 15500 15516 15532
15549 15717 15591 15633 15675
15718 15841 15748 15778 15808
15842 16027 15888 15934 15980
16028 16106 16047 16066 16085
16107 16163 16121 16135 16149
16164 16204 16174 16184 16194
16205 16233 16212 16219 16226
16234 16275 16244 16254 16264
16276 16357 16296 16316 16336
16358 16403 16369 16380 16391
16404 16488 16425 16446 16467
16489 16610 16519 16549 16579
16611 16702 16633 16655 16677
16703 16769 16719 16735 16751
16770 16851 16790 16810 16830
16852 16897 16863 16874 16885
16898 16986 16920 16942 16964
16987 17188 17037 17087 17137
17189 17243 17202 17215 17228
17244 17354 17271 17298 17325
17355 17431 17374 17393 17412
17432 17481 17444 17456 17468
17482 17546 17498 17514 17530
17547 17607 17562 17577 17592
17608 17665 17622 17636 17650
17666 17770 17692 17718 17744
17771 17842 17788 17805 17822
17843 17954 17870 17897 17924
17955 18000 17966 17977 17988
18001 18162 18041 18081 18121
18163 18199 18172 18181 18190
18200 18251 18212 18224 18236
18252 18345 18275 18298 18321
18346 18398 18359 18372 18385
18399 18457 18413 18427 18441
18458 18566 18485 18512 18539
18567 19010 18677 18787 18897
19011 19178 19052 19093 19134
19179 19307 19211 19243 19275
19308 19814 19434 19560 19686
19815 20092 19884 19953 20022
20093 20265 20136 20179 20222
20266 20349 20286 20306 20326
20350 20443 20373 20396 20419
20444 20551 20470 20496 20522
20552 20726 20595 20638 20681
20727 20813 20748 20769 20790
20814 20868 20827 20840 20853
20869 20940 20886 20903 20920
20941 21035 20964 20987 21010
21036 21095 21050 21064 21078
21096 21152 21110 21124 21138
21153 21231 21172 21191 21210
21232 21384 21270 21308 21346
21385 21448 21400 21415 21430
21449 21498 21461 21473 21485
21499 21541 21509 21519 21529
21542 21756 21595 21648 21701
21757 21939 21802 21847 21892
21940 22026 21961 21982 22003
22027 22248 22082 22137 22192
22249 22365 22278 22307 22336
22366 22460 22389 22412 22435
22461 23311 22673 22885 23097
23312 23389 23331 23350 23369
23390 23477 23411 23432 23453
23478 23553 23496 23514 23532
23554 23607 23567 23580 23593
23608 23659 23620 23632 23644
23660 23711 23672 23684 23696
23712 23810 23736 23760 23784
23811 23984 23854 23897 23940
23985 24074 24007 24029 24051
24075 24310 24133 24191 24249
24311 24429 24340 24369 24398
24430 24543 24458 24486 24514
24544 24705 24584 24624 24664
24706 24777 24723 24740 24757
24778 24877 24802 24826 24850
24878 24997 24907 24936 24965
24998 25144 25034 25070 25106
25145 25483 25229 25313 25397
25484 25589 25510 25536 25562
25590 25662 25608 25626 25644
25663 26182 25792 25921 26050
26183 26277 26206 26229 26252
26278 26322 26289 26300 26311
26323 26459 26357 26391 26425
26460 26613 26498 26536 26574
26614 26695 26634 26654 26674
26696 26852 26735 26774 26813
26853 26942 26875 26897 26919
26943 26998 26956 26969 26982
26999 27134 27032 27065 27098
27135 27281 27171 27207 27243
27282 27317 27290 27298 27306
27318 27353 27326 27334 27342
27354 27416 27369 27384 27399
27417 27484 27433 27449 27465
27485 27594 27512 27539 27566
27595 27687 27618 27641 27664
27688 27748 27703 27718 27733
27749 28140 27846 27943 28040
28141 28221 28161 28181 28201
28222 28361 28256 28290 28324
28362 28453 28384 28406 28428
28454 28729 28522 28590 28658
28730 29744 28983 29236 29489
29745 29798 29758 29771 29784
29799 29928 29831 29863 29895
29929 30086 29946 29963 30063
30087 30233 30123 30159 30195
30234 30477 30294 30354 30414
30478 30825 30564 30650 30736
30826 30918 30849 30872 30895
30919 30967 30931 30943 30955
30968 31042 30986 31004 31022
31043 31182 31077 31111 31145
31183 31274 31205 31227 31249
31275 31617 31360 31445 31530
31618 31805 31664 31710 31756
31806 31902 31830 31854 31878
31903 31945 31913 31923 31933
31946 32048 31971 31996 32021
32049 32083 32057 32065 32073
32084 32176 32107 32130 32153
32177 32249 32195 32213 32231
32250 32344 32273 32296 32319
32345 32386 32355 32365 32375
32387 32551 32428 32469 32510
32552 32594 32562 32572 32582
32595 32685 32617 32639 32661
32686 32769 32706 32726 32746
32770 32868 32794 32818 32842
32869 32968 32893 32917 32941
32969 33127 33008 33047 33086
33128 33181 33141 33154 33167
33182 33311 33214 33246 33278
33312 33389 33331 33350 33369
33390 33511 33420 33450 33480
33512 33660 33549 33586 33623
33661 33719 33675 33689 33703
33720 33771 33732 33744 33756
33772 33803 33779 33786 33793
33804 33917 33832 33860 33888
33918 34006 33940 33962 33984
34007 34068 34022 34037 34052
34069 34141 34087 34105 34123
34142 34259 34171 34200 34229
34260 34347 34281 34302 34323
34348 34435 34369 34390 34411
34436 34651 34489 34542 34595
34652 34775 34682 34712 34742
34776 34830 34789 34802 34815
34831 34895 34847 34863 34879
34896 34975 34915 34934 34953
34976 35051 34994 35012 35030
35052 35462 35154 35256 35358
35463 35518 35476 35489 35502
35519 35663 35555 35591 35627
35664 35710 35675 35686 35697
35711 35851 35746 35781 35816
35852 35907 35865 35878 35891
35908 36025 35937 35966 35995
36026 36105 36045 36064 36083
36106 36133 36112 36118 36124
36134 36234 36159 36184 36209
36235 36359 36266 36297 36328
36360 36459 36384 36408 36432
36460 36502 36470 36480 36490
36503 36564 36518 36533 36548
36565 36618 36578 36591 36604
36619 36859 36679 36739 36799
36860 37119 36924 36988 37052
37120 37275 37158 37196 37234
37276 37375 37300 37324 37348
37376 37576 37426 37476 37526
37577 37689 37605 37633 37661
37690 37803 37718 37746 37774
37804 37838 37812 37820 37828
37839 38031 37887 37935 37983
38032 38135 38057 38082 38107
38136 38248 38164 38192 38220
38249 38312 38264 38279 38294
38313 38401 38335 38357 38379
38402 38451 38414 38426 38438
38452 38572 38482 38512 38542
38573 38642 38590 38607 38624
38643 38880 38702 38761 38820
38881 38965 38902 38923 38944
38966 39017 38978 38990 39002
39018 39058 39028 39038 39048
39059 39107 39071 39083 39095
39108 39270 39148 39188 39228
39271 39458 39317 39363 39409
39459 39560 39484 39509 39534
39561 39622 39576 39591 39606
39623 39711 39645 39667 39689
39712 39777 39728 39744 39760
39778 39826 39790 39802 39814
39827 39855 39834 39841 39848
39856 39896 39866 39876 39886
39897 39968 39914 39931 39948
39969 40157 40016 40063 40110
40158 40272 40186 40214 40242
40273 40389 40302 40331 40360
40390 40553 40430 40470 40510
40554 40616 40569 40584 40599
40617 40685 40634 40651 40668
40686 40724 40695 40704 40713
40725 40782 40739 40753 40767
40783 40912 40815 40847 40879
40913 40984 40930 40947 40964
40985 41100 41013 41041 41069
41101 41141 41111 41121 41131
41142 41198 41156 41170 41184
41199 41256 41213 41227 41241
41257 41339 41277 41297 41317
41340 41395 41353 41366 41379
41396 41435 41405 41414 41423
41436 41502 41452 41468 41484
41503 41617 41531 41559 41587
41618 41715 41642 41666 41690
41716 41948 41774 41832 41890
41949 42076 41980 42011 42042
42077 42189 42105 42133 42161
42190 42259 42207 42224 42241
42260 42324 42276 42292 42308
42325 42402 42344 42363 42382
42403 42506 42428 42453 42478
42507 42551 42518 42529 42540
42552 42755 42602 42652 42702
42756 43384 42913 43070 43227
43385 43428 43395 43405 43415
43429 43561 43462 43495 43528
43562 44089 43693 43824 43955
44090 44181 44112 44134 44156
44182 44214 44190 44198 44206
44215 44389 44258 44301 44344
44390 44448 44404 44418 44432
44449 44586 44483 44517 44551
44587 44713 44618 44649 44680
44714 44838 44745 44776 44807
44839 44929 44861 44883 44905
44930 45046 44947 44964 45033
45047 45190 45082 45117 45152
45191 45308 45220 45249 45278
45309 45416 45335 45361 45387
45417 45621 45468 45519 45570
45622 45720 45646 45670 45694
45721 45884 45761 45801 45841
45885 46025 45920 45955 45990
46026 46154 46058 46090 46122
46155 46190 46163 46171 46179
46191 46208 46195 46199 46203
46209 46317 46236 46263 46290
46318 46378 46333 46348 46363
46379 46477 46403 46427 46451
46478 46992 46606 46734 46862
46993 47058 47009 47025 47041
47059 47260 47109 47159 47209
47261 47765 47387 47513 47639
47766 47861 47789 47812 47835
47862 47989 47893 47924 47955
47990 48159 48032 48074 48116
48160 48284 48191 48222 48253
48285 48443 48324 48363 48402
48444 48571 48475 48506 48537
48572 48680 48599 48626 48653
48681 48718 48690 48699 48708
48719 48780 48734 48749 48764
48781 48816 48789 48797 48805
48817 48934 48846 48875 48904
48935 49190 48998 49061 49124
49191 49259 49208 49225 49242
49260 49480 49315 49370 49425
49481 49594 49509 49537 49565
49595 49691 49619 49643 49667
49692 49736 49703 49714 49725
49737 49800 49752 49767 49782
49801 49843 49811 49821 49831
49844 49980 49878 49912 49946
49981 50047 49997 50013 50029
50048 50067 50052 50056 50060
50068 50303 50126 50184 50242
50304 50330 50310 50316 50322
50331 50438 50357 50383 50409
50439 50872 50547 50655 50763
50873 50920 50884 50895 50906
50921 51140 50975 51029 51083
51141 51186 51152 51163 51174
51187 51345 51226 51265 51304
51346 51483 51380 51414 51448
51484 51526 51494 51504 51514
51527 51832 51603 51679 51755
51833 52099 51899 51965 52031
52100 52281 52145 52190 52235
52282 52364 52302 52322 52342
52365 52831 52481 52597 52713
52832 52928 52856 52880 52904
52929 53036 52955 52981 53007
53037 53088 53049 53061 53073
53089 53145 53103 53117 53131
53146 53219 53164 53182 53200
53220 53336 53249 53278 53307
53337 53387 53349 53361 53373
53388 53460 53406 53424 53442
53461 53488 53467 53473 53479
53489 53518 53496 53503 53510
53519 53624 53545 53571 53597
53625 54209 53771 53917 54063
54210 54545 54293 54376 54459
54546 54992 54657 54768 54879
54993 55183 55040 55087 55134
55184 55280 55208 55232 55256
55281 55481 55331 55381 55431
55482 55623 55517 55552 55587
55624 55682 55638 55652 55666
55683 56155 55801 55919 56037
56156 57408 56469 56782 57095
57409 57488 57428 57447 57466
57489 57616 57520 57551 57582
57617 57786 57659 57701 57743
57787 57977 57834 57881 57928
57978 58218 58038 58098 58158
58219 58241 58224 58229 58234
58242 58666 58348 58454 58560
58667 58720 58680 58693 58706
58721 58848 58752 58783 58814
58849 58950 58874 58899 58924
58951 59073 58981 59011 59041
59074 59223 59111 59148 59185
59224 59304 59244 59264 59284
59305 59354 59317 59329 59341
59355 59504 59392 59429 59466
59505 59548 59515 59525 59535
59549 59675 59580 59611 59642
59676 59725 59688 59700 59712
59726 59810 59747 59768 59789
59811 59828 59815 59819 59823
59829 59868 59838 59847 59856
59869 59892 59874 59879 59884
59893 60006 59919 59945 60003
60007 60089 60027 60047 60067
60090 60278 60137 60184 60231
60279 60402 60309 60339 60369
60403 60521 60432 60461 60490
60522 60633 60549 60576 60603
60634 60742 60661 60688 60715
60743 60784 60753 60763 60773
60785 60900 60813 60841 60869
60901 60982 60921 60941 60961
60983 61043 60998 61013 61028
61044 61158 61072 61100 61128
61159 61286 61190 61221 61252
61287 61419 61320 61353 61386
61420 61553 61453 61486 61519
61554 61646 61577 61600 61623
61647 61867 61702 61757 61812
61868 61930 61883 61898 61913
61931 61997 61947 61963 61979
61998 62019 62003 62008 62013
62020 62037 62024 62028 62032
62038 62248 62090 62142 62194
62249 62418 62291 62333 62375
62419 62582 62459 62499 62539
62583 62679 62607 62631 62655
62680 62807 62711 62742 62773
62808 62852 62819 62830 62841
62853 62951 62877 62901 62925
62952 63013 62967 62982 62997
63014 63129 63042 63070 63098
63130 63185 63143 63156 63169
63186 63274 63208 63230 63252
63275 63313 63284 63293 63302
63314 63339 63320 63326 63332
63340 63369 63347 63354 63361
63370 63398 63377 63384 63391
63399 63529 63431 63463 63495
63530 63672 63565 63600 63635
63673 64069 63772 63871 63970
64070 64173 64095 64120 64145
64174 64340 64215 64256 64297
64341 64427 64362 64383 64404
64428 64553 64459 64490 64521
64554 64642 64576 64598 64620
64643 64725 64663 64683 64703
64726 64793 64742 64758 64774
64794 64925 64826 64858 64890
64926 64993 64942 64958 64974
64994 65167 65037 65080 65123
65168 65246 65187 65206 65225
65247 65336 65269 65291 65313
65337 65380 65347 65357 65367
65381 65443 65396 65411 65426
65444 65565 65474 65504 65534
65566 65646 65586 65606 65626
65647 65737 65669 65691 65713
65738 65822 65759 65780 65801
65823 65929 65849 65875 65901
65930 66379 66042 66154 66266
66380 66555 66423 66466 66509
66556 66816 66621 66686 66751
66817 66905 66839 66861 66883
66906 67021 66934 66962 66990
67022 67097 67040 67058 67076
67098 67179 67118 67138 67158
67180 67326 67216 67252 67288
67327 67552 67383 67439 67495
67553 67625 67571 67589 67607
67626 67700 67644 67662 67680
67701 67859 67740 67779 67818
67860 67941 67880 67900 67920
67942 68023 67962 67982 68002
68024 68178 68062 68100 68138
68179 68231 68192 68205 68218
68232 68308 68251 68270 68289
68309 68393 68330 68351 68372
68394 68516 68424 68454 68484
68517 68838 68597 68677 68757
68839 68945 68865 68891 68917
68946 69017 68963 68980 68997
69018 69165 69054 69090 69126
69166 69238 69184 69202 69220
69239 69299 69254 69269 69284
69300 69401 69325 69350 69375
69402 69447 69413 69424 69435
69448 69593 69484 69520 69556
69594 69678 69615 69636 69657
69679 69853 69722 69765 69808
69854 69928 69872 69890 69908
69929 70110 69974 70019 70064
70111 70247 70145 70179 70213
70248 70467 70302 70356 70410
70468 70608 70503 70538 70573
70609 70882 70677 70745 70813
70883 71097 70936 70989 71042
71098 71306 71150 71202 71254
71307 71374 71323 71339 71355
71375 71486 71402 71429 71456
71487 71594 71513 71539 71565
71595 71827 71653 71711 71769
71828 71976 71865 71902 71939
71977 72248 72044 72111 72178
72249 72478 72306 72363 72420
72479 72627 72516 72553 72590
72628 72743 72656 72684 72712
72744 72776 72752 72760 72768
72777 72866 72799 72821 72843
72867 73011 72903 72939 72975
73012 73181 73054 73096 73138
73182 73200 73186 73190 73194
73201 73315 73229 73257 73285
73316 73391 73334 73352 73370
73392 73463 73409 73426 73443
73464 73547 73484 73504 73524
73548 73751 73598 73648 73698
73752 73825 73770 73788 73806
73826 73876 73838 73850 73862
73877 74152 73945 74013 74081
74153 74403 74215 74277 74339
74404 74431 74410 74416 74422
74432 74519 74453 74474 74495
74520 74547 74526 74532 74538
74548 74573 74554 74560 74566
74574 74729 74612 74650 74688
74730 74779 74742 74754 74766
74780 74807 74786 74792 74798
74808 74881 74826 74844 74862
74882 74917 74890 74898 74906
74918 74968 74930 74942 74954
74969 75133 74976 74983 75099
75134 75160 75140 75146 75152
75161 75203 75171 75181 75191
75204 75233 75211 75218 75225
75234 75255 75239 75244 75249
75256 75274 75260 75264 75268
75275 75291 75279 75283 75287
75292 75336 75303 75314 75325
75337 75375 75346 75355 75364
75376 75401 75382 75388 75394
75402 75462 75417 75432 75447
75463 75495 75471 75479 75487
75496 75785 75568 75640 75712
75786 75852 75802 75818 75834
75853 75925 75871 75889 75907
75926 76143 75980 76034 76088
76144 76206 76159 76174 76189
76207 76521 76285 76363 76441
76522 76591 76539 76556 76573
76592 76847 76655 76718 76781
76848 76907 76862 76876 76890
76908 77034 76939 76970 77001
77035 77303 77102 77169 77236
77304 77522 77358 77412 77466
77523 77572 77535 77547 77559
77573 77641 77590 77607 77624
77642 77727 77663 77684 77705
77728 77793 77744 77760 77776
77794 77859 77810 77826 77842
77860 77933 77878 77896 77914
77934 77963 77941 77948 77955
77964 78056 77987 78010 78033
78057 78123 78073 78089 78105
78124 78201 78143 78162 78181
78202 78397 78250 78298 78346
78398 78555 78437 78476 78515
78556 78605 78568 78580 78592
78606 78629 78611 78616 78621
78630 78697 78646 78662 78678
78698 78740 78708 78718 78728
78741 78833 78764 78787 78810
78834 78920 78855 78876 78897
78921 78993 78939 78957 78975
78994 79045 79006 79018 79030
79046 79109 79061 79076 79091
79110 79176 79126 79142 79158
79177 79215 79186 79195 79204
79216 79348 79249 79282 79315
79349 79542 79397 79445 79493
79543 79611 79560 79577 79594
79612 79697 79633 79654 79675
79698 79913 79751 79804 79857
79914 80043 79946 79978 80010
80044 80221 80088 80132 80176
80222 80786 80363 80504 80645
80787 80975 80834 80881 80928
80976 81102 81007 81038 81069
81103 81207 81129 81155 81181
81208 81350 81243 81278 81313
81351 81409 81365 81379 81393
81410 81444 81418 81426 81434
81445 81514 81462 81479 81496
81515 81550 81523 81531 81539
81551 81804 81614 81677 81740
81805 81936 81837 81869 81901
81937 82218 82007 82077 82147
82219 82314 82242 82265 82288
82315 82406 82337 82359 82381
82407 82523 82436 82465 82494
82524 82762 82583 82642 82701
82763 82871 82790 82817 82844
82872 82945 82890 82908 82926
82946 83024 82965 82984 83003
83025 83078 83038 83051 83064
83079 83328 83141 83203 83265
83329 83388 83343 83357 83371
83389 83558 83431 83473 83515
83559 83614 83572 83585 83598
83615 83671 83629 83643 83657
83672 83712 83682 83692 83702
83713 83755 83723 83733 83743
83756 83798 83766 83776 83786
83799 84037 83858 83917 83976
84038 84120 84058 84078 84098
84121 84200 84140 84159 84178
84201 84242 84211 84221 84231
84243 84294 84255 84267 84279
84295 84376 84315 84335 84355
84377 84443 84393 84409 84425
84444 84539 84467 84490 84513
84540 84610 84557 84574 84591
84611 84751 84646 84681 84716
84752 84846 84775 84798 84821
84847 84959 84875 84903 84931
84960 85009 84972 84984 84996
85010 85097 85031 85052 85073
85098 85190 85121 85144 85167
85191 85216 85197 85203 85209
85217 85263 85228 85239 85250
85264 85382 85293 85322 85351
85383 85523 85418 85453 85488
85524 85584 85539 85554 85569
85585 85768 85630 85675 85720
85769 85867 85793 85817 85841
85868 85977 85895 85922 85949
85978 86027 85990 86002 86014
86028 86057 86035 86042 86049
86058 86707 86220 86382 86544
86708 87027 86787 86866 86945
87028 87146 87057 87086 87115
87147 87354 87198 87249 87300
87355 87437 87375 87395 87415
87438 87602 87479 87520 87561
87603 87940 87687 87771 87855
87941 88014 87959 87977 87995
88015 88111 88039 88063 88087
88112 88228 88141 88170 88199
88229 88355 88260 88291 88322
88356 88631 88424 88492 88560
88632 88804 88675 88718 88761
88805 88974 88847 88889 88931
88975 89197 89030 89085 89140
89198 89280 89218 89238 89258
89281 89370 89303 89325 89347
89371 89621 89433 89495 89557
89622 89744 89652 89682 89712
89745 89858 89773 89801 89829
89859 89910 89871 89883 89895
89911 89976 89927 89943 89959
89977 90113 89982 89987 90084
90114 90690 90258 90402 90546
90691 90741 90703 90715 90727
90742 90829 90763 90784 90805
90830 90900 90847 90864 90881
90901 90987 90922 90943 90964
90988 91067 91007 91026 91045
91068 91140 91086 91104 91122
91141 91226 91162 91183 91204
91227 91261 91235 91243 91251
91262 91449 91308 91354 91400
91450 91918 91567 91684 91801
91919 92093 91962 92005 92048
92094 92187 92117 92140 92163
92188 92201 92191 92194 92197
92202 92266 92218 92234 92250
92267 92331 92283 92299 92315
92332 92375 92342 92352 92362
92376 92424 92388 92400 92412
92425 92507 92445 92465 92485
92508 92628 92538 92568 92598
92629 92690 92644 92659 92674
92691 92783 92714 92737 92760
92784 92872 92806 92828 92850
92873 92930 92887 92901 92915
92931 93715 93127 93323 93519
93716 93924 93768 93820 93872
93925 94184 93989 94053 94117
94185 94365 94230 94275 94320
94366 94409 94376 94386 94396
94410 94459 94422 94434 94446
94460 94545 94481 94502 94523
94546 94751 94597 94648 94699
94752 94995 94812 94872 94932
94996 95116 95026 95056 95086
95117 95235 95146 95175 95204
95236 95437 95286 95336 95386
95438 95499 95453 95468 95483
95500 95811 95577 95654 95731
95812 95945 95845 95878 95911
95946 96025 95965 95984 96003
96026 96307 96096 96166 96236
96308 96472 96349 96390 96431
96473 96816 96558 96643 96728
96817 96905 96839 96861 96883
96906 97012 96932 96958 96984
97013 97165 97051 97089 97127
97166 97293 97197 97228 97259
97294 97322 97301 97308 97315
97323 97390 97339 97355 97371
97391 97497 97417 97443 97469
97498 97607 97525 97552 97579
97608 97709 97633 97658 97683
97710 97922 97763 97816 97869
97923 97980 97937 97951 97965
97981 98062 98001 98021 98041
98063 98661 98212 98361 98510
98662 98768 98688 98714 98740
98769 98790 98774 98779 98784
98791 98833 98801 98811 98821
98834 98896 98849 98864 98879
98897 98998 98922 98947 98972
98999 99191 99047 99095 99143
99192 99305 99220 99248 99276
99306 99588 99376 99446 99516
99589 99674 99610 99631 99652
99675 99778 99700 99725 99750
99779 99833 99792 99805 99818
99834 100001 99875 99916 99957
100002 100024 100007 100012 100017
100025 100110 100046 100067 100088
100111 100168 100125 100139 100153
100169 100296 100200 100231 100262
100297 100337 100307 100317 100327
100338 100499 100378 100418 100458
100500 100516 100504 100508 100512
100517 100583 100533 100549 100565
100584 100748 100625 100666 100707
100749 100774 100755 100761 100767
100775 100901 100806 100837 100868
100902 101010 100929 100956 100983
101011 101044 101019 101027 101035
101045 101129 101066 101087 101108
101130 101208 101149 101168 101187
101209 101301 101232 101255 101278
101302 101367 101318 101334 101350
101368 101389 101373 101378 101383
101390 101466 101409 101428 101447
101467 101490 101472 101477 101482
101491 101509 101495 101499 101503
101510 101547 101519 101528 101537
101548 101615 101564 101580 101596
101616 101726 101643 101670 101697
101727 101777 101739 101751 101763
101778 101795 101782 101786 101790
101796 101826 101803 101810 101817
101827 102229 101927 102027 102127
102230 102315 102251 102272 102293
102316 102471 102354 102392 102430
102472 102491 102476 102480 102484
102492 102578 102513 102534 102555
102579 102657 102598 102617 102636
102658 102675 102662 102666 102670
102676 102702 102682 102688 102694
102703 102719 102707 102711 102715
102720 102942 102775 102830 102885
102943 103065 102973 103003 103033
103066 103227 103106 103146 103186
103228 103377 103265 103302 103339
103378 103718 103463 103548 103633
103719 103909 103766 103813 103860
103910 103993 103930 103950 103970
103994 104084 104016 104038 104060
104085 104164 104104 104123 104142
104165 104298 104198 104231 104264
104299 104421 104329 104359 104389
104422 104533 104449 104476 104503
104534 104603 104551 104568 104585
104604 104688 104625 104646 104667
104689 104899 104741 104793 104845
104900 104920 104905 104910 104915
104921 105070 104940 104959 105051
105071 105090 105075 105079 105083
105091 105137 105102 105113 105124
105138 105553 105241 105344 105447
105554 105758 105605 105656 105707
105759 105933 105802 105845 105888
105934 106093 105973 106012 106051
106094 106185 106116 106138 106160
106186 106307 106216 106246 106276
106308 106360 106321 106334 106347
106361 106503 106396 106431 106466
106504 106526 106509 106514 106519
106527 106546 106531 106535 106539
106547 106606 106561 106575 106589
106607 106676 106624 106641 106658
106677 106752 106695 106713 106731
106753 106770 106757 106761 106765
106771 106866 106794 106817 106840
106867 106967 106892 106917 106942
106968 107123 107006 107044 107082
107124 107144 107129 107134 107139
107145 107316 107187 107229 107271
107317 107361 107328 107339 107350
107362 107806 107473 107584 107695
107807 107859 107820 107833 107846
107860 107902 107870 107880 107890
107903 107951 107915 107927 107939
107952 108155 108002 108052 108102
108156 108289 108189 108222 108255
108290 108485 108338 108386 108434
108486 108530 108497 108508 108519
108531 108570 108540 108549 108558
108571 108596 108577 108583 108589
108597 108890 108670 108743 108816
108891 108943 108904 108917 108930
108944 109024 108964 108984 109004
109025 109473 109137 109249 109361
109474 109838 109565 109656 109747
109839 109922 109859 109879 109899
109923 110539 110077 110231 110385
110540 110558 110544 110548 110552
110559 110617 110573 110587 110601
110618 110671 110631 110644 110657
110672 110739 110688 110704 110720
110740 110830 110762 110784 110806
110831 110904 110849 110867 110885
110905 110943 110914 110923 110932
110944 111025 110964 110984 111004
111026 111095 111043 111060 111077
111096 111155 111110 111124 111138
111156 111307 111193 111230 111267
111308 111379 111325 111342 111359
111380 111567 111426 111472 111518
111568 112103 111701 111834 111967
112104 112495 112201 112298 112395
112496 112532 112505 112514 112523
112533 112550 112537 112541 112545
112551 112735 112597 112643 112689
112736 112965 112793 112850 112907
112966 113016 112978 112990 113002
113017 113064 113028 113039 113050
113065 113215 113102 113139 113176
113216 113300 113237 113258 113279
113301 113709 113403 113505 113607
113710 114112 113810 113910 114010
114113 114201 114135 114157 114179
114202 114363 114242 114282 114322
114364 114462 114388 114412 114436
114463 114588 114494 114525 114556
114589 114885 114663 114737 114811
114886 115205 114965 115044 115123
115206 115301 115229 115252 115275
115302 115389 115323 115344 115365
115390 116160 115582 115774 115966
116161 116645 116282 116403 116524
116646 116886 116706 116766 116826
116887 117141 116950 117013 117076
117142 117213 117159 117176 117193
117214 117292 117233 117252 117271
117293 117345 117306 117319 117332
117346 117615 117413 117480 117547
117616 118032 117720 117824 117928
118033 118109 118052 118071 118090
118110 118185 118128 118146 118164
118186 118288 118211 118236 118261
118289 118360 118306 118323 118340
118361 118415 118374 118387 118400
118416 118554 118450 118484 118518
118555 118693 118589 118623 118657
118694 118895 118744 118794 118844
118896 119138 118956 119016 119076
119139 119320 119184 119229 119274
119321 119349 119328 119335 119342
119350 119380 119357 119364 119371
119381 119441 119396 119411 119426
119442 119472 119449 119456 119463
119473 119515 119483 119493 119503
119516 119799 119586 119656 119726
119800 120022 119849 119898 120015
120023 120139 120052 120081 120110
120140 120435 120213 120286 120359
120436 120551 120464 120492 120520
120552 120662 120579 120606 120633
120663 121307 120824 120985 121146
121308 121380 121326 121344 121362
121381 121434 121394 121407 121420
121435 121594 121474 121513 121552
121595 121669 121613 121631 121649
121670 121757 121691 121712 121733
121758 121842 121779 121800 121821
121843 121919 121862 121881 121900
121920 121988 121937 121954 121971
121989 122026 121998 122007 122016
122027 122066 122036 122045 122054
122067 122171 122093 122119 122145
122172 122210 122181 122190 122199
122211 122233 122216 122221 122226
122234 122303 122251 122268 122285
122304 122596 122377 122450 122523
122597 122616 122601 122605 122609
122617 122732 122645 122673 122701
122733 122773 122743 122753 122763
122774 122858 122795 122816 122837
122859 122970 122886 122913 122940
122971 123006 122979 122987 122995
123007 123024 123011 123015 123019
123025 123044 123029 123033 123037
123045 123084 123054 123063 123072
123085 123101 123089 123093 123097
123102 123123 123107 123112 123117
123124 123159 123132 123140 123148
123160 123196 123169 123178 123187
123197 123246 123209 123221 123233
123247 123266 123251 123255 123259
123267 123284 123271 123275 123279
123285 123338 123298 123311 123324
123339 123373 123347 123355 123363
123374 123401 123380 123386 123392
123402 123440 123411 123420 123429
123441 123485 123452 123463 123474
123486 123525 123495 123504 123513
123526 123565 123535 123544 123553
123566 123604 123575 123584 123593
123605 123623 123609 123613 123617
123624 123672 123636 123648 123660
123673 123699 123679 123685 123691
123700 123732 123708 123716 123724
123733 123768 123741 123749 123757
123769 123826 123783 123797 123811
123827 123884 123841 123855 123869
123885 123922 123894 123903 123912
123923 123952 123930 123937 123944
123953 124025 123971 123989 124007
124026 124056 124033 124040 124047
124057 124095 124066 124075 124084
124096 124144 124108 124120 124132
124145 124182 124154 124163 124172
124183 124232 124195 124207 124219
124233 124313 124253 124273 124293
124314 124348 124322 124330 124338
124349 124370 124354 124359 124364
124371 124393 124376 124381 124386
124394 124424 124401 124408 124415
124425 124438 124428 124431 124434
124439 124452 124442 124445 124448
124453 124480 124459 124465 124471
124481 124506 124487 124493 124499
124507 124557 124519 124531 124543
124558 124574 124562 124566 124570
124575 124599 124581 124587 124593
124600 124617 124604 124608 124612
124618 124654 124627 124636 124645
124655 124689 124663 124671 124679
124690 124730 124700 124710 124720
124731 124770 124740 124749 124758
124771 124822 124783 124795 124807
124823 125018 124871 124919 124967
125019 125082 125034 125049 125064
125083 125140 125097 125111 125125
125141 125322 125186 125231 125276
125323 125430 125349 125375 125401
125431 125615 125477 125523 125569
125616 125779 125656 125696 125736
125780 125843 125795 125810 125825
125844 125890 125855 125866 125877
125891 127546 126304 126717 127130
127547 128214 127713 127879 128045
128215 128277 128230 128245 128260
128278 128322 128289 128300 128311
128323 128393 128340 128357 128374
128394 128504 128421 128448 128475
128505 128679 128548 128591 128634
128680 128878 128729 128778 128827
128879 129034 128917 128955 128993
129035 129108 129053 129071 129089
129109 129278 129151 129193 129235
129279 129438 129318 129357 129396
129439 130016 129583 129727 129871
130017 130081 130033 130049 130065
130082 130190 130109 130136 130163
130191 130203 130194 130197 130200
130204 130293 130226 130248 130270
130294 130382 130316 130338 130360
130383 130555 130426 130469 130512
130556 130684 130588 130620 130652
130685 131126 130795 130905 131015
131127 131254 131158 131189 131220
131255 131434 131299 131343 131387
131435 131520 131456 131477 131498
131521 133398 131990 132459 132928
133399 133559 133439 133479 133519
133560 133718 133599 133638 133677
133719 133880 133759 133799 133839
133881 133900 133885 133889 133893
133901 133920 133905 133909 133913
133921 133979 133935 133949 133963
133980 134354 134073 134166 134259
134355 134431 134374 134393 134412
134432 134620 134479 134526 134573
134621 134656 134629 134637 134645
134657 134699 134667 134677 134687
134700 134873 134743 134786 134829
134874 134892 134878 134882 134886
134893 135277 134919 134945 135207
135278 135316 135287 135296 135305
135317 135383 135333 135349 135365
135384 135472 135406 135428 135450
135473 135593 135503 135533 135563
135594 135649 135607 135620 135633
135650 135695 135661 135672 135683
135696 135777 135716 135736 135756
135778 135950 135821 135864 135907
135951 136091 135986 136021 136056
136092 136328 136151 136210 136269
136329 136440 136356 136383 136410
136441 136599 136480 136519 136558
136600 136738 136634 136668 136702
136739 136836 136763 136787 136811
136837 136938 136862 136887 136912
136939 137747 137141 137343 137545
137748 138619 137965 138182 138399
138620 138777 138659 138698 138737
138778 138901 138808 138838 138868
138902 138961 138916 138930 138944
138962 139256 139035 139108 139181
139257 139297 139267 139277 139287
139298 139351 139311 139324 139337
139352 139419 139368 139384 139400
139420 139482 139435 139450 139465
139483 139604 139513 139543 139573
139605 139855 139667 139729 139791
139856 140147 139928 140000 140072
140148 140212 140164 140180 140196
140213 140498 140284 140355 140426
140499 140706 140550 140601 140652
140707 141061 140795 140883 140971
141062 141470 141164 141266 141368
141471 141487 141475 141479 141483
141488 141783 141561 141634 141707
141784 141819 141792 141800 141808
141820 141921 141845 141870 141895
141922 142042 141952 141982 142012
142043 142150 142069 142095 142121
142151 142297 142187 142223 142259
142298 142467 142340 142382 142424
142468 142531 142483 142498 142513
142532 142686 142570 142608 142646
142687 142801 142715 142743 142771
142802 142925 142832 142862 142892
142926 142987 142941 142956 142971
142988 143034 142999 143010 143021
143035 143139 143061 143087 143113
143140 143172 143148 143156 143164
143173 143301 143205 143237 143269
143302 143372 143319 143336 143353
143373 143796 143478 143583 143688
143797 143903 143823 143849 143875
143904 144114 143956 144008 144060
144115 144364 144177 144239 144301
144365 144560 144413 144461 144509
144561 144871 144638 144715 144792
144872 145025 144910 144948 144986
145026 145105 145045 145064 145083
145106 145238 145139 145172 145205
145239 145325 145260 145281 145302
145326 145380 145339 145352 145365
145381 145460 145400 145419 145438
145461 145555 145484 145507 145530
145556 145698 145591 145626 145661
145699 145776 145718 145737 145756
145777 145808 145784 145791 145798
145809 145836 145815 145821 145827
145837 145947 145864 145891 145918
145948 146188 146008 146068 146128
146189 146576 146285 146381 146477
146577 147130 146715 146853 146991
147131 147369 147190 147249 147308
147370 147659 147442 147514 147586
147660 147719 147674 147688 147702
147720 147797 147739 147758 147777
147798 147898 147823 147848 147873
147899 148542 148059 148219 148379
148543 148904 148633 148723 148813
148905 148997 148928 148951 148974
148998 149687 149170 149342 149514
149688 149719 149695 149702 149709
149720 149836 149749 149778 149807
149837 150209 149877 149917 150156
150210 150260 150222 150234 150246
150261 150399 150295 150329 150363
150400 150454 150413 150426 150439
150455 150580 150486 150517 150548
150581 151253 150749 150917 151085
151254 152175 151484 151714 151944
152176 152317 152211 152246 152281
152318 152419 152343 152368 152393
152420 152520 152445 152470 152495
152521 152624 152546 152571 152596
152625 152903 152694 152763 152832
152904 153608 153080 153256 153432
153609 153786 153653 153697 153741
153787 154501 153965 154143 154321
154502 154559 154516 154530 154544
154560 155108 154697 154834 154971
155109 155194 155130 155151 155172
155195 155280 155216 155237 155258
155281 155356 155299 155317 155335
155357 155631 155425 155493 155561
155632 155892 155697 155762 155827
155893 155963 155910 155927 155944
155964 156097 155997 156030 156063
156098 156219 156128 156158 156188
156220 156338 156249 156278 156307
156339 156393 156352 156365 156378
156394 156560 156435 156476 156517
156561 156719 156600 156639 156678
156720 156797 156739 156758 156777
156798 156878 156818 156838 156858
156879 156948 156896 156913 156930
156949 157007 156963 156977 156991
157008 157103 157031 157054 157077
157104 157148 157115 157126 157137
157149 157183 157157 157165 157173
157184 157395 157236 157288 157340
157396 157503 157422 157448 157474
157504 157590 157525 157546 157567
157591 157649 157605 157619 157633
157650 157903 157713 157776 157839
157904 157975 157921 157938 157955
157976 158058 157996 158016 158036
158059 158103 158070 158081 158092
158104 158157 158117 158130 158143
158158 158208 158170 158182 158194
158209 158261 158222 158235 158248
158262 158438 158306 158350 158394
158439 158578 158473 158507 158541
158579 158755 158623 158667 158711
158756 158845 158778 158800 158822
158846 158893 158857 158868 158879
158894 159113 158948 159002 159056
159114 159358 159175 159236 159297
159359 159396 159368 159377 159386
159397 159424 159403 159409 159415
159425 159483 159439 159453 159467
159484 159679 159532 159580 159628
159680 159731 159692 159704 159716
159732 159830 159756 159780 159804
159831 159947 159860 159889 159918
159948 159978 159955 159962 159969
159979 160140 160019 160059 160099
160141 160319 160185 160229 160273
160320 160439 160349 160378 160407
160440 160500 160455 160470 160485
160501 160597 160525 160549 160573
160598 160651 160611 160624 160637
160652 160729 160671 160690 160709
160730 160807 160749 160768 160787
160808 160852 160819 160830 160841
160853 160951 160877 160901 160925
160952 161092 160987 161022 161057
161093 161169 161112 161131 161150
161170 161212 161180 161190 161200
161213 161486 161281 161349 161417
161487 161690 161537 161587 161637
161691 161747 161705 161719 161733
161748 162009 161813 161878 161943
162010 162099 162032 162054 162076
162100 162168 162117 162134 162151
162169 162220 162181 162193 162205
162221 162322 162246 162271 162296
162323 162394 162340 162357 162374
162395 162428 162403 162411 162419
162429 162505 162448 162467 162486
162506 162562 162520 162534 162548
162563 162606 162573 162583 162593
162607 162629 162612 162617 162622
162630 162710 162650 162670 162690
162711 162737 162717 162723 162729
162738 162759 162743 162748 162753
162760 162789 162767 162774 162781
162790 162809 162794 162798 162802
162810 162830 162815 162820 162825
162831 162862 162838 162845 162852
162863 162879 162867 162871 162875
162880 162921 162890 162900 162910
162922 162962 162932 162942 162952
162963 163152 163010 163057 163104
163153 163234 163173 163193 163213
163235 163339 163261 163287 163313
163340 163417 163359 163378 163397
163418 163512 163441 163464 163487
163513 163605 163536 163559 163582
163606 163634 163613 163620 163627
163635 163658 163640 163645 163650
163659 163677 163663 163667 163671
163678 163730 163691 163704 163717
163731 163888 163770 163809 163848
163889 163925 163898 163907 163916
163926 163971 163937 163948 163959
163972 164076 163998 164024 164050
164077 164141 164093 164109 164125
164142 164225 164162 164182 164202
164226 164252 164232 164238 164244
164253 164309 164267 164281 164295
164310 164330 164315 164320 164325
164331 164348 164335 164339 164343
164349 164428 164368 164387 164406
164429 164565 164463 164497 164531
164566 164682 164595 164624 164653
164683 164798 164711 164739 164767
164799 164955 164838 164877 164916
164956 165091 164966 164976 165066
165092 165196 165118 165144 165170
165197 165260 165212 165227 165242
165261 165368 165287 165313 165339
165369 166334 165610 165851 166092
166335 166663 166417 166499 166581
166664 166723 166678 166692 166706
166724 166794 166741 166758 166775
166795 166888 166818 166841 166864
166889 167101 166942 166995 167048
167102 167189 167123 167144 167165
167190 167514 167271 167352 167433
167515 167654 167549 167583 167617
167655 167716 167670 167685 167700
167717 167785 167734 167751 167768
167786 167812 167792 167798 167804
167813 168008 167861 167909 167957
168009 168267 168073 168137 168201
168268 168469 168318 168368 168418
168470 168585 168498 168526 168554
168586 170383 169035 169484 169933
170384 170531 170420 170456 170492
170532 170629 170556 170580 170604
170630 170663 170638 170646 170654
170664 170713 170676 170688 170700
170714 170882 170756 170798 170840
170883 171022 170917 170951 170985
171023 171301 171092 171161 171230
171302 171856 171440 171578 171716
171857 171984 171888 171919 171950
171985 172548 172125 172265 172405
172549 172642 172572 172595 172618
172643 172671 172650 172657 172664
172672 172918 172733 172794 172855
172919 173206 172990 173061 173132
173207 173314 173233 173259 173285
173315 173501 173361 173407 173453
173502 173524 173507 173512 173517
173525 173634 173552 173579 173606
173635 173923 173707 173779 173851
173924 173998 173942 173960 173978
173999 174139 174034 174069 174104
174140 174264 174171 174202 174233
174265 174352 174286 174307 174328
174353 174401 174365 174377 174389
174402 174421 174406 174410 174414
174422 174455 174430 174438 174446
174456 174474 174460 174464 174468
174475 174498 174480 174485 174490
174499 174521 174504 174509 174514
174522 174548 174528 174534 174540
174549 174592 174559 174569 174579
174593 174949 174682 174771 174860
174950 175169 175004 175058 175112
175170 175495 175251 175332 175413
175496 175923 175602 175708 175814
175924 176010 175945 175966 175987
176011 176308 176085 176159 176233
176309 176346 176318 176327 176336
176347 176438 176369 176391 176413
176439 176658 176493 176547 176601
176659 176931 176727 176795 176863
176932 177109 176976 177020 177064
177110 177196 177131 177152 177173
177197 184503 177897 178597 183375
