0 18 4 8 12
19 1652 427 835 1243
1653 3498 2114 2575 3036
3499 3920 3604 3709 3814
3921 4311 4018 4115 4212
4312 4585 4380 4448 4516
4586 4657 4603 4620 4637
4658 4808 4695 4732 4769
4809 4995 4855 4901 4947
4996 5181 5042 5088 5134
5182 5253 5199 5216 5233
5254 5309 5267 5280 5293
5310 5350 5320 5330 5340
5351 5391 5361 5371 5381
5392 5432 5402 5412 5422
5433 5471 5442 5451 5460
5472 5678 5523 5574 5625
5679 5890 5731 5783 5835
5891 5978 5912 5933 5954
5979 6338 6068 6157 6246
6339 6680 6424 6509 6594
6681 7002 6761 6841 6921
7003 7369 7094 7185 7276
7370 7755 7466 7562 7658
7756 8024 7823 7890 7957
8025 8235 8077 8129 8181
8236 8324 8258 8280 8302
8325 8476 8362 8399 8436
8477 8726 8539 8601 8663
8727 9180 8840 8953 9066
9181 9695 9309 9437 9565
9696 9774 9715 9734 9753
9775 9893 9804 9833 9862
9894 9951 9908 9922 9936
9952 10015 9967 9982 9997
10016 10135 10045 10074 10103
10136 10192 10150 10164 10178
10193 10253 10208 10223 10238
10254 10297 10264 10274 10284
10298 11038 10483 10668 10853
11039 11094 11052 11065 11078
11095 11139 11106 11117 11128
11140 11353 11193 11246 11299
11354 11539 11400 11446 11492
11540 11572 11548 11556 11564
11573 11615 11583 11593 11603
11616 11646 11623 11630 11637
11647 11685 11656 11665 11674
11686 11737 11698 11710 11722
11738 11841 11763 11788 11813
11842 11887 11853 11864 11875
11888 12041 11926 11964 12002
12042 12108 12058 12074 12090
12109 12288 12153 12197 12241
12289 12358 12306 12323 12340
12359 12416 12373 12387 12401
12417 12474 12431 12445 12459
12475 12806 12557 12639 12721
12807 12881 12825 12843 12861
12882 13128 12943 13004 13065
13129 13571 13239 13349 13459
13572 13638 13588 13604 13620
13639 13711 13657 13675 13693
13712 13762 13724 13736 13748
13763 14088 13844 13925 14006
14089 14184 14112 14135 14158
14185 14317 14218 14251 14284
14318 14405 14339 14360 14381
14406 14688 14476 14546 14616
14689 14813 14720 14751 14782
14814 14976 14854 14894 14934
14977 15144 14982 14987 15108
15145 15335 15192 15239 15286
15336 15414 15355 15374 15393
15415 15525 15442 15469 15496
15526 15670 15562 15598 15634
15671 15770 15695 15719 15743
15771 15847 15790 15809 15828
15848 16210 15938 16028 16118
16211 16373 16251 16291 16331
16374 16449 16392 16410 16428
16450 16560 16477 16504 16531
16561 16630 16578 16595 16612
16631 16739 16658 16685 16712
16740 16924 16786 16832 16878
16925 17009 16946 16967 16988
17010 17078 17027 17044 17061
17079 17129 17091 17103 17115
17130 17179 17142 17154 17166
17180 17277 17204 17228 17252
17278 17392 17306 17334 17362
17393 17642 17455 17517 17579
17643 17718 17661 17679 17697
17719 17760 17729 17739 17749
17761 17952 17808 17855 17902
17953 18032 17972 17991 18010
18033 18223 18080 18127 18174
18224 18289 18240 18256 18272
18290 18337 18301 18312 18323
18338 18395 18352 18366 18380
18396 18473 18415 18434 18453
18474 18542 18491 18508 18525
18543 18614 18560 18577 18594
18615 18723 18642 18669 18696
18724 18756 18732 18740 18748
18757 18782 18763 18769 18775
18783 18840 18797 18811 18825
18841 18879 18850 18859 18868
18880 18898 18884 18888 18892
18899 18951 18912 18925 18938
18952 19006 18965 18978 18991
19007 19054 19018 19029 19040
19055 19081 19061 19067 19073
19082 19142 19097 19112 19127
19143 19170 19149 19155 19161
19171 19188 19175 19179 19183
19189 19220 19196 19203 19210
19221 19246 19227 19233 19239
19247 19274 19253 19259 19265
19275 19312 19284 19293 19302
19313 19349 19322 19331 19340
19350 19374 19356 19362 19368
19375 19419 19386 19397 19408
19420 19526 19446 19472 19498
19527 19596 19544 19561 19578
19597 19765 19639 19681 19723
19766 19825 19780 19794 19808
19826 19870 19837 19848 19859
19871 19999 19903 19935 19967
20000 20105 20026 20052 20078
20106 20182 20125 20144 20163
20183 20328 20219 20255 20291
20329 20380 20341 20353 20365
20381 20488 20407 20433 20459
20489 20546 20503 20517 20531
20547 20623 20566 20585 20604
20624 20836 20677 20730 20783
20837 20889 20850 20863 20876
20890 20962 20908 20926 20944
20963 21048 20984 21005 21026
21049 21122 21067 21085 21103
21123 21172 21135 21147 21159
21173 21250 21192 21211 21230
21251 21330 21270 21289 21308
21331 21388 21345 21359 21373
21389 21449 21404 21419 21434
21450 21540 21472 21494 21516
21541 21607 21557 21573 21589
21608 21652 21619 21630 21641
21653 21717 21669 21685 21701
21718 21759 21728 21738 21748
21760 21832 21778 21796 21814
21833 22862 22090 22347 22604
22863 23010 22899 22935 22971
23011 23048 23020 23029 23038
23049 23079 23056 23063 23070
23080 23102 23085 23090 23095
23103 23128 23109 23115 23121
23129 23173 23140 23151 23162
23174 23275 23199 23224 23249
23276 23410 23309 23342 23375
23411 23517 23437 23463 23489
23518 23595 23537 23556 23575
23596 23631 23604 23612 23620
23632 23694 23647 23662 23677
23695 23805 23722 23749 23776
23806 23883 23825 23844 23863
23884 23928 23895 23906 23917
23929 24004 23947 23965 23983
24005 24095 24027 24049 24071
24096 24236 24131 24166 24201
24237 24494 24301 24365 24429
24495 24675 24540 24585 24630
24676 24839 24716 24756 24796
24840 24883 24850 24860 24870
24884 25277 24982 25080 25178
25278 25390 25306 25334 25362
25391 25549 25430 25469 25508
25550 25645 25573 25596 25619
25646 25792 25682 25718 25754
25793 25881 25815 25837 25859
25882 26394 26010 26138 26266
26395 26412 26399 26403 26407
26413 26499 26434 26455 26476
26500 26883 26595 26690 26785
26884 26952 26901 26918 26935
26953 27035 26973 26993 27013
27036 27122 27057 27078 27099
27123 27189 27139 27155 27171
27190 27383 27238 27286 27334
27384 27788 27485 27586 27687
27789 28084 27862 27935 28008
28085 28186 28110 28135 28160
28187 28264 28206 28225 28244
28265 28326 28280 28295 28310
28327 28507 28372 28417 28462
28508 28614 28534 28560 28586
28615 28899 28686 28757 28828
28900 29302 29000 29100 29200
29303 30130 29477 29651 30096
30131 30219 30153 30175 30197
30220 30261 30230 30240 30250
30262 30365 30287 30312 30337
30366 30429 30381 30396 30411
30430 30501 30447 30464 30481
30502 30581 30521 30540 30559
30582 30752 30624 30666 30708
30753 30843 30775 30797 30819
30844 30922 30863 30882 30901
30923 31084 30963 31003 31043
31085 31150 31101 31117 31133
31151 31202 31163 31175 31187
31203 31281 31222 31241 31260
31282 31454 31325 31368 31411
31455 31494 31464 31473 31482
31495 31589 31518 31541 31564
31590 31636 31601 31612 31623
31637 31740 31662 31687 31712
31741 31795 31754 31767 31780
31796 31857 31811 31826 31841
31858 31918 31873 31888 31903
31919 32084 31960 32001 32042
32085 32142 32099 32113 32127
32143 32201 32157 32171 32185
32202 32280 32221 32240 32259
32281 32666 32377 32473 32569
32667 32731 32683 32699 32715
32732 32815 32752 32772 32792
32816 32970 32854 32892 32930
32971 33063 32994 33017 33040
33064 33125 33079 33094 33109
33126 33422 33200 33274 33348
33423 33460 33432 33441 33450
33461 33488 33467 33473 33479
33489 33579 33511 33533 33555
33580 33785 33631 33682 33733
33786 34081 33859 33932 34005
34082 34188 34108 34134 34160
34189 34371 34234 34279 34324
34372 34446 34390 34408 34426
34447 34632 34493 34539 34585
34633 34973 34718 34803 34888
34974 35058 34995 35016 35037
35059 35322 35124 35189 35254
35323 35947 35479 35635 35791
35948 36030 35968 35988 36008
36031 36183 36069 36107 36145
36184 36233 36196 36208 36220
36234 36717 36354 36474 36594
36718 36796 36737 36756 36775
36797 36915 36826 36855 36884
36916 36950 36924 36932 36940
36951 37035 36972 36993 37014
37036 37063 37042 37048 37054
37064 37105 37074 37084 37094
37106 37123 37110 37114 37118
37124 37291 37165 37206 37247
37292 37339 37303 37314 37325
37340 37436 37364 37388 37412
37437 37510 37455 37473 37491
37511 37887 37605 37699 37793
37888 37986 37912 37936 37960
37987 38047 38002 38017 38032
38048 38132 38069 38090 38111
38133 38186 38146 38159 38172
38187 38243 38201 38215 38229
38244 38280 38253 38262 38271
38281 38314 38289 38297 38305
38315 38382 38331 38347 38363
38383 38416 38391 38399 38407
38417 38453 38426 38435 38444
38454 38538 38475 38496 38517
38539 38590 38551 38563 38575
38591 38664 38609 38627 38645
38665 38749 38686 38707 38728
38750 38794 38761 38772 38783
38795 38911 38824 38853 38882
38912 38999 38933 38954 38975
39000 39031 39007 39014 39021
39032 39144 39060 39088 39116
39145 39205 39160 39175 39190
39206 39226 39211 39216 39221
39227 39485 39291 39355 39419
39486 39654 39528 39570 39612
39655 39736 39675 39695 39715
39737 39806 39754 39771 39788
39807 39845 39816 39825 39834
39846 39884 39855 39864 39873
39885 39924 39894 39903 39912
39925 39952 39931 39937 39943
39953 40092 39987 40021 40055
40093 40175 40113 40133 40153
40176 40222 40187 40198 40209
40223 40285 40238 40253 40268
40286 40325 40295 40304 40313
40326 40432 40352 40378 40404
40433 40471 40442 40451 40460
40472 40562 40494 40516 40538
40563 40636 40581 40599 40617
40637 40774 40671 40705 40739
40775 40813 40784 40793 40802
40814 40879 40830 40846 40862
40880 40958 40899 40918 40937
40959 41086 40990 41021 41052
41087 41128 41097 41107 41117
41129 41199 41146 41163 41180
41200 41229 41207 41214 41221
41230 41274 41241 41252 41263
41275 41664 41372 41469 41566
41665 41751 41686 41707 41728
41752 41832 41772 41792 41812
41833 41951 41862 41891 41920
41952 42056 41978 42004 42030
42057 42138 42077 42097 42117
42139 42237 42163 42187 42211
42238 42286 42250 42262 42274
42287 42403 42316 42345 42374
42404 42465 42419 42434 42449
42466 42638 42509 42552 42595
42639 42731 42662 42685 42708
42732 42759 42738 42744 42750
42760 42800 42770 42780 42790
42801 42821 42806 42811 42816
42822 43023 42872 42922 42972
43024 43143 43053 43082 43111
43144 43262 43173 43202 43231
43263 43374 43290 43317 43344
43375 43446 43392 43409 43426
43447 43691 43508 43569 43630
43692 43883 43739 43786 43833
43884 44019 43917 43950 43983
44020 44093 44038 44056 44074
44094 44561 44210 44326 44442
44562 44608 44573 44584 44595
44609 44681 44627 44645 44663
44682 44751 44699 44716 44733
44752 44916 44793 44834 44875
44917 45031 44937 44957 45021
45032 45103 45049 45066 45083
45104 45195 45126 45148 45170
45196 45258 45211 45226 45241
45259 45341 45279 45299 45319
45342 45544 45392 45442 45492
45545 45606 45560 45575 45590
45607 45674 45623 45639 45655
45675 45699 45681 45687 45693
45700 45738 45709 45718 45727
45739 45906 45780 45821 45862
45907 46054 45943 45979 46015
46055 46298 46115 46175 46235
46299 46557 46363 46427 46491
46558 46641 46578 46598 46618
46642 46738 46666 46690 46714
46739 46921 46784 46829 46874
46922 47208 46993 47064 47135
47209 47354 47245 47281 47317
47355 47399 47366 47377 47388
47400 47463 47415 47430 47445
47464 47564 47489 47514 47539
47565 47649 47586 47607 47628
47650 47678 47657 47664 47671
47679 47765 47700 47721 47742
47766 47788 47771 47776 47781
47789 47830 47799 47809 47819
47831 47872 47841 47851 47861
47873 47902 47880 47887 47894
47903 48503 48053 48203 48353
48504 48655 48541 48578 48615
48656 48799 48691 48726 48761
48800 48978 48844 48888 48932
48979 49074 49002 49025 49048
49075 49170 49098 49121 49144
49171 49224 49184 49197 49210
49225 49305 49245 49265 49285
49306 49634 49388 49470 49552
49635 49751 49664 49693 49722
49752 49895 49787 49822 49857
49896 50501 50047 50198 50349
50502 50695 50550 50598 50646
50696 50782 50717 50738 50759
50783 50834 50795 50807 50819
50835 50911 50854 50873 50892
50912 51053 50947 50982 51017
51054 51104 51066 51078 51090
51105 51226 51135 51165 51195
51227 51357 51259 51291 51323
51358 51476 51387 51416 51445
51477 51572 51500 51523 51546
51573 51671 51597 51621 51645
51672 51796 51703 51734 51765
51797 51868 51814 51831 51848
51869 51905 51878 51887 51896
51906 51943 51915 51924 51933
51944 52197 52007 52070 52133
52198 53082 52419 52640 52861
53083 53378 53156 53229 53302
53379 53558 53423 53467 53511
53559 53935 53653 53747 53841
53936 54246 54013 54090 54167
54247 54297 54259 54271 54283
54298 54372 54316 54334 54352
54373 54503 54405 54437 54469
54504 54682 54548 54592 54636
54683 54699 54687 54691 54695
54700 55094 54798 54896 54994
55095 55516 55200 55305 55410
55517 55589 55535 55553 55571
55590 55749 55629 55668 55707
55750 55807 55764 55778 55792
55808 55859 55820 55832 55844
55860 56138 55929 55998 56067
56139 56882 56324 56509 56694
56883 57074 56930 56977 57024
57075 57110 57083 57091 57099
57111 57182 57128 57145 57162
57183 57234 57195 57207 57219
57235 57457 57290 57345 57400
57458 57538 57478 57498 57518
57539 57625 57560 57581 57602
57626 57674 57638 57650 57662
57675 57702 57681 57687 57693
57703 57771 57720 57737 57754
57772 57888 57801 57830 57859
57889 57942 57902 57915 57928
57943 58210 58009 58075 58141
58211 58237 58217 58223 58229
58238 58354 58267 58296 58325
58355 58506 58392 58429 58466
58507 58536 58514 58521 58528
58537 58564 58543 58549 58555
58565 58615 58577 58589 58601
58616 58722 58642 58668 58694
58723 58833 58750 58777 58804
58834 59026 58882 58930 58978
59027 59439 59130 59233 59336
59440 59560 59470 59500 59530
59561 59713 59599 59637 59675
59714 59821 59740 59766 59792
59822 59875 59835 59848 59861
59876 59976 59901 59926 59951
59977 60092 59982 59987 60069
60093 60193 60118 60143 60168
60194 60302 60221 60248 60275
60303 60403 60328 60353 60378
60404 60546 60439 60474 60509
60547 60632 60568 60589 60610
60633 60671 60642 60651 60660
60672 60710 60681 60690 60699
60711 60867 60750 60789 60828
60868 61019 60905 60942 60979
61020 61231 61072 61124 61176
61232 61501 61299 61366 61433
61502 61847 61588 61674 61760
61848 61937 61870 61892 61914
61938 62409 62055 62172 62289
62410 62560 62447 62484 62521
62561 62739 62605 62649 62693
62740 62866 62771 62802 62833
62867 63081 62920 62973 63026
63082 63256 63125 63168 63211
63257 63522 63323 63389 63455
63523 63781 63587 63651 63715
63782 63840 63796 63810 63824
63841 63885 63852 63863 63874
63886 64198 63964 64042 64120
64199 64379 64244 64289 64334
64380 64494 64408 64436 64464
64495 64737 64555 64615 64675
64738 64820 64758 64778 64798
64821 65020 64870 64919 64968
65021 65072 65033 65045 65057
65073 65125 65086 65099 65112
65126 65246 65156 65186 65216
65247 65323 65266 65285 65304
65324 65371 65335 65346 65357
65372 65427 65385 65398 65411
65428 65505 65447 65466 65485
65506 65555 65518 65530 65542
65556 65597 65566 65576 65586
65598 65780 65643 65688 65733
65781 65817 65790 65799 65808
65818 66011 65866 65914 65962
66012 66141 66044 66076 66108
66142 66263 66172 66202 66232
66264 66295 66271 66278 66285
66296 66365 66313 66330 66347
66366 66422 66380 66394 66408
66423 66513 66445 66467 66489
66514 66658 66550 66586 66622
66659 66932 66727 66795 66863
66933 66994 66948 66963 66978
66995 67059 67011 67027 67043
67060 67224 67101 67142 67183
67225 67299 67243 67261 67279
67300 67399 67324 67348 67372
67400 67492 67423 67446 67469
67493 67555 67508 67523 67538
67556 67612 67570 67584 67598
67613 67672 67627 67641 67655
67673 67736 67688 67703 67718
67737 67799 67752 67767 67782
67800 67906 67826 67852 67878
67907 68228 67987 68067 68147
68229 68308 68248 68267 68286
68309 68356 68320 68331 68342
68357 68447 68379 68401 68423
68448 68489 68458 68468 68478
68490 68584 68513 68536 68559
68585 68644 68599 68613 68627
68645 68742 68669 68693 68717
68743 68786 68753 68763 68773
68787 68869 68807 68827 68847
68870 68943 68888 68906 68924
68944 68979 68952 68960 68968
68980 69283 69055 69130 69205
69284 69411 69315 69346 69377
69412 69699 69483 69554 69625
69700 69822 69730 69760 69790
69823 69939 69852 69881 69910
69940 70020 69960 69980 70000
70021 70047 70027 70033 70039
70048 70065 70052 70056 70060
70066 70086 70071 70076 70081
70087 70106 70091 70095 70099
70107 70123 70111 70115 70119
70124 70140 70128 70132 70136
70141 70158 70145 70149 70153
70159 70181 70164 70169 70174
70182 70202 70187 70192 70197
70203 70219 70207 70211 70215
70220 70245 70226 70232 70238
70246 70262 70250 70254 70258
70263 70280 70267 70271 70275
70281 70299 70285 70289 70293
70300 70331 70307 70314 70321
70332 70350 70336 70340 70344
70351 70368 70355 70359 70363
70369 70393 70375 70381 70387
70394 70413 70398 70402 70406
70414 70439 70420 70426 70432
70440 70618 70484 70528 70572
70619 70669 70631 70643 70655
70670 70750 70690 70710 70730
70751 70859 70778 70805 70832
70860 70920 70875 70890 70905
70921 71161 70981 71041 71101
71162 71211 71174 71186 71198
71212 71271 71226 71240 71254
71272 71306 71280 71288 71296
71307 71369 71322 71337 71352
71370 71436 71386 71402 71418
71437 71623 71483 71529 71575
71624 71756 71657 71690 71723
71757 71945 71804 71851 71898
71946 72076 71978 72010 72042
72077 72114 72086 72095 72104
72115 72405 72187 72259 72331
72406 72613 72457 72508 72559
72614 72698 72635 72656 72677
72699 72819 72729 72759 72789
72820 72905 72841 72862 72883
72906 73076 72948 72990 73032
73077 73183 73103 73129 73155
73184 73260 73203 73222 73241
73261 73321 73276 73291 73306
73322 73539 73376 73430 73484
73540 73701 73580 73620 73660
73702 73831 73734 73766 73798
73832 73887 73845 73858 73871
73888 74015 73919 73950 73981
74016 75288 74261 74506 75216
75289 75465 75333 75377 75421
75466 75623 75505 75544 75583
75624 75695 75641 75658 75675
75696 75777 75716 75736 75756
75778 75869 75800 75822 75844
75870 75923 75883 75896 75909
75924 76019 75947 75970 75993
76020 76195 76063 76106 76149
76196 76595 76295 76394 76493
76596 77020 76702 76808 76914
77021 77092 77038 77055 77072
77093 77123 77100 77107 77114
77124 77156 77132 77140 77148
77157 77255 77181 77205 77229
77256 77409 77294 77332 77370
77410 77505 77433 77456 77479
77506 77604 77530 77554 77578
77605 77711 77631 77657 77683
77712 77903 77759 77806 77853
77904 77968 77920 77936 77952
77969 78030 77984 77999 78014
78031 78084 78044 78057 78070
78085 78190 78111 78137 78163
78191 78289 78215 78239 78263
78290 78338 78302 78314 78326
78339 78618 78408 78477 78546
78619 78747 78651 78683 78715
78748 78807 78762 78776 78790
78808 78872 78824 78840 78856
78873 78979 78899 78925 78951
78980 79089 79007 79034 79061
79090 79129 79099 79108 79117
79130 79185 79143 79156 79169
79186 79312 79217 79248 79279
79313 79377 79329 79345 79361
79378 79512 79411 79444 79477
79513 79671 79552 79591 79630
79672 79754 79692 79712 79732
79755 79877 79785 79815 79845
79878 79983 79904 79930 79956
79984 80177 80032 80080 80128
80178 80288 80205 80232 80259
80289 80329 80299 80309 80319
80330 80416 80351 80372 80393
80417 80585 80459 80501 80543
80586 80683 80610 80634 80658
80684 80760 80703 80722 80741
80761 80838 80780 80799 80818
80839 80955 80868 80897 80926
80956 81181 81012 81068 81124
81182 81240 81196 81210 81224
81241 81281 81251 81261 81271
81282 81319 81291 81300 81309
81320 81385 81336 81352 81368
81386 81436 81398 81410 81422
81437 81489 81450 81463 81476
81490 81607 81519 81548 81577
81608 81661 81621 81634 81647
81662 81717 81675 81688 81701
81718 81765 81729 81740 81751
81766 81833 81782 81798 81814
81834 81897 81849 81864 81879
81898 81921 81903 81908 81913
81922 82002 81942 81962 81982
82003 82158 82041 82079 82117
82159 82252 82182 82205 82228
82253 82344 82275 82297 82319
82345 82828 82465 82585 82705
82829 83114 82900 82971 83042
83115 83215 83140 83165 83190
83216 83275 83230 83244 83258
83276 83338 83291 83306 83321
83339 83386 83350 83361 83372
83387 83725 83471 83555 83639
83726 83940 83779 83832 83885
83941 84081 83976 84011 84046
84082 84172 84104 84126 84148
84173 84219 84184 84195 84206
84220 84327 84246 84272 84298
84328 84394 84344 84360 84376
84395 84460 84411 84427 84443
84461 84531 84478 84495 84512
84532 84572 84542 84552 84562
84573 84719 84609 84645 84681
84720 85280 84860 85000 85140
85281 85334 85294 85307 85320
85335 85405 85352 85369 85386
85406 85625 85460 85514 85568
85626 85673 85637 85648 85659
85674 85768 85697 85720 85743
85769 86090 85849 85929 86009
86091 86284 86139 86187 86235
86285 86387 86310 86335 86360
86388 86504 86417 86446 86475
86505 86546 86515 86525 86535
86547 86587 86557 86567 86577
86588 86612 86594 86600 86606
86613 86748 86646 86679 86712
86749 87691 86984 87219 87454
87692 87836 87728 87764 87800
87837 87935 87861 87885 87909
87936 87982 87947 87958 87969
87983 88144 88023 88063 88103
88145 88258 88173 88201 88229
88259 88300 88269 88279 88289
88301 88467 88342 88383 88424
88468 88503 88476 88484 88492
88504 88530 88510 88516 88522
88531 88605 88549 88567 88585
88606 88668 88621 88636 88651
88669 88766 88693 88717 88741
88767 89012 88828 88889 88950
89013 89345 89096 89179 89262
89346 89444 89370 89394 89418
89445 89473 89452 89459 89466
89474 89507 89482 89490 89498
89508 89546 89517 89526 89535
89547 89588 89557 89567 89577
89589 89627 89598 89607 89616
89628 89676 89640 89652 89664
89677 89709 89685 89693 89701
89710 89985 89778 89846 89914
89986 90099 89989 89992 90072
90100 90184 90121 90142 90163
90185 90327 90220 90255 90290
90328 90447 90357 90386 90415
90448 90648 90498 90548 90598
90649 90752 90674 90699 90724
90753 90857 90779 90805 90831
90858 91059 90908 90958 91008
91060 91148 91082 91104 91126
91149 91286 91183 91217 91251
91287 92017 91469 91651 91833
92018 92128 92045 92072 92099
92129 92166 92138 92147 92156
92167 92263 92191 92215 92239
92264 92400 92298 92332 92366
92401 92449 92413 92425 92437
92450 92494 92461 92472 92483
92495 92585 92517 92539 92561
92586 92774 92633 92680 92727
92775 92833 92789 92803 92817
92834 92875 92844 92854 92864
92876 92947 92893 92910 92927
92948 92983 92956 92964 92972
92984 93128 93020 93056 93092
93129 93281 93167 93205 93243
93282 93347 93298 93314 93330
93348 93421 93366 93384 93402
93422 93531 93449 93476 93503
93532 93569 93541 93550 93559
93570 93696 93601 93632 93663
93697 93844 93733 93769 93805
93845 93921 93864 93883 93902
93922 94010 93944 93966 93988
94011 94077 94027 94043 94059
94078 94235 94117 94156 94195
94236 94319 94256 94276 94296
94320 94371 94332 94344 94356
94372 94441 94389 94406 94423
94442 94493 94454 94466 94478
94494 94556 94509 94524 94539
94557 94587 94564 94571 94578
94588 94627 94597 94606 94615
94628 94653 94634 94640 94646
94654 94736 94674 94694 94714
94737 94790 94750 94763 94776
94791 94814 94796 94801 94806
94815 94907 94838 94861 94884
94908 94927 94912 94916 94920
94928 94987 94942 94956 94970
94988 95099 95015 95042 95069
95100 95189 95122 95144 95166
95190 95264 95208 95226 95244
95265 95381 95294 95323 95352
95382 95554 95425 95468 95511
95555 95675 95585 95615 95645
95676 95782 95702 95728 95754
95783 95859 95802 95821 95840
95860 95993 95893 95926 95959
95994 96140 96030 96066 96102
96141 96194 96154 96167 96180
96195 96427 96253 96311 96369
96428 96520 96451 96474 96497
96521 96565 96532 96543 96554
96566 96614 96578 96590 96602
96615 96833 96669 96723 96777
96834 97009 96877 96920 96963
97010 97037 97016 97022 97028
97038 97497 97152 97266 97380
97498 97602 97524 97550 97576
97603 97682 97622 97641 97660
97683 97885 97733 97783 97833
97886 97988 97911 97936 97961
97989 98057 98006 98023 98040
98058 98227 98100 98142 98184
98228 98309 98248 98268 98288
98310 98498 98357 98404 98451
98499 98637 98533 98567 98601
98638 98720 98658 98678 98698
98721 98839 98750 98779 98808
98840 98920 98860 98880 98900
98921 99085 98962 99003 99044
99086 99449 99176 99266 99356
99450 99955 99576 99702 99828
99956 100102 99992 100028 100064
100103 100189 100124 100145 100166
100190 100277 100211 100232 100253
100278 100346 100295 100312 100329
100347 100599 100410 100473 100536
100600 101155 100738 100876 101014
101156 101270 101184 101212 101240
101271 101375 101297 101323 101349
101376 101459 101396 101416 101436
101460 101528 101477 101494 101511
101529 101583 101542 101555 101568
101584 101652 101601 101618 101635
101653 101705 101666 101679 101692
101706 101884 101750 101794 101838
101885 102020 101918 101951 101984
102021 102060 102030 102039 102048
102061 102244 102106 102151 102196
102245 102405 102285 102325 102365
102406 102550 102442 102478 102514
102551 102602 102563 102575 102587
102603 102700 102627 102651 102675
102701 102812 102728 102755 102782
102813 103032 102867 102921 102975
103033 103763 103215 103397 103579
103764 103856 103787 103810 103833
103857 103936 103876 103895 103914
103937 104276 104021 104105 104189
104277 104626 104364 104451 104538
104627 104843 104681 104735 104789
104844 104907 104859 104874 104889
104908 105476 104930 104952 105357
105477 105859 105572 105667 105762
105860 105975 105888 105916 105944
105976 106044 105993 106010 106027
106045 106152 106071 106097 106123
106153 107133 106398 106643 106888
107134 107285 107171 107208 107245
107286 107436 107323 107360 107397
107437 107804 107528 107619 107710
107805 108026 107860 107915 107970
108027 108754 108208 108389 108570
108755 109212 108869 108983 109097
109213 109429 109267 109321 109375
109430 109747 109509 109588 109667
109748 109968 109803 109858 109913
109969 110068 109993 110017 110041
110069 110354 110140 110211 110282
110355 110444 110377 110399 110421
110445 110501 110459 110473 110487
110502 110577 110520 110538 110556
110578 110822 110639 110700 110761
110823 110980 110862 110901 110940
110981 111062 111001 111021 111041
111063 111430 111154 111245 111336
111431 111510 111450 111469 111488
111511 111637 111542 111573 111604
111638 111786 111675 111712 111749
111787 111803 111791 111795 111799
111804 112659 112017 112230 112443
112660 112957 112734 112808 112882
112958 113435 113077 113196 113315
113436 114240 113637 113838 114039
114241 115287 114502 114763 115024
115288 115889 115438 115588 115738
115890 116649 116079 116268 116457
116650 116804 116688 116726 116764
116805 117011 116856 116907 116958
117012 117156 117048 117084 117120
117157 117445 117229 117301 117373
117446 117736 117518 117590 117662
117737 118122 117833 117929 118025
118123 118260 118157 118191 118225
118261 118405 118297 118333 118369
118406 118454 118418 118430 118442
118455 118492 118464 118473 118482
118493 118611 118522 118551 118580
118612 118724 118640 118668 118696
118725 118983 118789 118853 118917
118984 119089 119010 119036 119062
119090 119155 119106 119122 119138
119156 119324 119198 119240 119282
119325 119407 119345 119365 119385
119408 119464 119422 119436 119450
119465 119555 119487 119509 119531
119556 119613 119570 119584 119598
119614 119731 119643 119672 119701
119732 119865 119765 119798 119831
119866 119948 119886 119906 119926
119949 120022 119961 119973 120015
120023 120096 120041 120059 120077
120097 120271 120140 120183 120226
120272 120408 120306 120340 120374
120409 120473 120425 120441 120457
120474 120622 120511 120548 120585
120623 120721 120647 120671 120695
120722 120805 120742 120762 120782
120806 122174 121148 121490 121832
122175 122649 122293 122411 122529
122650 122879 122707 122764 122821
122880 122932 122893 122906 122919
122933 122990 122947 122961 122975
122991 123043 123004 123017 123030
123044 123316 123112 123180 123248
123317 123428 123344 123371 123398
123429 123606 123473 123517 123561
123607 123789 123652 123697 123742
123790 124106 123869 123948 124027
124107 124221 124135 124163 124191
124222 124380 124261 124300 124339
124381 124437 124395 124409 124423
124438 124908 124555 124672 124789
124909 124969 124924 124939 124954
124970 125102 125003 125036 125069
125103 125290 125149 125195 125241
125291 125358 125307 125323 125339
125359 125393 125367 125375 125383
125394 125470 125413 125432 125451
125471 125631 125511 125551 125591
125632 125697 125648 125664 125680
125698 125880 125743 125788 125833
125881 126036 125919 125957 125995
126037 126101 126053 126069 126085
126102 126185 126122 126142 126162
126186 126270 126207 126228 126249
126271 126349 126290 126309 126328
126350 127072 126530 126710 126890
127073 127201 127105 127137 127169
127202 127467 127268 127334 127400
127468 127656 127515 127562 127609
127657 127957 127732 127807 127882
127958 128445 128079 128200 128321
128446 128567 128476 128506 128536
128568 128625 128582 128596 128610
128626 128727 128651 128676 128701
128728 128784 128742 128756 128770
128785 128864 128804 128823 128842
128865 129104 128924 128983 129042
129105 129378 129173 129241 129309
129379 129421 129389 129399 129409
129422 129483 129437 129452 129467
129484 129520 129493 129502 129511
129521 129588 129537 129553 129569
129589 129670 129609 129629 129649
129671 129826 129709 129747 129785
129827 129882 129840 129853 129866
129883 129931 129895 129907 129919
129932 129985 129945 129958 129971
129986 130195 130038 130090 130142
130196 130367 130238 130280 130322
130368 130459 130390 130412 130434
130460 130715 130523 130586 130649
130716 130864 130753 130790 130827
130865 130959 130888 130911 130934
130960 131042 130980 131000 131020
131043 131255 131096 131149 131202
131256 131426 131298 131340 131382
131427 131496 131444 131461 131478
131497 131695 131546 131595 131644
131696 131791 131719 131742 131765
131792 131921 131824 131856 131888
131922 131989 131938 131954 131970
131990 132085 132013 132036 132059
132086 132121 132094 132102 132110
132122 132201 132141 132160 132179
132202 132262 132217 132232 132247
132263 132317 132276 132289 132302
132318 132342 132324 132330 132336
132343 132414 132360 132377 132394
132415 132455 132425 132435 132445
132456 132596 132491 132526 132561
132597 132647 132609 132621 132633
132648 132726 132667 132686 132705
132727 132803 132746 132765 132784
132804 132863 132818 132832 132846
132864 132909 132875 132886 132897
132910 133114 132961 133012 133063
133115 133378 133180 133245 133310
133379 133764 133475 133571 133667
133765 134076 133842 133919 133996
134077 134223 134113 134149 134185
134224 134319 134247 134270 134293
134320 134532 134373 134426 134479
134533 134675 134568 134603 134638
134676 134928 134739 134802 134865
134929 135071 134946 134963 135051
135072 135166 135095 135118 135141
135167 135373 135218 135269 135320
135374 135505 135406 135438 135470
135506 135588 135526 135546 135566
135589 135831 135649 135709 135769
135832 135905 135850 135868 135886
135906 135966 135921 135936 135951
135967 136024 135981 135995 136009
136025 136075 136037 136049 136061
136076 136146 136093 136110 136127
136147 136350 136197 136247 136297
136351 136557 136402 136453 136504
136558 137077 136687 136816 136945
137078 137316 137137 137196 137255
137317 137541 137373 137429 137485
137542 137687 137578 137614 137650
137688 138748 137953 138218 138483
138749 138838 138771 138793 138815
138839 138974 138872 138905 138938
138975 139073 138999 139023 139047
139074 139122 139086 139098 139110
139123 139376 139186 139249 139312
139377 139438 139392 139407 139422
139439 139510 139456 139473 139490
139511 139718 139562 139613 139664
139719 139865 139755 139791 139827
139866 139915 139878 139890 139902
139916 140004 139938 139960 139982
140005 140083 140024 140043 140062
140084 140259 140127 140170 140213
140260 140346 140281 140302 140323
140347 140413 140363 140379 140395
140414 140575 140454 140494 140534
140576 140603 140582 140588 140594
140604 140678 140622 140640 140658
140679 140793 140707 140735 140763
140794 141100 140870 140946 141022
141101 141188 141122 141143 141164
141189 141372 141234 141279 141324
141373 141420 141384 141395 141406
141421 141706 141492 141563 141634
141707 141756 141719 141731 141743
141757 142030 141825 141893 141961
142031 142198 142072 142113 142154
142199 142361 142239 142279 142319
142362 142595 142420 142478 142536
142596 142772 142640 142684 142728
142773 142834 142788 142803 142818
142835 142933 142859 142883 142907
142934 143162 142991 143048 143105
143163 143355 143211 143259 143307
143356 143466 143383 143410 143437
143467 143620 143505 143543 143581
143621 143734 143649 143677 143705
143735 144011 143804 143873 143942
144012 144113 144037 144062 144087
144114 144430 144193 144272 144351
144431 144790 144520 144609 144698
144791 144920 144823 144855 144887
144921 145049 144953 144985 145017
145050 145469 145154 145258 145362
145470 145699 145527 145584 145641
145700 146166 145816 145932 146048
146167 146308 146202 146237 146272
146309 146414 146335 146361 146387
146415 146496 146435 146455 146475
146497 146626 146529 146561 146593
146627 146725 146651 146675 146699
146726 146854 146758 146790 146822
146855 146933 146874 146893 146912
146934 147032 146958 146982 147006
147033 147139 147059 147085 147111
147140 147569 147247 147354 147461
147570 147616 147581 147592 147603
147617 147852 147675 147733 147791
147853 147902 147865 147877 147889
147903 148070 147944 147985 148026
148071 148164 148094 148117 148140
148165 148247 148185 148205 148225
148248 148390 148283 148318 148353
148391 148536 148427 148463 148499
148537 148587 148549 148561 148573
148588 148777 148635 148682 148729
148778 148969 148825 148872 148919
148970 149837 149186 149402 149618
149838 149959 149868 149898 149928
149960 150129 149969 149978 150096
150130 150202 150148 150166 150184
150203 150341 150237 150271 150305
150342 150418 150361 150380 150399
150419 150502 150439 150459 150479
150503 150625 150533 150563 150593
150626 150725 150650 150674 150698
150726 150790 150742 150758 150774
150791 150857 150807 150823 150839
150858 150926 150875 150892 150909
150927 151004 150946 150965 150984
151005 151048 151015 151025 151035
151049 151075 151055 151061 151067
151076 151097 151081 151086 151091
151098 151596 151222 151346 151470
151597 151778 151642 151687 151732
151779 151850 151796 151813 151830
151851 151904 151864 151877 151890
151905 152011 151931 151957 151983
152012 152378 152103 152194 152285
152379 152473 152402 152425 152448
152474 152550 152493 152512 152531
152551 152930 152645 152739 152833
152931 153041 152958 152985 153012
153042 153126 153063 153084 153105
153127 153194 153143 153159 153175
153195 153531 153279 153363 153447
153532 153672 153567 153602 153637
153673 153814 153708 153743 153778
153815 153901 153836 153857 153878
153902 154028 153933 153964 153995
154029 154269 154089 154149 154209
154270 154332 154285 154300 154315
154333 154539 154384 154435 154486
154540 154705 154581 154622 154663
154706 154782 154725 154744 154763
154783 154891 154810 154837 154864
154892 155158 154958 155024 155090
155159 155221 155174 155189 155204
155222 155744 155352 155482 155612
155745 155814 155762 155779 155796
155815 156268 155928 156041 156154
156269 156323 156282 156295 156308
156324 156367 156334 156344 156354
156368 156525 156407 156446 156485
156526 156946 156631 156736 156841
156947 157058 156974 157001 157028
157059 157352 157132 157205 157278
157353 157719 157444 157535 157626
157720 157868 157757 157794 157831
157869 158264 157967 158065 158163
158265 158402 158299 158333 158367
158403 160919 159032 159661 160290
160920 161338 161024 161128 161232
161339 161458 161368 161397 161426
161459 162498 161718 161977 162236
162499 162776 162568 162637 162706
162777 163162 162873 162969 163065
163163 163282 163192 163221 163250
163283 163873 163430 163577 163724
163874 164032 163913 163952 163991
164033 164203 164075 164117 164159
164204 164498 164277 164350 164423
164499 164666 164540 164581 164622
164667 164963 164741 164815 164889
164964 165228 164972 164980 165171
165229 165329 165254 165279 165304
165330 165416 165351 165372 165393
165417 165481 165433 165449 165465
165482 165712 165539 165596 165653
165713 165783 165730 165747 165764
165784 165908 165815 165846 165877
165909 166183 165977 166045 166113
166184 166261 166203 166222 166241
166262 166575 166340 166418 166496
166576 166748 166619 166662 166705
166749 166839 166771 166793 166815
166840 166929 166862 166884 166906
166930 167063 166963 166996 167029
167064 167172 167091 167118 167145
167173 167336 167213 167253 167293
167337 167763 167443 167549 167655
167764 168248 167885 168006 168127
168249 168607 168338 168427 168516
168608 168795 168654 168700 168746
168796 168858 168811 168826 168841
168859 168885 168865 168871 168877
168886 168959 168904 168922 168940
168960 169093 168993 169026 169059
169094 169153 169108 169122 169136
169154 169191 169163 169172 169181
169192 169465 169260 169328 169396
169466 169490 169472 169478 169484
169491 169640 169528 169565 169602
169641 169672 169648 169655 169662
169673 169694 169678 169683 169688
169695 169739 169706 169717 169728
169740 169812 169758 169776 169794
169813 169889 169832 169851 169870
169890 170025 169923 169956 169989
170026 170109 170046 170066 170086
170110 170218 170137 170164 170191
170219 170485 170285 170351 170417
170486 170596 170513 170540 170567
170597 170697 170622 170647 170672
170698 170749 170710 170722 170734
170750 170905 170788 170826 170864
170906 171013 170932 170958 170984
171014 171112 171038 171062 171086
171113 171253 171148 171183 171218
171254 171328 171272 171290 171308
171329 171428 171353 171377 171401
171429 171480 171441 171453 171465
171481 171561 171501 171521 171541
171562 171691 171594 171626 171658
171692 171936 171753 171814 171875
171937 172525 172084 172231 172378
172526 173194 172693 172860 173027
173195 173253 173209 173223 173237
173254 173369 173282 173310 173338
173370 173523 173408 173446 173484
173524 173597 173542 173560 173578
173598 173863 173664 173730 173796
173864 173957 173887 173910 173933
173958 174016 173972 173986 174000
174017 174062 174028 174039 174050
174063 174148 174084 174105 174126
174149 174196 174160 174171 174182
174197 174255 174211 174225 174239
174256 180413 175795 177334 178873
