0 1039 259 518 777
1040 1120 1060 1080 1100
1121 1158 1130 1139 1148
1159 1232 1177 1195 1213
1233 1386 1271 1309 1347
1387 1466 1406 1425 1444
1467 1702 1525 1583 1641
1703 1829 1734 1765 1796
1830 1891 1845 1860 1875
1892 2051 1931 1970 2009
2052 2105 2065 2078 2091
2106 2525 2210 2314 2418
2526 2613 2547 2568 2589
2614 2729 2642 2670 2698
2730 2772 2740 2750 2760
2773 2810 2782 2791 2800
2811 2857 2822 2833 2844
2858 2898 2868 2878 2888
2899 2946 2910 2921 2932
2947 3005 2961 2975 2989
3006 3067 3021 3036 3051
3068 3132 3084 3100 3116
3133 3225 3156 3179 3202
3226 3334 3253 3280 3307
3335 3389 3348 3361 3374
3390 3497 3416 3442 3468
3498 3540 3508 3518 3528
3541 3578 3550 3559 3568
3579 3644 3595 3611 3627
3645 3713 3662 3679 3696
3714 3844 3746 3778 3810
3845 4006 3885 3925 3965
4007 4056 4019 4031 4043
4057 4157 4082 4107 4132
4158 4265 4184 4210 4236
4266 4332 4282 4298 4314
4333 4350 4337 4341 4345
4351 4425 4369 4387 4405
4426 4453 4432 4438 4444
4454 4524 4471 4488 4505
4525 4560 4533 4541 4549
4561 4620 4575 4589 4603
4621 4717 4645 4669 4693
4718 4822 4744 4770 4796
4823 4868 4834 4845 4856
4869 4916 4880 4891 4902
4917 4983 4933 4949 4965
4984 5037 4997 5010 5023
5038 5073 5046 5054 5062
5074 5099 5080 5086 5092
5100 5203 5125 5150 5175
5204 5248 5215 5226 5237
5249 5303 5262 5275 5288
5304 5355 5316 5328 5340
5356 5437 5376 5396 5416
5438 5560 5468 5498 5528
5561 5614 5574 5587 5600
5615 5638 5620 5625 5630
5639 5699 5654 5669 5684
5700 5793 5723 5746 5769
5794 5866 5812 5830 5848
5867 5920 5880 5893 5906
5921 5982 5936 5951 5966
5983 6038 5996 6009 6022
6039 6125 6060 6081 6102
6126 6188 6141 6156 6171
6189 6226 6198 6207 6216
6227 6263 6236 6245 6254
6264 6313 6276 6288 6300
6314 6373 6328 6342 6356
6374 6429 6387 6400 6413
6430 6615 6476 6522 6568
6616 6651 6624 6632 6640
6652 6681 6659 6666 6673
6682 6747 6698 6714 6730
6748 6780 6756 6764 6772
6781 6814 6789 6797 6805
6815 6845 6822 6829 6836
6846 6878 6854 6862 6870
6879 6916 6888 6897 6906
6917 6957 6927 6937 6947
6958 6991 6966 6974 6982
6992 7314 7072 7152 7232
7315 7379 7331 7347 7363
7380 7424 7391 7402 7413
7425 7464 7434 7443 7452
7465 7485 7470 7475 7480
7486 7572 7507 7528 7549
7573 7628 7586 7599 7612
7629 7677 7641 7653 7665
7678 7698 7683 7688 7693
7699 7771 7717 7735 7753
7772 7806 7780 7788 7796
7807 7881 7825 7843 7861
7882 7918 7891 7900 7909
7919 7972 7932 7945 7958
7973 8018 7984 7995 8006
8019 8041 8024 8029 8034
8042 8068 8048 8054 8060
8069 8133 8085 8101 8117
8134 8194 8149 8164 8179
8195 8211 8199 8203 8207
8212 8245 8220 8228 8236
8246 8336 8268 8290 8312
8337 8381 8348 8359 8370
8382 8418 8391 8400 8409
8419 8449 8426 8433 8440
8450 8471 8455 8460 8465
8472 8495 8477 8482 8487
8496 8541 8507 8518 8529
8542 8562 8547 8552 8557
8563 8615 8576 8589 8602
8616 9113 8740 8864 8988
9114 9351 9173 9232 9291
9352 9436 9373 9394 9415
9437 9565 9469 9501 9533
9566 9668 9591 9616 9641
9669 9802 9702 9735 9768
9803 9985 9848 9893 9938
9986 10034 9998 10010 10022
10035 10436 10135 10235 10335
10437 10466 10444 10451 10458
10467 10518 10479 10491 10503
10519 10545 10525 10531 10537
10546 10720 10589 10632 10675
10721 10766 10732 10743 10754
10767 10801 10775 10783 10791
10802 10835 10810 10818 10826
10836 10858 10841 10846 10851
10859 10881 10864 10869 10874
10882 10918 10891 10900 10909
10919 11005 10940 10961 10982
11006 11082 11025 11044 11063
11083 11210 11114 11145 11176
11211 11253 11221 11231 11241
11254 11410 11293 11332 11371
11411 11595 11457 11503 11549
11596 11615 11600 11604 11608
11616 11706 11638 11660 11682
11707 11833 11738 11769 11800
11834 12098 11900 11966 12032
12099 12318 12153 12207 12261
12319 12513 12367 12415 12463
12514 12566 12527 12540 12553
12567 12619 12580 12593 12606
12620 12774 12658 12696 12734
12775 12959 12821 12867 12913
12960 13007 12971 12982 12993
13008 13059 13020 13032 13044
13060 13114 13073 13086 13099
13115 13169 13128 13141 13154
13170 13214 13181 13192 13203
13215 13322 13241 13267 13293
13323 13345 13328 13333 13338
13346 13382 13355 13364 13373
13383 13454 13400 13417 13434
13455 13525 13472 13489 13506
13526 13604 13545 13564 13583
13605 13685 13625 13645 13665
13686 13773 13707 13728 13749
13774 13817 13784 13794 13804
13818 13894 13837 13856 13875
13895 14220 13976 14057 14138
14221 14302 14241 14261 14281
14303 14458 14341 14379 14417
14459 14483 14465 14471 14477
14484 14535 14496 14508 14520
14536 14573 14545 14554 14563
14574 14611 14583 14592 14601
14612 14639 14618 14624 14630
14640 14671 14647 14654 14661
14672 14690 14676 14680 14684
14691 14715 14697 14703 14709
14716 14733 14720 14724 14728
14734 14795 14749 14764 14779
14796 14847 14808 14820 14832
14848 14864 14852 14856 14860
14865 14893 14872 14879 14886
14894 14984 14916 14938 14960
14985 15001 14988 14991 15000
15002 15056 15015 15028 15041
15057 15079 15062 15067 15072
15080 15097 15084 15088 15092
15098 15115 15102 15106 15110
15116 15135 15120 15124 15128
15136 15185 15148 15160 15172
15186 15498 15264 15342 15420
15499 15529 15506 15513 15520
15530 15573 15540 15550 15560
15574 15611 15583 15592 15601
15612 15647 15620 15628 15636
15648 15695 15659 15670 15681
15696 15811 15724 15752 15780
15812 15860 15824 15836 15848
15861 16123 15926 15991 16056
16124 16204 16144 16164 16184
16205 16365 16245 16285 16325
16366 16388 16371 16376 16381
16389 16514 16420 16451 16482
16515 16562 16526 16537 16548
16563 16639 16582 16601 16620
16640 16686 16651 16662 16673
16687 16717 16694 16701 16708
16718 16759 16728 16738 16748
16760 16800 16770 16780 16790
16801 16831 16808 16815 16822
16832 16863 16839 16846 16853
16864 16893 16871 16878 16885
16894 17132 16953 17012 17071
17133 17146 17136 17139 17142
17147 17216 17164 17181 17198
17217 17313 17241 17265 17289
17314 17379 17330 17346 17362
17380 17498 17409 17438 17467
17499 17559 17514 17529 17544
17560 17606 17571 17582 17593
17607 17734 17638 17669 17700
17735 17809 17753 17771 17789
17810 17831 17815 17820 17825
17832 17867 17840 17848 17856
17868 17889 17873 17878 17883
17890 17911 17895 17900 17905
17912 17943 17919 17926 17933
17944 17969 17950 17956 17962
17970 17994 17976 17982 17988
17995 18025 18002 18009 18016
18026 18058 18034 18042 18050
18059 18080 18064 18069 18074
18081 18111 18088 18095 18102
18112 18147 18120 18128 18136
18148 18167 18152 18156 18160
18168 18276 18195 18222 18249
18277 18314 18286 18295 18304
18315 18339 18321 18327 18333
18340 18369 18347 18354 18361
18370 18404 18378 18386 18394
18405 18432 18411 18417 18423
18433 18449 18437 18441 18445
18450 18494 18461 18472 18483
18495 18521 18501 18507 18513
18522 18552 18529 18536 18543
18553 18584 18560 18567 18574
18585 18602 18589 18593 18597
18603 18655 18616 18629 18642
18656 18786 18688 18720 18752
18787 18831 18798 18809 18820
18832 18892 18847 18862 18877
18893 19000 18919 18945 18971
19001 19076 19019 19037 19055
19077 19102 19083 19089 19095
19103 19130 19109 19115 19121
19131 19173 19141 19151 19161
19174 19209 19182 19190 19198
19210 19251 19220 19230 19240
19252 19283 19259 19266 19273
19284 19321 19293 19302 19311
19322 19344 19327 19332 19337
19345 19422 19364 19383 19402
19423 19469 19434 19445 19456
19470 19518 19482 19494 19506
19519 19655 19553 19587 19621
19656 19754 19680 19704 19728
19755 19819 19771 19787 19803
19820 19935 19848 19876 19904
19936 19960 19942 19948 19954
19961 20317 20050 20139 20228
20318 20505 20364 20410 20456
20506 20680 20549 20592 20635
20681 20793 20709 20737 20765
20794 20825 20801 20808 20815
20826 20884 20840 20854 20868
20885 20921 20894 20903 20912
20922 20975 20935 20948 20961
20976 21005 20983 20990 20997
21006 21070 21022 21038 21054
21071 21097 21077 21083 21089
21098 21145 21109 21120 21131
21146 21184 21155 21164 21173
21185 21230 21196 21207 21218
21231 21314 21251 21271 21291
21315 21487 21358 21401 21444
21488 21535 21499 21510 21521
21536 21699 21576 21616 21656
21700 21737 21709 21718 21727
21738 21773 21746 21754 21762
21774 21818 21785 21796 21807
21819 21846 21825 21831 21837
21847 21900 21860 21873 21886
21901 21922 21906 21911 21916
21923 22049 21954 21985 22016
22050 22070 22055 22060 22065
22071 22164 22094 22117 22140
22165 22265 22190 22215 22240
22266 22366 22291 22316 22341
22367 22406 22376 22385 22394
22407 22465 22421 22435 22449
22466 22521 22479 22492 22505
22522 22586 22538 22554 22570
22587 22629 22597 22607 22617
22630 22723 22653 22676 22699
22724 22794 22741 22758 22775
22795 22826 22802 22809 22816
22827 22863 22836 22845 22854
22864 22881 22868 22872 22876
22882 22906 22888 22894 22900
22907 22950 22917 22927 22937
22951 22993 22961 22971 22981
22994 23013 22998 23002 23006
23014 23061 23025 23036 23047
23062 23090 23069 23076 23083
23091 23115 23097 23103 23109
23116 23161 23127 23138 23149
23162 23199 23171 23180 23189
23200 23228 23207 23214 23221
23229 23252 23234 23239 23244
23253 23330 23272 23291 23310
23331 23542 23383 23435 23487
23543 23581 23552 23561 23570
23582 23727 23618 23654 23690
23728 23762 23736 23744 23752
23763 23872 23790 23817 23844
23873 23914 23883 23893 23903
23915 23977 23930 23945 23960
23978 24019 23988 23998 24008
24020 24051 24027 24034 24041
24052 24075 24057 24062 24067
24076 24275 24125 24174 24223
24276 24304 24283 24290 24297
24305 24335 24312 24319 24326
24336 24412 24355 24374 24393
24413 24450 24422 24431 24440
24451 24531 24471 24491 24511
24532 24737 24583 24634 24685
24738 24852 24766 24794 24822
24853 24880 24859 24865 24871
24881 24928 24892 24903 24914
24929 24992 24944 24959 24974
24993 25030 25002 25011 25020
25031 25074 25041 25051 25061
25075 25154 25094 25113 25132
25155 25182 25161 25167 25173
25183 25216 25191 25199 25207
25217 25293 25236 25255 25274
25294 25316 25299 25304 25309
25317 25337 25322 25327 25332
25338 25381 25348 25358 25368
25382 25421 25391 25400 25409
25422 25446 25428 25434 25440
25447 25497 25459 25471 25483
25498 25539 25508 25518 25528
25540 25612 25558 25576 25594
25613 25817 25664 25715 25766
25818 25874 25832 25846 25860
25875 25975 25900 25925 25950
25976 26175 26025 26074 26123
26176 26288 26204 26232 26260
26289 26332 26299 26309 26319
26333 26618 26404 26475 26546
26619 26676 26633 26647 26661
26677 26705 26684 26691 26698
26706 26734 26713 26720 26727
26735 26780 26746 26757 26768
26781 26830 26793 26805 26817
26831 26923 26854 26877 26900
26924 26964 26934 26944 26954
26965 27007 26975 26985 26995
27008 27046 27017 27026 27035
27047 27102 27060 27073 27086
27103 27134 27110 27117 27124
27135 27180 27146 27157 27168
27181 27215 27189 27197 27205
27216 27266 27228 27240 27252
27267 27306 27276 27285 27294
27307 27375 27324 27341 27358
27376 27435 27390 27404 27418
27436 27490 27449 27462 27475
27491 27514 27496 27501 27506
27515 27545 27522 27529 27536
27546 27591 27557 27568 27579
27592 27627 27600 27608 27616
27628 27660 27636 27644 27652
27661 27714 27674 27687 27700
27715 27755 27725 27735 27745
27756 27810 27769 27782 27795
27811 27834 27816 27821 27826
27835 27862 27841 27847 27853
27863 27898 27871 27879 27887
27899 27932 27907 27915 27923
27933 27951 27937 27941 27945
27952 27983 27959 27966 27973
27984 28005 27989 27994 27999
28006 28022 28010 28014 28018
28023 28044 28028 28033 28038
28045 28075 28052 28059 28066
28076 28112 28085 28094 28103
28113 28147 28121 28129 28137
28148 28192 28159 28170 28181
28193 28238 28204 28215 28226
28239 28273 28247 28255 28263
28274 28314 28284 28294 28304
28315 28337 28320 28325 28330
28338 28367 28345 28352 28359
28368 28384 28372 28376 28380
28385 28422 28394 28403 28412
28423 28458 28431 28439 28447
28459 28483 28465 28471 28477
28484 28501 28488 28492 28496
28502 28522 28507 28512 28517
28523 28620 28547 28571 28595
28621 28660 28630 28639 28648
28661 28706 28672 28683 28694
28707 28740 28715 28723 28731
28741 28774 28749 28757 28765
28775 28799 28781 28787 28793
28800 28820 28805 28810 28815
28821 28883 28836 28851 28866
28884 28907 28889 28894 28899
28908 28930 28913 28918 28923
28931 28954 28936 28941 28946
28955 28971 28959 28963 28967
28972 28996 28978 28984 28990
28997 29015 29001 29005 29009
29016 29066 29028 29040 29052
29067 29084 29071 29075 29079
29085 29112 29091 29097 29103
29113 29149 29122 29131 29140
29150 29169 29154 29158 29162
29170 29186 29174 29178 29182
29187 29256 29204 29221 29238
29257 29284 29263 29269 29275
29285 29303 29289 29293 29297
29304 29334 29311 29318 29325
29335 29376 29345 29355 29365
29377 29427 29389 29401 29413
29428 29464 29437 29446 29455
29465 29483 29469 29473 29477
29484 29516 29492 29500 29508
29517 29550 29525 29533 29541
29551 29633 29571 29591 29611
29634 29691 29648 29662 29676
29692 29733 29702 29712 29722
29734 29769 29742 29750 29758
29770 29810 29780 29790 29800
29811 29831 29816 29821 29826
29832 29871 29841 29850 29859
29872 29902 29879 29886 29893
29903 29926 29908 29913 29918
29927 29947 29932 29937 29942
29948 29976 29955 29962 29969
29977 30065 29982 29987 30048
30066 30084 30070 30074 30078
30085 30103 30089 30093 30097
30104 30143 30113 30122 30131
30144 30271 30175 30206 30237
30272 30522 30334 30396 30458
30523 30615 30546 30569 30592
30616 30760 30652 30688 30724
30761 30848 30782 30803 30824
30849 30903 30862 30875 30888
30904 31003 30928 30952 30976
31004 31050 31015 31026 31037
31051 31542 31173 31295 31417
31543 31737 31591 31639 31687
31738 31858 31768 31798 31828
31859 31966 31885 31911 31937
31967 32238 32034 32101 32168
32239 32446 32290 32341 32392
32447 32543 32471 32495 32519
32544 32626 32564 32584 32604
32627 32794 32668 32709 32750
32795 32854 32809 32823 32837
32855 32939 32876 32897 32918
32940 33053 32968 32996 33024
33054 33145 33076 33098 33120
33146 33310 33187 33228 33269
33311 33408 33335 33359 33383
33409 33459 33421 33433 33445
33460 33510 33472 33484 33496
33511 33557 33522 33533 33544
33558 33639 33578 33598 33618
33640 33710 33657 33674 33691
33711 34221 33838 33965 34092
34222 34355 34255 34288 34321
34356 34476 34386 34416 34446
34477 34563 34498 34519 34540
34564 34669 34590 34616 34642
34670 34750 34690 34710 34730
34751 34922 34793 34835 34877
34923 34953 34930 34937 34944
34954 35008 34967 34980 34993
35009 35085 35028 35047 35066
35086 35225 35120 35154 35188
35226 35263 35235 35244 35253
35264 35428 35305 35346 35387
35429 35479 35441 35453 35465
35480 35521 35490 35500 35510
35522 35558 35531 35540 35549
35559 35612 35572 35585 35598
35613 35681 35630 35647 35664
35682 35735 35695 35708 35721
35736 35782 35747 35758 35769
35783 35812 35790 35797 35804
35813 35850 35822 35831 35840
35851 35931 35871 35891 35911
35932 35974 35942 35952 35962
35975 36027 35988 36001 36014
36028 36178 36065 36102 36139
36179 36224 36190 36201 36212
36225 36271 36236 36247 36258
36272 36350 36291 36310 36329
36351 36383 36359 36367 36375
36384 36409 36390 36396 36402
36410 36447 36419 36428 36437
36448 36506 36462 36476 36490
36507 36662 36545 36583 36621
36663 36848 36709 36755 36801
36849 37156 36925 37001 37077
37157 37362 37208 37259 37310
37363 37567 37414 37465 37516
37568 37710 37603 37638 37673
37711 37761 37723 37735 37747
37762 37888 37793 37824 37855
37889 38028 37923 37957 37991
38029 38133 38055 38081 38107
38134 38214 38154 38174 38194
38215 38308 38238 38261 38284
38309 38423 38337 38365 38393
38424 38494 38441 38458 38475
38495 38566 38512 38529 38546
38567 38649 38587 38607 38627
38650 38703 38663 38676 38689
38704 38879 38747 38790 38833
38880 38926 38891 38902 38913
38927 38999 38945 38963 38981
39000 39184 39046 39092 39138
39185 39260 39203 39221 39239
39261 39341 39281 39301 39321
39342 39382 39352 39362 39372
39383 39418 39391 39399 39407
39419 39591 39462 39505 39548
39592 39643 39604 39616 39628
39644 39798 39682 39720 39758
39799 39995 39848 39897 39946
39996 40037 40006 40016 40026
40038 40095 40052 40066 40080
40096 40231 40129 40162 40195
40232 40291 40246 40260 40274
40292 40347 40305 40318 40331
40348 40421 40366 40384 40402
40422 40445 40427 40432 40437
40446 40479 40454 40462 40470
40480 40528 40492 40504 40516
40529 40590 40544 40559 40574
40591 40782 40638 40685 40732
40783 40913 40815 40847 40879
40914 40980 40930 40946 40962
40981 41179 41030 41079 41128
41180 41215 41188 41196 41204
41216 41247 41223 41230 41237
41248 41292 41259 41270 41281
41293 41358 41309 41325 41341
41359 41589 41416 41473 41530
41590 41671 41610 41630 41650
41672 41802 41704 41736 41768
41803 41892 41825 41847 41869
41893 42045 41931 41969 42007
42046 42091 42057 42068 42079
42092 42265 42135 42178 42221
42266 42517 42328 42390 42452
42518 42704 42564 42610 42656
42705 42801 42729 42753 42777
42802 42849 42813 42824 42835
42850 42888 42859 42868 42877
42889 43011 42919 42949 42979
43012 43051 43021 43030 43039
43052 43094 43062 43072 43082
43095 43215 43125 43155 43185
43216 43278 43231 43246 43261
43279 43348 43296 43313 43330
43349 43380 43356 43363 43370
43381 43516 43414 43447 43480
43517 43565 43529 43541 43553
43566 43624 43580 43594 43608
43625 43708 43645 43665 43685
43709 43923 43762 43815 43868
43924 43959 43932 43940 43948
43960 44007 43971 43982 43993
44008 44031 44013 44018 44023
44032 44244 44085 44138 44191
44245 44288 44255 44265 44275
44289 44384 44312 44335 44358
44385 44511 44416 44447 44478
44512 44684 44555 44598 44641
44685 44771 44706 44727 44748
44772 44856 44793 44814 44835
44857 44940 44877 44897 44917
44941 44971 44948 44955 44962
44972 45189 44978 44984 45141
45190 45246 45204 45218 45232
45247 45291 45258 45269 45280
45292 45357 45308 45324 45340
45358 45424 45374 45390 45406
45425 45496 45442 45459 45476
45497 45579 45517 45537 45557
45580 45754 45623 45666 45709
45755 45899 45791 45827 45863
45900 45969 45917 45934 45951
45970 45999 45977 45984 45991
46000 46052 46013 46026 46039
46053 46108 46066 46079 46092
46109 46213 46135 46161 46187
46214 46329 46242 46270 46298
46330 46391 46345 46360 46375
46392 46441 46404 46416 46428
46442 46586 46478 46514 46550
46587 46662 46605 46623 46641
46663 46684 46668 46673 46678
46685 46722 46694 46703 46712
46723 46847 46754 46785 46816
46848 46946 46872 46896 46920
46947 46995 46959 46971 46983
46996 47037 47006 47016 47026
47038 47394 47127 47216 47305
47395 47424 47402 47409 47416
47425 47550 47456 47487 47518
47551 47833 47621 47691 47761
47834 47899 47850 47866 47882
47900 48077 47944 47988 48032
48078 48251 48121 48164 48207
48252 48268 48256 48260 48264
48269 48297 48276 48283 48290
48298 48323 48304 48310 48316
48324 48373 48336 48348 48360
48374 48439 48390 48406 48422
48440 48470 48447 48454 48461
48471 48524 48484 48497 48510
48525 48600 48543 48561 48579
48601 48660 48615 48629 48643
48661 48803 48696 48731 48766
48804 48873 48821 48838 48855
48874 48905 48881 48888 48895
48906 48943 48915 48924 48933
48944 48965 48949 48954 48959
48966 49068 48991 49016 49041
49069 49127 49083 49097 49111
49128 49161 49136 49144 49152
49162 49222 49177 49192 49207
49223 49307 49244 49265 49286
49308 49454 49344 49380 49416
49455 49488 49463 49471 49479
49489 49676 49535 49581 49627
49677 49716 49686 49695 49704
49717 49756 49726 49735 49744
49757 49797 49767 49777 49787
49798 49839 49808 49818 49828
49840 49887 49851 49862 49873
49888 49995 49914 49940 49966
49996 50058 50011 50026 50041
50059 50142 50079 50099 50119
50143 50160 50147 50151 50155
50161 50180 50165 50169 50173
50181 50207 50187 50193 50199
50208 50250 50218 50228 50238
50251 50288 50260 50269 50278
50289 50328 50298 50307 50316
50329 50346 50333 50337 50341
50347 50366 50351 50355 50359
50367 50400 50375 50383 50391
50401 50439 50410 50419 50428
50440 50483 50450 50460 50470
50484 50523 50493 50502 50511
50524 50610 50545 50566 50587
50611 50675 50627 50643 50659
50676 50732 50690 50704 50718
50733 50792 50747 50761 50775
50793 50936 50828 50863 50898
50937 50991 50950 50963 50976
50992 51055 51007 51022 51037
51056 51111 51069 51082 51095
51112 51144 51120 51128 51136
51145 51180 51153 51161 51169
51181 51228 51192 51203 51214
51229 51265 51238 51247 51256
51266 51313 51277 51288 51299
51314 51366 51327 51340 51353
51367 51446 51386 51405 51424
51447 51570 51477 51507 51537
51571 51674 51596 51621 51646
51675 51836 51715 51755 51795
51837 51873 51846 51855 51864
51874 51951 51893 51912 51931
51952 52030 51971 51990 52009
52031 52121 52053 52075 52097
52122 52218 52146 52170 52194
52219 52274 52232 52245 52258
52275 52329 52288 52301 52314
52330 52387 52344 52358 52372
52388 52472 52409 52430 52451
52473 52582 52500 52527 52554
52583 52663 52603 52623 52643
52664 52744 52684 52704 52724
52745 52868 52775 52805 52835
52869 52964 52892 52915 52938
52965 53092 52996 53027 53058
53093 53113 53098 53103 53108
53114 53165 53126 53138 53150
53166 53214 53178 53190 53202
53215 53270 53228 53241 53254
53271 53320 53283 53295 53307
53321 53367 53332 53343 53354
53368 53404 53377 53386 53395
53405 53439 53413 53421 53429
53440 53475 53448 53456 53464
53476 53522 53487 53498 53509
53523 53555 53531 53539 53547
53556 53607 53568 53580 53592
53608 53638 53615 53622 53629
53639 53679 53649 53659 53669
53680 53752 53698 53716 53734
53753 53875 53783 53813 53843
53876 53964 53898 53920 53942
53965 54051 53986 54007 54028
54052 54156 54078 54104 54130
54157 54225 54174 54191 54208
54226 54292 54242 54258 54274
54293 54371 54312 54331 54350
54372 54421 54384 54396 54408
54422 54443 54427 54432 54437
54444 54520 54463 54482 54501
54521 54571 54533 54545 54557
54572 54621 54584 54596 54608
54622 54690 54639 54656 54673
54691 54766 54709 54727 54745
54767 54814 54778 54789 54800
54815 54864 54827 54839 54851
54865 54916 54877 54889 54901
54917 55009 54940 54963 54986
55010 55083 55028 55046 55064
55084 55180 55108 55132 55156
55181 55266 55202 55223 55244
55267 55322 55280 55293 55306
55323 55367 55334 55345 55356
55368 55418 55380 55392 55404
55419 55584 55460 55501 55542
55585 55610 55591 55597 55603
55611 55703 55634 55657 55680
55704 55865 55744 55784 55824
55866 55921 55879 55892 55905
55922 56038 55951 55980 56009
56039 56109 56056 56073 56090
56110 56162 56123 56136 56149
56163 56212 56175 56187 56199
56213 56335 56243 56273 56303
56336 56511 56379 56422 56465
56512 56579 56528 56544 56560
56580 56668 56602 56624 56646
56669 56688 56673 56677 56681
56689 56712 56694 56699 56704
56713 56745 56721 56729 56737
56746 56764 56750 56754 56758
56765 56898 56798 56831 56864
56899 56987 56921 56943 56965
56988 57092 57014 57040 57066
57093 57196 57118 57143 57168
57197 57385 57244 57291 57338
57386 57429 57396 57406 57416
57430 57497 57446 57462 57478
57498 57623 57529 57560 57591
57624 57741 57653 57682 57711
57742 57832 57764 57786 57808
57833 57909 57852 57871 57890
57910 58197 57981 58052 58123
58198 58300 58223 58248 58273
58301 58422 58331 58361 58391
58423 58490 58439 58455 58471
58491 58537 58502 58513 58524
58538 58600 58553 58568 58583
58601 58638 58610 58619 58628
58639 59109 58756 58873 58990
59110 59161 59122 59134 59146
59162 59399 59221 59280 59339
59400 59547 59436 59472 59508
59548 60260 59660 59772 60195
60261 60418 60300 60339 60378
60419 60583 60460 60501 60542
60584 60637 60597 60610 60623
60638 60741 60663 60688 60713
60742 60819 60761 60780 60799
60820 61096 60889 60958 61027
61097 61148 61109 61121 61133
61149 61217 61166 61183 61200
61218 61291 61236 61254 61272
61292 61337 61303 61314 61325
61338 61406 61355 61372 61389
61407 61518 61434 61461 61488
61519 61626 61545 61571 61597
61627 61753 61658 61689 61720
61754 61811 61768 61782 61796
61812 61920 61839 61866 61893
61921 62041 61951 61981 62011
62042 62110 62059 62076 62093
62111 62226 62139 62167 62195
62227 62307 62247 62267 62287
62308 62381 62326 62344 62362
62382 62424 62392 62402 62412
62425 62461 62434 62443 62452
62462 62479 62466 62470 62474
62480 62543 62495 62510 62525
62544 62784 62604 62664 62724
62785 62895 62812 62839 62866
62896 62949 62909 62922 62935
62950 63027 62969 62988 63007
63028 63087 63042 63056 63070
63088 63208 63118 63148 63178
63209 63288 63228 63247 63266
63289 63334 63300 63311 63322
63335 63468 63368 63401 63434
63469 63512 63479 63489 63499
63513 63533 63518 63523 63528
63534 63702 63576 63618 63660
63703 63726 63708 63713 63718
63727 63790 63742 63757 63772
63791 63859 63808 63825 63842
63860 63996 63894 63928 63962
63997 64046 64009 64021 64033
64047 64094 64058 64069 64080
64095 64151 64109 64123 64137
64152 64210 64166 64180 64194
64211 64287 64230 64249 64268
64288 64352 64304 64320 64336
64353 64438 64374 64395 64416
64439 64475 64448 64457 64466
64476 64493 64480 64484 64488
64494 64528 64502 64510 64518
64529 64574 64540 64551 64562
64575 64600 64581 64587 64593
64601 64627 64607 64613 64619
64628 64653 64634 64640 64646
64654 64671 64658 64662 64666
64672 64696 64678 64684 64690
64697 64727 64704 64711 64718
64728 64837 64755 64782 64809
64838 64886 64850 64862 64874
64887 64946 64901 64915 64929
64947 64969 64952 64957 64962
64970 64989 64974 64978 64982
64990 65012 64995 65000 65005
65013 65086 65031 65049 65067
65087 65118 65094 65101 65108
65119 65163 65130 65141 65152
65164 65232 65181 65198 65215
65233 65365 65266 65299 65332
65366 65429 65381 65396 65411
65430 65458 65437 65444 65451
65459 65534 65477 65495 65513
65535 65569 65543 65551 65559
65570 65637 65586 65602 65618
65638 65667 65645 65652 65659
65668 65695 65674 65680 65686
65696 65803 65722 65748 65774
65804 65822 65808 65812 65816
65823 65877 65836 65849 65862
65878 65951 65896 65914 65932
65952 65989 65961 65970 65979
65990 66064 66008 66026 66044
66065 66112 66076 66087 66098
66113 66175 66128 66143 66158
66176 66219 66186 66196 66206
66220 66248 66227 66234 66241
66249 66276 66255 66261 66267
66277 66471 66325 66373 66421
66472 66606 66505 66538 66571
66607 66649 66617 66627 66637
66650 66682 66658 66666 66674
66683 66724 66693 66703 66713
66725 66817 66748 66771 66794
66818 66883 66834 66850 66866
66884 66942 66898 66912 66926
66943 66977 66951 66959 66967
66978 67018 66988 66998 67008
67019 67056 67028 67037 67046
67057 67097 67067 67077 67087
67098 67200 67123 67148 67173
67201 67258 67215 67229 67243
67259 67308 67271 67283 67295
67309 67460 67346 67383 67420
67461 67496 67469 67477 67485
67497 67565 67514 67531 67548
67566 67598 67574 67582 67590
67599 67617 67603 67607 67611
67618 67889 67685 67752 67819
67890 68001 67917 67944 67971
68002 68040 68011 68020 68029
68041 68108 68057 68073 68089
68109 68148 68118 68127 68136
68149 68230 68169 68189 68209
68231 68282 68243 68255 68267
68283 68333 68295 68307 68319
68334 68373 68343 68352 68361
68374 68467 68397 68420 68443
68468 68532 68484 68500 68516
68533 68606 68551 68569 68587
68607 68647 68617 68627 68637
68648 68705 68662 68676 68690
68706 68841 68739 68772 68805
68842 68873 68849 68856 68863
68874 68921 68885 68896 68907
68922 68948 68928 68934 68940
68949 68997 68961 68973 68985
68998 69027 69005 69012 69019
69028 69050 69033 69038 69043
69051 69110 69065 69079 69093
69111 69172 69126 69141 69156
69173 69238 69189 69205 69221
69239 69309 69256 69273 69290
69310 69452 69345 69380 69415
69453 69515 69468 69483 69498
69516 69636 69546 69576 69606
69637 69705 69654 69671 69688
69706 69741 69714 69722 69730
69742 69811 69759 69776 69793
69812 69848 69821 69830 69839
69849 69908 69863 69877 69891
69909 69931 69914 69919 69924
69932 70009 69951 69970 69989
70010 70029 70014 70018 70022
70030 70091 70045 70060 70075
70092 70180 70114 70136 70158
70181 70232 70193 70205 70217
70233 70325 70256 70279 70302
70326 70364 70335 70344 70353
70365 70412 70376 70387 70398
70413 70433 70418 70423 70428
70434 70452 70438 70442 70446
70453 70546 70476 70499 70522
70547 70606 70561 70575 70589
70607 70662 70620 70633 70646
70663 70727 70679 70695 70711
70728 70794 70744 70760 70776
70795 70829 70803 70811 70819
70830 71003 70873 70916 70959
71004 71076 71022 71040 71058
71077 71116 71086 71095 71104
71117 71165 71129 71141 71153
71166 71213 71177 71188 71199
71214 71280 71230 71246 71262
71281 71297 71285 71289 71293
71298 71324 71304 71310 71316
71325 71364 71334 71343 71352
71365 71388 71370 71375 71380
71389 71428 71398 71407 71416
71429 71471 71439 71449 71459
71472 71512 71482 71492 71502
71513 71554 71523 71533 71543
71555 71586 71562 71569 71576
71587 71619 71595 71603 71611
71620 71683 71635 71650 71665
71684 71768 71705 71726 71747
71769 71809 71779 71789 71799
71810 71857 71821 71832 71843
71858 71892 71866 71874 71882
71893 71974 71913 71933 71953
71975 72013 71984 71993 72002
72014 72045 72021 72028 72035
72046 72073 72052 72058 72064
72074 72098 72080 72086 72092
72099 72120 72104 72109 72114
72121 72194 72139 72157 72175
72195 72288 72218 72241 72264
72289 72359 72306 72323 72340
72360 72520 72400 72440 72480
72521 72541 72526 72531 72536
72542 72574 72550 72558 72566
72575 72612 72584 72593 72602
72613 72654 72623 72633 72643
72655 72692 72664 72673 72682
72693 72727 72701 72709 72717
72728 72768 72738 72748 72758
72769 72814 72780 72791 72802
72815 72836 72820 72825 72830
72837 72938 72862 72887 72912
72939 72966 72945 72951 72957
72967 73023 72981 72995 73009
73024 73087 73039 73054 73069
73088 73148 73103 73118 73133
73149 73214 73165 73181 73197
73215 73326 73242 73269 73296
73327 73515 73374 73421 73468
73516 73558 73526 73536 73546
73559 73656 73583 73607 73631
73657 73687 73664 73671 73678
73688 73744 73702 73716 73730
73745 73776 73752 73759 73766
73777 73803 73783 73789 73795
73804 73833 73811 73818 73825
73834 73881 73845 73856 73867
73882 73961 73901 73920 73939
73962 73996 73970 73978 73986
73997 74027 74004 74011 74018
74028 74070 74038 74048 74058
74071 74116 74082 74093 74104
74117 74147 74124 74131 74138
74148 74222 74166 74184 74202
74223 74295 74241 74259 74277
74296 74413 74325 74354 74383
74414 74647 74472 74530 74588
74648 74682 74656 74664 74672
74683 74751 74700 74717 74734
74752 74778 74758 74764 74770
74779 74827 74791 74803 74815
74828 74924 74852 74876 74900
74925 74986 74940 74955 74970
74987 75097 74990 74993 75072
75098 75154 75112 75126 75140
75155 75255 75180 75205 75230
75256 75284 75263 75270 75277
75285 75321 75294 75303 75312
75322 75365 75332 75342 75352
75366 75384 75370 75374 75378
75385 75411 75391 75397 75403
75412 75462 75424 75436 75448
75463 75519 75477 75491 75505
75520 75554 75528 75536 75544
75555 75603 75567 75579 75591
75604 75659 75617 75630 75643
75660 75730 75677 75694 75711
75731 75801 75748 75765 75782
75802 75823 75807 75812 75817
75824 75860 75833 75842 75851
75861 75892 75868 75875 75882
75893 75957 75909 75925 75941
75958 75997 75967 75976 75985
75998 76018 76003 76008 76013
76019 76044 76025 76031 76037
76045 76352 76121 76197 76273
76353 76423 76370 76387 76404
76424 76607 76469 76514 76559
76608 76674 76624 76640 76656
76675 76716 76685 76695 76705
76717 76764 76728 76739 76750
76765 76963 76814 76863 76912
76964 77024 76979 76994 77009
77025 77346 77105 77185 77265
77347 77379 77355 77363 77371
77380 77509 77412 77444 77476
77510 77534 77516 77522 77528
77535 77560 77541 77547 77553
77561 77626 77577 77593 77609
77627 77763 77661 77695 77729
77764 77791 77770 77776 77782
77792 77816 77798 77804 77810
77817 77846 77824 77831 77838
77847 77892 77858 77869 77880
77893 77917 77899 77905 77911
77918 77937 77922 77926 77930
77938 77970 77946 77954 77962
77971 78004 77979 77987 77995
78005 78029 78011 78017 78023
78030 78061 78037 78044 78051
78062 78085 78067 78072 78077
78086 78119 78094 78102 78110
78120 78142 78125 78130 78135
78143 78201 78157 78171 78185
78202 78238 78211 78220 78229
78239 78263 78245 78251 78257
78264 78290 78270 78276 78282
78291 78315 78297 78303 78309
78316 78337 78321 78326 78331
78338 78361 78343 78348 78353
78362 78405 78372 78382 78392
78406 78435 78413 78420 78427
78436 78474 78445 78454 78463
78475 78507 78483 78491 78499
78508 78596 78530 78552 78574
78597 78634 78606 78615 78624
78635 78727 78658 78681 78704
78728 78814 78749 78770 78791
78815 78854 78824 78833 78842
78855 78888 78863 78871 78879
78889 78978 78911 78933 78955
78979 79042 78994 79009 79024
79043 79150 79069 79095 79121
79151 79180 79158 79165 79172
79181 79237 79195 79209 79223
79238 79273 79246 79254 79262
79274 79316 79284 79294 79304
79317 79376 79331 79345 79359
79377 79405 79384 79391 79398
79406 79505 79430 79454 79478
79506 79727 79561 79616 79671
79728 79767 79737 79746 79755
79768 79799 79775 79782 79789
79800 79875 79818 79836 79854
79876 79924 79888 79900 79912
79925 80046 79955 79985 80015
80047 80090 80057 80067 80077
80091 80180 80113 80135 80157
80181 80206 80187 80193 80199
80207 80371 80248 80289 80330
80372 80425 80385 80398 80411
80426 80556 80458 80490 80522
80557 80760 80607 80657 80707
80761 80879 80790 80819 80848
80880 81020 80915 80950 80985
81021 81118 81045 81069 81093
81119 81233 81147 81175 81203
81234 81319 81255 81276 81297
81320 81396 81339 81358 81377
81397 81575 81441 81485 81529
81576 81624 81588 81600 81612
81625 81734 81652 81679 81706
81735 82044 81812 81889 81966
82045 82102 82059 82073 82087
82103 82257 82141 82179 82217
82258 82360 82283 82308 82333
82361 82377 82365 82369 82373
82378 82453 82396 82414 82432
82454 82497 82464 82474 82484
82498 82607 82525 82552 82579
82608 82683 82626 82644 82662
82684 82905 82739 82794 82849
82906 83030 82937 82968 82999
83031 83295 83097 83163 83229
83296 83511 83349 83402 83455
83512 83583 83529 83546 83563
83584 83616 83592 83600 83608
83617 83704 83638 83659 83680
83705 83730 83711 83717 83723
83731 83747 83735 83739 83743
83748 83775 83754 83760 83766
83776 83870 83799 83822 83845
83871 84020 83908 83945 83982
84021 84112 84043 84065 84087
84113 84444 84195 84277 84359
84445 84520 84463 84481 84499
84521 84671 84558 84595 84632
84672 84778 84698 84724 84750
84779 84863 84800 84821 84842
84864 84991 84895 84926 84957
84992 85044 85005 85018 85031
85045 85399 85133 85221 85309
85400 85457 85414 85428 85442
85458 85521 85473 85488 85503
85522 85602 85542 85562 85582
85603 85626 85608 85613 85618
85627 85807 85672 85717 85762
85808 85857 85820 85832 85844
85858 85919 85873 85888 85903
85920 85993 85938 85956 85974
85994 86085 86016 86038 86060
86086 86160 86104 86122 86140
86161 86208 86172 86183 86194
86209 86234 86215 86221 86227
86235 86273 86244 86253 86262
86274 86295 86279 86284 86289
86296 86328 86304 86312 86320
86329 86412 86349 86369 86389
86413 86476 86428 86443 86458
86477 86588 86504 86531 86558
86589 86622 86597 86605 86613
86623 86693 86640 86657 86674
86694 86867 86737 86780 86823
86868 86915 86879 86890 86901
86916 86958 86926 86936 86946
86959 87044 86980 87001 87022
87045 87144 87069 87093 87117
87145 87246 87170 87195 87220
87247 87280 87255 87263 87271
87281 87371 87303 87325 87347
87372 87489 87401 87430 87459
87490 87586 87514 87538 87562
87587 87664 87606 87625 87644
87665 87721 87679 87693 87707
87722 87856 87755 87788 87821
87857 87877 87862 87867 87872
87878 87998 87908 87938 87968
87999 88188 88046 88093 88140
88189 88238 88201 88213 88225
88239 88450 88291 88343 88395
88451 88578 88482 88513 88544
88579 88668 88601 88623 88645
88669 88819 88706 88743 88780
88820 88868 88832 88844 88856
88869 88974 88895 88921 88947
88975 89085 89002 89029 89056
89086 89536 89198 89310 89422
89537 89778 89597 89657 89717
89779 89839 89794 89809 89824
89840 89858 89844 89848 89852
89859 89875 89863 89867 89871
89876 89996 89906 89936 89966
89997 90032 89997 89997 90024
90033 90138 90059 90085 90111
90139 90200 90154 90169 90184
90201 90468 90267 90333 90399
90469 90682 90522 90575 90628
90683 90813 90715 90747 90779
90814 90900 90835 90856 90877
90901 91194 90974 91047 91120
91195 91239 91206 91217 91228
91240 91409 91282 91324 91366
91410 91502 91433 91456 91479
91503 91585 91523 91543 91563
91586 91814 91643 91700 91757
91815 92230 91918 92021 92124
92231 92278 92242 92253 92264
92279 92594 92357 92435 92513
92595 93126 92727 92859 92991
93127 93276 93164 93201 93238
93277 93690 93380 93483 93586
93691 93717 93697 93703 93709
93718 93743 93724 93730 93736
93744 93808 93760 93776 93792
93809 93899 93831 93853 93875
93900 93993 93923 93946 93969
93994 94076 94014 94034 94054
94077 94126 94089 94101 94113
94127 94155 94134 94141 94148
94156 94222 94172 94188 94204
94223 94300 94242 94261 94280
94301 94407 94327 94353 94379
94408 94739 94490 94572 94654
94740 94920 94785 94830 94875
94921 94998 94940 94959 94978
94999 95055 95013 95027 95041
95056 95139 95076 95096 95116
95140 95245 95166 95192 95218
95246 95313 95262 95278 95294
95314 95482 95356 95398 95440
95483 95537 95496 95509 95522
95538 95578 95548 95558 95568
95579 95618 95588 95597 95606
95619 95674 95632 95645 95658
95675 95766 95697 95719 95741
95767 95801 95775 95783 95791
95802 95900 95826 95850 95874
95901 96009 95928 95955 95982
96010 96090 96030 96050 96070
96091 96370 96160 96229 96298
96371 96475 96397 96423 96449
96476 96593 96505 96534 96563
96594 96614 96599 96604 96609
96615 96713 96639 96663 96687
96714 96739 96720 96726 96732
96740 96762 96745 96750 96755
96763 96876 96791 96819 96847
96877 97014 96911 96945 96979
97015 97072 97029 97043 97057
97073 97121 97085 97097 97109
97122 97153 97129 97136 97143
97154 97207 97167 97180 97193
97208 97239 97215 97222 97229
97240 97264 97246 97252 97258
97265 97290 97271 97277 97283
97291 97313 97296 97301 97306
97314 97440 97345 97376 97407
97441 97468 97447 97453 97459
97469 97500 97476 97483 97490
97501 97574 97519 97537 97555
97575 97647 97593 97611 97629
97648 97677 97655 97662 97669
97678 97709 97685 97692 97699
97710 97745 97718 97726 97734
97746 97786 97756 97766 97776
97787 97809 97792 97797 97802
97810 97840 97817 97824 97831
97841 97860 97845 97849 97853
97861 97878 97865 97869 97873
97879 97899 97884 97889 97894
97900 97938 97909 97918 97927
97939 97959 97944 97949 97954
97960 97976 97964 97968 97972
97977 98032 97990 98003 98016
98033 98078 98044 98055 98066
98079 98105 98085 98091 98097
98106 98123 98110 98114 98118
98124 98151 98130 98136 98142
98152 98170 98156 98160 98164
98171 98213 98181 98191 98201
98214 98249 98222 98230 98238
98250 98294 98261 98272 98283
98295 98329 98303 98311 98319
98330 98351 98335 98340 98345
98352 98392 98362 98372 98382
98393 98419 98399 98405 98411
98420 98447 98426 98432 98438
98448 98494 98459 98470 98481
98495 98515 98500 98505 98510
98516 98548 98524 98532 98540
98549 98565 98553 98557 98561
98566 98584 98570 98574 98578
98585 98608 98590 98595 98600
98609 98665 98623 98637 98651
98666 98711 98677 98688 98699
98712 98747 98720 98728 98736
98748 98798 98760 98772 98784
98799 98822 98804 98809 98814
98823 98925 98848 98873 98898
98926 98968 98936 98946 98956
98969 99022 98982 98995 99008
99023 99076 99036 99049 99062
99077 99105 99084 99091 99098
99106 99129 99111 99116 99121
99130 99156 99136 99142 99148
99157 99174 99161 99165 99169
99175 99212 99184 99193 99202
99213 99243 99220 99227 99234
99244 99266 99249 99254 99259
99267 99311 99278 99289 99300
99312 99335 99317 99322 99327
99336 99353 99340 99344 99348
99354 99438 99375 99396 99417
99439 99478 99448 99457 99466
99479 99502 99484 99489 99494
99503 99528 99509 99515 99521
99529 99548 99533 99537 99541
99549 99579 99556 99563 99570
99580 99604 99586 99592 99598
99605 99623 99609 99613 99617
99624 99652 99631 99638 99645
99653 99673 99658 99663 99668
99674 99709 99682 99690 99698
99710 99735 99716 99722 99728
99736 99759 99741 99746 99751
99760 99796 99769 99778 99787
99797 99916 99826 99855 99884
99917 99948 99924 99931 99938
99949 100076 99980 100011 100042
100077 100127 100089 100101 100113
100128 100174 100139 100150 100161
100175 100231 100189 100203 100217
100232 100260 100239 100246 100253
100261 100387 100292 100323 100354
100388 100418 100395 100402 100409
100419 100487 100436 100453 100470
100488 100830 100573 100658 100743
100831 100872 100841 100851 100861
100873 100938 100889 100905 100921
100939 100989 100951 100963 100975
100990 101031 101000 101010 101020
101032 101120 101054 101076 101098
101121 101143 101126 101131 101136
101144 101163 101148 101152 101156
101164 101190 101170 101176 101182
101191 101294 101216 101241 101266
101295 101358 101310 101325 101340
101359 101443 101380 101401 101422
101444 101468 101450 101456 101462
101469 101492 101474 101479 101484
101493 101544 101505 101517 101529
101545 101598 101558 101571 101584
101599 101632 101607 101615 101623
101633 101687 101646 101659 101672
101688 101777 101710 101732 101754
101778 101802 101784 101790 101796
101803 101832 101810 101817 101824
101833 102075 101893 101953 102013
102076 102141 102092 102108 102124
102142 102242 102167 102192 102217
102243 102282 102252 102261 102270
102283 102396 102311 102339 102367
102397 102510 102425 102453 102481
102511 102585 102529 102547 102565
102586 102631 102597 102608 102619
102632 102722 102654 102676 102698
102723 103071 102810 102897 102984
103072 103120 103084 103096 103108
103121 103226 103147 103173 103199
103227 103377 103264 103301 103338
103378 103434 103392 103406 103420
103435 103553 103464 103493 103522
103554 103622 103571 103588 103605
103623 103673 103635 103647 103659
103674 103712 103683 103692 103701
103713 103744 103720 103727 103734
103745 103788 103755 103765 103775
103789 103904 103817 103845 103873
103905 103938 103913 103921 103929
103939 103973 103947 103955 103963
103974 104018 103985 103996 104007
104019 104060 104029 104039 104049
104061 104102 104071 104081 104091
104103 104158 104116 104129 104142
104159 104197 104168 104177 104186
104198 104305 104224 104250 104276
104306 104365 104320 104334 104348
104366 104398 104374 104382 104390
104399 104419 104404 104409 104414
104420 104469 104432 104444 104456
104470 104553 104490 104510 104530
104554 104618 104570 104586 104602
104619 104726 104645 104671 104697
104727 104772 104738 104749 104760
104773 104821 104785 104797 104809
104822 104885 104837 104852 104867
104886 104923 104895 104904 104913
104924 104967 104934 104944 104954
104968 104994 104974 104980 104986
104995 105045 104996 104997 105033
105046 105086 105056 105066 105076
105087 105120 105095 105103 105111
105121 105140 105125 105129 105133
105141 105286 105177 105213 105249
105287 105344 105301 105315 105329
105345 105375 105352 105359 105366
105376 105416 105386 105396 105406
105417 105449 105425 105433 105441
105450 105484 105458 105466 105474
105485 105531 105496 105507 105518
105532 105574 105542 105552 105562
105575 105650 105593 105611 105629
105651 105702 105663 105675 105687
105703 105813 105730 105757 105784
105814 105875 105829 105844 105859
105876 105959 105896 105916 105936
105960 106035 105978 105996 106014
106036 106070 106044 106052 106060
106071 106148 106090 106109 106128
106149 106179 106156 106163 106170
106180 106276 106204 106228 106252
106277 106310 106285 106293 106301
106311 106382 106328 106345 106362
106383 106452 106400 106417 106434
106453 106494 106463 106473 106483
106495 106554 106509 106523 106537
106555 106650 106578 106601 106624
106651 106767 106680 106709 106738
106768 106805 106777 106786 106795
106806 106884 106825 106844 106863
106885 106939 106898 106911 106924
106940 107031 106962 106984 107006
107032 107178 107068 107104 107140
107179 107277 107203 107227 107251
107278 107334 107292 107306 107320
107335 107379 107346 107357 107368
107380 107445 107396 107412 107428
107446 107499 107459 107472 107485
107500 107526 107506 107512 107518
107527 107568 107537 107547 107557
107569 107634 107585 107601 107617
107635 107658 107640 107645 107650
107659 107706 107670 107681 107692
107707 107783 107726 107745 107764
107784 107816 107792 107800 107808
107817 107855 107826 107835 107844
107856 107894 107865 107874 107883
107895 107913 107899 107903 107907
107914 107939 107920 107926 107932
107940 107983 107950 107960 107970
107984 108042 107998 108012 108026
108043 108080 108052 108061 108070
108081 108115 108089 108097 108105
108116 108145 108123 108130 108137
108146 108190 108157 108168 108179
108191 108236 108202 108213 108224
108237 108365 108269 108301 108333
108366 108609 108426 108486 108546
108610 108808 108659 108708 108757
108809 108924 108837 108865 108893
108925 108943 108929 108933 108937
108944 108965 108949 108954 108959
108966 108996 108973 108980 108987
108997 109016 109001 109005 109009
109017 109034 109021 109025 109029
109035 109074 109044 109053 109062
109075 109127 109088 109101 109114
109128 109161 109136 109144 109152
109162 109178 109166 109170 109174
109179 109205 109185 109191 109197
109206 109222 109210 109214 109218
109223 109257 109231 109239 109247
109258 109295 109267 109276 109285
109296 109327 109303 109310 109317
109328 109355 109334 109340 109346
109356 109372 109360 109364 109368
109373 109430 109387 109401 109415
109431 109463 109439 109447 109455
109464 109518 109477 109490 109503
109519 109567 109531 109543 109555
109568 109591 109573 109578 109583
109592 109608 109596 109600 109604
109609 109682 109627 109645 109663
109683 109722 109692 109701 109710
109723 109746 109728 109733 109738
109747 109777 109754 109761 109768
109778 109798 109783 109788 109793
109799 109832 109807 109815 109823
109833 109864 109840 109847 109854
109865 109881 109869 109873 109877
109882 109908 109888 109894 109900
109909 109935 109915 109921 109927
109936 110021 109957 109978 109999
110022 110061 110031 110040 110049
110062 110109 110073 110084 110095
110110 110284 110153 110196 110239
110285 110301 110289 110293 110297
110302 110322 110307 110312 110317
110323 110403 110343 110363 110383
110404 110428 110410 110416 110422
110429 110460 110436 110443 110450
110461 110509 110473 110485 110497
110510 110538 110517 110524 110531
110539 110564 110545 110551 110557
110565 110592 110571 110577 110583
110593 110614 110598 110603 110608
110615 110634 110619 110623 110627
110635 110689 110648 110661 110674
110690 110728 110699 110708 110717
110729 110751 110734 110739 110744
110752 110774 110757 110762 110767
110775 110796 110780 110785 110790
110797 110814 110801 110805 110809
110815 110854 110824 110833 110842
110855 110891 110864 110873 110882
110892 110914 110897 110902 110907
110915 110936 110920 110925 110930
110937 111036 110961 110985 111009
111037 111072 111045 111053 111061
111073 111099 111079 111085 111091
111100 111128 111107 111114 111121
111129 111147 111133 111137 111141
111148 111228 111168 111188 111208
111229 111259 111236 111243 111250
111260 111296 111269 111278 111287
111297 111326 111304 111311 111318
111327 111373 111338 111349 111360
111374 111406 111382 111390 111398
111407 111426 111411 111415 111419
111427 111480 111440 111453 111466
111481 111503 111486 111491 111496
111504 111530 111510 111516 111522
111531 111549 111535 111539 111543
111550 111568 111554 111558 111562
111569 111603 111577 111585 111593
111604 111649 111615 111626 111637
111650 111683 111658 111666 111674
111684 111713 111691 111698 111705
111714 111735 111719 111724 111729
111736 111758 111741 111746 111751
111759 111780 111764 111769 111774
111781 111857 111800 111819 111838
111858 111893 111866 111874 111882
111894 111926 111902 111910 111918
111927 111956 111934 111941 111948
111957 111983 111963 111969 111975
111984 112013 111991 111998 112005
112014 112036 112019 112024 112029
112037 112100 112052 112067 112082
112101 112121 112106 112111 112116
112122 112223 112147 112172 112197
112224 112333 112251 112278 112305
112334 112355 112339 112344 112349
112356 112537 112401 112446 112491
112538 112562 112544 112550 112556
112563 112579 112567 112571 112575
112580 112746 112621 112662 112703
112747 112800 112760 112773 112786
112801 112842 112811 112821 112831
112843 112940 112867 112891 112915
112941 113007 112957 112973 112989
113008 113043 113016 113024 113032
113044 113080 113053 113062 113071
113081 113125 113092 113103 113114
113126 113199 113144 113162 113180
113200 113251 113212 113224 113236
113252 113289 113261 113270 113279
113290 113339 113302 113314 113326
113340 113448 113367 113394 113421
113449 113540 113471 113493 113515
113541 113563 113546 113551 113556
113564 113581 113568 113572 113576
113582 113614 113590 113598 113606
113615 113657 113625 113635 113645
113658 113686 113665 113672 113679
113687 113712 113693 113699 113705
113713 113748 113721 113729 113737
113749 113766 113753 113757 113761
113767 113800 113775 113783 113791
113801 113821 113806 113811 113816
113822 113857 113830 113838 113846
113858 113927 113875 113892 113909
113928 113960 113936 113944 113952
113961 113994 113969 113977 113985
113995 114067 114013 114031 114049
114068 114126 114082 114096 114110
114127 114172 114138 114149 114160
114173 114214 114183 114193 114203
114215 114273 114229 114243 114257
114274 114353 114293 114312 114331
114354 114454 114379 114404 114429
114455 114521 114471 114487 114503
114522 114625 114547 114572 114597
114626 114655 114633 114640 114647
114656 114795 114690 114724 114758
114796 114848 114809 114822 114835
114849 114910 114864 114879 114894
114911 114982 114928 114945 114962
114983 115033 114995 115007 115019
115034 115087 115047 115060 115073
115088 115134 115099 115110 115121
115135 115253 115164 115193 115222
115254 115342 115276 115298 115320
115343 115414 115360 115377 115394
115415 115469 115428 115441 115454
115470 115490 115475 115480 115485
115491 115566 115509 115527 115545
115567 115616 115579 115591 115603
115617 115663 115628 115639 115650
115664 115707 115674 115684 115694
115708 115801 115731 115754 115777
115802 115880 115821 115840 115859
115881 115950 115898 115915 115932
115951 116049 115975 115999 116023
116050 116168 116079 116108 116137
116169 116282 116197 116225 116253
116283 116336 116296 116309 116322
116337 116395 116351 116365 116379
116396 116442 116407 116418 116429
116443 116491 116455 116467 116479
116492 116538 116503 116514 116525
116539 116592 116552 116565 116578
116593 116631 116602 116611 116620
116632 116868 116691 116750 116809
116869 116938 116886 116903 116920
116939 117011 116957 116975 116993
117012 117052 117022 117032 117042
117053 117101 117065 117077 117089
117102 117148 117113 117124 117135
117149 117188 117158 117167 117176
117189 117239 117201 117213 117225
117240 117335 117263 117286 117309
117336 117375 117345 117354 117363
117376 117452 117395 117414 117433
117453 117522 117470 117487 117504
117523 117586 117538 117553 117568
117587 117642 117600 117613 117626
117643 117717 117661 117679 117697
117718 117772 117731 117744 117757
117773 117865 117796 117819 117842
117866 117960 117889 117912 117935
117961 118022 117976 117991 118006
118023 118078 118036 118049 118062
118079 118199 118109 118139 118169
118200 118243 118210 118220 118230
118244 118287 118254 118264 118274
118288 118322 118296 118304 118312
118323 118341 118327 118331 118335
118342 118369 118348 118354 118360
118370 118396 118376 118382 118388
118397 118442 118408 118419 118430
118443 118488 118454 118465 118476
118489 118507 118493 118497 118501
118508 118550 118518 118528 118538
118551 118595 118562 118573 118584
118596 118614 118600 118604 118608
118615 118637 118620 118625 118630
118638 118682 118649 118660 118671
118683 118735 118696 118709 118722
118736 118820 118757 118778 118799
118821 118850 118828 118835 118842
118851 118927 118870 118889 118908
118928 118958 118935 118942 118949
118959 119058 118983 119007 119031
119059 119083 119065 119071 119077
119084 119107 119089 119094 119099
119108 119153 119119 119130 119141
119154 119173 119158 119162 119166
119174 119207 119182 119190 119198
119208 119239 119215 119222 119229
119240 119296 119254 119268 119282
119297 119321 119303 119309 119315
119322 119363 119332 119342 119352
119364 119380 119368 119372 119376
119381 119408 119387 119393 119399
119409 119425 119413 119417 119421
119426 119464 119435 119444 119453
119465 119481 119469 119473 119477
119482 119511 119489 119496 119503
119512 119528 119516 119520 119524
119529 119554 119535 119541 119547
119555 119620 119571 119587 119603
119621 119638 119625 119629 119633
119639 119670 119646 119653 119660
119671 119696 119677 119683 119689
119697 119719 119702 119707 119712
119720 119768 119732 119744 119756
119769 119825 119783 119797 119811
119826 119866 119836 119846 119856
119867 119921 119880 119893 119906
119922 119950 119929 119936 119943
119951 120022 119963 119975 120015
120023 120089 120039 120055 120071
120090 120121 120097 120104 120111
120122 120152 120129 120136 120143
120153 120170 120157 120161 120165
120171 120202 120178 120185 120192
120203 120224 120208 120213 120218
120225 120242 120229 120233 120237
120243 120263 120248 120253 120258
120264 120284 120269 120274 120279
120285 120332 120296 120307 120318
120333 120361 120340 120347 120354
120362 120404 120372 120382 120392
120405 120425 120410 120415 120420
120426 120447 120431 120436 120441
120448 120486 120457 120466 120475
120487 120509 120492 120497 120502
120510 120528 120514 120518 120522
120529 120563 120537 120545 120553
120564 120605 120574 120584 120594
120606 120622 120610 120614 120618
120623 120645 120628 120633 120638
120646 120666 120651 120656 120661
120667 120699 120675 120683 120691
120700 120744 120711 120722 120733
120745 120766 120750 120755 120760
120767 120815 120779 120791 120803
120816 120835 120820 120824 120828
120836 120866 120843 120850 120857
120867 120883 120871 120875 120879
120884 120900 120888 120892 120896
120901 120929 120908 120915 120922
120930 120993 120945 120960 120975
120994 121032 121003 121012 121021
121033 121108 121051 121069 121087
121109 121129 121114 121119 121124
121130 121167 121139 121148 121157
121168 121209 121178 121188 121198
121210 121244 121218 121226 121234
121245 121312 121261 121277 121293
121313 121342 121320 121327 121334
121343 121372 121350 121357 121364
121373 121458 121394 121415 121436
121459 121490 121466 121473 121480
121491 121546 121504 121517 121530
121547 121570 121552 121557 121562
121571 121592 121576 121581 121586
121593 121637 121604 121615 121626
121638 121688 121650 121662 121674
121689 121712 121694 121699 121704
121713 121753 121723 121733 121743
121754 121780 121760 121766 121772
121781 121816 121789 121797 121805
121817 121878 121832 121847 121862
121879 121911 121887 121895 121903
121912 121942 121919 121926 121933
121943 121970 121949 121955 121961
121971 121992 121976 121981 121986
121993 122009 121997 122001 122005
122010 122032 122015 122020 122025
122033 122072 122042 122051 122060
122073 122117 122084 122095 122106
122118 122141 122123 122128 122133
122142 122193 122154 122166 122178
122194 122220 122200 122206 122212
122221 122240 122225 122229 122233
122241 122267 122247 122253 122259
122268 122298 122275 122282 122289
122299 122405 122325 122351 122377
122406 122429 122411 122416 122421
122430 122466 122439 122448 122457
122467 122486 122471 122475 122479
122487 122510 122492 122497 122502
122511 122529 122515 122519 122523
122530 122551 122535 122540 122545
122552 122579 122558 122564 122570
122580 122637 122594 122608 122622
122638 122685 122649 122660 122671
122686 122713 122692 122698 122704
122714 122751 122723 122732 122741
122752 122789 122761 122770 122779
122790 122817 122796 122802 122808
122818 122843 122824 122830 122836
122844 122865 122849 122854 122859
122866 122886 122871 122876 122881
122887 123047 122927 122967 123007
123048 123071 123053 123058 123063
123072 123109 123081 123090 123099
123110 123148 123119 123128 123137
123149 123174 123155 123161 123167
123175 123221 123186 123197 123208
123222 123255 123230 123238 123246
123256 123296 123266 123276 123286
123297 123400 123322 123347 123372
123401 123583 123446 123491 123536
123584 123736 123622 123660 123698
123737 123798 123752 123767 123782
123799 123940 123834 123869 123904
123941 124047 123967 123993 124019
124048 124107 124062 124076 124090
124108 124159 124120 124132 124144
124160 124206 124171 124182 124193
124207 124258 124219 124231 124243
124259 124364 124285 124311 124337
124365 124486 124395 124425 124455
124487 124558 124504 124521 124538
124559 124834 124627 124695 124763
124835 124969 124868 124901 124934
124970 125079 124997 125024 125051
125080 125135 125093 125106 125119
125136 125175 125145 125154 125163
125176 125195 125180 125184 125188
125196 125227 125203 125210 125217
125228 125283 125241 125254 125267
125284 125325 125294 125304 125314
125326 125351 125332 125338 125344
125352 125405 125365 125378 125391
125406 125452 125417 125428 125439
125453 125611 125492 125531 125570
125612 125650 125621 125630 125639
125651 126303 125814 125977 126140
126304 126437 126337 126370 126403
126438 126483 126449 126460 126471
126484 126557 126502 126520 126538
126558 126616 126572 126586 126600
126617 126665 126629 126641 126653
126666 126736 126683 126700 126717
126737 126867 126769 126801 126833
126868 126972 126894 126920 126946
126973 127037 126989 127005 127021
127038 127067 127045 127052 127059
127068 127098 127075 127082 127089
127099 127143 127110 127121 127132
127144 127191 127155 127166 127177
127192 127242 127204 127216 127228
127243 127318 127261 127279 127297
127319 127402 127339 127359 127379
127403 127422 127407 127411 127415
127423 127462 127432 127441 127450
127463 127501 127472 127481 127490
127502 127527 127508 127514 127520
127528 127553 127534 127540 127546
127554 127575 127559 127564 127569
127576 127593 127580 127584 127588
127594 127623 127601 127608 127615
127624 127663 127633 127642 127651
127664 127687 127669 127674 127679
127688 127707 127692 127696 127700
127708 127734 127714 127720 127726
127735 127811 127754 127773 127792
127812 127953 127847 127882 127917
127954 128015 127969 127984 127999
128016 128057 128026 128036 128046
128058 128117 128072 128086 128100
128118 128160 128128 128138 128148
128161 128195 128169 128177 128185
128196 128271 128214 128232 128250
128272 128300 128279 128286 128293
128301 128358 128315 128329 128343
128359 128414 128372 128385 128398
128415 128442 128421 128427 128433
128443 128487 128454 128465 128476
128488 128531 128498 128508 128518
128532 128556 128538 128544 128550
128557 128629 128575 128593 128611
128630 128679 128642 128654 128666
128680 128734 128693 128706 128719
128735 128851 128764 128793 128822
128852 128882 128859 128866 128873
128883 128919 128892 128901 128910
128920 128963 128930 128940 128950
128964 128984 128969 128974 128979
128985 129031 128996 129007 129018
129032 129063 129039 129046 129053
129064 129090 129070 129076 129082
129091 129125 129099 129107 129115
129126 129160 129134 129142 129150
129161 129193 129169 129177 129185
129194 129246 129207 129220 129233
129247 129310 129262 129277 129292
129311 129369 129325 129339 129353
129370 129406 129379 129388 129397
129407 129446 129416 129425 129434
129447 129485 129456 129465 129474
129486 129521 129494 129502 129510
129522 129593 129539 129556 129573
129594 129621 129600 129606 129612
129622 129654 129630 129638 129646
129655 129705 129667 129679 129691
129706 129738 129714 129722 129730
129739 129857 129768 129797 129826
129858 129888 129865 129872 129879
129889 129963 129907 129925 129943
129964 129989 129970 129976 129982
129990 130011 129995 130000 130005
130012 130074 130027 130042 130057
130075 130105 130082 130089 130096
130106 130141 130114 130122 130130
130142 130228 130163 130184 130205
130229 130324 130252 130275 130298
130325 130366 130335 130345 130355
130367 130399 130375 130383 130391
130400 130506 130426 130452 130478
130507 130562 130520 130533 130546
130563 130605 130573 130583 130593
130606 130644 130615 130624 130633
130645 130697 130658 130671 130684
130698 130883 130744 130790 130836
130884 130907 130889 130894 130899
130908 130930 130913 130918 130923
130931 130968 130940 130949 130958
130969 131038 130986 131003 131020
131039 131171 131072 131105 131138
131172 131201 131179 131186 131193
131202 131244 131212 131222 131232
131245 131289 131256 131267 131278
131290 131326 131299 131308 131317
131327 131373 131338 131349 131360
131374 131410 131383 131392 131401
131411 131678 131477 131543 131609
131679 131735 131693 131707 131721
131736 131752 131740 131744 131748
131753 131846 131776 131799 131822
131847 131887 131857 131867 131877
131888 131959 131905 131922 131939
131960 132025 131976 131992 132008
132026 132082 132040 132054 132068
132083 132160 132102 132121 132140
132161 132208 132172 132183 132194
132209 132241 132217 132225 132233
132242 132278 132251 132260 132269
132279 132338 132293 132307 132321
132339 132386 132350 132361 132372
132387 132719 132470 132553 132636
132720 132778 132734 132748 132762
132779 132969 132826 132873 132920
132970 133060 132992 133014 133036
133061 133120 133075 133089 133103
133121 133190 133138 133155 133172
133191 133259 133208 133225 133242
133260 133345 133281 133302 133323
133346 133485 133380 133414 133448
133486 133552 133502 133518 133534
133553 133584 133560 133567 133574
133585 133674 133607 133629 133651
133675 133727 133688 133701 133714
133728 133780 133741 133754 133767
133781 133806 133787 133793 133799
133807 133841 133815 133823 133831
133842 133899 133856 133870 133884
133900 133944 133911 133922 133933
133945 134082 133979 134013 134047
134083 134103 134088 134093 134098
134104 134131 134110 134116 134122
134132 134149 134136 134140 134144
134150 134198 134162 134174 134186
134199 134223 134205 134211 134217
134224 134256 134232 134240 134248
134257 134286 134264 134271 134278
134287 134352 134303 134319 134335
134353 134403 134365 134377 134389
134404 134487 134424 134444 134464
134488 134524 134497 134506 134515
134525 134577 134538 134551 134564
134578 134684 134604 134630 134656
134685 134816 134717 134749 134781
134817 134930 134845 134873 134901
134931 134993 134946 134961 134976
134994 135087 134995 134996 135063
135088 135122 135096 135104 135112
135123 135211 135145 135167 135189
135212 135293 135232 135252 135272
135294 135322 135301 135308 135315
135323 135346 135328 135333 135338
135347 135374 135353 135359 135365
135375 135391 135379 135383 135387
135392 135411 135396 135400 135404
135412 135436 135418 135424 135430
135437 135469 135445 135453 135461
135470 135505 135478 135486 135494
135506 135533 135512 135518 135524
135534 135552 135538 135542 135546
135553 135609 135567 135581 135595
135610 135659 135622 135634 135646
135660 135720 135675 135690 135705
135721 135900 135765 135809 135853
135901 135997 135925 135949 135973
135998 136014 136002 136006 136010
136015 136079 136031 136047 136063
136080 136118 136089 136098 136107
136119 136178 136133 136147 136161
136179 136299 136209 136239 136269
136300 136357 136314 136328 136342
136358 136376 136362 136366 136370
136377 136440 136392 136407 136422
136441 136567 136472 136503 136534
136568 136590 136573 136578 136583
136591 136610 136595 136599 136603
136611 136658 136622 136633 136644
136659 136692 136667 136675 136683
136693 136717 136699 136705 136711
136718 136757 136727 136736 136745
136758 136811 136771 136784 136797
136812 136891 136831 136850 136869
136892 136936 136903 136914 136925
136937 136990 136950 136963 136976
136991 137035 137002 137013 137024
137036 137074 137045 137054 137063
137075 137099 137081 137087 137093
137100 137156 137114 137128 137142
137157 137181 137163 137169 137175
137182 137300 137211 137240 137269
137301 137324 137306 137311 137316
137325 137503 137369 137413 137457
137504 137527 137509 137514 137519
137528 137624 137552 137576 137600
137625 137738 137653 137681 137709
137739 137786 137750 137761 137772
137787 137817 137794 137801 137808
137818 137899 137838 137858 137878
137900 137985 137921 137942 137963
137986 138045 138000 138014 138028
138046 138072 138052 138058 138064
138073 138203 138105 138137 138169
138204 138264 138219 138234 138249
138265 138325 138280 138295 138310
138326 138369 138336 138346 138356
138370 138415 138381 138392 138403
138416 138524 138443 138470 138497
138525 138577 138538 138551 138564
138578 138594 138582 138586 138590
138595 138611 138599 138603 138607
138612 138628 138616 138620 138624
138629 138652 138634 138639 138644
138653 138694 138663 138673 138683
138695 138715 138700 138705 138710
138716 138768 138729 138742 138755
138769 138849 138789 138809 138829
138850 138925 138868 138886 138904
138926 138953 138932 138938 138944
138954 138989 138962 138970 138978
138990 139016 138996 139002 139008
139017 139064 139028 139039 139050
139065 139089 139071 139077 139083
139090 139315 139146 139202 139258
139316 139345 139323 139330 139337
139346 139367 139351 139356 139361
139368 139386 139372 139376 139380
139387 139417 139394 139401 139408
139418 139457 139427 139436 139445
139458 139485 139464 139470 139476
139486 139510 139492 139498 139504
139511 139528 139515 139519 139523
139529 139576 139540 139551 139562
139577 139596 139581 139585 139589
139597 139624 139603 139609 139615
139625 139647 139630 139635 139640
139648 139679 139655 139662 139669
139680 139699 139684 139688 139692
139700 139730 139707 139714 139721
139731 139760 139738 139745 139752
139761 139789 139768 139775 139782
139790 139812 139795 139800 139805
139813 139858 139824 139835 139846
139859 139875 139863 139867 139871
139876 139929 139889 139902 139915
139930 139964 139938 139946 139954
139965 139988 139970 139975 139980
139989 140008 139993 139997 140001
140009 140118 140036 140063 140090
140119 140147 140126 140133 140140
140148 140195 140159 140170 140181
140196 140236 140206 140216 140226
140237 140569 140320 140403 140486
140570 140588 140574 140578 140582
140589 140609 140594 140599 140604
140610 140664 140623 140636 140649
140665 140719 140678 140691 140704
140720 140773 140733 140746 140759
140774 140954 140819 140864 140909
140955 141031 140974 140993 141012
141032 141072 141042 141052 141062
141073 141123 141085 141097 141109
141124 141165 141134 141144 141154
141166 141194 141173 141180 141187
141195 141223 141202 141209 141216
141224 141273 141236 141248 141260
141274 141319 141285 141296 141307
141320 141371 141332 141344 141356
141372 141415 141382 141392 141402
141416 141489 141434 141452 141470
141490 141538 141502 141514 141526
141539 141561 141544 141549 141554
141562 141585 141567 141572 141577
141586 141607 141591 141596 141601
141608 141624 141612 141616 141620
141625 141660 141633 141641 141649
141661 141678 141665 141669 141673
141679 141710 141686 141693 141700
141711 141759 141723 141735 141747
141760 141787 141766 141772 141778
141788 141822 141796 141804 141812
141823 141843 141828 141833 141838
141844 141868 141850 141856 141862
141869 141921 141882 141895 141908
141922 141953 141929 141936 141943
141954 141998 141965 141976 141987
141999 142061 142014 142029 142044
142062 142123 142077 142092 142107
142124 142190 142140 142156 142172
142191 142230 142200 142209 142218
142231 142250 142235 142239 142243
142251 142301 142263 142275 142287
142302 142376 142320 142338 142356
142377 142431 142390 142403 142416
142432 142470 142441 142450 142459
142471 142498 142477 142483 142489
142499 142537 142508 142517 142526
142538 142573 142546 142554 142562
142574 142661 142595 142616 142637
142662 142723 142677 142692 142707
142724 142791 142740 142756 142772
142792 142838 142803 142814 142825
142839 142858 142843 142847 142851
142859 142876 142863 142867 142871
142877 142904 142883 142889 142895
142905 142921 142909 142913 142917
142922 142940 142926 142930 142934
142941 142961 142946 142951 142956
142962 142999 142971 142980 142989
143000 143070 143017 143034 143051
143071 143145 143089 143107 143125
143146 143204 143160 143174 143188
143205 143253 143217 143229 143241
143254 143284 143261 143268 143275
143285 143353 143302 143319 143336
143354 143437 143374 143394 143414
143438 143513 143456 143474 143492
143514 143603 143536 143558 143580
143604 143657 143617 143630 143643
143658 143733 143676 143694 143712
143734 143799 143750 143766 143782
143800 143946 143836 143872 143908
143947 143967 143952 143957 143962
143968 144061 143991 144014 144037
144062 144102 144072 144082 144092
144103 144150 144114 144125 144136
144151 144219 144168 144185 144202
144220 144249 144227 144234 144241
144250 144350 144275 144300 144325
144351 144390 144360 144369 144378
144391 144446 144404 144417 144430
144447 144506 144461 144475 144489
144507 144543 144516 144525 144534
144544 144592 144556 144568 144580
144593 144614 144598 144603 144608
144615 144646 144622 144629 144636
144647 144699 144660 144673 144686
144700 144716 144704 144708 144712
144717 144736 144721 144725 144729
144737 144755 144741 144745 144749
144756 144780 144762 144768 144774
144781 144813 144789 144797 144805
144814 144850 144823 144832 144841
144851 144880 144858 144865 144872
144881 144898 144885 144889 144893
144899 144916 144903 144907 144911
144917 144933 144921 144925 144929
144934 144958 144940 144946 144952
144959 144999 144969 144979 144989
145000 145017 145004 145008 145012
145018 145039 145023 145028 145033
145040 145064 145046 145052 145058
145065 145087 145070 145075 145080
145088 145127 145097 145106 145115
145128 145179 145140 145152 145164
145180 145210 145187 145194 145201
145211 145234 145216 145221 145226
145235 145252 145239 145243 145247
145253 145272 145257 145261 145265
145273 145310 145282 145291 145300
145311 145349 145320 145329 145338
145350 145373 145355 145360 145365
145374 145395 145379 145384 145389
145396 145471 145414 145432 145450
145472 145515 145482 145492 145502
145516 145536 145521 145526 145531
145537 145560 145542 145547 145552
145561 145583 145566 145571 145576
145584 145612 145591 145598 145605
145613 145643 145620 145627 145634
145644 145661 145648 145652 145656
145662 145679 145666 145670 145674
145680 145703 145685 145690 145695
145704 145731 145710 145716 145722
145732 145751 145736 145740 145744
145752 145778 145758 145764 145770
145779 145801 145784 145789 145794
145802 145821 145806 145810 145814
145822 145845 145827 145832 145837
145846 145865 145850 145854 145858
145866 145889 145871 145876 145881
145890 145907 145894 145898 145902
145908 145939 145915 145922 145929
145940 145963 145945 145950 145955
145964 145986 145969 145974 145979
145987 146008 145992 145997 146002
146009 146048 146018 146027 146036
146049 146072 146054 146059 146064
146073 146112 146082 146091 146100
146113 146129 146117 146121 146125
146130 146160 146137 146144 146151
146161 146182 146166 146171 146176
146183 146202 146187 146191 146195
146203 146222 146207 146211 146215
146223 146250 146229 146235 146241
146251 146275 146257 146263 146269
146276 146296 146281 146286 146291
146297 146331 146305 146313 146321
146332 146365 146340 146348 146356
146366 146426 146381 146396 146411
146427 146449 146432 146437 146442
146450 146472 146455 146460 146465
146473 146518 146484 146495 146506
146519 146572 146532 146545 146558
146573 146623 146585 146597 146609
146624 146653 146631 146638 146645
146654 146711 146668 146682 146696
146712 146766 146725 146738 146751
146767 146791 146773 146779 146785
146792 146855 146807 146822 146837
146856 146901 146867 146878 146889
146902 146938 146911 146920 146929
146939 146968 146946 146953 146960
146969 147035 146985 147001 147017
147036 147076 147046 147056 147066
147077 147118 147087 147097 147107
147119 147148 147126 147133 147140
147149 147190 147159 147169 147179
147191 147219 147198 147205 147212
147220 147248 147227 147234 147241
147249 147269 147254 147259 147264
147270 147290 147275 147280 147285
147291 147308 147295 147299 147303
147309 147361 147322 147335 147348
147362 147421 147376 147390 147404
147422 147448 147428 147434 147440
147449 147466 147453 147457 147461
147467 147487 147472 147477 147482
147488 147509 147493 147498 147503
147510 147528 147514 147518 147522
147529 147553 147535 147541 147547
147554 147572 147558 147562 147566
147573 147626 147586 147599 147612
147627 147660 147635 147643 147651
147661 147704 147671 147681 147691
147705 147733 147712 147719 147726
147734 147768 147742 147750 147758
147769 147792 147774 147779 147784
147793 147820 147799 147805 147811
147821 147845 147827 147833 147839
147846 147881 147854 147862 147870
147882 147924 147892 147902 147912
147925 147946 147930 147935 147940
147947 147963 147951 147955 147959
147964 147986 147969 147974 147979
147987 148003 147991 147995 147999
148004 148021 148008 148012 148016
148022 148051 148029 148036 148043
148052 148071 148056 148060 148064
148072 148119 148083 148094 148105
148120 148157 148129 148138 148147
148158 148231 148176 148194 148212
148232 148317 148253 148274 148295
148318 148351 148326 148334 148342
148352 148400 148364 148376 148388
148401 148458 148415 148429 148443
148459 148482 148464 148469 148474
148483 148500 148487 148491 148495
148501 148518 148505 148509 148513
148519 148652 148552 148585 148618
148653 148744 148675 148697 148719
148745 148812 148761 148777 148793
148813 148854 148823 148833 148843
148855 148902 148866 148877 148888
148903 148934 148910 148917 148924
148935 148966 148942 148949 148956
148967 148990 148972 148977 148982
148991 149012 148996 149001 149006
149013 149047 149021 149029 149037
149048 149087 149057 149066 149075
149088 149108 149093 149098 149103
149109 149165 149123 149137 149151
149166 149213 149177 149188 149199
149214 149244 149221 149228 149235
149245 149265 149250 149255 149260
149266 149292 149272 149278 149284
149293 149323 149300 149307 149314
149324 149343 149328 149332 149336
149344 149363 149348 149352 149356
149364 149386 149369 149374 149379
149387 149438 149399 149411 149423
149439 149455 149443 149447 149451
149456 149490 149464 149472 149480
149491 149526 149499 149507 149515
149527 149544 149531 149535 149539
149545 149566 149550 149555 149560
149567 149603 149576 149585 149594
149604 149621 149608 149612 149616
149622 149644 149627 149632 149637
149645 149685 149655 149665 149675
149686 149721 149694 149702 149710
149722 149749 149728 149734 149740
149750 149771 149755 149760 149765
149772 149813 149782 149792 149802
149814 149831 149818 149822 149826
149832 149852 149837 149842 149847
149853 149880 149859 149865 149871
149881 149931 149893 149905 149917
149932 149969 149941 149950 149959
149970 150075 149977 149984 150054
150076 150185 150103 150130 150157
150186 150226 150196 150206 150216
150227 150246 150231 150235 150239
150247 150308 150262 150277 150292
150309 150336 150315 150321 150327
150337 150386 150349 150361 150373
150387 150405 150391 150395 150399
150406 150422 150410 150414 150418
150423 150439 150427 150431 150435
150440 150510 150457 150474 150491
150511 150584 150529 150547 150565
150585 150608 150590 150595 150600
150609 150662 150622 150635 150648
150663 150729 150679 150695 150711
150730 150754 150736 150742 150748
150755 150786 150762 150769 150776
150787 150817 150794 150801 150808
150818 150853 150826 150834 150842
150854 150876 150859 150864 150869
150877 150899 150882 150887 150892
150900 150931 150907 150914 150921
150932 150971 150941 150950 150959
150972 151016 150983 150994 151005
151017 151033 151021 151025 151029
151034 151062 151041 151048 151055
151063 151088 151069 151075 151081
151089 151115 151095 151101 151107
151116 151141 151122 151128 151134
151142 151169 151148 151154 151160
151170 151187 151174 151178 151182
151188 151226 151197 151206 151215
151227 151250 151232 151237 151242
151251 151301 151263 151275 151287
151302 151336 151310 151318 151326
151337 151387 151349 151361 151373
151388 151420 151396 151404 151412
151421 151444 151426 151431 151436
151445 151471 151451 151457 151463
151472 151508 151481 151490 151499
151509 151568 151523 151537 151551
151569 151604 151577 151585 151593
151605 151635 151612 151619 151626
151636 151654 151640 151644 151648
151655 151694 151664 151673 151682
151695 151757 151710 151725 151740
151758 151857 151782 151806 151830
151858 151948 151880 151902 151924
151949 151982 151957 151965 151973
151983 152027 151994 152005 152016
152028 152046 152032 152036 152040
152047 152073 152053 152059 152065
152074 152097 152079 152084 152089
152098 152117 152102 152106 152110
152118 152138 152123 152128 152133
152139 152160 152144 152149 152154
152161 152211 152173 152185 152197
152212 152235 152217 152222 152227
152236 152273 152245 152254 152263
152274 152308 152282 152290 152298
152309 152340 152316 152323 152330
152341 152367 152347 152353 152359
152368 152422 152381 152394 152407
152423 152465 152433 152443 152453
152466 152509 152476 152486 152496
152510 152547 152519 152528 152537
152548 152568 152553 152558 152563
152569 152587 152573 152577 152581
152588 152609 152593 152598 152603
152610 152626 152614 152618 152622
152627 152655 152634 152641 152648
152656 152702 152667 152678 152689
152703 152722 152707 152711 152715
152723 152757 152731 152739 152747
152758 152790 152766 152774 152782
152791 152821 152798 152805 152812
152822 152840 152826 152830 152834
152841 152866 152847 152853 152859
152867 152912 152878 152889 152900
152913 152940 152919 152925 152931
152941 152957 152945 152949 152953
152958 152976 152962 152966 152970
152977 152998 152982 152987 152992
152999 153025 153005 153011 153017
153026 153045 153030 153034 153038
153046 153063 153050 153054 153058
153064 153099 153072 153080 153088
153100 153118 153104 153108 153112
153119 153139 153124 153129 153134
153140 153160 153145 153150 153155
153161 153186 153167 153173 153179
153187 153208 153192 153197 153202
153209 153232 153214 153219 153224
153233 153267 153241 153249 153257
153268 153285 153272 153276 153280
153286 153304 153290 153294 153298
153305 153327 153310 153315 153320
153328 153355 153334 153340 153346
153356 153383 153362 153368 153374
153384 153427 153394 153404 153414
153428 153444 153432 153436 153440
153445 153472 153451 153457 153463
153473 153515 153483 153493 153503
153516 153547 153523 153530 153537
153548 153588 153558 153568 153578
153589 153611 153594 153599 153604
153612 153657 153623 153634 153645
153658 153684 153664 153670 153676
153685 153741 153699 153713 153727
153742 153774 153750 153758 153766
153775 153803 153782 153789 153796
153804 153842 153813 153822 153831
153843 153873 153850 153857 153864
153874 153891 153878 153882 153886
153892 153922 153899 153906 153913
153923 153948 153929 153935 153941
153949 153981 153957 153965 153973
153982 154016 153990 153998 154006
154017 154038 154022 154027 154032
154039 154061 154044 154049 154054
154062 154102 154072 154082 154092
154103 154120 154107 154111 154115
154121 154142 154126 154131 154136
154143 154189 154154 154165 154176
154190 154206 154194 154198 154202
154207 154270 154222 154237 154252
154271 154293 154276 154281 154286
154294 154328 154302 154310 154318
154329 154354 154335 154341 154347
154355 154382 154361 154367 154373
154383 154410 154389 154395 154401
154411 154444 154419 154427 154435
154445 154476 154452 154459 154466
154477 154498 154482 154487 154492
154499 154523 154505 154511 154517
154524 154540 154528 154532 154536
154541 154575 154549 154557 154565
154576 154600 154582 154588 154594
154601 154620 154605 154609 154613
154621 154647 154627 154633 154639
154648 154676 154655 154662 154669
154677 154703 154683 154689 154695
154704 154723 154708 154712 154716
154724 154750 154730 154736 154742
154751 154813 154766 154781 154796
154814 154846 154822 154830 154838
154847 154867 154852 154857 154862
154868 154934 154884 154900 154916
154935 154960 154941 154947 154953
154961 154983 154966 154971 154976
154984 155013 154991 154998 155005
155014 155038 155020 155026 155032
155039 155066 155045 155051 155057
155067 155088 155072 155077 155082
155089 155106 155093 155097 155101
155107 155129 155112 155117 155122
155130 155151 155135 155140 155145
155152 155182 155159 155166 155173
155183 155200 155187 155191 155195
155201 155271 155218 155235 155252
155272 155345 155290 155308 155326
155346 155388 155356 155366 155376
155389 155411 155394 155399 155404
155412 155512 155437 155462 155487
155513 155606 155536 155559 155582
155607 155724 155636 155665 155694
155725 155776 155737 155749 155761
155777 155796 155781 155785 155789
155797 155814 155801 155805 155809
155815 155853 155824 155833 155842
155854 155887 155862 155870 155878
155888 155919 155895 155902 155909
155920 155965 155931 155942 155953
155966 156008 155976 155986 155996
156009 156028 156013 156017 156021
156029 156047 156033 156037 156041
156048 156069 156053 156058 156063
156070 156118 156082 156094 156106
156119 156139 156124 156129 156134
156140 156164 156146 156152 156158
156165 156189 156171 156177 156183
156190 156206 156194 156198 156202
156207 156226 156211 156215 156219
156227 156259 156235 156243 156251
156260 156283 156265 156270 156275
156284 156322 156293 156302 156311
156323 156359 156332 156341 156350
156360 156389 156367 156374 156381
156390 156407 156394 156398 156402
156408 156424 156412 156416 156420
156425 156454 156432 156439 156446
156455 156496 156465 156475 156485
156497 156521 156503 156509 156515
156522 156556 156530 156538 156546
156557 156586 156564 156571 156578
156587 156612 156593 156599 156605
156613 156663 156625 156637 156649
156664 156697 156672 156680 156688
156698 156723 156704 156710 156716
156724 156754 156731 156738 156745
156755 156778 156760 156765 156770
156779 156795 156783 156787 156791
156796 156818 156801 156806 156811
156819 156851 156827 156835 156843
156852 156917 156868 156884 156900
156918 156945 156924 156930 156936
156946 156970 156952 156958 156964
156971 156988 156975 156979 156983
156989 157023 156997 157005 157013
157024 157047 157029 157034 157039
157048 157082 157056 157064 157072
157083 157116 157091 157099 157107
157117 157146 157124 157131 157138
157147 157164 157151 157155 157159
157165 157184 157169 157173 157177
157185 157203 157189 157193 157197
157204 157227 157209 157214 157219
157228 157244 157232 157236 157240
157245 157261 157249 157253 157257
157262 157290 157269 157276 157283
157291 157310 157295 157299 157303
157311 157338 157317 157323 157329
157339 157356 157343 157347 157351
157357 157374 157361 157365 157369
157375 157419 157386 157397 157408
157420 157436 157424 157428 157432
157437 157462 157443 157449 157455
157463 157507 157474 157485 157496
157508 157537 157515 157522 157529
157538 157562 157544 157550 157556
157563 157584 157568 157573 157578
157585 157601 157589 157593 157597
157602 157653 157614 157626 157638
157654 157676 157659 157664 157669
157677 157715 157686 157695 157704
157716 157759 157726 157736 157746
157760 157796 157769 157778 157787
157797 157824 157803 157809 157815
157825 157857 157833 157841 157849
157858 157875 157862 157866 157870
157876 157920 157887 157898 157909
157921 157946 157927 157933 157939
157947 157982 157955 157963 157971
157983 158017 157991 157999 158007
158018 158047 158025 158032 158039
158048 158069 158053 158058 158063
158070 158092 158075 158080 158085
158093 158109 158097 158101 158105
158110 158163 158123 158136 158149
158164 158203 158173 158182 158191
158204 158228 158210 158216 158222
158229 158253 158235 158241 158247
158254 158280 158260 158266 158272
158281 158305 158287 158293 158299
158306 158325 158310 158314 158318
158326 158367 158336 158346 158356
158368 158401 158376 158384 158392
158402 158467 158418 158434 158450
158468 158579 158495 158522 158549
158580 158610 158587 158594 158601
158611 158628 158615 158619 158623
158629 158646 158633 158637 158641
158647 158716 158664 158681 158698
158717 158746 158724 158731 158738
158747 158781 158755 158763 158771
158782 158804 158787 158792 158797
158805 158826 158810 158815 158820
158827 158849 158832 158837 158842
158850 158866 158854 158858 158862
158867 158913 158878 158889 158900
158914 158975 158929 158944 158959
158976 159022 158987 158998 159009
159023 159141 159052 159081 159110
159142 159172 159149 159156 159163
159173 159195 159178 159183 159188
159196 159214 159200 159204 159208
159215 159244 159222 159229 159236
159245 159274 159252 159259 159266
159275 159303 159282 159289 159296
159304 159334 159311 159318 159325
159335 159386 159347 159359 159371
159387 159404 159391 159395 159399
159405 159455 159417 159429 159441
159456 159473 159460 159464 159468
159474 159512 159483 159492 159501
159513 159533 159518 159523 159528
159534 159646 159562 159590 159618
159647 159666 159651 159655 159659
159667 159685 159671 159675 159679
159686 159727 159696 159706 159716
159728 159757 159735 159742 159749
159758 159774 159762 159766 159770
159775 159810 159783 159791 159799
159811 159831 159816 159821 159826
159832 159849 159836 159840 159844
159850 159873 159855 159860 159865
159874 159920 159885 159896 159907
159921 159972 159933 159945 159957
159973 160027 159986 159999 160012
160028 160078 160040 160052 160064
160079 160118 160088 160097 160106
160119 160154 160127 160135 160143
160155 160220 160171 160187 160203
160221 160280 160235 160249 160263
160281 160318 160290 160299 160308
160319 160358 160328 160337 160346
160359 160447 160381 160403 160425
160448 160485 160457 160466 160475
160486 160525 160495 160504 160513
160526 160565 160535 160544 160553
160566 160644 160585 160604 160623
160645 160745 160670 160695 160720
160746 160796 160758 160770 160782
160797 160859 160812 160827 160842
160860 160926 160876 160892 160908
160927 160975 160939 160951 160963
160976 161005 160983 160990 160997
161006 161052 161017 161028 161039
161053 161086 161061 161069 161077
161087 161135 161099 161111 161123
161136 161182 161147 161158 161169
161183 161263 161203 161223 161243
161264 161346 161284 161304 161324
161347 161363 161351 161355 161359
161364 161384 161369 161374 161379
161385 161405 161390 161395 161400
161406 161425 161410 161414 161418
161426 161477 161438 161450 161462
161478 161494 161482 161486 161490
161495 161513 161499 161503 161507
161514 161531 161518 161522 161526
161532 161565 161540 161548 161556
161566 161588 161571 161576 161581
161589 161605 161593 161597 161601
161606 161630 161612 161618 161624
161631 161658 161637 161643 161649
161659 161735 161678 161697 161716
161736 161770 161744 161752 161760
161771 161835 161787 161803 161819
161836 161893 161850 161864 161878
161894 161944 161906 161918 161930
161945 161978 161953 161961 161969
161979 162028 161991 162003 162015
162029 162066 162038 162047 162056
162067 162135 162084 162101 162118
162136 162155 162140 162144 162148
162156 162193 162165 162174 162183
162194 162225 162201 162208 162215
162226 162259 162234 162242 162250
162260 162292 162268 162276 162284
162293 162324 162300 162307 162314
162325 162342 162329 162333 162337
162343 162382 162352 162361 162370
162383 162414 162390 162397 162404
162415 162455 162425 162435 162445
162456 162490 162464 162472 162480
162491 162511 162496 162501 162506
162512 162557 162523 162534 162545
162558 162601 162568 162578 162588
162602 162635 162610 162618 162626
162636 162673 162645 162654 162663
162674 162704 162681 162688 162695
162705 162722 162709 162713 162717
162723 162747 162729 162735 162741
162748 162782 162756 162764 162772
162783 162800 162787 162791 162795
162801 162829 162808 162815 162822
162830 162849 162834 162838 162842
162850 162877 162856 162862 162868
162878 162905 162884 162890 162896
162906 163019 162934 162962 162990
163020 163115 163043 163066 163089
163116 163135 163120 163124 163128
163136 163153 163140 163144 163148
163154 163175 163159 163164 163169
163176 163194 163180 163184 163188
163195 163215 163200 163205 163210
163216 163242 163222 163228 163234
163243 163264 163248 163253 163258
163265 163296 163272 163279 163286
163297 163331 163305 163313 163321
163332 163380 163344 163356 163368
163381 163415 163389 163397 163405
163416 163626 163468 163520 163572
163627 163675 163639 163651 163663
163676 163761 163697 163718 163739
163762 163812 163774 163786 163798
163813 163870 163827 163841 163855
163871 163902 163878 163885 163892
163903 163935 163911 163919 163927
163936 163975 163945 163954 163963
163976 164106 164008 164040 164072
164107 164163 164121 164135 164149
164164 164222 164178 164192 164206
164223 164287 164239 164255 164271
164288 164597 164365 164442 164519
164598 164692 164621 164644 164667
164693 164731 164702 164711 164720
164732 164770 164741 164750 164759
164771 164801 164778 164785 164792
164802 164841 164811 164820 164829
164842 164872 164849 164856 164863
164873 164947 164891 164909 164927
164948 164993 164959 164970 164981
164994 165033 164995 164996 165024
165034 165085 165046 165058 165070
165086 165129 165096 165106 165116
165130 165268 165164 165198 165232
165269 165377 165296 165323 165350
165378 165441 165393 165408 165423
165442 165521 165461 165480 165499
165522 165557 165530 165538 165546
165558 165590 165566 165574 165582
165591 165622 165598 165605 165612
165623 165664 165633 165643 165653
165665 165687 165670 165675 165680
165688 165713 165694 165700 165706
165714 165737 165719 165724 165729
165738 165773 165746 165754 165762
165774 165793 165778 165782 165786
165794 165832 165803 165812 165821
165833 165851 165837 165841 165845
165852 165870 165856 165860 165864
165871 165889 165875 165879 165883
165890 165932 165900 165910 165920
165933 165955 165938 165943 165948
165956 165979 165961 165966 165971
165980 166008 165987 165994 166001
166009 166029 166014 166019 166024
166030 166061 166037 166044 166051
166062 166156 166085 166108 166131
166157 166314 166196 166235 166274
166315 166512 166364 166413 166462
166513 166577 166529 166545 166561
166578 166670 166601 166624 166647
166671 166838 166712 166753 166794
166839 166858 166843 166847 166851
166859 166916 166873 166887 166901
166917 166971 166930 166943 166956
166972 167061 166994 167016 167038
167062 167198 167096 167130 167164
167199 167687 167321 167443 167565
167688 167767 167707 167726 167745
167768 167889 167798 167828 167858
167890 168132 167950 168010 168070
168133 168168 168141 168149 168157
168169 168245 168188 168207 168226
168246 168408 168286 168326 168366
168409 168538 168441 168473 168505
168539 168611 168557 168575 168593
168612 168672 168627 168642 168657
168673 168779 168699 168725 168751
168780 168858 168799 168818 168837
168859 168888 168866 168873 168880
168889 168979 168911 168933 168955
168980 169024 168991 169002 169013
169025 169333 169102 169179 169256
169334 169565 169391 169448 169505
169566 169766 169616 169666 169716
169767 169885 169796 169825 169854
169886 169927 169896 169906 169916
169928 169988 169943 169958 169973
169989 170109 170019 170049 170079
170110 170533 170215 170320 170425
170534 177628 172307 174080 175853
177629 177791 177669 177709 177749
