0 86 21 42 63
87 2457 679 1271 1863
2458 2531 2476 2494 2512
2532 2794 2597 2662 2727
2795 3168 2888 2981 3074
3169 3236 3185 3201 3217
3237 4282 3498 3759 4020
4283 5389 4559 4835 5111
5390 5475 5411 5432 5453
5476 5700 5532 5588 5644
5701 5865 5742 5783 5824
5866 5941 5884 5902 5920
5942 6015 5960 5978 5996
6016 6188 6059 6102 6145
6189 6272 6209 6229 6249
6273 6379 6299 6325 6351
6380 6474 6403 6426 6449
6475 6573 6499 6523 6547
6574 6882 6651 6728 6805
6883 7256 6976 7069 7162
7257 7625 7349 7441 7533
7626 7699 7644 7662 7680
7700 8002 7775 7850 7925
8003 8049 8014 8025 8036
8050 8289 8109 8168 8227
8290 8349 8304 8318 8332
8350 8445 8373 8396 8419
8446 8540 8469 8492 8515
8541 8681 8576 8611 8646
8682 8710 8689 8696 8703
8711 8753 8721 8731 8741
8754 8820 8770 8786 8802
8821 8925 8847 8873 8899
8926 8998 8944 8962 8980
8999 9043 9010 9021 9032
9044 9062 9048 9052 9056
9063 9096 9071 9079 9087
9097 9161 9113 9129 9145
9162 9201 9171 9180 9189
9202 9407 9253 9304 9355
9408 9467 9422 9436 9450
9468 9490 9473 9478 9483
9491 9552 9506 9521 9536
9553 9621 9570 9587 9604
9622 9710 9644 9666 9688
9711 9743 9719 9727 9735
9744 9784 9754 9764 9774
9785 9886 9810 9835 9860
9887 9996 9914 9941 9968
9997 10543 10133 10269 10405
10544 10640 10568 10592 10616
10641 11868 10947 11253 11559
11869 12062 11917 11965 12013
12063 12461 12162 12261 12360
12462 12909 12573 12684 12795
12910 13009 12934 12958 12982
13010 13085 13028 13046 13064
13086 13236 13123 13160 13197
13237 13443 13288 13339 13390
13444 14528 13715 13986 14257
14529 14647 14558 14587 14616
14648 14757 14675 14702 14729
14758 14849 14780 14802 14824
14850 14908 14864 14878 14892
14909 14993 14930 14951 14972
14994 15090 14995 14996 15066
15091 15130 15100 15109 15118
15131 15161 15138 15145 15152
15162 15284 15192 15222 15252
15285 15509 15341 15397 15453
15510 15586 15529 15548 15567
15587 15705 15616 15645 15674
15706 15867 15746 15786 15826
15868 15924 15882 15896 15910
15925 15974 15937 15949 15961
15975 16167 16023 16071 16119
16168 16294 16199 16230 16261
16295 16477 16340 16385 16430
16478 16598 16508 16538 16568
16599 16666 16615 16631 16647
16667 16776 16694 16721 16748
16777 17085 16854 16931 17008
17086 17144 17100 17114 17128
17145 17178 17153 17161 17169
17179 17217 17188 17197 17206
17218 17255 17227 17236 17245
17256 17437 17301 17346 17391
17438 17486 17450 17462 17474
17487 17529 17497 17507 17517
17530 17641 17557 17584 17611
17642 17749 17668 17694 17720
17750 17767 17754 17758 17762
17768 18069 17843 17918 17993
18070 18125 18083 18096 18109
18126 18277 18163 18200 18237
18278 18429 18315 18352 18389
18430 18934 18556 18682 18808
18935 19010 18953 18971 18989
19011 19075 19027 19043 19059
19076 19339 19141 19206 19271
19340 19511 19382 19424 19466
19512 19555 19522 19532 19542
19556 19686 19588 19620 19652
19687 20005 19766 19845 19924
20006 20082 20025 20044 20063
20083 20147 20099 20115 20131
20148 20248 20173 20198 20223
20249 20350 20274 20299 20324
20351 20525 20394 20437 20480
20526 20618 20549 20572 20595
20619 20717 20643 20667 20691
20718 20774 20732 20746 20760
20775 20841 20791 20807 20823
20842 20952 20869 20896 20923
20953 21089 20987 21021 21055
21090 21996 21316 21542 21768
21997 22188 22044 22091 22138
22189 22237 22201 22213 22225
22238 22296 22252 22266 22280
22297 22335 22306 22315 22324
22336 22721 22432 22528 22624
22722 22754 22730 22738 22746
22755 22885 22787 22819 22851
22886 23085 22935 22984 23033
23086 23148 23101 23116 23131
23149 23224 23167 23185 23203
23225 23275 23237 23249 23261
23276 23340 23292 23308 23324
23341 23381 23351 23361 23371
23382 23438 23396 23410 23424
23439 23752 23517 23595 23673
23753 23790 23762 23771 23780
23791 23985 23839 23887 23935
23986 24195 24038 24090 24142
24196 24244 24208 24220 24232
24245 24288 24255 24265 24275
24289 24393 24315 24341 24367
24394 24471 24413 24432 24451
24472 24974 24597 24722 24847
24975 25120 25011 25047 25083
25121 25176 25134 25147 25160
25177 25461 25248 25319 25390
25462 25537 25480 25498 25516
25538 25598 25553 25568 25583
25599 25704 25625 25651 25677
25705 25743 25714 25723 25732
25744 25819 25762 25780 25798
25820 25849 25827 25834 25841
25850 26002 25888 25926 25964
26003 26341 26087 26171 26255
26342 26470 26374 26406 26438
26471 26543 26489 26507 26525
26544 26603 26558 26572 26586
26604 26656 26617 26630 26643
26657 26716 26671 26685 26699
26717 26758 26727 26737 26747
26759 26792 26767 26775 26783
26793 26832 26802 26811 26820
26833 26963 26865 26897 26929
26964 27262 27038 27112 27186
27263 27538 27331 27399 27467
27539 27580 27549 27559 27569
27581 27726 27617 27653 27689
27727 27835 27754 27781 27808
27836 28216 27931 28026 28121
28217 28401 28263 28309 28355
28402 29164 28592 28782 28972
29165 29474 29242 29319 29396
29475 29575 29500 29525 29550
29576 30244 29681 29786 30183
30245 30283 30254 30263 30272
30284 30639 30372 30460 30548
30640 30742 30665 30690 30715
30743 30912 30785 30827 30869
30913 31048 30946 30979 31012
31049 31087 31058 31067 31076
31088 31165 31107 31126 31145
31166 31259 31189 31212 31235
31260 31321 31275 31290 31305
31322 31671 31409 31496 31583
31672 32032 31762 31852 31942
32033 32116 32053 32073 32093
32117 32288 32159 32201 32243
32289 32339 32301 32313 32325
32340 32565 32396 32452 32508
32566 33591 32822 33078 33334
33592 33864 33660 33728 33796
33865 34017 33903 33941 33979
34018 34078 34033 34048 34063
34079 34231 34117 34155 34193
34232 34358 34263 34294 34325
34359 34429 34376 34393 34410
34430 34643 34483 34536 34589
34644 34792 34681 34718 34755
34793 34890 34817 34841 34865
34891 34961 34908 34925 34942
34962 35077 34990 35018 35046
35078 35221 35113 35148 35183
35222 35457 35280 35338 35396
35458 35600 35493 35528 35563
35601 35736 35634 35667 35700
35737 35818 35757 35777 35797
35819 36039 35874 35929 35984
36040 36108 36057 36074 36091
36109 36196 36130 36151 36172
36197 36265 36214 36231 36248
36266 36378 36294 36322 36350
36379 36445 36395 36411 36427
36446 36547 36471 36496 36521
36548 36626 36567 36586 36605
36627 36680 36640 36653 36666
36681 36715 36689 36697 36705
36716 36763 36727 36738 36749
36764 36835 36781 36798 36815
36836 36884 36848 36860 36872
36885 36996 36912 36939 36966
36997 37081 37018 37039 37060
37082 37213 37114 37146 37178
37214 37378 37255 37296 37337
37379 37421 37389 37399 37409
37422 37474 37435 37448 37461
37475 37539 37491 37507 37523
37540 37594 37553 37566 37579
37595 37625 37602 37609 37616
37626 37707 37646 37666 37686
37708 37781 37726 37744 37762
37782 37830 37794 37806 37818
37831 37881 37843 37855 37867
37882 37945 37897 37912 37927
37946 38004 37960 37974 37988
38005 38083 38024 38043 38062
38084 38294 38136 38188 38240
38295 38403 38322 38349 38376
38404 38500 38428 38452 38476
38501 38568 38517 38533 38549
38569 39175 38720 38871 39022
39176 39371 39224 39272 39320
39372 40814 39732 40092 40452
40815 40854 40824 40833 40842
40855 40930 40873 40891 40909
40931 40979 40943 40955 40967
40980 41025 40991 41002 41013
41026 41101 41044 41062 41080
41102 41157 41115 41128 41141
41158 41243 41179 41200 41221
41244 41363 41273 41302 41331
41364 41475 41391 41418 41445
41476 41544 41493 41510 41527
41545 41616 41562 41579 41596
41617 41721 41643 41669 41695
41722 41853 41754 41786 41818
41854 41929 41872 41890 41908
41930 41970 41940 41950 41960
41971 42012 41981 41991 42001
42013 43245 42321 42629 42937
43246 43415 43288 43330 43372
43416 43625 43468 43520 43572
43626 43741 43654 43682 43710
43742 43820 43761 43780 43799
43821 44155 43904 43987 44070
44156 44221 44172 44188 44204
44222 44371 44259 44296 44333
44372 44437 44388 44404 44420
44438 44482 44449 44460 44471
44483 44505 44488 44493 44498
44506 44712 44557 44608 44659
44713 44871 44752 44791 44830
44872 44975 44897 44922 44947
44976 45025 44981 44986 45018
45026 45270 45087 45148 45209
45271 45347 45290 45309 45328
45348 45538 45395 45442 45489
45539 45717 45583 45627 45671
45718 45797 45737 45756 45775
45798 45910 45826 45854 45882
45911 45927 45915 45919 45923
45928 46255 46009 46090 46171
46256 46435 46300 46344 46388
46436 46509 46454 46472 46490
46510 46579 46527 46544 46561
46580 46615 46588 46596 46604
46616 46696 46636 46656 46676
46697 46744 46708 46719 46730
46745 46809 46761 46777 46793
46810 47039 46867 46924 46981
47040 47116 47059 47078 47097
47117 47211 47140 47163 47186
47212 47492 47282 47352 47422
47493 47552 47507 47521 47535
47553 47672 47582 47611 47640
47673 47790 47702 47731 47760
47791 47843 47804 47817 47830
47844 47921 47863 47882 47901
47922 48389 48038 48154 48270
48390 48838 48502 48614 48726
48839 48962 48869 48899 48929
48963 49013 48975 48987 48999
49014 49088 49032 49050 49068
49089 49164 49107 49125 49143
49165 49378 49218 49271 49324
49379 49430 49391 49403 49415
49431 49571 49466 49501 49536
49572 49723 49609 49646 49683
49724 49879 49762 49800 49838
49880 49913 49888 49896 49904
49914 49965 49926 49938 49950
49966 50226 50031 50096 50161
50227 50419 50275 50323 50371
50420 50574 50458 50496 50534
50575 50608 50583 50591 50599
50609 50768 50648 50687 50726
50769 50809 50779 50789 50799
50810 50956 50846 50882 50918
50957 51107 50994 51031 51068
51108 51141 51116 51124 51132
51142 51222 51162 51182 51202
51223 51309 51244 51265 51286
51310 51357 51321 51332 51343
51358 51408 51370 51382 51394
51409 51463 51422 51435 51448
51464 51633 51506 51548 51590
51634 51743 51661 51688 51715
51744 51826 51764 51784 51804
51827 51883 51841 51855 51869
51884 52127 51944 52004 52064
52128 52173 52139 52150 52161
52174 52286 52202 52230 52258
52287 52455 52329 52371 52413
52456 52506 52468 52480 52492
52507 53103 52656 52805 52954
53104 53432 53186 53268 53350
53433 53691 53497 53561 53625
53692 53873 53737 53782 53827
53874 53975 53899 53924 53949
53976 54053 53995 54014 54033
54054 54142 54076 54098 54120
54143 54265 54173 54203 54233
54266 54327 54281 54296 54311
54328 54495 54369 54410 54451
54496 54593 54520 54544 54568
54594 54741 54630 54666 54702
54742 54807 54758 54774 54790
54808 54886 54827 54846 54865
54887 55068 54932 54977 55022
55069 55257 55116 55163 55210
55258 55355 55282 55306 55330
55356 55384 55363 55370 55377
55385 55526 55420 55455 55490
55527 55636 55554 55581 55608
55637 55706 55654 55671 55688
55707 55807 55732 55757 55782
55808 56371 55948 56088 56228
56372 56584 56425 56478 56531
56585 56640 56598 56611 56624
56641 56745 56667 56693 56719
56746 56825 56765 56784 56803
56826 56883 56840 56854 56868
56884 56983 56908 56932 56956
56984 57073 57006 57028 57050
57074 57160 57095 57116 57137
57161 57226 57177 57193 57209
57227 57253 57233 57239 57245
57254 57361 57280 57306 57332
57362 57568 57413 57464 57515
57569 57843 57637 57705 57773
57844 57907 57859 57874 57889
57908 58079 57950 57992 58034
58080 58181 58105 58130 58155
58182 58267 58203 58224 58245
58268 58657 58365 58462 58559
58658 59233 58801 58944 59087
59234 59334 59259 59284 59309
59335 59492 59374 59413 59452
59493 60001 59619 59745 60000
60002 60025 60007 60012 60017
60026 60485 60140 60254 60368
60486 60551 60502 60518 60534
60552 60592 60562 60572 60582
60593 61734 60878 61163 61448
61735 62308 61878 62021 62164
62309 62360 62321 62333 62345
62361 62498 62395 62429 62463
62499 62567 62516 62533 62550
62568 62607 62577 62586 62595
62608 62877 62675 62742 62809
62878 63035 62917 62956 62995
63036 63157 63066 63096 63126
63158 63262 63184 63210 63236
63263 63455 63311 63359 63407
63456 63673 63510 63564 63618
63674 63780 63700 63726 63752
63781 64198 63885 63989 64093
64199 64249 64211 64223 64235
64250 64875 64406 64562 64718
64876 64948 64894 64912 64930
64949 65293 65035 65121 65207
65294 65363 65311 65328 65345
65364 65459 65387 65410 65433
65460 65653 65508 65556 65604
65654 65784 65686 65718 65750
65785 65823 65794 65803 65812
65824 66012 65871 65918 65965
66013 66061 66025 66037 66049
66062 66142 66082 66102 66122
66143 66279 66177 66211 66245
66280 66461 66325 66370 66415
66462 66517 66475 66488 66501
66518 66766 66580 66642 66704
66767 66816 66779 66791 66803
66817 66887 66834 66851 66868
66888 66990 66913 66938 66963
66991 67063 67009 67027 67045
67064 67127 67079 67094 67109
67128 67193 67144 67160 67176
67194 67317 67224 67254 67284
67318 67356 67327 67336 67345
67357 67381 67363 67369 67375
67382 67695 67460 67538 67616
67696 67752 67710 67724 67738
67753 67845 67776 67799 67822
67846 67993 67882 67918 67954
67994 68081 68015 68036 68057
68082 68197 68110 68138 68166
68198 68355 68237 68276 68315
68356 68477 68386 68416 68446
68478 68619 68513 68548 68583
68620 68668 68632 68644 68656
68669 68831 68709 68749 68789
68832 68935 68857 68882 68907
68936 69037 68961 68986 69011
69038 69072 69046 69054 69062
69073 69500 69179 69285 69391
69501 69577 69520 69539 69558
69578 69691 69606 69634 69662
69692 69773 69712 69732 69752
69774 70110 69858 69942 70026
70111 70178 70127 70143 70159
70179 70271 70202 70225 70248
70272 70682 70374 70476 70578
70683 70780 70707 70731 70755
70781 70824 70791 70801 70811
70825 70940 70853 70881 70909
70941 71009 70958 70975 70992
71010 71094 71031 71052 71073
71095 71207 71123 71151 71179
71208 72035 71414 71620 71826
72036 72938 72261 72486 72711
72939 73012 72957 72975 72993
73013 73134 73043 73073 73103
73135 73241 73161 73187 73213
73242 73295 73255 73268 73281
73296 73402 73322 73348 73374
73403 73692 73475 73547 73619
73693 73733 73703 73713 73723
73734 73878 73770 73806 73842
73879 74272 73977 74075 74173
74273 74302 74280 74287 74294
74303 74385 74323 74343 74363
74386 74578 74434 74482 74530
74579 74632 74592 74605 74618
74633 74747 74661 74689 74717
74748 74790 74758 74768 74778
74791 74879 74813 74835 74857
74880 74926 74891 74902 74913
74927 75035 74945 74963 75024
75036 75116 75056 75076 75096
75117 75249 75150 75183 75216
75250 75398 75287 75324 75361
75399 75745 75485 75571 75657
75746 75999 75809 75872 75935
76000 76136 76034 76068 76102
76137 76236 76161 76185 76209
76237 76307 76254 76271 76288
76308 76485 76352 76396 76440
76486 76581 76509 76532 76555
76582 76624 76592 76602 76612
76625 76710 76646 76667 76688
76711 77395 76882 77053 77224
77396 77610 77449 77502 77555
77611 77709 77635 77659 77683
77710 77983 77778 77846 77914
77984 78116 78017 78050 78083
78117 78464 78203 78289 78375
78465 78543 78484 78503 78522
78544 78598 78557 78570 78583
78599 78671 78617 78635 78653
78672 78725 78685 78698 78711
78726 78778 78739 78752 78765
78779 78893 78807 78835 78863
78894 79052 78933 78972 79011
79053 79113 79068 79083 79098
79114 79212 79138 79162 79186
79213 79401 79260 79307 79354
79402 79446 79413 79424 79435
79447 79555 79474 79501 79528
79556 79670 79584 79612 79640
79671 79698 79677 79683 79689
79699 79764 79715 79731 79747
79765 79789 79771 79777 79783
79790 79834 79801 79812 79823
79835 79859 79841 79847 79853
79860 79917 79874 79888 79902
79918 79969 79930 79942 79954
79970 80082 79998 80026 80054
80083 80193 80110 80137 80164
80194 80501 80270 80346 80422
80502 80615 80530 80558 80586
80616 81205 80763 80910 81057
81206 81584 81300 81394 81488
81585 81661 81604 81623 81642
81662 81750 81684 81706 81728
81751 82196 81862 81973 82084
82197 82330 82230 82263 82296
82331 82381 82343 82355 82367
82382 82655 82450 82518 82586
82656 82720 82672 82688 82704
82721 82773 82734 82747 82760
82774 82857 82794 82814 82834
82858 83122 82924 82990 83056
83123 83154 83130 83137 83144
83155 83245 83177 83199 83221
83246 83302 83260 83274 83288
83303 83491 83350 83397 83444
83492 83515 83497 83502 83507
83516 83659 83551 83586 83621
83660 83740 83680 83700 83720
83741 83879 83775 83809 83843
83880 83975 83903 83926 83949
83976 84066 83998 84020 84042
84067 84192 84098 84129 84160
84193 84303 84220 84247 84274
84304 84344 84314 84324 84334
84345 84392 84356 84367 84378
84393 85019 84549 84705 84861
85020 85157 85054 85088 85122
85158 85934 85352 85546 85740
85935 86062 85966 85997 86028
86063 86235 86106 86149 86192
86236 86603 86327 86418 86509
86604 86735 86636 86668 86700
86736 87191 86849 86962 87075
87192 87478 87263 87334 87405
87479 87540 87494 87509 87524
87541 88308 87732 87923 88114
88309 88447 88343 88377 88411
88448 88541 88471 88494 88517
88542 88627 88563 88584 88605
88628 88668 88638 88648 88658
88669 88799 88701 88733 88765
88800 88877 88819 88838 88857
88878 89401 89008 89138 89268
89402 89421 89406 89410 89414
89422 89484 89437 89452 89467
89485 89547 89500 89515 89530
89548 89629 89568 89588 89608
89630 89712 89650 89670 89690
89713 89760 89724 89735 89746
89761 89857 89785 89809 89833
89858 89886 89865 89872 89879
89887 89909 89892 89897 89902
89910 90008 89932 89954 90006
90009 90320 90086 90163 90240
90321 90415 90344 90367 90390
90416 90663 90477 90538 90599
90664 90869 90715 90766 90817
90870 91030 90910 90950 90990
91031 91562 91163 91295 91427
91563 92009 91674 91785 91896
92010 92843 92218 92426 92634
92844 93013 92886 92928 92970
93014 93145 93046 93078 93110
93146 93193 93157 93168 93179
93194 93342 93231 93268 93305
93343 93493 93380 93417 93454
93494 93534 93504 93514 93524
93535 93631 93559 93583 93607
93632 93900 93699 93766 93833
93901 93990 93923 93945 93967
93991 94090 94015 94039 94063
94091 94223 94124 94157 94190
94224 94267 94234 94244 94254
94268 94318 94280 94292 94304
94319 94411 94342 94365 94388
94412 94443 94419 94426 94433
94444 94488 94455 94466 94477
94489 94514 94495 94501 94507
94515 94585 94532 94549 94566
94586 94725 94620 94654 94688
94726 94915 94773 94820 94867
94916 94970 94929 94942 94955
94971 95020 94983 94995 95007
95021 95083 95036 95051 95066
95084 95308 95140 95196 95252
95309 95481 95352 95395 95438
95482 96100 95636 95790 95944
96101 97705 96502 96903 97304
97706 97849 97741 97776 97811
97850 98186 97934 98018 98102
98187 98219 98195 98203 98211
98220 98375 98258 98296 98334
98376 98477 98401 98426 98451
98478 98548 98495 98512 98529
98549 98605 98563 98577 98591
98606 98833 98662 98718 98774
98834 98871 98843 98852 98861
98872 98934 98887 98902 98917
98935 98977 98945 98955 98965
98978 99024 98989 99000 99011
99025 99066 99035 99045 99055
99067 99097 99074 99081 99088
99098 99373 99166 99234 99302
99374 99410 99383 99392 99401
99411 99526 99439 99467 99495
99527 99843 99606 99685 99764
99844 100035 99891 99938 99985
100036 100143 100062 100088 100114
100144 100194 100156 100168 100180
100195 100257 100210 100225 100240
100258 100358 100283 100308 100333
100359 100594 100417 100475 100533
100595 100639 100606 100617 100628
100640 100780 100675 100710 100745
100781 100931 100818 100855 100892
100932 101043 100959 100986 101013
101044 101198 101082 101120 101158
101199 101315 101228 101257 101286
101316 101347 101323 101330 101337
101348 101619 101415 101482 101549
101620 101682 101635 101650 101665
101683 101768 101704 101725 101746
101769 101822 101782 101795 101808
101823 102010 101869 101915 101961
102011 102070 102025 102039 102053
102071 102164 102094 102117 102140
102165 102271 102191 102217 102243
102272 102348 102291 102310 102329
102349 102525 102393 102437 102481
102526 102707 102571 102616 102661
102708 102776 102725 102742 102759
102777 102837 102792 102807 102822
102838 102944 102864 102890 102916
102945 103046 102970 102995 103020
103047 103688 103207 103367 103527
103689 103747 103703 103717 103731
103748 104211 103863 103978 104093
104212 104233 104217 104222 104227
104234 104670 104343 104452 104561
104671 104890 104725 104779 104833
104891 105108 104918 104945 105081
105109 105303 105157 105205 105253
105304 105894 105451 105598 105745
105895 106037 105930 105965 106000
106038 106406 106130 106222 106314
106407 106505 106431 106455 106479
106506 106588 106526 106546 106566
106589 106726 106623 106657 106691
106727 106771 106738 106749 106760
106772 106906 106805 106838 106871
106907 106952 106918 106929 106940
106953 107257 107029 107105 107181
107258 107365 107284 107310 107336
107366 107454 107388 107410 107432
107455 107514 107469 107483 107497
107515 107585 107532 107549 107566
107586 107670 107607 107628 107649
107671 107965 107744 107817 107890
107966 108003 107975 107984 107993
108004 108134 108036 108068 108100
108135 108179 108146 108157 108168
108180 108376 108229 108278 108327
108377 108453 108396 108415 108434
108454 108798 108540 108626 108712
108799 108863 108815 108831 108847
108864 109055 108911 108958 109005
109056 109301 109117 109178 109239
109302 109392 109324 109346 109368
109393 109537 109429 109465 109501
109538 109899 109628 109718 109808
109900 109982 109920 109940 109960
109983 110048 109999 110015 110031
110049 110114 110065 110081 110097
110115 110162 110126 110137 110148
110163 110514 110250 110337 110424
110515 110746 110572 110629 110686
110747 110828 110767 110787 110807
110829 111108 110898 110967 111036
111109 111441 111192 111275 111358
111442 111557 111470 111498 111526
111558 111630 111576 111594 111612
111631 111726 111654 111677 111700
111727 111761 111735 111743 111751
111762 111819 111776 111790 111804
111820 111912 111843 111866 111889
111913 112507 112061 112209 112357
112508 112647 112542 112576 112610
112648 112695 112659 112670 112681
112696 112771 112714 112732 112750
112772 112805 112780 112788 112796
112806 112824 112810 112814 112818
112825 112841 112829 112833 112837
112842 112924 112862 112882 112902
112925 113015 112947 112969 112991
113016 113081 113032 113048 113064
113082 113720 113241 113400 113559
113721 113828 113747 113773 113799
113829 113907 113848 113867 113886
113908 113977 113925 113942 113959
113978 114037 113992 114006 114020
114038 114105 114054 114070 114086
114106 114168 114121 114136 114151
114169 114345 114213 114257 114301
114346 114480 114379 114412 114445
114481 114549 114498 114515 114532
114550 114691 114585 114620 114655
114692 114779 114713 114734 114755
114780 114821 114790 114800 114810
114822 114949 114853 114884 114915
114950 114974 114956 114962 114968
114975 115004 114982 114989 114996
115005 115021 115009 115013 115017
115022 115120 115046 115070 115094
115121 115171 115133 115145 115157
115172 115216 115183 115194 115205
115217 115366 115254 115291 115328
115367 115573 115418 115469 115520
115574 115860 115645 115716 115787
115861 115928 115877 115893 115909
115929 115990 115944 115959 115974
115991 116148 116030 116069 116108
116149 116206 116163 116177 116191
116207 116290 116227 116247 116267
116291 116351 116306 116321 116336
116352 116407 116365 116378 116391
116408 116456 116420 116432 116444
116457 116509 116470 116483 116496
116510 116586 116529 116548 116567
116587 116873 116658 116729 116800
116874 117059 116920 116966 117012
117060 117214 117098 117136 117174
117215 117391 117259 117303 117347
117392 117886 117515 117638 117761
117887 118028 117922 117957 117992
118029 118141 118057 118085 118113
118142 118478 118226 118310 118394
118479 118678 118528 118577 118626
118679 118892 118732 118785 118838
118893 118966 118911 118929 118947
118967 118998 118974 118981 118988
118999 119427 119106 119213 119320
119428 119767 119512 119596 119680
119768 119822 119781 119794 119807
119823 119898 119841 119859 119877
119899 119965 119915 119931 119947
119966 120025 119974 119982 120018
120026 120221 120074 120122 120170
120222 120378 120261 120300 120339
120379 120489 120406 120433 120460
120490 120559 120507 120524 120541
120560 121461 120785 121010 121235
121462 121719 121526 121590 121654
121720 122010 121792 121864 121936
122011 122126 122039 122067 122095
122127 122339 122180 122233 122286
122340 122377 122349 122358 122367
122378 122748 122470 122562 122654
122749 123001 122812 122875 122938
123002 123050 123014 123026 123038
123051 123131 123071 123091 123111
123132 123169 123141 123150 123159
123170 123235 123186 123202 123218
123236 123743 123362 123488 123614
123744 123790 123755 123766 123777
123791 124214 123896 124001 124106
124215 124367 124253 124291 124329
124368 124434 124384 124400 124416
124435 124634 124484 124533 124582
124635 124719 124656 124677 124698
124720 124894 124763 124806 124849
124895 124929 124903 124911 124919
124930 125111 124975 125020 125065
125112 125473 125202 125292 125382
125474 125659 125520 125566 125612
125660 125797 125694 125728 125762
125798 125894 125822 125846 125870
125895 125961 125911 125927 125943
125962 126090 125994 126026 126058
126091 126206 126119 126147 126175
126207 126259 126220 126233 126246
126260 126333 126278 126296 126314
126334 126407 126352 126370 126388
126408 126684 126477 126546 126615
126685 126877 126733 126781 126829
126878 126996 126907 126936 126965
126997 127127 127029 127061 127093
127128 127190 127143 127158 127173
127191 127303 127219 127247 127275
127304 127593 127376 127448 127520
127594 127685 127616 127638 127660
127686 128984 128010 128334 128658
128985 129909 129216 129447 129678
129910 130032 129940 129970 130000
130033 130100 130049 130065 130081
130101 130433 130184 130267 130350
130434 130617 130479 130524 130569
130618 130801 130663 130708 130753
130802 130825 130807 130812 130817
130826 131088 130891 130956 131021
131089 131510 131194 131299 131404
131511 131583 131529 131547 131565
131584 131645 131599 131614 131629
131646 131676 131653 131660 131667
131677 131695 131681 131685 131689
131696 131863 131737 131778 131819
131864 132018 131902 131940 131978
132019 132066 132030 132041 132052
132067 132219 132105 132143 132181
132220 132344 132251 132282 132313
132345 132429 132366 132387 132408
132430 132448 132434 132438 132442
132449 132535 132470 132491 132512
132536 132719 132581 132626 132671
132720 132782 132735 132750 132765
132783 132947 132824 132865 132906
132948 132990 132958 132968 132978
132991 133047 133005 133019 133033
133048 133176 133080 133112 133144
133177 133291 133205 133233 133261
133292 133393 133317 133342 133367
133394 133453 133408 133422 133436
133454 133517 133469 133484 133499
133518 133620 133543 133568 133593
133621 133749 133653 133685 133717
133750 133807 133764 133778 133792
133808 134100 133881 133954 134027
134101 134286 134147 134193 134239
134287 134515 134344 134401 134458
134516 134774 134580 134644 134708
134775 135072 134831 134887 135054
135073 135100 135079 135085 135091
135101 135294 135149 135197 135245
135295 135919 135451 135607 135763
135920 136529 136072 136224 136376
136530 136578 136542 136554 136566
136579 136633 136592 136605 136618
136634 136726 136657 136680 136703
136727 136853 136758 136789 136820
136854 136933 136873 136892 136911
136934 136960 136940 136946 136952
136961 137039 136980 136999 137018
137040 137083 137050 137060 137070
137084 137155 137101 137118 137135
137156 137267 137183 137210 137237
137268 137381 137296 137324 137352
137382 137549 137423 137464 137505
137550 137659 137577 137604 137631
137660 137706 137671 137682 137693
137707 137768 137722 137737 137752
137769 137865 137793 137817 137841
137866 137925 137880 137894 137908
137926 137974 137938 137950 137962
137975 138192 138029 138083 138137
138193 138449 138257 138321 138385
138450 138522 138468 138486 138504
138523 138685 138563 138603 138643
138686 138987 138761 138836 138911
138988 139226 139047 139106 139165
139227 139307 139247 139267 139287
139308 139360 139321 139334 139347
139361 139547 139407 139453 139499
139548 139777 139605 139662 139719
139778 139850 139796 139814 139832
139851 139894 139861 139871 139881
139895 140656 140085 140275 140465
140657 140879 140712 140767 140822
140880 140947 140896 140912 140928
140948 141732 141144 141340 141536
141733 141898 141774 141815 141856
141899 142015 141928 141957 141986
142016 142166 142053 142090 142127
142167 142237 142184 142201 142218
142238 142288 142250 142262 142274
142289 142531 142349 142409 142469
142532 142601 142549 142566 142583
142602 143566 142843 143084 143325
143567 143664 143591 143615 143639
143665 143760 143688 143711 143734
143761 144079 143840 143919 143998
144080 144164 144101 144122 144143
144165 144261 144189 144213 144237
144262 144294 144270 144278 144286
144295 144335 144305 144315 144325
144336 144506 144378 144420 144462
144507 144546 144516 144525 144534
144547 144566 144551 144555 144559
144567 144639 144585 144603 144621
144640 145085 144751 144862 144973
145086 145315 145143 145200 145257
145316 145960 145477 145638 145799
145961 146255 146034 146107 146180
146256 146316 146271 146286 146301
146317 146402 146338 146359 146380
146403 146430 146409 146415 146421
146431 146791 146521 146611 146701
146792 146917 146823 146854 146885
146918 147036 146947 146976 147005
147037 147076 147046 147055 147064
147077 147117 147087 147097 147107
147118 147210 147141 147164 147187
147211 147254 147221 147231 147241
147255 147383 147287 147319 147351
147384 147691 147460 147536 147612
147692 147795 147717 147742 147767
147796 147847 147808 147820 147832
147848 148109 147913 147978 148043
148110 148133 148115 148120 148125
148134 148166 148142 148150 148158
148167 148248 148187 148207 148227
148249 148277 148256 148263 148270
148278 148374 148302 148326 148350
148375 148403 148382 148389 148396
148404 148424 148409 148414 148419
148425 148456 148432 148439 148446
148457 148525 148474 148491 148508
148526 148639 148554 148582 148610
148640 148681 148650 148660 148670
148682 148740 148696 148710 148724
148741 148817 148760 148779 148798
148818 148867 148830 148842 148854
148868 148900 148876 148884 148892
148901 148928 148907 148913 148919
148929 148988 148943 148957 148971
148989 149017 148996 149003 149010
149018 149057 149027 149036 149045
149058 149076 149062 149066 149070
149077 149096 149081 149085 149089
149097 149141 149108 149119 149130
149142 149159 149146 149150 149154
149160 149185 149166 149172 149178
149186 149229 149196 149206 149216
149230 149265 149238 149246 149254
149266 149306 149276 149286 149296
149307 149353 149318 149329 149340
149354 149370 149358 149362 149366
149371 149437 149387 149403 149419
149438 149483 149449 149460 149471
149484 149559 149502 149520 149538
149560 149586 149566 149572 149578
149587 149755 149629 149671 149713
149756 149797 149766 149776 149786
149798 149962 149839 149880 149921
149963 150051 149972 149981 150036
150052 150137 150073 150094 150115
150138 150176 150147 150156 150165
150177 150242 150193 150209 150225
150243 150550 150319 150395 150471
150551 150627 150570 150589 150608
150628 151013 150724 150820 150916
151014 151062 151026 151038 151050
151063 151104 151073 151083 151093
151105 151336 151162 151219 151276
151337 151356 151341 151345 151349
151357 151464 151383 151409 151435
151465 151596 151497 151529 151561
151597 151770 151640 151683 151726
151771 151835 151787 151803 151819
151836 151884 151848 151860 151872
151885 151972 151906 151927 151948
151973 152004 151980 151987 151994
152005 152103 152029 152053 152077
152104 152349 152165 152226 152287
152350 152559 152402 152454 152506
152560 152851 152632 152704 152776
152852 153178 152933 153014 153095
153179 153370 153226 153273 153320
153371 153467 153395 153419 153443
153468 153539 153485 153502 153519
153540 153590 153552 153564 153576
153591 153641 153603 153615 153627
153642 153701 153656 153670 153684
153702 153767 153718 153734 153750
153768 153920 153806 153844 153882
153921 154144 153976 154031 154086
154145 154184 154154 154163 154172
154185 154270 154206 154227 154248
154271 154346 154289 154307 154325
154347 154392 154358 154369 154380
154393 154449 154407 154421 154435
154450 154494 154461 154472 154483
154495 154664 154537 154579 154621
154665 154756 154687 154709 154731
154757 154861 154783 154809 154835
154862 154954 154885 154908 154931
154955 155381 155061 155167 155273
155382 155625 155442 155502 155562
155626 155903 155695 155764 155833
155904 156003 155928 155952 155976
156004 156087 156024 156044 156064
156088 156183 156111 156134 156157
156184 156269 156205 156226 156247
156270 156365 156293 156316 156339
156366 156421 156379 156392 156405
156422 156600 156466 156510 156554
156601 156765 156642 156683 156724
156766 156877 156793 156820 156847
156878 156936 156892 156906 156920
156937 157018 156957 156977 156997
157019 157452 157127 157235 157343
157453 157549 157477 157501 157525
157550 157679 157582 157614 157646
157680 157798 157709 157738 157767
157799 158106 157875 157951 158027
158107 158135 158114 158121 158128
158136 158158 158141 158146 158151
158159 158215 158173 158187 158201
158216 158283 158232 158248 158264
158284 158460 158328 158372 158416
158461 158842 158556 158651 158746
158843 159648 159044 159245 159446
159649 159678 159656 159663 159670
159679 159747 159696 159713 159730
159748 159786 159757 159766 159775
159787 159872 159808 159829 159850
159873 159913 159883 159893 159903
159914 159958 159925 159936 159947
159959 160096 159993 160027 160061
160097 160255 160136 160175 160214
160256 160494 160315 160374 160433
160495 160554 160509 160523 160537
160555 160639 160576 160597 160618
160640 160680 160650 160660 160670
160681 160751 160698 160715 160732
160752 160795 160762 160772 160782
160796 160837 160806 160816 160826
160838 160945 160864 160890 160916
160946 160992 160957 160968 160979
160993 161116 161023 161053 161083
161117 161192 161135 161153 161171
161193 161380 161239 161285 161331
161381 161427 161392 161403 161414
161428 161564 161462 161496 161530
161565 161608 161575 161585 161595
161609 161697 161631 161653 161675
161698 161747 161710 161722 161734
161748 161782 161756 161764 161772
161783 162186 161883 161983 162083
162187 162275 162209 162231 162253
162276 162445 162318 162360 162402
162446 162530 162467 162488 162509
162531 162646 162559 162587 162615
162647 162919 162715 162783 162851
162920 163053 162953 162986 163019
163054 163420 163145 163236 163327
163421 163652 163478 163535 163592
163653 163745 163676 163699 163722
163746 163851 163772 163798 163824
163852 163926 163870 163888 163906
163927 164164 163986 164045 164104
164165 164235 164182 164199 164216
164236 164316 164256 164276 164296
164317 164637 164397 164477 164557
164638 164726 164660 164682 164704
164727 164820 164750 164773 164796
164821 164898 164840 164859 164878
164899 165006 164924 164949 165003
165007 165081 165025 165043 165061
165082 165234 165120 165158 165196
165235 165335 165260 165285 165310
165336 165726 165433 165530 165627
165727 165896 165769 165811 165853
165897 165967 165914 165931 165948
165968 166049 165988 166008 166028
166050 166163 166078 166106 166134
166164 166218 166177 166190 166203
166219 166297 166238 166257 166276
166298 166496 166347 166396 166445
166497 166667 166539 166581 166623
166668 166757 166690 166712 166734
166758 166851 166781 166804 166827
166852 166909 166866 166880 166894
166910 167005 166933 166956 166979
167006 167293 167077 167148 167219
167294 167371 167313 167332 167351
167372 167624 167435 167498 167561
167625 167695 167642 167659 167676
167696 167955 167760 167824 167888
167956 168003 167967 167978 167989
168004 168162 168043 168082 168121
168163 168555 168261 168359 168457
168556 168614 168570 168584 168598
168615 168718 168640 168665 168690
168719 168860 168754 168789 168824
168861 168897 168870 168879 168888
168898 168934 168907 168916 168925
168935 169132 168984 169033 169082
169133 169167 169141 169149 169157
169168 169311 169203 169238 169273
169312 169429 169341 169370 169399
169430 169478 169442 169454 169466
169479 169519 169489 169499 169509
169520 169578 169534 169548 169562
169579 169609 169586 169593 169600
169610 169708 169634 169658 169682
169709 169732 169714 169719 169724
169733 169817 169754 169775 169796
169818 169935 169847 169876 169905
169936 170027 169958 169980 170002
170028 170085 170042 170056 170070
170086 170250 170127 170168 170209
170251 170311 170266 170281 170296
170312 170404 170335 170358 170381
170405 170568 170445 170485 170525
170569 170628 170583 170597 170611
170629 170666 170638 170647 170656
170667 170716 170679 170691 170703
170717 170928 170769 170821 170873
170929 171038 170956 170983 171010
171039 171072 171047 171055 171063
171073 171301 171130 171187 171244
171302 171340 171311 171320 171329
171341 171380 171350 171359 171368
171381 171450 171398 171415 171432
171451 171547 171475 171499 171523
171548 171758 171600 171652 171704
171759 171859 171784 171809 171834
171860 172051 171907 171954 172001
172052 172109 172066 172080 172094
172110 172161 172122 172134 172146
172162 172373 172214 172266 172318
172374 172535 172414 172454 172494
172536 172628 172559 172582 172605
172629 172695 172645 172661 172677
172696 172780 172717 172738 172759
172781 172890 172808 172835 172862
172891 173266 172984 173077 173170
173267 173346 173286 173305 173324
173347 173421 173365 173383 173401
173422 173477 173435 173448 173461
173478 173508 173485 173492 173499
173509 173637 173541 173573 173605
173638 173715 173657 173676 173695
173716 173921 173767 173818 173869
173922 174272 174009 174096 174183
174273 174477 174324 174375 174426
174478 175328 174690 174902 175114
175329 175507 175373 175417 175461
175508 175613 175534 175560 175586
175614 175691 175633 175652 175671
175692 175757 175708 175724 175740
175758 175834 175777 175796 175815
175835 175915 175855 175875 175895
175916 175990 175934 175952 175970
175991 176057 176007 176023 176039
176058 176450 176156 176254 176352
176451 176549 176475 176499 176523
176550 176648 176574 176598 176622
176649 176719 176666 176683 176700
176720 176754 176728 176736 176744
176755 176821 176771 176787 176803
176822 177116 176895 176968 177041
177117 177203 177138 177159 177180
177204 177346 177239 177274 177309
177347 177495 177384 177421 177458
177496 177641 177532 177568 177604
177642 177715 177660 177678 177696
177716 177863 177752 177788 177824
177864 178027 177904 177944 177984
178028 178188 178068 178108 178148
178189 178250 178204 178219 178234
178251 178306 178264 178277 178290
178307 178594 178378 178449 178520
178595 178667 178613 178631 178649
178668 178720 178681 178694 178707
178721 178804 178741 178761 178781
178805 178940 178838 178871 178904
178941 178982 178951 178961 178971
178983 179045 178998 179013 179028
179046 179078 179054 179062 179070
179079 179105 179085 179091 179097
179106 179209 179131 179156 179181
179210 179402 179258 179306 179354
179403 183572 179552 179701 182679
183573 188002 184680 185787 186894
