0 62 15 30 45
63 1360 387 711 1035
1361 1458 1385 1409 1433
1459 1686 1515 1571 1627
1687 1826 1721 1755 1789
1827 1889 1842 1857 1872
1890 2084 1938 1986 2034
2085 2271 2131 2177 2223
2272 2444 2315 2358 2401
2445 2548 2470 2495 2520
2549 2619 2566 2583 2600
2620 2716 2644 2668 2692
2717 2783 2733 2749 2765
2784 3042 2848 2912 2976
3043 3117 3061 3079 3097
3118 3246 3150 3182 3214
3247 3506 3311 3375 3439
3507 3651 3543 3579 3615
3652 3780 3684 3716 3748
3781 3862 3801 3821 3841
3863 4079 3917 3971 4025
4080 4216 4114 4148 4182
4217 4510 4290 4363 4436
4511 4623 4539 4567 4595
4624 4725 4649 4674 4699
4726 4786 4741 4756 4771
4787 4923 4821 4855 4889
4924 5000 4943 4962 4981
5001 5050 5013 5025 5037
5051 5156 5077 5103 5129
5157 5231 5175 5193 5211
5232 5878 5393 5554 5715
5879 6007 5911 5943 5975
6008 6124 6037 6066 6095
6125 6251 6156 6187 6218
6252 6589 6336 6420 6504
6590 6779 6637 6684 6731
6780 6892 6808 6836 6864
6893 6983 6915 6937 6959
6984 7191 7035 7086 7137
7192 7259 7208 7224 7240
7260 7338 7279 7298 7317
7339 7432 7362 7385 7408
7433 7570 7467 7501 7535
7571 7726 7609 7647 7685
7727 7839 7755 7783 7811
7840 8267 7946 8052 8158
8268 8396 8300 8332 8364
8397 8500 8422 8447 8472
8501 8555 8514 8527 8540
8556 8641 8577 8598 8619
8642 8730 8664 8686 8708
8731 8810 8750 8769 8788
8811 9081 8878 8945 9012
9082 9397 9160 9238 9316
9398 9478 9418 9438 9458
9479 9568 9501 9523 9545
9569 9639 9586 9603 9620
9640 9728 9662 9684 9706
9729 9811 9749 9769 9789
9812 10520 9989 10166 10343
10521 10634 10549 10577 10605
10635 10816 10680 10725 10770
10817 11066 10879 10941 11003
11067 11171 11093 11119 11145
11172 11239 11188 11204 11220
11240 11999 11429 11618 11807
12000 12173 12043 12086 12129
12174 12248 12192 12210 12228
12249 12412 12289 12329 12369
12413 12519 12439 12465 12491
12520 12560 12530 12540 12550
12561 12696 12594 12627 12660
12697 12809 12725 12753 12781
12810 12852 12820 12830 12840
12853 12909 12867 12881 12895
12910 13014 12936 12962 12988
13015 13243 13072 13129 13186
13244 13380 13278 13312 13346
13381 13576 13429 13477 13525
13577 13752 13620 13663 13706
13753 13852 13777 13801 13825
13853 13930 13872 13891 13910
13931 14074 13966 14001 14036
14075 14172 14099 14123 14147
14173 14326 14211 14249 14287
14327 14432 14353 14379 14405
14433 14514 14453 14473 14493
14515 14682 14556 14597 14638
14683 14863 14728 14773 14818
14864 14961 14888 14912 14936
14962 15030 14971 14980 15021
15031 15106 15049 15067 15085
15107 15531 15213 15319 15425
15532 15687 15570 15608 15646
15688 15786 15712 15736 15760
15787 15839 15800 15813 15826
15840 15968 15872 15904 15936
15969 16043 15987 16005 16023
16044 16103 16058 16072 16086
16104 16161 16118 16132 16146
16162 16251 16184 16206 16228
16252 16336 16273 16294 16315
16337 16506 16379 16421 16463
16507 16603 16531 16555 16579
16604 16698 16627 16650 16673
16699 16892 16747 16795 16843
16893 16944 16905 16917 16929
16945 16994 16957 16969 16981
16995 17190 17043 17091 17139
17191 17238 17202 17213 17224
17239 17290 17251 17263 17275
17291 17390 17315 17339 17363
17391 17443 17404 17417 17430
17444 17528 17465 17486 17507
17529 17621 17552 17575 17598
17622 17688 17638 17654 17670
17689 17818 17721 17753 17785
17819 17900 17839 17859 17879
17901 17994 17924 17947 17970
17995 18123 18027 18059 18091
18124 18269 18160 18196 18232
18270 18399 18302 18334 18366
18400 18784 18496 18592 18688
18785 18874 18807 18829 18851
18875 18972 18899 18923 18947
18973 19040 18989 19005 19021
19041 19083 19051 19061 19071
19084 19177 19107 19130 19153
19178 19315 19212 19246 19280
19316 19683 19407 19498 19589
19684 19998 19762 19840 19918
19999 20719 20179 20359 20539
20720 20974 20783 20846 20909
20975 21094 21004 21033 21062
21095 21198 21120 21145 21170
21199 21375 21243 21287 21331
21376 21542 21417 21458 21499
21543 21965 21648 21753 21858
21966 22109 22001 22036 22071
22110 22295 22156 22202 22248
22296 22477 22341 22386 22431
22478 22520 22488 22498 22508
22521 22580 22535 22549 22563
22581 22669 22603 22625 22647
22670 22783 22698 22726 22754
22784 22871 22805 22826 22847
22872 23043 22914 22956 22998
23044 23119 23062 23080 23098
23120 23194 23138 23156 23174
23195 23219 23201 23207 23213
23220 23236 23224 23228 23232
23237 23256 23241 23245 23249
23257 23287 23264 23271 23278
23288 23311 23293 23298 23303
23312 23332 23317 23322 23327
23333 23355 23338 23343 23348
23356 23409 23369 23382 23395
23410 23446 23419 23428 23437
23447 23487 23457 23467 23477
23488 23620 23521 23554 23587
23621 23664 23631 23641 23651
23665 23709 23676 23687 23698
23710 23802 23733 23756 23779
23803 23836 23811 23819 23827
23837 23883 23848 23859 23870
23884 23909 23890 23896 23902
23910 23966 23924 23938 23952
23967 24016 23979 23991 24003
24017 24170 24055 24093 24131
24171 24199 24178 24185 24192
24200 24222 24205 24210 24215
24223 24244 24228 24233 24238
24245 24275 24252 24259 24266
24276 24384 24303 24330 24357
24385 24460 24403 24421 24439
24461 24477 24465 24469 24473
24478 24510 24486 24494 24502
24511 24532 24516 24521 24526
24533 24554 24538 24543 24548
24555 24731 24599 24643 24687
24732 24861 24764 24796 24828
24862 24878 24866 24870 24874
24879 25002 24909 24939 24969
25003 25039 25012 25021 25030
25040 25069 25047 25054 25061
25070 25151 25090 25110 25130
25152 25259 25178 25204 25230
25260 25621 25350 25440 25530
25622 25794 25665 25708 25751
25795 25872 25814 25833 25852
25873 25910 25882 25891 25900
25911 25954 25921 25931 25941
25955 25983 25962 25969 25976
25984 26105 26014 26044 26074
26106 26202 26130 26154 26178
26203 26291 26225 26247 26269
26292 26315 26297 26302 26307
26316 26353 26325 26334 26343
26354 26426 26372 26390 26408
26427 26448 26432 26437 26442
26449 26514 26465 26481 26497
26515 26545 26522 26529 26536
26546 26588 26556 26566 26576
26589 26687 26613 26637 26661
26688 26731 26698 26708 26718
26732 26756 26738 26744 26750
26757 26775 26761 26765 26769
26776 26813 26785 26794 26803
26814 26886 26832 26850 26868
26887 26918 26894 26901 26908
26919 26952 26927 26935 26943
26953 26972 26957 26961 26965
26973 27020 26984 26995 27006
27021 27047 27027 27033 27039
27048 27073 27054 27060 27066
27074 27094 27079 27084 27089
27095 27116 27100 27105 27110
27117 27140 27122 27127 27132
27141 27167 27147 27153 27159
27168 27194 27174 27180 27186
27195 27239 27206 27217 27228
27240 27268 27247 27254 27261
27269 27301 27277 27285 27293
27302 27349 27313 27324 27335
27350 27367 27354 27358 27362
27368 27413 27379 27390 27401
27414 27437 27419 27424 27429
27438 27460 27443 27448 27453
27461 27575 27489 27517 27545
27576 27597 27581 27586 27591
27598 27627 27605 27612 27619
27628 27739 27655 27682 27709
27740 27829 27762 27784 27806
27830 27864 27838 27846 27854
27865 27986 27895 27925 27955
27987 28027 27997 28007 28017
28028 28054 28034 28040 28046
28055 28071 28059 28063 28067
28072 28103 28079 28086 28093
28104 28168 28120 28136 28152
28169 28197 28176 28183 28190
28198 28229 28205 28212 28219
28230 28344 28258 28286 28314
28345 28444 28369 28393 28417
28445 28468 28450 28455 28460
28469 28500 28476 28483 28490
28501 28561 28516 28531 28546
28562 28620 28576 28590 28604
28621 28686 28637 28653 28669
28687 28719 28695 28703 28711
28720 28736 28724 28728 28732
28737 28769 28745 28753 28761
28770 28847 28789 28808 28827
28848 28870 28853 28858 28863
28871 28907 28880 28889 28898
28908 29047 28942 28976 29010
29048 29065 29052 29056 29060
29066 29116 29078 29090 29102
29117 29139 29122 29127 29132
29140 29168 29147 29154 29161
29169 29248 29188 29207 29226
29249 29283 29257 29265 29273
29284 29302 29288 29292 29296
29303 29319 29307 29311 29315
29320 29349 29327 29334 29341
29350 29374 29356 29362 29368
29375 29402 29381 29387 29393
29403 29445 29413 29423 29433
29446 29479 29454 29462 29470
29480 29508 29487 29494 29501
29509 29530 29514 29519 29524
29531 29565 29539 29547 29555
29566 29584 29570 29574 29578
29585 29634 29597 29609 29621
29635 29661 29641 29647 29653
29662 29710 29674 29686 29698
29711 29732 29716 29721 29726
29733 29787 29746 29759 29772
29788 29841 29801 29814 29827
29842 29889 29853 29864 29875
29890 29939 29902 29914 29926
29940 30001 29954 29968 30000
30002 30042 30012 30022 30032
30043 30088 30054 30065 30076
30089 30106 30093 30097 30101
30107 30132 30113 30119 30125
30133 30164 30140 30147 30154
30165 30194 30172 30179 30186
30195 30212 30199 30203 30207
30213 30237 30219 30225 30231
30238 30254 30242 30246 30250
30255 30287 30263 30271 30279
30288 30335 30299 30310 30321
30336 30442 30362 30388 30414
30443 30522 30462 30481 30500
30523 30671 30560 30597 30634
30672 30766 30695 30718 30741
30767 30796 30774 30781 30788
30797 30858 30812 30827 30842
30859 31068 30911 30963 31015
31069 31109 31079 31089 31099
31110 31195 31131 31152 31173
31196 31259 31211 31226 31241
31260 31372 31288 31316 31344
31373 31630 31437 31501 31565
31631 31725 31654 31677 31700
31726 32046 31806 31886 31966
32047 32145 32071 32095 32119
32146 32194 32158 32170 32182
32195 32296 32220 32245 32270
32297 32545 32359 32421 32483
32546 32585 32555 32564 32573
32586 32744 32625 32664 32703
32745 32829 32766 32787 32808
32830 33255 32936 33042 33148
33256 33345 33278 33300 33322
33346 33418 33364 33382 33400
33419 33461 33429 33439 33449
33462 33605 33497 33532 33567
33606 33702 33630 33654 33678
33703 33969 33769 33835 33901
33970 34034 33986 34002 34018
34035 34082 34046 34057 34068
34083 34108 34089 34095 34101
34109 34313 34160 34211 34262
34314 34439 34345 34376 34407
34440 34559 34469 34498 34527
34560 34670 34587 34614 34641
34671 34847 34715 34759 34803
34848 34944 34872 34896 34920
34945 35095 34982 35019 35056
35096 35176 35116 35136 35156
35177 35317 35212 35247 35282
35318 35407 35340 35362 35384
35408 35458 35420 35432 35444
35459 35489 35466 35473 35480
35490 35528 35499 35508 35517
35529 35569 35539 35549 35559
35570 35637 35586 35602 35618
35638 35728 35660 35682 35704
35729 35855 35760 35791 35822
35856 36041 35902 35948 35994
36042 36095 36055 36068 36081
36096 36222 36127 36158 36189
36223 36339 36252 36281 36310
36340 36395 36353 36366 36379
36396 36450 36409 36422 36435
36451 36609 36490 36529 36568
36610 36654 36621 36632 36643
36655 36694 36664 36673 36682
36695 36787 36718 36741 36764
36788 36897 36815 36842 36869
36898 37658 37088 37278 37468
37659 37816 37698 37737 37776
37817 37928 37844 37871 37898
37929 38028 37953 37977 38001
38029 38217 38076 38123 38170
38218 38257 38227 38236 38245
38258 38371 38286 38314 38342
38372 38457 38393 38414 38435
38458 38783 38539 38620 38701
38784 38899 38812 38840 38868
38900 39073 38943 38986 39029
39074 39211 39108 39142 39176
39212 39459 39273 39334 39395
39460 39618 39499 39538 39577
39619 39761 39654 39689 39724
39762 39877 39790 39818 39846
39878 39998 39908 39938 39968
39999 40127 40031 40063 40095
40128 40250 40158 40188 40218
40251 40416 40292 40333 40374
40417 40658 40477 40537 40597
40659 40837 40703 40747 40791
40838 40993 40876 40914 40952
40994 41347 41082 41170 41258
41348 41551 41398 41448 41498
41552 41747 41600 41648 41696
41748 41789 41758 41768 41778
41790 41869 41809 41828 41847
41870 41927 41884 41898 41912
41928 42046 41957 41986 42015
42047 42071 42053 42059 42065
42072 42192 42102 42132 42162
42193 42287 42216 42239 42262
42288 42309 42293 42298 42303
42310 42387 42329 42348 42367
42388 42456 42405 42422 42439
42457 42594 42491 42525 42559
42595 42752 42634 42673 42712
42753 42859 42779 42805 42831
42860 43072 42913 42966 43019
43073 43124 43085 43097 43109
43125 43199 43143 43161 43179
43200 43304 43226 43252 43278
43305 43367 43320 43335 43350
43368 43419 43380 43392 43404
43420 43498 43439 43458 43477
43499 43564 43515 43531 43547
43565 43589 43571 43577 43583
43590 43618 43597 43604 43611
43619 43640 43624 43629 43634
43641 43676 43649 43657 43665
43677 43694 43681 43685 43689
43695 43734 43704 43713 43722
43735 43867 43768 43801 43834
43868 43970 43893 43918 43943
43971 44038 43987 44003 44019
44039 44133 44062 44085 44108
44134 44268 44167 44200 44233
44269 44364 44292 44315 44338
44365 44456 44387 44409 44431
44457 44768 44534 44611 44688
44769 44897 44801 44833 44865
44898 45070 44923 44948 45051
45071 45135 45087 45103 45119
45136 45324 45183 45230 45277
45325 45464 45359 45393 45427
45465 45588 45495 45525 45555
45589 45719 45621 45653 45685
45720 45818 45744 45768 45792
45819 45869 45831 45843 45855
45870 45985 45898 45926 45954
45986 46176 46033 46080 46127
46177 46216 46186 46195 46204
46217 46285 46234 46251 46268
46286 46337 46298 46310 46322
46338 46520 46383 46428 46473
46521 46577 46535 46549 46563
46578 46629 46590 46602 46614
46630 46742 46658 46686 46714
46743 46840 46767 46791 46815
46841 46935 46864 46887 46910
46936 47024 46958 46980 47002
47025 47137 47053 47081 47109
47138 47210 47156 47174 47192
47211 47256 47222 47233 47244
47257 47638 47352 47447 47542
47639 47741 47664 47689 47714
47742 47927 47788 47834 47880
47928 48001 47946 47964 47982
48002 48277 48070 48138 48206
48278 48429 48315 48352 48389
48430 48493 48445 48460 48475
48494 48589 48517 48540 48563
48590 48646 48604 48618 48632
48647 48728 48667 48687 48707
48729 48754 48735 48741 48747
48755 48780 48761 48767 48773
48781 48837 48795 48809 48823
48838 48881 48848 48858 48868
48882 48941 48896 48910 48924
48942 49023 48962 48982 49002
49024 49049 49030 49036 49042
49050 49068 49054 49058 49062
49069 49087 49073 49077 49081
49088 49105 49092 49096 49100
49106 49127 49111 49116 49121
49128 49183 49141 49154 49167
49184 49207 49189 49194 49199
49208 49227 49212 49216 49220
49228 49247 49232 49236 49240
49248 49279 49255 49262 49269
49280 49318 49289 49298 49307
49319 49378 49333 49347 49361
49379 49412 49387 49395 49403
49413 49459 49424 49435 49446
49460 49495 49468 49476 49484
49496 49523 49502 49508 49514
49524 49566 49534 49544 49554
49567 49602 49575 49583 49591
49603 49643 49613 49623 49633
49644 49676 49652 49660 49668
49677 49721 49688 49699 49710
49722 49748 49728 49734 49740
49749 49771 49754 49759 49764
49772 49798 49778 49784 49790
49799 49820 49804 49809 49814
49821 50008 49867 49913 49959
50009 50109 50034 50059 50084
50110 50132 50115 50120 50125
50133 50153 50138 50143 50148
50154 50170 50158 50162 50166
50171 50277 50197 50223 50249
50278 50357 50297 50316 50335
50358 50374 50362 50366 50370
50375 50439 50391 50407 50423
50440 50466 50446 50452 50458
50467 50518 50479 50491 50503
50519 50573 50532 50545 50558
50574 50609 50582 50590 50598
50610 50653 50620 50630 50640
50654 50671 50658 50662 50666
50672 50720 50684 50696 50708
50721 50738 50725 50729 50733
50739 50841 50764 50789 50814
50842 50865 50847 50852 50857
50866 50896 50873 50880 50887
50897 50924 50903 50909 50915
50925 50957 50933 50941 50949
50958 51023 50974 50990 51006
51024 51058 51032 51040 51048
51059 51126 51075 51091 51107
51127 51191 51143 51159 51175
51192 51210 51196 51200 51204
51211 51233 51216 51221 51226
51234 51303 51251 51268 51285
51304 51325 51309 51314 51319
51326 51536 51378 51430 51482
51537 51672 51570 51603 51636
51673 51827 51711 51749 51787
51828 51887 51842 51856 51870
51888 51939 51900 51912 51924
51940 52295 52028 52116 52204
52296 52316 52301 52306 52311
52317 52334 52321 52325 52329
52335 52364 52342 52349 52356
52365 52388 52370 52375 52380
52389 52428 52398 52407 52416
52429 52455 52435 52441 52447
52456 52486 52463 52470 52477
52487 52536 52499 52511 52523
52537 52558 52542 52547 52552
52559 52584 52565 52571 52577
52585 52695 52612 52639 52666
52696 52747 52708 52720 52732
52748 52771 52753 52758 52763
52772 52792 52777 52782 52787
52793 52813 52798 52803 52808
52814 52845 52821 52828 52835
52846 52871 52852 52858 52864
52872 52908 52881 52890 52899
52909 53010 52934 52959 52984
53011 53045 53019 53027 53035
53046 53069 53051 53056 53061
53070 53104 53078 53086 53094
53105 53123 53109 53113 53117
53124 53165 53134 53144 53154
53166 53290 53197 53228 53259
53291 53404 53319 53347 53375
53405 53492 53426 53447 53468
53493 53516 53498 53503 53508
53517 53540 53522 53527 53532
53541 53558 53545 53549 53553
53559 53611 53572 53585 53598
53612 53630 53616 53620 53624
53631 53730 53655 53679 53703
53731 53772 53741 53751 53761
53773 53803 53780 53787 53794
53804 53843 53813 53822 53831
53844 53868 53850 53856 53862
53869 53935 53885 53901 53917
53936 53954 53940 53944 53948
53955 54018 53970 53985 54000
54019 54049 54026 54033 54040
54050 54082 54058 54066 54074
54083 54114 54090 54097 54104
54115 54189 54133 54151 54169
54190 54232 54200 54210 54220
54233 54352 54262 54291 54320
54353 54379 54359 54365 54371
54380 54405 54386 54392 54398
54406 54445 54415 54424 54433
54446 54475 54453 54460 54467
54476 54634 54515 54554 54593
54635 54676 54645 54655 54665
54677 54735 54691 54705 54719
54736 54778 54746 54756 54766
54779 54838 54793 54807 54821
54839 54931 54862 54885 54908
54932 54993 54947 54962 54977
54994 55038 55005 55016 55027
55039 55093 55052 55065 55078
55094 55139 55105 55116 55127
55140 55171 55147 55154 55161
55172 55189 55176 55180 55184
55190 55213 55195 55200 55205
55214 55240 55220 55226 55232
55241 55259 55245 55249 55253
55260 55320 55275 55290 55305
55321 55374 55334 55347 55360
55375 55440 55391 55407 55423
55441 55458 55445 55449 55453
55459 55476 55463 55467 55471
55477 55506 55484 55491 55498
55507 55526 55511 55515 55519
55527 55565 55536 55545 55554
55566 55663 55590 55614 55638
55664 55716 55677 55690 55703
55717 55861 55753 55789 55825
55862 55937 55880 55898 55916
55938 56138 55988 56038 56088
56139 56276 56173 56207 56241
56277 56419 56312 56347 56382
56420 56671 56482 56544 56606
56672 56783 56699 56726 56753
56784 56836 56797 56810 56823
56837 56944 56863 56889 56915
56945 57080 56978 57011 57044
57081 57108 57087 57093 57099
57109 57147 57118 57127 57136
57148 57438 57220 57292 57364
57439 57518 57458 57477 57496
57519 57672 57557 57595 57633
57673 57750 57692 57711 57730
57751 57921 57793 57835 57877
57922 58056 57955 57988 58021
58057 58153 58081 58105 58129
58154 58480 58235 58316 58397
58481 58628 58517 58553 58589
58629 58853 58685 58741 58797
58854 58934 58874 58894 58914
58935 59015 58955 58975 58995
59016 59073 59030 59044 59058
59074 59118 59085 59096 59107
59119 59235 59148 59177 59206
59236 59332 59260 59284 59308
59333 59458 59364 59395 59426
59459 59677 59513 59567 59621
59678 59810 59711 59744 59777
59811 59894 59831 59851 59871
59895 59949 59908 59921 59934
59950 59973 59955 59960 59965
59974 59994 59979 59984 59989
59995 60002 59996 59997 60000
60003 60088 60024 60045 60066
60089 60134 60100 60111 60122
60135 60162 60141 60147 60153
60163 60244 60183 60203 60223
60245 60325 60265 60285 60305
60326 60446 60356 60386 60416
60447 60508 60462 60477 60492
60509 60576 60525 60541 60557
60577 60638 60592 60607 60622
60639 60681 60649 60659 60669
60682 60717 60690 60698 60706
60718 60756 60727 60736 60745
60757 60809 60770 60783 60796
60810 60886 60829 60848 60867
60887 60961 60905 60923 60941
60962 61079 60991 61020 61049
61080 61753 61248 61416 61584
61754 61957 61804 61854 61904
61958 62097 61992 62026 62060
62098 62157 62112 62126 62140
62158 62238 62178 62198 62218
62239 62359 62269 62299 62329
62360 62435 62378 62396 62414
62436 62501 62452 62468 62484
62502 62542 62512 62522 62532
62543 62564 62548 62553 62558
62565 62613 62577 62589 62601
62614 62664 62626 62638 62650
62665 62682 62669 62673 62677
62683 62847 62724 62765 62806
62848 62945 62872 62896 62920
62946 62971 62952 62958 62964
62972 62992 62977 62982 62987
62993 63037 63004 63015 63026
63038 63076 63047 63056 63065
63077 63123 63088 63099 63110
63124 63371 63185 63246 63307
63372 63479 63398 63424 63450
63480 63532 63493 63506 63519
63533 63738 63584 63635 63686
63739 63954 63792 63845 63898
63955 64038 63975 63995 64015
64039 64095 64053 64067 64081
64096 64127 64103 64110 64117
64128 64147 64132 64136 64140
64148 64177 64155 64162 64169
64178 64199 64183 64188 64193
64200 64243 64210 64220 64230
64244 64287 64254 64264 64274
64288 64328 64298 64308 64318
64329 64436 64355 64381 64407
64437 64534 64461 64485 64509
64535 64574 64544 64553 64562
64575 64624 64587 64599 64611
64625 64644 64629 64633 64637
64645 64687 64655 64665 64675
64688 64737 64700 64712 64724
64738 64793 64751 64764 64777
64794 64829 64802 64810 64818
64830 64860 64837 64844 64851
64861 65135 64929 64997 65065
65136 65279 65171 65206 65241
65280 65447 65321 65362 65403
65448 65578 65480 65512 65544
65579 65729 65616 65653 65690
65730 65861 65762 65794 65826
65862 65992 65894 65926 65958
65993 66133 66028 66063 66098
66134 66339 66185 66236 66287
66340 66362 66345 66350 66355
66363 66416 66376 66389 66402
66417 66513 66441 66465 66489
66514 66641 66545 66576 66607
66642 66748 66668 66694 66720
66749 66869 66779 66809 66839
66870 67025 66908 66946 66984
67026 67094 67043 67060 67077
67095 67148 67108 67121 67134
67149 67201 67162 67175 67188
67202 67362 67242 67282 67322
67363 67488 67394 67425 67456
67489 67623 67522 67555 67588
67624 67699 67642 67660 67678
67700 67728 67707 67714 67721
67729 67757 67736 67743 67750
67758 68246 67880 68002 68124
68247 68480 68305 68363 68421
68481 68503 68486 68491 68496
68504 68607 68529 68554 68579
68608 68798 68655 68702 68749
68799 68977 68843 68887 68931
68978 69183 69029 69080 69131
69184 69254 69201 69218 69235
69255 69486 69312 69369 69426
69487 69710 69542 69597 69652
69711 70154 69821 69931 70041
70155 70295 70190 70225 70260
70296 70411 70324 70352 70380
70412 70723 70489 70566 70643
70724 70940 70778 70832 70886
70941 71019 70960 70979 70998
71020 71078 71034 71048 71062
71079 71130 71091 71103 71115
71131 71550 71235 71339 71443
71551 71668 71580 71609 71638
71669 71768 71693 71717 71741
71769 71804 71777 71785 71793
71805 71826 71810 71815 71820
71827 71890 71842 71857 71872
71891 71952 71906 71921 71936
71953 72046 71976 71999 72022
72047 72107 72062 72077 72092
72108 72243 72141 72174 72207
72244 72376 72277 72310 72343
72377 72547 72419 72461 72503
72548 72614 72564 72580 72596
72615 72828 72668 72721 72774
72829 72901 72847 72865 72883
72902 72971 72919 72936 72953
72972 73032 72987 73002 73017
73033 73226 73081 73129 73177
73227 73334 73253 73279 73305
73335 73698 73425 73515 73605
73699 73844 73735 73771 73807
73845 73911 73861 73877 73893
73912 74088 73956 74000 74044
74089 74290 74139 74189 74239
74291 74464 74334 74377 74420
74465 74805 74550 74635 74720
74806 74938 74839 74872 74905
74939 75184 74954 74969 75138
75185 75269 75206 75227 75248
75270 75564 75343 75416 75489
75565 75899 75648 75731 75814
75900 76021 75930 75960 75990
76022 76071 76034 76046 76058
76072 76088 76076 76080 76084
76089 76311 76144 76199 76254
76312 76954 76472 76632 76792
76955 77197 77015 77075 77135
77198 77292 77221 77244 77267
77293 77494 77343 77393 77443
77495 77605 77522 77549 77576
77606 77654 77618 77630 77642
77655 77712 77669 77683 77697
77713 77893 77758 77803 77848
77894 77976 77914 77934 77954
77977 78044 77993 78009 78025
78045 78097 78058 78071 78084
78098 78162 78114 78130 78146
78163 78233 78180 78197 78214
78234 78325 78256 78278 78300
78326 78365 78335 78344 78353
78366 78397 78373 78380 78387
78398 78420 78403 78408 78413
78421 78463 78431 78441 78451
78464 78494 78471 78478 78485
78495 78619 78526 78557 78588
78620 78681 78635 78650 78665
78682 78759 78701 78720 78739
78760 78848 78782 78804 78826
78849 78882 78857 78865 78873
78883 78986 78908 78933 78958
78987 79029 78997 79007 79017
79030 79079 79042 79054 79066
79080 79125 79091 79102 79113
79126 79166 79136 79146 79156
79167 79243 79186 79205 79224
79244 79312 79261 79278 79295
79313 79338 79319 79325 79331
79339 79356 79343 79347 79351
79357 79407 79369 79381 79393
79408 79425 79412 79416 79420
79426 79454 79433 79440 79447
79455 79494 79464 79473 79482
79495 79536 79505 79515 79525
79537 79560 79542 79547 79552
79561 79614 79574 79587 79600
79615 79726 79642 79669 79696
79727 79776 79739 79751 79763
79777 79817 79787 79797 79807
79818 79919 79843 79868 79893
79920 79944 79926 79932 79938
79945 79988 79955 79965 79975
79989 80036 80000 80011 80022
80037 80272 80095 80153 80211
80273 80336 80288 80303 80318
80337 80392 80350 80363 80376
80393 80445 80406 80419 80432
80446 80463 80450 80454 80458
80464 80490 80470 80476 80482
80491 80539 80503 80515 80527
80540 80562 80545 80550 80555
80563 80659 80587 80611 80635
80660 80688 80667 80674 80681
80689 80822 80722 80755 80788
80823 80871 80835 80847 80859
80872 80910 80881 80890 80899
80911 80932 80916 80921 80926
80933 80956 80938 80943 80948
80957 80992 80965 80973 80981
80993 81025 81001 81009 81017
81026 81058 81034 81042 81050
81059 81218 81098 81137 81176
81219 81328 81246 81273 81300
81329 81385 81343 81357 81371
81386 81537 81423 81460 81497
81538 81645 81564 81590 81616
81646 81730 81667 81688 81709
81731 81838 81757 81783 81809
81839 81930 81861 81883 81905
81931 82162 81988 82045 82102
82163 82250 82184 82205 82226
82251 82332 82271 82291 82311
82333 82372 82342 82351 82360
82373 82431 82387 82401 82415
82432 82463 82439 82446 82453
82464 82488 82470 82476 82482
82489 82508 82493 82497 82501
82509 82567 82523 82537 82551
82568 82611 82578 82588 82598
82612 82639 82618 82624 82630
82640 82673 82648 82656 82664
82674 82716 82684 82694 82704
82717 82747 82724 82731 82738
82748 82828 82768 82788 82808
82829 82884 82842 82855 82868
82885 82922 82894 82903 82912
82923 82946 82928 82933 82938
82947 83065 82976 83005 83034
83066 83743 83235 83404 83573
83744 83891 83780 83816 83852
83892 83920 83899 83906 83913
83921 84005 83942 83963 83984
84006 84047 84016 84026 84036
84048 84244 84097 84146 84195
84245 84274 84252 84259 84266
84275 84305 84282 84289 84296
84306 84444 84340 84374 84408
84445 84483 84454 84463 84472
84484 84518 84492 84500 84508
84519 84714 84567 84615 84663
84715 84732 84719 84723 84727
84733 84761 84740 84747 84754
84762 84804 84772 84782 84792
84805 84823 84809 84813 84817
84824 84840 84828 84832 84836
84841 84857 84845 84849 84853
84858 84880 84863 84868 84873
84881 84901 84886 84891 84896
84902 84922 84907 84912 84917
84923 84989 84939 84955 84971
84990 85181 85037 85084 85131
85182 85343 85222 85262 85302
85344 85639 85417 85490 85563
85640 85751 85667 85694 85721
85752 86315 85892 86032 86172
86316 86426 86343 86370 86397
86427 86466 86436 86445 86454
86467 86581 86495 86523 86551
86582 86676 86605 86628 86651
86677 86943 86743 86809 86875
86944 87116 86987 87030 87073
87117 87238 87147 87177 87207
87239 87337 87263 87287 87311
87338 87415 87357 87376 87395
87416 87486 87433 87450 87467
87487 87588 87512 87537 87562
87589 87662 87607 87625 87643
87663 87812 87700 87737 87774
87813 87877 87829 87845 87861
87878 87940 87893 87908 87923
87941 88052 87968 87995 88022
88053 88197 88089 88125 88161
88198 88622 88304 88410 88516
88623 88812 88670 88717 88764
88813 88869 88827 88841 88855
88870 88962 88893 88916 88939
88963 89089 88994 89025 89056
89090 89283 89138 89186 89234
89284 89365 89304 89324 89344
89366 90149 89524 89682 90111
90150 90315 90191 90232 90273
90316 90656 90401 90486 90571
90657 90918 90722 90787 90852
90919 90984 90935 90951 90967
90985 91029 90996 91007 91018
91030 91203 91073 91116 91159
91204 91254 91216 91228 91240
91255 91359 91281 91307 91333
91360 91427 91376 91392 91408
91428 91709 91498 91568 91638
91710 91832 91740 91770 91800
91833 91929 91857 91881 91905
91930 92075 91966 92002 92038
92076 92095 92080 92084 92088
92096 92399 92171 92246 92321
92400 92489 92422 92444 92466
92490 92588 92514 92538 92562
92589 92656 92605 92621 92637
92657 92748 92679 92701 92723
92749 92882 92782 92815 92848
92883 92939 92897 92911 92925
92940 93136 92989 93038 93087
93137 93232 93160 93183 93206
93233 93267 93241 93249 93257
93268 93462 93316 93364 93412
93463 93529 93479 93495 93511
93530 93567 93539 93548 93557
93568 93746 93612 93656 93700
93747 93995 93809 93871 93933
93996 94274 94065 94134 94203
94275 94557 94345 94415 94485
94558 94917 94647 94736 94825
94918 95127 94970 95022 95074
95128 95289 95168 95208 95248
95290 95450 95330 95370 95410
95451 95555 95477 95503 95529
95556 95643 95577 95598 95619
95644 95839 95692 95740 95788
95840 96096 95904 95968 96032
96097 96221 96128 96159 96190
96222 96357 96255 96288 96321
96358 96404 96369 96380 96391
96405 96537 96438 96471 96504
96538 96581 96548 96558 96568
96582 96662 96602 96622 96642
96663 96701 96672 96681 96690
96702 96757 96715 96728 96741
96758 96816 96772 96786 96800
96817 96838 96822 96827 96832
96839 96868 96846 96853 96860
96869 96948 96888 96907 96926
96949 96969 96954 96959 96964
96970 97034 96986 97002 97018
97035 97053 97039 97043 97047
97054 97086 97062 97070 97078
97087 97136 97099 97111 97123
97137 97197 97152 97167 97182
97198 97271 97216 97234 97252
97272 97508 97331 97390 97449
97509 97594 97530 97551 97572
97595 97642 97606 97617 97628
97643 97799 97682 97721 97760
97800 98522 97980 98160 98340
98523 100046 98903 99283 99663
100047 100162 100075 100103 100131
100163 100388 100219 100275 100331
100389 101080 100561 100733 100905
101081 101282 101131 101181 101231
101283 101553 101350 101417 101484
101554 101676 101584 101614 101644
101677 101875 101726 101775 101824
101876 101978 101901 101926 101951
101979 102053 101997 102015 102033
102054 102182 102086 102118 102150
102183 102362 102227 102271 102315
102363 102488 102394 102425 102456
102489 102661 102532 102575 102618
102662 102808 102698 102734 102770
102809 102916 102835 102861 102887
102917 103021 102943 102969 102995
103022 103174 103060 103098 103136
103175 103521 103261 103347 103433
103522 103563 103532 103542 103552
103564 103707 103599 103634 103669
103708 103834 103739 103770 103801
103835 103970 103868 103901 103934
103971 104063 103994 104017 104040
104064 104210 104100 104136 104172
104211 104641 104318 104425 104532
104642 105611 104731 104820 105456
105612 105833 105667 105722 105777
105834 105932 105858 105882 105906
105933 106109 105977 106021 106065
106110 106215 106136 106162 106188
106216 106298 106236 106256 106276
106299 106615 106378 106457 106536
106616 106662 106627 106638 106649
106663 106684 106668 106673 106678
106685 106706 106690 106695 106700
106707 106726 106711 106715 106719
106727 106747 106732 106737 106742
106748 106764 106752 106756 106760
106765 106805 106775 106785 106795
106806 106839 106814 106822 106830
106840 106881 106850 106860 106870
106882 106924 106892 106902 106912
106925 106970 106936 106947 106958
106971 107001 106978 106985 106992
107002 107048 107013 107024 107035
107049 107071 107054 107059 107064
107072 107095 107077 107082 107087
107096 107118 107101 107106 107111
107119 107149 107126 107133 107140
107150 107202 107163 107176 107189
107203 107228 107209 107215 107221
107229 107275 107240 107251 107262
107276 107354 107295 107314 107333
107355 107468 107383 107411 107439
107469 107516 107480 107491 107502
107517 107593 107536 107555 107574
107594 107642 107606 107618 107630
107643 107688 107654 107665 107676
107689 107772 107709 107729 107749
107773 107805 107781 107789 107797
107806 107849 107816 107826 107836
107850 107900 107862 107874 107886
107901 107986 107922 107943 107964
107987 108038 107999 108011 108023
108039 108134 108062 108085 108108
108135 108261 108166 108197 108228
108262 108351 108284 108306 108328
108352 108497 108388 108424 108460
108498 108594 108522 108546 108570
108595 108716 108625 108655 108685
108717 108795 108736 108755 108774
108796 108907 108823 108850 108877
108908 109018 108935 108962 108989
109019 109177 109058 109097 109136
109178 109234 109192 109206 109220
109235 109261 109241 109247 109253
109262 109474 109315 109368 109421
109475 109571 109499 109523 109547
109572 109682 109599 109626 109653
109683 109745 109698 109713 109728
109746 109838 109769 109792 109815
109839 109982 109874 109909 109944
109983 110283 110058 110133 110208
110284 110309 110290 110296 110302
110310 110359 110322 110334 110346
110360 110446 110381 110402 110423
110447 110474 110453 110459 110465
110475 110522 110486 110497 110508
110523 110573 110535 110547 110559
110574 110622 110586 110598 110610
110623 110693 110640 110657 110674
110694 110905 110746 110798 110850
110906 111065 110945 110984 111023
111066 111291 111122 111178 111234
111292 111375 111312 111332 111352
111376 111435 111390 111404 111418
111436 111496 111451 111466 111481
111497 111610 111525 111553 111581
111611 111680 111628 111645 111662
111681 111780 111705 111729 111753
111781 111876 111804 111827 111850
111877 112065 111924 111971 112018
112066 112089 112071 112076 112081
112090 112111 112095 112100 112105
112112 112131 112116 112120 112124
112132 112261 112164 112196 112228
112262 112362 112287 112312 112337
112363 112450 112384 112405 112426
112451 112664 112504 112557 112610
112665 112784 112694 112723 112752
112785 112939 112823 112861 112899
112940 113068 112972 113004 113036
113069 113115 113080 113091 113102
113116 113151 113124 113132 113140
113152 113194 113162 113172 113182
113195 113294 113219 113243 113267
113295 113365 113312 113329 113346
113366 113404 113375 113384 113393
113405 113495 113427 113449 113471
113496 113697 113546 113596 113646
113698 113827 113730 113762 113794
113828 113905 113847 113866 113885
113906 113999 113929 113952 113975
114000 114134 114033 114066 114099
114135 114314 114179 114223 114267
114315 114425 114342 114369 114396
114426 114751 114507 114588 114669
114752 114947 114800 114848 114896
114948 115186 115007 115066 115125
115187 115314 115218 115249 115280
115315 115443 115347 115379 115411
115444 115673 115501 115558 115615
115674 115973 115748 115822 115896
115974 116078 116000 116026 116052
116079 116157 116098 116117 116136
116158 116236 116177 116196 116215
116237 116293 116251 116265 116279
116294 116346 116307 116320 116333
116347 116540 116395 116443 116491
116541 116870 116623 116705 116787
116871 116941 116888 116905 116922
116942 117119 116986 117030 117074
117120 117161 117130 117140 117150
117162 117278 117191 117220 117249
117279 117336 117293 117307 117321
117337 117727 117434 117531 117628
117728 117797 117745 117762 117779
117798 117859 117813 117828 117843
117860 117918 117874 117888 117902
117919 118087 117961 118003 118045
118088 118139 118100 118112 118124
118140 118205 118156 118172 118188
118206 118235 118213 118220 118227
118236 118313 118255 118274 118293
118314 118365 118326 118338 118350
118366 118431 118382 118398 118414
118432 118461 118439 118446 118453
118462 118485 118467 118472 118477
118486 118518 118494 118502 118510
118519 118569 118531 118543 118555
118570 118638 118587 118604 118621
118639 118690 118651 118663 118675
118691 118718 118697 118703 118709
118719 118941 118774 118829 118884
118942 119024 118962 118982 119002
119025 119119 119048 119071 119094
119120 119295 119163 119206 119249
119296 119335 119305 119314 119323
119336 119352 119340 119344 119348
119353 119402 119365 119377 119389
119403 119450 119414 119425 119436
119451 119507 119465 119479 119493
119508 119663 119546 119584 119622
119664 119792 119696 119728 119760
119793 119870 119812 119831 119850
119871 119949 119890 119909 119928
119950 120058 119962 119974 120042
120059 120119 120074 120089 120104
120120 120175 120133 120146 120159
120176 120207 120183 120190 120197
120208 120244 120217 120226 120235
120245 120370 120276 120307 120338
120371 120437 120387 120403 120419
120438 120490 120451 120464 120477
120491 120558 120507 120523 120539
120559 120624 120575 120591 120607
120625 120668 120635 120645 120655
120669 120766 120693 120717 120741
120767 120839 120785 120803 120821
120840 120947 120866 120892 120918
120948 120966 120952 120956 120960
120967 121030 120982 120997 121012
121031 121070 121040 121049 121058
121071 121096 121077 121083 121089
121097 121158 121112 121127 121142
121159 121215 121173 121187 121201
121216 121350 121249 121282 121315
121351 121405 121364 121377 121390
121406 121434 121413 121420 121427
121435 121490 121448 121461 121474
121491 121520 121498 121505 121512
121521 121577 121535 121549 121563
121578 121602 121584 121590 121596
121603 121640 121612 121621 121630
121641 121678 121650 121659 121668
121679 121724 121690 121701 121712
121725 121755 121732 121739 121746
121756 121776 121761 121766 121771
121777 121794 121781 121785 121789
121795 121879 121816 121837 121858
121880 121946 121896 121912 121928
121947 122009 121962 121977 121992
122010 122030 122015 122020 122025
122031 122118 122052 122073 122094
122119 122232 122147 122175 122203
122233 122282 122245 122257 122269
122283 122408 122314 122345 122376
122409 122612 122459 122509 122559
122613 122728 122641 122669 122697
122729 122805 122748 122767 122786
122806 122953 122842 122878 122914
122954 123045 122976 122998 123020
123046 123278 123104 123162 123220
123279 123343 123295 123311 123327
123344 123519 123387 123430 123473
123520 123608 123542 123564 123586
123609 123697 123631 123653 123675
123698 123768 123715 123732 123749
123769 123826 123783 123797 123811
123827 124036 123879 123931 123983
124037 124177 124072 124107 124142
124178 124318 124213 124248 124283
124319 124460 124354 124389 124424
124461 124710 124523 124585 124647
124711 124790 124730 124749 124768
124791 125049 124855 124919 124983
125050 125611 125190 125330 125470
125612 125709 125636 125660 125684
125710 125840 125742 125774 125806
125841 125883 125851 125861 125871
125884 125966 125904 125924 125944
125967 126170 126017 126067 126117
126171 126281 126198 126225 126252
126282 126479 126331 126380 126429
126480 126619 126514 126548 126582
126620 126697 126639 126658 126677
126698 126906 126750 126802 126854
126907 127163 126971 127035 127099
127164 127275 127191 127218 127245
127276 127331 127289 127302 127315
127332 127395 127347 127362 127377
127396 127493 127420 127444 127468
127494 127597 127519 127544 127569
127598 127626 127605 127612 127619
127627 127700 127645 127663 127681
127701 127998 127775 127849 127923
127999 128130 128031 128063 128095
128131 128179 128143 128155 128167
128180 128269 128202 128224 128246
128270 128321 128282 128294 128306
128322 128410 128344 128366 128388
128411 128655 128472 128533 128594
128656 128763 128682 128708 128734
128764 128867 128789 128814 128839
128868 129133 128934 129000 129066
129134 129218 129155 129176 129197
129219 129349 129251 129283 129315
129350 129373 129355 129360 129365
129374 129444 129391 129408 129425
129445 129521 129464 129483 129502
129522 130049 129653 129784 129915
130050 130159 130077 130104 130131
130160 130223 130175 130190 130205
130224 130300 130243 130262 130281
130301 130348 130312 130323 130334
130349 130378 130356 130363 130370
130379 130404 130385 130391 130397
130405 130471 130421 130437 130453
130472 130491 130476 130480 130484
130492 130525 130500 130508 130516
130526 130542 130530 130534 130538
130543 130564 130548 130553 130558
130565 130588 130570 130575 130580
130589 130609 130594 130599 130604
130610 130626 130614 130618 130622
130627 130672 130638 130649 130660
130673 130716 130683 130693 130703
130717 130736 130721 130725 130729
130737 130753 130741 130745 130749
130754 130791 130763 130772 130781
130792 130843 130804 130816 130828
130844 131012 130886 130928 130970
131013 131082 131030 131047 131064
131083 131102 131087 131091 131095
131103 131124 131108 131113 131118
131125 131143 131129 131133 131137
131144 131178 131152 131160 131168
131179 131202 131184 131189 131194
131203 131279 131222 131241 131260
131280 131339 131294 131308 131322
131340 131359 131344 131348 131352
131360 131383 131365 131370 131375
131384 131410 131390 131396 131402
131411 131463 131424 131437 131450
131464 131499 131472 131480 131488
131500 131539 131509 131518 131527
131540 131772 131598 131656 131714
131773 131816 131783 131793 131803
131817 131842 131823 131829 131835
131843 131859 131847 131851 131855
131860 131877 131864 131868 131872
131878 131932 131891 131904 131917
131933 132067 131966 131999 132032
132068 132112 132079 132090 132101
132113 132129 132117 132121 132125
132130 132159 132137 132144 132151
132160 132185 132166 132172 132178
132186 132218 132194 132202 132210
132219 132264 132230 132241 132252
132265 132338 132283 132301 132319
132339 132418 132358 132377 132396
132419 132438 132423 132427 132431
132439 132467 132446 132453 132460
132468 132557 132490 132512 132534
132558 132579 132563 132568 132573
132580 132600 132585 132590 132595
132601 132649 132613 132625 132637
132650 132667 132654 132658 132662
132668 132690 132673 132678 132683
132691 132714 132696 132701 132706
132715 132754 132724 132733 132742
132755 132788 132763 132771 132779
132789 132858 132806 132823 132840
132859 132887 132866 132873 132880
132888 132932 132899 132910 132921
132933 132958 132939 132945 132951
132959 133019 132974 132989 133004
133020 133043 133025 133030 133035
133044 133098 133057 133070 133083
133099 133138 133108 133117 133126
133139 133158 133143 133147 133151
133159 133175 133163 133167 133171
133176 133222 133187 133198 133209
133223 133253 133230 133237 133244
133254 133296 133264 133274 133284
133297 133325 133304 133311 133318
133326 133348 133331 133336 133341
133349 133370 133354 133359 133364
133371 133425 133384 133397 133410
133426 133457 133433 133440 133447
133458 133483 133464 133470 133476
133484 133507 133489 133494 133499
133508 133524 133512 133516 133520
133525 133543 133529 133533 133537
133544 133581 133553 133562 133571
133582 133598 133586 133590 133594
133599 133626 133605 133611 133617
133627 133668 133637 133647 133657
133669 133692 133674 133679 133684
133693 133709 133697 133701 133705
133710 133746 133719 133728 133737
133747 133795 133759 133771 133783
133796 133883 133817 133838 133859
133884 133969 133905 133926 133947
133970 134008 133979 133988 133997
134009 134088 134028 134047 134066
134089 134119 134096 134103 134110
134120 134201 134140 134160 134180
134202 134233 134209 134216 134223
134234 134257 134239 134244 134249
134258 134274 134262 134266 134270
134275 134294 134279 134283 134287
134295 134334 134304 134313 134322
134335 134356 134340 134345 134350
134357 134393 134366 134375 134384
134394 134410 134398 134402 134406
134411 134433 134416 134421 134426
134434 134466 134442 134450 134458
134467 134497 134474 134481 134488
134498 134518 134503 134508 134513
134519 134573 134532 134545 134558
134574 134666 134597 134620 134643
134667 134713 134678 134689 134700
134714 134799 134735 134756 134777
134800 134859 134814 134828 134842
134860 134950 134882 134904 134926
134951 135029 134963 134975 135021
135030 135115 135051 135072 135093
135116 135194 135135 135154 135173
135195 135255 135210 135225 135240
135256 135381 135287 135318 135349
135382 135443 135397 135412 135427
135444 135522 135463 135482 135501
135523 135602 135542 135561 135580
135603 135636 135611 135619 135627
135637 135720 135657 135677 135697
135721 135797 135740 135759 135778
135798 135821 135803 135808 135813
135822 135868 135833 135844 135855
135869 136009 135904 135939 135974
136010 136031 136015 136020 136025
136032 136075 136042 136052 136062
136076 136097 136081 136086 136091
136098 136184 136119 136140 136161
136185 136211 136191 136197 136203
136212 136232 136217 136222 136227
136233 136260 136239 136245 136251
136261 136284 136266 136271 136276
136285 136317 136293 136301 136309
136318 136502 136364 136410 136456
136503 136615 136531 136559 136587
136616 136655 136625 136634 136643
136656 136673 136660 136664 136668
136674 136763 136696 136718 136740
136764 136812 136776 136788 136800
136813 136830 136817 136821 136825
136831 136946 136859 136887 136915
136947 136987 136957 136967 136977
136988 137010 136993 136998 137003
137011 137087 137030 137049 137068
137088 137139 137100 137112 137124
137140 137178 137149 137158 137167
137179 137207 137186 137193 137200
137208 137382 137251 137294 137337
137383 137403 137388 137393 137398
137404 137482 137423 137442 137461
137483 137510 137489 137495 137501
137511 137528 137515 137519 137523
137529 137551 137534 137539 137544
137552 137593 137562 137572 137582
137594 137612 137598 137602 137606
137613 137677 137629 137645 137661
137678 137716 137687 137696 137705
137717 137759 137727 137737 137747
137760 137862 137785 137810 137835
137863 138109 137924 137985 138046
138110 138157 138121 138132 138143
138158 138178 138163 138168 138173
138179 138250 138196 138213 138230
138251 138330 138270 138289 138308
138331 138355 138337 138343 138349
138356 138372 138360 138364 138368
138373 138391 138377 138381 138385
138392 138415 138397 138402 138407
138416 138474 138430 138444 138458
138475 138523 138487 138499 138511
138524 138552 138531 138538 138545
138553 138579 138559 138565 138571
138580 138624 138591 138602 138613
138625 138691 138641 138657 138673
138692 138822 138724 138756 138788
138823 138856 138831 138839 138847
138857 138880 138862 138867 138872
138881 138916 138889 138897 138905
138917 138938 138922 138927 138932
138939 138968 138946 138953 138960
138969 139079 138996 139023 139050
139080 139133 139093 139106 139119
139134 139150 139138 139142 139146
139151 139205 139164 139177 139190
139206 139261 139219 139232 139245
139262 139288 139268 139274 139280
139289 139318 139296 139303 139310
139319 139349 139326 139333 139340
139350 139374 139356 139362 139368
139375 139416 139385 139395 139405
139417 139474 139431 139445 139459
139475 139517 139485 139495 139505
139518 139534 139522 139526 139530
139535 139553 139539 139543 139547
139554 139674 139584 139614 139644
139675 139693 139679 139683 139687
139694 139712 139698 139702 139706
139713 139733 139718 139723 139728
139734 139844 139761 139788 139815
139845 139903 139859 139873 139887
139904 140021 139933 139962 139991
140022 140103 140042 140062 140082
140104 140149 140115 140126 140137
140150 140251 140175 140200 140225
140252 140319 140268 140284 140300
140320 140392 140338 140356 140374
140393 140409 140397 140401 140405
140410 140431 140415 140420 140425
140432 140462 140439 140446 140453
140463 140699 140522 140581 140640
140700 140729 140707 140714 140721
140730 140804 140748 140766 140784
140805 140869 140821 140837 140853
140870 140898 140877 140884 140891
140899 140944 140910 140921 140932
140945 141022 140964 140983 141002
141023 141071 141035 141047 141059
141072 141228 141111 141150 141189
141229 141377 141266 141303 141340
141378 141657 141447 141516 141585
141658 141708 141670 141682 141694
141709 141814 141735 141761 141787
141815 141874 141829 141843 141857
141875 141912 141884 141893 141902
141913 141943 141920 141927 141934
141944 142058 141972 142000 142028
142059 142078 142063 142067 142071
142079 142110 142086 142093 142100
142111 142196 142132 142153 142174
142197 142318 142227 142257 142287
142319 142375 142333 142347 142361
142376 142427 142388 142400 142412
142428 142481 142441 142454 142467
142482 142508 142488 142494 142500
142509 142525 142513 142517 142521
142526 142604 142545 142564 142583
142605 142682 142624 142643 142662
142683 142729 142694 142705 142716
142730 142771 142740 142750 142760
142772 142818 142783 142794 142805
142819 142885 142835 142851 142867
142886 142997 142913 142940 142967
142998 143071 143016 143034 143052
143072 143171 143096 143120 143144
143172 143294 143202 143232 143262
143295 143479 143341 143387 143433
143480 143625 143516 143552 143588
143626 143775 143663 143700 143737
143776 143868 143799 143822 143845
143869 144059 143916 143963 144010
144060 144119 144074 144088 144102
144120 144332 144173 144226 144279
144333 144421 144355 144377 144399
144422 144806 144518 144614 144710
144807 144823 144811 144815 144819
144824 144885 144839 144854 144869
144886 145100 144939 144992 145045
145101 145191 145123 145145 145167
145192 145289 145216 145240 145264
145290 145573 145360 145430 145500
145574 145633 145588 145602 145616
145634 145683 145646 145658 145670
145684 145762 145703 145722 145741
145763 146281 145892 146021 146150
146282 146688 146383 146484 146585
146689 147008 146768 146847 146926
147009 147370 147099 147189 147279
147371 147499 147403 147435 147467
147500 147567 147516 147532 147548
147568 147655 147589 147610 147631
147656 147759 147681 147706 147731
147760 147905 147796 147832 147868
147906 147961 147919 147932 147945
147962 148067 147988 148014 148040
148068 148177 148095 148122 148149
148178 148237 148192 148206 148220
148238 148354 148267 148296 148325
148355 148535 148400 148445 148490
148536 148674 148570 148604 148638
148675 148796 148705 148735 148765
148797 148871 148815 148833 148851
148872 149038 148913 148954 148995
149039 149184 149075 149111 149147
149185 149293 149212 149239 149266
149294 149415 149324 149354 149384
149416 149545 149448 149480 149512
149546 149593 149557 149568 149579
149594 149637 149604 149614 149624
149638 149664 149644 149650 149656
149665 149683 149669 149673 149677
149684 149700 149688 149692 149696
149701 149750 149713 149725 149737
149751 149777 149757 149763 149769
149778 149816 149787 149796 149805
149817 149834 149821 149825 149829
149835 149860 149841 149847 149853
149861 149887 149867 149873 149879
149888 149912 149894 149900 149906
149913 149950 149922 149931 149940
149951 150013 149963 149975 150009
150014 150086 150032 150050 150068
150087 150143 150101 150115 150129
150144 150314 150186 150228 150270
150315 150397 150335 150355 150375
150398 150435 150407 150416 150425
150436 150558 150466 150496 150526
150559 150638 150578 150597 150616
150639 150713 150657 150675 150693
150714 150920 150765 150816 150867
150921 151056 150954 150987 151020
151057 151155 151081 151105 151129
151156 151392 151215 151274 151333
151393 151455 151408 151423 151438
151456 151575 151485 151514 151543
151576 151898 151656 151736 151816
151899 151974 151917 151935 151953
151975 152212 152034 152093 152152
152213 152383 152255 152297 152339
152384 152474 152406 152428 152450
152475 152569 152498 152521 152544
152570 152835 152636 152702 152768
152836 152980 152872 152908 152944
152981 153012 152988 152995 153002
153013 153143 153045 153077 153109
153144 153202 153158 153172 153186
153203 153253 153215 153227 153239
153254 153298 153265 153276 153287
153299 153364 153315 153331 153347
153365 153440 153383 153401 153419
153441 153677 153500 153559 153618
153678 153869 153725 153772 153819
153870 153913 153880 153890 153900
153914 154073 153953 153992 154031
154074 154105 154081 154088 154095
154106 154321 154159 154212 154265
154322 154509 154368 154414 154460
154510 154638 154542 154574 154606
154639 154665 154645 154651 154657
154666 154842 154710 154754 154798
154843 154960 154872 154901 154930
154961 155620 155125 155289 155453
155621 155668 155632 155643 155654
155669 155685 155673 155677 155681
155686 155867 155731 155776 155821
155868 156094 155924 155980 156036
156095 156479 156191 156287 156383
156480 156821 156565 156650 156735
156822 157146 156903 156984 157065
157147 157211 157163 157179 157195
157212 157280 157229 157246 157263
157281 157550 157348 157415 157482
157551 157640 157573 157595 157617
157641 157665 157647 157653 157659
157666 157741 157684 157702 157720
157742 158471 157924 158106 158288
158472 158703 158529 158586 158643
158704 158908 158755 158806 158857
158909 158998 158931 158953 158975
158999 159097 159023 159047 159071
159098 159729 159255 159412 159569
159730 159844 159758 159786 159814
159845 159975 159877 159909 159941
159976 160162 160022 160068 160114
160163 160215 160176 160189 160202
160216 160416 160266 160316 160366
160417 160439 160422 160427 160432
160440 160460 160445 160450 160455
160461 160529 160478 160495 160512
160530 160595 160546 160562 160578
160596 160746 160633 160670 160707
160747 160866 160776 160805 160834
160867 161353 160988 161109 161230
161354 161687 161437 161520 161603
161688 161797 161715 161742 161769
161798 162124 161879 161960 162041
162125 162253 162157 162189 162221
162254 162325 162271 162288 162305
162326 162389 162341 162356 162371
162390 162454 162406 162422 162438
162455 162566 162482 162509 162536
162567 162591 162573 162579 162585
162592 162829 162651 162710 162769
162830 162851 162835 162840 162845
162852 162896 162863 162874 162885
162897 163126 162954 163011 163068
163127 163330 163177 163227 163277
163331 163410 163350 163369 163388
163411 163632 163466 163521 163576
163633 163859 163689 163745 163801
163860 163940 163880 163900 163920
163941 164080 163975 164009 164043
164081 164200 164110 164139 164168
164201 164398 164250 164299 164348
164399 164536 164433 164467 164501
164537 164609 164555 164573 164591
164610 164709 164634 164658 164682
164710 165333 164782 164854 165249
165334 172967 167242 169150 171058
