0 1704 426 852 1278
1705 1823 1734 1763 1792
1824 2270 1935 2046 2157
2271 2404 2304 2337 2370
2405 2809 2506 2607 2708
2810 2914 2836 2862 2888
2915 2988 2933 2951 2969
2989 3411 3094 3199 3304
3412 3475 3427 3442 3457
3476 4082 3627 3778 3929
4083 5092 4335 4587 4839
5093 5303 5145 5197 5249
5304 5435 5336 5368 5400
5436 5452 5440 5444 5448
5453 5534 5473 5493 5513
5535 5567 5543 5551 5559
5568 5759 5615 5662 5709
5760 6109 5847 5934 6021
6110 7082 6353 6596 6839
7083 7640 7222 7361 7500
7641 7750 7668 7695 7722
7751 7881 7783 7815 7847
7882 7983 7907 7932 7957
7984 8349 8075 8166 8257
8350 8624 8418 8486 8554
8625 8679 8638 8651 8664
8680 8866 8726 8772 8818
8867 8957 8889 8911 8933
8958 8991 8966 8974 8982
8992 9116 9023 9054 9085
9117 9264 9153 9189 9225
9265 9293 9272 9279 9286
9294 9423 9326 9358 9390
9424 9511 9445 9466 9487
9512 9726 9565 9618 9671
9727 9957 9784 9841 9898
9958 10269 10035 10112 10189
10270 10418 10307 10344 10381
10419 10752 10502 10585 10668
10753 10964 10805 10857 10909
10965 11134 11007 11049 11091
11135 11608 11253 11371 11489
11609 11948 11693 11777 11861
11949 12692 12134 12319 12504
12693 12801 12720 12747 12774
12802 13275 12920 13038 13156
13276 13527 13338 13400 13462
13528 13565 13537 13546 13555
13566 13773 13617 13668 13719
13774 13892 13803 13832 13861
13893 14058 13934 13975 14016
14059 14139 14079 14099 14119
14140 14234 14163 14186 14209
14235 14435 14285 14335 14385
14436 14644 14488 14540 14592
14645 14692 14656 14667 14678
14693 14863 14735 14777 14819
14864 14976 14892 14920 14948
14977 15527 14982 14987 15393
15528 15606 15547 15566 15585
15607 15704 15631 15655 15679
15705 15786 15725 15745 15765
15787 15888 15812 15837 15862
15889 15988 15913 15937 15961
15989 16113 16020 16051 16082
16114 16245 16146 16178 16210
16246 16321 16264 16282 16300
16322 16430 16349 16376 16403
16431 16454 16436 16441 16446
16455 16527 16473 16491 16509
16528 16586 16542 16556 16570
16587 16679 16610 16633 16656
16680 16853 16723 16766 16809
16854 16931 16873 16892 16911
16932 17331 17031 17130 17229
17332 17617 17403 17474 17545
17618 17714 17642 17666 17690
17715 17782 17731 17747 17763
17783 18176 17881 17979 18077
18177 18192 18180 18183 18186
18193 18589 18292 18391 18490
18590 18934 18676 18762 18848
18935 18975 18945 18955 18965
18976 19085 19003 19030 19057
19086 19162 19105 19124 19143
19163 19296 19196 19229 19262
19297 19353 19311 19325 19339
19354 19436 19374 19394 19414
19437 19505 19454 19471 19488
19506 19573 19522 19538 19554
19574 19636 19589 19604 19619
19637 19661 19643 19649 19655
19662 19683 19667 19672 19677
19684 19808 19715 19746 19777
19809 19864 19822 19835 19848
19865 19931 19881 19897 19913
19932 20070 19966 20000 20034
20071 20362 20143 20215 20287
20363 20513 20400 20437 20474
20514 20613 20538 20562 20586
20614 20770 20653 20692 20731
20771 20838 20787 20803 20819
20839 20884 20850 20861 20872
20885 20903 20889 20893 20897
20904 21459 21042 21180 21318
21460 21665 21511 21562 21613
21666 22067 21766 21866 21966
22068 22565 22192 22316 22440
22566 22649 22586 22606 22626
22650 22904 22713 22776 22839
22905 23130 22961 23017 23073
23131 23330 23180 23229 23278
23331 23593 23396 23461 23526
23594 23775 23639 23684 23729
23776 23861 23797 23818 23839
23862 23884 23867 23872 23877
23885 23980 23908 23931 23954
23981 24115 24014 24047 24080
24116 24233 24145 24174 24203
24234 24561 24315 24396 24477
24562 24810 24624 24686 24748
24811 24907 24835 24859 24883
24908 24969 24923 24938 24953
24970 25023 24983 24996 25009
25024 25234 25076 25128 25180
25235 25810 25378 25521 25664
25811 25835 25817 25823 25829
25836 25947 25863 25890 25917
25948 26109 25988 26028 26068
26110 26261 26147 26184 26221
26262 26355 26285 26308 26331
26356 26462 26382 26408 26434
26463 26525 26478 26493 26508
26526 26699 26569 26612 26655
26700 26822 26730 26760 26790
26823 26945 26853 26883 26913
26946 26990 26957 26968 26979
26991 27427 27100 27209 27318
27428 27493 27444 27460 27476
27494 27510 27498 27502 27506
27511 27768 27575 27639 27703
27769 28014 27830 27891 27952
28015 28112 28039 28063 28087
28113 28188 28131 28149 28167
28189 28561 28282 28375 28468
28562 28614 28575 28588 28601
28615 28833 28669 28723 28777
28834 29220 28930 29026 29122
29221 29362 29256 29291 29326
29363 29540 29407 29451 29495
29541 29580 29550 29559 29568
29581 29641 29596 29611 29626
29642 29688 29653 29664 29675
29689 29868 29733 29777 29821
29869 30094 29901 29933 30069
30095 30207 30123 30151 30179
30208 30605 30307 30406 30505
30606 30878 30674 30742 30810
30879 31591 31057 31235 31413
31592 31812 31647 31702 31757
31813 31851 31822 31831 31840
31852 32048 31901 31950 31999
32049 32239 32096 32143 32190
32240 32320 32260 32280 32300
32321 32350 32328 32335 32342
32351 32408 32365 32379 32393
32409 32706 32483 32557 32631
32707 33032 32788 32869 32950
33033 33572 33167 33301 33435
33573 33614 33583 33593 33603
33615 33674 33629 33643 33657
33675 33829 33713 33751 33789
33830 34141 33907 33984 34061
34142 34228 34163 34184 34205
34229 34329 34254 34279 34304
34330 34349 34334 34338 34342
34350 34609 34414 34478 34542
34610 34809 34659 34708 34757
34810 35059 34872 34934 34996
35060 35501 35170 35280 35390
35502 35671 35544 35586 35628
35672 35740 35689 35706 35723
35741 35982 35801 35861 35921
35983 36110 36014 36045 36076
36111 36503 36209 36307 36405
36504 36900 36603 36702 36801
36901 37768 37117 37333 37549
37769 38407 37928 38087 38246
38408 38635 38464 38520 38576
38636 39153 38765 38894 39023
39154 39347 39202 39250 39298
39348 39423 39366 39384 39402
39424 39646 39479 39534 39589
39647 39827 39692 39737 39782
39828 39875 39839 39850 39861
39876 40446 40018 40160 40302
40447 40468 40452 40457 40462
40469 40778 40546 40623 40700
40779 40953 40822 40865 40908
40954 41105 40991 41028 41065
41106 41159 41119 41132 41145
41160 41412 41223 41286 41349
41413 41557 41449 41485 41521
41558 41595 41567 41576 41585
41596 41642 41607 41618 41629
41643 41715 41661 41679 41697
41716 41994 41785 41854 41923
41995 42238 42055 42115 42175
42239 42282 42249 42259 42269
42283 42304 42288 42293 42298
42305 42502 42354 42403 42452
42503 42690 42549 42595 42641
42691 42806 42719 42747 42775
42807 42904 42831 42855 42879
42905 43090 42951 42997 43043
43091 43146 43104 43117 43130
43147 43282 43180 43213 43246
43283 43346 43298 43313 43328
43347 43443 43371 43395 43419
43444 43502 43458 43472 43486
43503 43618 43531 43559 43587
43619 43655 43628 43637 43646
43656 43719 43671 43686 43701
43720 43864 43756 43792 43828
43865 43928 43880 43895 43910
43929 44006 43948 43967 43986
44007 44053 44018 44029 44040
44054 44082 44061 44068 44075
44083 44337 44146 44209 44272
44338 44424 44359 44380 44401
44425 44860 44533 44641 44749
44861 44967 44887 44913 44939
44968 45332 44975 44982 45249
45333 45423 45355 45377 45399
45424 45441 45428 45432 45436
45442 45493 45454 45466 45478
45494 45534 45504 45514 45524
45535 45583 45547 45559 45571
45584 45601 45588 45592 45596
45602 45737 45635 45668 45701
45738 45796 45752 45766 45780
45797 45847 45809 45821 45833
45848 45889 45858 45868 45878
45890 46006 45919 45948 45977
46007 46173 46048 46089 46130
46174 46262 46196 46218 46240
46263 46360 46287 46311 46335
46361 46461 46386 46411 46436
46462 47254 46660 46858 47056
47255 47586 47337 47419 47501
47587 47731 47623 47659 47695
47732 48003 47799 47866 47933
48004 48156 48042 48080 48118
48157 48414 48221 48285 48349
48415 49404 48662 48909 49156
49405 49723 49484 49563 49642
49724 49872 49761 49798 49835
49873 50069 49922 49971 50020
50070 50110 50080 50090 50100
50111 50506 50209 50307 50405
50507 50564 50521 50535 50549
50565 50594 50572 50579 50586
50595 50792 50644 50693 50742
50793 50984 50840 50887 50934
50985 51091 51011 51037 51063
51092 51192 51117 51142 51167
51193 51486 51266 51339 51412
51487 51509 51492 51497 51502
51510 51595 51531 51552 51573
51596 51668 51614 51632 51650
51669 51721 51682 51695 51708
51722 51796 51740 51758 51776
51797 52088 51869 51941 52013
52089 52439 52176 52263 52350
52440 52544 52466 52492 52518
52545 52922 52639 52733 52827
52923 53257 53006 53089 53172
53258 53308 53270 53282 53294
53309 53580 53376 53443 53510
53581 53743 53621 53661 53701
53744 53860 53773 53802 53831
53861 54017 53900 53939 53978
54018 54122 54044 54070 54096
54123 54149 54129 54135 54141
54150 54190 54160 54170 54180
54191 54230 54200 54209 54218
54231 54305 54249 54267 54285
54306 54366 54321 54336 54351
54367 54429 54382 54397 54412
54430 54612 54475 54520 54565
54613 54635 54618 54623 54628
54636 54731 54659 54682 54705
54732 54813 54752 54772 54792
54814 54831 54818 54822 54826
54832 55050 54886 54940 54994
55051 55169 55080 55109 55138
55170 55301 55202 55234 55266
55302 55515 55355 55408 55461
55516 55602 55537 55558 55579
55603 55729 55634 55665 55696
55730 55790 55745 55760 55775
55791 55817 55797 55803 55809
55818 55959 55853 55888 55923
55960 56028 55977 55994 56011
56029 56333 56105 56181 56257
56334 56367 56342 56350 56358
56368 56430 56383 56398 56413
56431 56458 56437 56443 56449
56459 56631 56502 56545 56588
56632 56663 56639 56646 56653
56664 56712 56676 56688 56700
56713 56761 56725 56737 56749
56762 56784 56767 56772 56777
56785 56927 56820 56855 56890
56928 57204 56997 57066 57135
57205 57616 57307 57409 57511
57617 57662 57628 57639 57650
57663 57791 57695 57727 57759
57792 57864 57810 57828 57846
57865 57905 57875 57885 57895
57906 57981 57924 57942 57960
57982 58015 57990 57998 58006
58016 58078 58031 58046 58061
58079 58157 58098 58117 58136
58158 58294 58192 58226 58260
58295 58368 58313 58331 58349
58369 58513 58405 58441 58477
58514 58698 58560 58606 58652
58699 58752 58712 58725 58738
58753 58775 58758 58763 58768
58776 58876 58801 58826 58851
58877 58964 58898 58919 58940
58965 59136 59007 59049 59091
59137 59286 59174 59211 59248
59287 59345 59301 59315 59329
59346 59479 59379 59412 59445
59480 59589 59507 59534 59561
59590 60887 59692 59794 60663
60888 61347 61002 61116 61230
61348 61939 61495 61642 61789
61940 62681 62125 62310 62495
62682 62778 62706 62730 62754
62779 63018 62838 62897 62956
63019 64174 63307 63595 63883
64175 64463 64247 64319 64391
64464 64692 64521 64578 64635
64693 64805 64721 64749 64777
64806 64906 64831 64856 64881
64907 65133 64963 65019 65075
65134 65375 65194 65254 65314
65376 65563 65422 65468 65514
65564 66450 65785 66006 66227
66451 66618 66492 66533 66574
66619 66787 66661 66703 66745
66788 66839 66800 66812 66824
66840 66936 66864 66888 66912
66937 67122 66983 67029 67075
67123 67268 67159 67195 67231
67269 67382 67297 67325 67353
67383 67412 67390 67397 67404
67413 67448 67421 67429 67437
67449 67532 67469 67489 67509
67533 67570 67542 67551 67560
67571 67663 67594 67617 67640
67664 67714 67676 67688 67700
67715 67938 67770 67825 67880
67939 68232 68012 68085 68158
68233 68288 68246 68259 68272
68289 68321 68297 68305 68313
68322 68375 68335 68348 68361
68376 68407 68383 68390 68397
68408 68502 68431 68454 68477
68503 68550 68514 68525 68536
68551 68607 68565 68579 68593
68608 68653 68619 68630 68641
68654 68688 68662 68670 68678
68689 68833 68725 68761 68797
68834 68885 68846 68858 68870
68886 68944 68900 68914 68928
68945 69135 68992 69039 69086
69136 69247 69163 69190 69217
69248 69392 69284 69320 69356
69393 69464 69410 69427 69444
69465 69669 69516 69567 69618
69670 69854 69716 69762 69808
69855 69919 69871 69887 69903
69920 70126 69971 70022 70073
70127 70349 70182 70237 70292
70350 70915 70491 70632 70773
70916 71103 70962 71008 71054
71104 71286 71149 71194 71239
71287 71828 71422 71557 71692
71829 71909 71849 71869 71889
71910 72060 71947 71984 72021
72061 73103 72321 72581 72841
73104 73412 73181 73258 73335
73413 73474 73428 73443 73458
73475 73517 73485 73495 73505
73518 73694 73562 73606 73650
73695 73749 73708 73721 73734
73750 73805 73763 73776 73789
73806 73918 73834 73862 73890
73919 74050 73951 73983 74015
74051 75073 74288 74525 75054
75074 75202 75106 75138 75170
75203 75553 75290 75377 75464
75554 75680 75585 75616 75647
75681 75749 75698 75715 75732
75750 75917 75791 75832 75873
75918 76100 75963 76008 76053
76101 76127 76107 76113 76119
76128 76300 76171 76214 76257
76301 76375 76319 76337 76355
76376 76402 76382 76388 76394
76403 76481 76422 76441 76460
76482 76526 76493 76504 76515
76527 76557 76534 76541 76548
76558 76609 76570 76582 76594
76610 76711 76635 76660 76685
76712 77738 76968 77224 77480
77739 77920 77784 77829 77874
77921 78008 77942 77963 77984
78009 78174 78050 78091 78132
78175 78405 78232 78289 78346
78406 78803 78505 78604 78703
78804 79228 78910 79016 79122
79229 79308 79248 79267 79286
79309 79594 79380 79451 79522
79595 79893 79669 79743 79817
79894 79993 79918 79942 79966
79994 80036 80004 80014 80024
80037 80071 80045 80053 80061
80072 80239 80113 80154 80195
80240 80323 80260 80280 80300
80324 80711 80420 80516 80612
80712 80919 80763 80814 80865
80920 81014 80943 80966 80989
81015 81254 81074 81133 81192
81255 81639 81351 81447 81543
81640 81755 81668 81696 81724
81756 81922 81797 81838 81879
81923 81976 81936 81949 81962
81977 82193 82031 82085 82139
82194 82868 82362 82530 82698
82869 82964 82892 82915 82938
82965 83364 83064 83163 83262
83365 83378 83368 83371 83374
83379 83455 83398 83417 83436
83456 83544 83478 83500 83522
83545 83927 83640 83735 83830
83928 83957 83935 83942 83949
83958 84152 84006 84054 84102
84153 84265 84181 84209 84237
84266 84597 84348 84430 84512
84598 84691 84621 84644 84667
84692 84794 84717 84742 84767
84795 85030 84853 84911 84969
85031 85103 85049 85067 85085
85104 85178 85122 85140 85158
85179 85339 85219 85259 85299
85340 85380 85350 85360 85370
85381 85399 85385 85389 85393
85400 85424 85406 85412 85418
85425 85445 85430 85435 85440
85446 85464 85450 85454 85458
85465 85492 85471 85477 85483
85493 85535 85503 85513 85523
85536 85571 85544 85552 85560
85572 85611 85581 85590 85599
85612 85651 85621 85630 85639
85652 85685 85660 85668 85676
85686 85751 85702 85718 85734
85752 85887 85785 85818 85851
85888 86438 86025 86162 86299
86439 86506 86455 86471 86487
86507 86638 86539 86571 86603
86639 86875 86698 86757 86816
86876 88330 87239 87602 87965
88331 88443 88359 88387 88415
88444 88618 88487 88530 88573
88619 88683 88635 88651 88667
88684 88786 88709 88734 88759
88787 89016 88844 88901 88958
89017 89095 89036 89055 89074
89096 89246 89133 89170 89207
89247 89580 89330 89413 89496
89581 89835 89644 89707 89770
89836 90009 89876 89916 90006
90010 90262 90073 90136 90199
90263 90955 90436 90609 90782
90956 91259 91031 91106 91181
91260 91802 91395 91530 91665
91803 92097 91876 91949 92022
92098 92202 92124 92150 92176
92203 92267 92219 92235 92251
92268 92836 92410 92552 92694
92837 93007 92879 92921 92963
93008 93362 93096 93184 93272
93363 93405 93373 93383 93393
93406 93465 93420 93434 93448
93466 93514 93478 93490 93502
93515 93572 93529 93543 93557
93573 93618 93584 93595 93606
93619 93695 93638 93657 93676
93696 93769 93714 93732 93750
93770 93961 93817 93864 93911
93962 94158 94011 94060 94109
94159 94390 94216 94273 94330
94391 94465 94409 94427 94445
94466 94646 94511 94556 94601
94647 94749 94672 94697 94722
94750 94867 94779 94808 94837
94868 94948 94888 94908 94928
94949 95482 95082 95215 95348
95483 95557 95501 95519 95537
95558 95768 95610 95662 95714
95769 95888 95798 95827 95856
95889 96211 95969 96049 96129
96212 96235 96217 96222 96227
96236 96258 96241 96246 96251
96259 96341 96279 96299 96319
96342 96415 96360 96378 96396
96416 96480 96432 96448 96464
96481 96525 96492 96503 96514
96526 96659 96559 96592 96625
96660 96833 96703 96746 96789
96834 97403 96976 97118 97260
97404 97429 97410 97416 97422
97430 97473 97440 97450 97460
97474 97514 97484 97494 97504
97515 97589 97533 97551 97569
97590 97686 97614 97638 97662
97687 97730 97697 97707 97717
97731 97821 97753 97775 97797
97822 97853 97829 97836 97843
97854 97939 97875 97896 97917
97940 98006 97956 97972 97988
98007 98217 98059 98111 98163
98218 98313 98241 98264 98287
98314 98459 98350 98386 98422
98460 98657 98509 98558 98607
98658 98748 98680 98702 98724
98749 98822 98767 98785 98803
98823 98871 98835 98847 98859
98872 98942 98889 98906 98923
98943 99079 98977 99011 99045
99080 99162 99100 99120 99140
99163 99197 99171 99179 99187
99198 99602 99299 99400 99501
99603 99704 99628 99653 99678
99705 99844 99739 99773 99807
99845 99941 99869 99893 99917
99942 99995 99955 99968 99981
99996 100402 100097 100198 100299
100403 100558 100441 100479 100517
100559 100890 100641 100723 100805
100891 101321 100998 101105 101212
101322 101405 101342 101362 101382
101406 102242 101615 101824 102033
102243 103018 102436 102629 102822
103019 103094 103037 103055 103073
103095 103445 103182 103269 103356
103446 103683 103505 103564 103623
103684 103964 103754 103824 103894
103965 104376 104067 104169 104271
104377 104562 104423 104469 104515
104563 104719 104602 104641 104680
104720 104813 104743 104766 104789
104814 104901 104835 104856 104877
104902 104958 104916 104930 104944
104959 105101 104969 104979 105075
105102 105201 105126 105150 105174
105202 105346 105238 105274 105310
105347 105475 105379 105411 105443
105476 105683 105527 105578 105629
105684 105910 105740 105796 105852
105911 106064 105949 105987 106025
106065 106188 106095 106125 106155
106189 106301 106217 106245 106273
106302 106472 106344 106386 106428
106473 107366 106696 106919 107142
107367 107677 107444 107521 107598
107678 108369 107850 108022 108194
108370 108551 108415 108460 108505
108552 108716 108593 108634 108675
108717 108767 108729 108741 108753
108768 109142 108861 108954 109047
109143 109165 109148 109153 109158
109166 109844 109335 109504 109673
109845 110055 109897 109949 110001
110056 110249 110104 110152 110200
110250 110618 110342 110434 110526
110619 111009 110716 110813 110910
111010 111614 111161 111312 111463
111615 111981 111706 111797 111888
111982 112120 112016 112050 112084
112121 112182 112136 112151 112166
112183 112417 112241 112299 112357
112418 113622 112719 113020 113321
113623 113672 113635 113647 113659
113673 114304 113830 113987 114144
114305 114329 114311 114317 114323
114330 114351 114335 114340 114345
114352 114853 114477 114602 114727
114854 114890 114863 114872 114881
114891 115038 114927 114963 114999
115039 115103 115055 115071 115087
115104 115415 115181 115258 115335
115416 115523 115442 115468 115494
115524 115965 115634 115744 115854
115966 116336 116058 116150 116242
116337 116412 116355 116373 116391
116413 117036 116568 116723 116878
117037 117078 117047 117057 117067
117079 117364 117150 117221 117292
117365 117423 117379 117393 117407
117424 117513 117446 117468 117490
117514 117716 117564 117614 117664
117717 117767 117729 117741 117753
117768 117857 117790 117812 117834
117858 117997 117892 117926 117960
117998 118027 118005 118012 118019
118028 118072 118039 118050 118061
118073 118188 118101 118129 118157
118189 118307 118218 118247 118276
118308 118635 118389 118470 118551
118636 118825 118683 118730 118777
118826 119052 118882 118938 118994
119053 119257 119104 119155 119206
119258 119480 119313 119368 119423
119481 119640 119520 119559 119598
119641 120089 119730 119819 120066
120090 120560 120207 120324 120441
120561 120603 120571 120581 120591
120604 121241 120763 120922 121081
121242 121373 121274 121306 121338
121374 121475 121399 121424 121449
121476 121652 121520 121564 121608
121653 121775 121683 121713 121743
121776 122296 121906 122036 122166
122297 122346 122309 122321 122333
122347 122464 122376 122405 122434
122465 122678 122518 122571 122624
122679 122883 122730 122781 122832
122884 123511 123040 123196 123352
123512 123930 123616 123720 123824
123931 123978 123942 123953 123964
123979 124059 123999 124019 124039
124060 124160 124085 124110 124135
124161 124330 124203 124245 124287
124331 124424 124354 124377 124400
124425 124492 124441 124457 124473
124493 124708 124546 124599 124652
124709 124744 124717 124725 124733
124745 124962 124799 124853 124907
124963 125311 125050 125137 125224
125312 125398 125333 125354 125375
125399 125550 125436 125473 125510
125551 125623 125569 125587 125605
125624 125706 125644 125664 125684
125707 125794 125728 125749 125770
125795 125951 125834 125873 125912
125952 126114 125992 126032 126072
126115 126158 126125 126135 126145
126159 126332 126202 126245 126288
126333 126674 126418 126503 126588
126675 126800 126706 126737 126768
126801 126936 126834 126867 126900
126937 127111 126980 127023 127066
127112 127230 127141 127170 127199
127231 127324 127254 127277 127300
127325 127494 127367 127409 127451
127495 127723 127552 127609 127666
127724 128156 127832 127940 128048
128157 129063 128383 128609 128835
129064 129120 129078 129092 129106
129121 129172 129133 129145 129157
129173 129254 129193 129213 129233
129255 129403 129292 129329 129366
129404 129716 129482 129560 129638
129717 129820 129742 129767 129792
129821 130157 129905 129989 130073
130158 130230 130176 130194 130212
130231 130278 130242 130253 130264
130279 130350 130296 130313 130330
130351 130800 130463 130575 130687
130801 131279 130920 131039 131158
131280 131864 131426 131572 131718
131865 131934 131882 131899 131916
131935 132384 132047 132159 132271
132385 132541 132424 132463 132502
132542 133230 132714 132886 133058
133231 133277 133242 133253 133264
133278 133733 133391 133504 133617
133734 133764 133741 133748 133755
133765 134045 133835 133905 133975
134046 134092 134057 134068 134079
134093 134267 134136 134179 134222
134268 134475 134319 134370 134421
134476 134596 134506 134536 134566
134597 134671 134615 134633 134651
134672 135840 134753 134834 135630
135841 135904 135856 135871 135886
135905 135957 135918 135931 135944
135958 136162 136009 136060 136111
136163 136345 136208 136253 136298
136346 136560 136399 136452 136505
136561 136733 136604 136647 136690
136734 137522 136931 137128 137325
137523 137674 137560 137597 137634
137675 137783 137702 137729 137756
137784 137906 137814 137844 137874
137907 137961 137920 137933 137946
137962 138053 137984 138006 138028
138054 138245 138101 138148 138195
138246 138342 138270 138294 138318
138343 138388 138354 138365 138376
138389 138444 138402 138415 138428
138445 138467 138450 138455 138460
138468 138510 138478 138488 138498
138511 138529 138515 138519 138523
138530 138547 138534 138538 138542
138548 138579 138555 138562 138569
138580 138609 138587 138594 138601
138610 138663 138623 138636 138649
138664 138767 138689 138714 138739
138768 138853 138789 138810 138831
138854 138874 138859 138864 138869
138875 138904 138882 138889 138896
138905 138937 138913 138921 138929
138938 138997 138952 138966 138980
138998 139040 139008 139018 139028
139041 139059 139045 139049 139053
139060 139144 139081 139102 139123
139145 139194 139157 139169 139181
139195 139281 139216 139237 139258
139282 139321 139291 139300 139309
139322 139405 139342 139362 139382
139406 139542 139440 139474 139508
139543 139605 139558 139573 139588
139606 139653 139617 139628 139639
139654 139795 139689 139724 139759
139796 139856 139811 139826 139841
139857 139882 139863 139869 139875
139883 139939 139897 139911 139925
139940 140044 139966 139992 140018
140045 140061 140049 140053 140057
140062 140095 140070 140078 140086
140096 140123 140102 140108 140114
140124 140267 140159 140194 140229
140268 140303 140276 140284 140292
140304 140364 140319 140334 140349
140365 140387 140370 140375 140380
140388 140500 140416 140444 140472
140501 140522 140506 140511 140516
140523 140546 140528 140533 140538
140547 140563 140551 140555 140559
140564 140593 140571 140578 140585
140594 140628 140602 140610 140618
140629 140701 140647 140665 140683
140702 140839 140736 140770 140804
140840 140859 140844 140848 140852
140860 140967 140886 140912 140938
140968 141052 140989 141010 141031
141053 142206 141341 141629 141917
142207 142284 142226 142245 142264
142285 142408 142315 142345 142375
142409 142491 142429 142449 142469
142492 142523 142499 142506 142513
142524 142660 142558 142592 142626
142661 142971 142738 142815 142892
142972 143179 143023 143074 143125
143180 143343 143220 143260 143300
143344 143417 143362 143380 143398
143418 143495 143437 143456 143475
143496 143546 143508 143520 143532
143547 143565 143551 143555 143559
143566 143585 143570 143574 143578
143586 143639 143599 143612 143625
143640 143791 143677 143714 143751
143792 143819 143798 143804 143810
143820 143866 143831 143842 143853
143867 143887 143872 143877 143882
143888 144016 143920 143952 143984
144017 144134 144046 144075 144104
144135 144247 144163 144191 144219
144248 144489 144308 144368 144428
144490 144535 144501 144512 144523
144536 144660 144567 144598 144629
144661 144720 144675 144689 144703
144721 144784 144736 144751 144766
144785 145199 144888 144991 145094
145200 145822 145355 145510 145665
145823 145926 145848 145873 145898
145927 145986 145941 145955 145969
145987 146051 146003 146019 146035
146052 146184 146085 146118 146151
146185 147112 146416 146647 146878
147113 147132 147117 147121 147125
147133 147158 147139 147145 147151
147159 147198 147168 147177 147186
147199 147411 147252 147305 147358
147412 147432 147417 147422 147427
147433 148098 147599 147765 147931
148099 148151 148112 148125 148138
148152 148327 148195 148238 148281
148328 148555 148384 148440 148496
148556 148600 148567 148578 148589
148601 148634 148609 148617 148625
148635 148685 148647 148659 148671
148686 148724 148695 148704 148713
148725 148773 148737 148749 148761
148774 148827 148787 148800 148813
148828 148881 148841 148854 148867
148882 149430 149019 149156 149293
149431 149652 149486 149541 149596
149653 149852 149702 149751 149800
149853 149961 149880 149907 149934
149962 150043 149971 149980 150030
150044 150152 150071 150098 150125
150153 150344 150200 150247 150294
150345 150624 150414 150483 150552
150625 150883 150689 150753 150817
150884 150940 150898 150912 150926
150941 151056 150969 150997 151025
151057 151215 151096 151135 151174
151216 151323 151242 151268 151294
151324 151382 151338 151352 151366
151383 151560 151427 151471 151515
151561 151748 151607 151653 151699
151749 152281 151882 152015 152148
152282 152375 152305 152328 152351
152376 152893 152505 152634 152763
152894 153107 152947 153000 153053
153108 153183 153126 153144 153162
153184 153590 153285 153386 153487
153591 153632 153601 153611 153621
153633 153717 153654 153675 153696
153718 154551 153926 154134 154342
154552 154691 154586 154620 154654
154692 154908 154746 154800 154854
154909 155020 154936 154963 154990
155021 155437 155125 155229 155333
155438 155812 155531 155624 155717
155813 155893 155833 155853 155873
155894 156005 155921 155948 155975
156006 156265 156070 156134 156198
156266 156321 156279 156292 156305
156322 156358 156331 156340 156349
156359 156379 156364 156369 156374
156380 156397 156384 156388 156392
156398 156425 156404 156410 156416
156426 156957 156558 156690 156822
156958 157171 157011 157064 157117
157172 157468 157246 157320 157394
157469 157568 157493 157517 157541
157569 157594 157575 157581 157587
157595 157615 157600 157605 157610
157616 157669 157629 157642 157655
157670 157758 157692 157714 157736
157759 157891 157792 157825 157858
157892 157935 157902 157912 157922
157936 157986 157948 157960 157972
157987 158033 157998 158009 158020
158034 158075 158044 158054 158064
158076 158141 158092 158108 158124
158142 158227 158163 158184 158205
158228 158276 158240 158252 158264
158277 158297 158282 158287 158292
158298 158336 158307 158316 158325
158337 158422 158358 158379 158400
158423 158460 158432 158441 158450
158461 158485 158467 158473 158479
158486 158511 158492 158498 158504
158512 158565 158525 158538 158551
158566 158584 158570 158574 158578
158585 158632 158596 158607 158618
158633 158726 158656 158679 158702
158727 158784 158741 158755 158769
158785 158852 158801 158817 158833
158853 158956 158878 158903 158928
158957 159026 158974 158991 159008
159027 159043 159031 159035 159039
159044 159084 159054 159064 159074
159085 159117 159093 159101 159109
159118 159138 159123 159128 159133
159139 159170 159146 159153 159160
159171 159218 159182 159193 159204
159219 159316 159243 159267 159291
159317 159335 159321 159325 159329
159336 159352 159340 159344 159348
159353 159371 159357 159361 159365
159372 159474 159397 159422 159447
159475 159563 159497 159519 159541
159564 159789 159620 159676 159732
159790 159856 159806 159822 159838
159857 159886 159864 159871 159878
159887 159908 159892 159897 159902
159909 159934 159915 159921 159927
159935 159964 159942 159949 159956
159965 160012 159976 159987 159998
160013 160034 160018 160023 160028
160035 160095 160050 160065 160080
160096 160168 160114 160132 160150
160169 160189 160174 160179 160184
160190 160231 160200 160210 160220
160232 160244 160235 160238 160241
160245 160281 160254 160263 160272
160282 160375 160305 160328 160351
160376 160704 160458 160540 160622
160705 160732 160711 160717 160723
160733 160756 160738 160743 160748
160757 160824 160773 160789 160805
160825 160848 160830 160835 160840
160849 160868 160853 160857 160861
160869 160892 160874 160879 160884
160893 160932 160902 160911 160920
160933 160964 160940 160947 160954
160965 161009 160976 160987 160998
161010 161145 161043 161076 161109
161146 161337 161193 161240 161287
161338 161355 161342 161346 161350
161356 161441 161377 161398 161419
161442 161464 161447 161452 161457
161465 161547 161485 161505 161525
161548 161618 161565 161582 161599
161619 161644 161625 161631 161637
161645 161665 161650 161655 161660
161666 161705 161675 161684 161693
161706 161996 161778 161850 161922
161997 162026 162004 162011 162018
162027 162054 162033 162039 162045
162055 162098 162065 162075 162085
162099 162122 162104 162109 162114
162123 162154 162130 162137 162144
162155 162174 162159 162163 162167
162175 162198 162180 162185 162190
162199 162218 162203 162207 162211
162219 162298 162238 162257 162276
162299 162570 162366 162433 162500
162571 163725 162859 163147 163435
163726 164567 163936 164146 164356
164568 164858 164640 164712 164784
164859 165070 164894 164929 165051
165071 166163 165344 165617 165890
166164 173395 167971 169778 171585
