0 2491 622 1244 1866
2492 3109 2646 2800 2954
3110 3510 3210 3310 3410
3511 3564 3524 3537 3550
3565 3817 3628 3691 3754
3818 4309 3940 4062 4184
4310 4383 4328 4346 4364
4384 4453 4401 4418 4435
4454 4550 4478 4502 4526
4551 4720 4593 4635 4677
4721 4771 4733 4745 4757
4772 4862 4794 4816 4838
4863 4940 4882 4901 4920
4941 4991 4953 4965 4977
4992 5031 5001 5010 5019
5032 5095 5047 5062 5077
5096 5135 5105 5114 5123
5136 5197 5151 5166 5181
5198 5213 5201 5204 5207
5214 5285 5231 5248 5265
5286 5643 5375 5464 5553
5644 5714 5661 5678 5695
5715 5858 5750 5785 5820
5859 5882 5864 5869 5874
5883 5923 5893 5903 5913
5924 6009 5945 5966 5987
6010 6054 6021 6032 6043
6055 6093 6064 6073 6082
6094 6169 6112 6130 6148
6170 6285 6198 6226 6254
6286 6365 6305 6324 6343
6366 6480 6394 6422 6450
6481 6524 6491 6501 6511
6525 6642 6554 6583 6612
6643 6686 6653 6663 6673
6687 6765 6706 6725 6744
6766 6811 6777 6788 6799
6812 6885 6830 6848 6866
6886 6931 6897 6908 6919
6932 6980 6944 6956 6968
6981 7032 6993 7005 7017
7033 7086 7046 7059 7072
7087 7119 7095 7103 7111
7120 7177 7134 7148 7162
7178 7232 7191 7204 7217
7233 7296 7248 7263 7278
7297 7391 7320 7343 7366
7392 7433 7402 7412 7422
7434 7478 7445 7456 7467
7479 7522 7489 7499 7509
7523 7563 7533 7543 7553
7564 7630 7580 7596 7612
7631 7680 7643 7655 7667
7681 7718 7690 7699 7708
7719 7752 7727 7735 7743
7753 7808 7766 7779 7792
7809 7847 7818 7827 7836
7848 7909 7863 7878 7893
7910 8065 7948 7986 8024
8066 8093 8072 8078 8084
8094 8129 8102 8110 8118
8130 8178 8142 8154 8166
8179 8241 8194 8209 8224
8242 8303 8257 8272 8287
8304 8364 8319 8334 8349
8365 8424 8379 8393 8407
8425 8476 8437 8449 8461
8477 8611 8510 8543 8576
8612 8650 8621 8630 8639
8651 8682 8658 8665 8672
8683 8716 8691 8699 8707
8717 8751 8725 8733 8741
8752 8777 8758 8764 8770
8778 8810 8786 8794 8802
8811 8827 8815 8819 8823
8828 8855 8834 8840 8846
8856 8894 8865 8874 8883
8895 8961 8911 8927 8943
8962 9015 8975 8988 9001
9016 9168 9054 9092 9130
9169 9351 9214 9259 9304
9352 9456 9378 9404 9430
9457 9502 9468 9479 9490
9503 9629 9534 9565 9596
9630 9738 9657 9684 9711
9739 9841 9764 9789 9814
9842 9973 9874 9906 9938
9974 10117 10009 10044 10079
10118 10170 10131 10144 10157
10171 10224 10184 10197 10210
10225 10265 10235 10245 10255
10266 10412 10302 10338 10374
10413 10471 10427 10441 10455
10472 10498 10478 10484 10490
10499 10530 10506 10513 10520
10531 10562 10538 10545 10552
10563 10601 10572 10581 10590
10602 10620 10606 10610 10614
10621 10668 10632 10643 10654
10669 10721 10682 10695 10708
10722 10750 10729 10736 10743
10751 10787 10760 10769 10778
10788 10828 10798 10808 10818
10829 10890 10844 10859 10874
10891 10924 10899 10907 10915
10925 10966 10935 10945 10955
10967 11007 10977 10987 10997
11008 11057 11020 11032 11044
11058 11083 11064 11070 11076
11084 11145 11099 11114 11129
11146 11218 11164 11182 11200
11219 11264 11230 11241 11252
11265 11285 11270 11275 11280
11286 11317 11293 11300 11307
11318 11375 11332 11346 11360
11376 11401 11382 11388 11394
11402 11439 11411 11420 11429
11440 11486 11451 11462 11473
11487 11575 11509 11531 11553
11576 11600 11582 11588 11594
11601 11623 11606 11611 11616
11624 11641 11628 11632 11636
11642 11658 11646 11650 11654
11659 11682 11664 11669 11674
11683 11705 11688 11693 11698
11706 11739 11714 11722 11730
11740 11767 11746 11752 11758
11768 11791 11773 11778 11783
11792 11814 11797 11802 11807
11815 11854 11824 11833 11842
11855 11886 11862 11869 11876
11887 11899 11890 11893 11896
11900 11913 11903 11906 11909
11914 11937 11919 11924 11929
11938 11968 11945 11952 11959
11969 11998 11976 11983 11990
11999 12023 12005 12011 12017
12024 12054 12031 12038 12045
12055 12080 12061 12067 12073
12081 12098 12085 12089 12093
12099 12127 12106 12113 12120
12128 12188 12143 12158 12173
12189 12223 12197 12205 12213
12224 12243 12228 12232 12236
12244 12265 12249 12254 12259
12266 12283 12270 12274 12278
12284 12308 12290 12296 12302
12309 12350 12319 12329 12339
12351 12402 12363 12375 12387
12403 12453 12415 12427 12439
12454 12504 12466 12478 12490
12505 12562 12519 12533 12547
12563 12585 12568 12573 12578
12586 12661 12604 12622 12640
12662 12693 12669 12676 12683
12694 12730 12703 12712 12721
12731 12771 12741 12751 12761
12772 12828 12786 12800 12814
12829 13072 12889 12949 13009
13073 13151 13092 13111 13130
13152 13168 13156 13160 13164
13169 13195 13175 13181 13187
13196 13226 13203 13210 13217
13227 13248 13232 13237 13242
13249 13266 13253 13257 13261
13267 13290 13272 13277 13282
13291 13313 13296 13301 13306
13314 13380 13330 13346 13362
13381 13427 13392 13403 13414
13428 13463 13436 13444 13452
13464 13483 13468 13472 13476
13484 13546 13499 13514 13529
13547 13594 13558 13569 13580
13595 13623 13602 13609 13616
13624 13676 13637 13650 13663
13677 13714 13686 13695 13704
13715 13737 13720 13725 13730
13738 13768 13745 13752 13759
13769 13841 13787 13805 13823
13842 13864 13847 13852 13857
13865 13904 13874 13883 13892
13905 13941 13914 13923 13932
13942 13977 13950 13958 13966
13978 14002 13984 13990 13996
14003 14064 14018 14033 14048
14065 14101 14074 14083 14092
14102 14160 14116 14130 14144
14161 14178 14165 14169 14173
14179 14196 14183 14187 14191
14197 14232 14205 14213 14221
14233 14260 14239 14245 14251
14261 14281 14266 14271 14276
14282 14320 14291 14300 14309
14321 14397 14340 14359 14378
14398 14430 14406 14414 14422
14431 14447 14435 14439 14443
14448 14464 14452 14456 14460
14465 14511 14476 14487 14498
14512 14537 14518 14524 14530
14538 14577 14547 14556 14565
14578 14611 14586 14594 14602
14612 14629 14616 14620 14624
14630 14653 14635 14640 14645
14654 14675 14659 14664 14669
14676 14693 14680 14684 14688
14694 14712 14698 14702 14706
14713 14832 14742 14771 14800
14833 14865 14841 14849 14857
14866 14889 14871 14876 14881
14890 14937 14901 14912 14923
14938 14960 14943 14948 14953
14961 15017 14970 14979 15012
15018 15035 15022 15026 15030
15036 15070 15044 15052 15060
15071 15103 15079 15087 15095
15104 15126 15109 15114 15119
15127 15163 15136 15145 15154
15164 15184 15169 15174 15179
15185 15226 15195 15205 15215
15227 15260 15235 15243 15251
15261 15286 15267 15273 15279
15287 15303 15291 15295 15299
15304 15325 15309 15314 15319
15326 15342 15330 15334 15338
15343 15377 15351 15359 15367
15378 15414 15387 15396 15405
15415 15446 15422 15429 15436
15447 15472 15453 15459 15465
15473 15501 15480 15487 15494
15502 15548 15513 15524 15535
15549 15567 15553 15557 15561
15568 15592 15574 15580 15586
15593 15631 15602 15611 15620
15632 15648 15636 15640 15644
15649 15709 15664 15679 15694
15710 15736 15716 15722 15728
15737 15825 15759 15781 15803
15826 15867 15836 15846 15856
15868 15884 15872 15876 15880
15885 15931 15896 15907 15918
15932 16014 15952 15972 15992
16015 16035 16020 16025 16030
16036 16054 16040 16044 16048
16055 16077 16060 16065 16070
16078 16102 16084 16090 16096
16103 16152 16115 16127 16139
16153 16243 16175 16197 16219
16244 16279 16252 16260 16268
16280 16299 16284 16288 16292
16300 16316 16304 16308 16312
16317 16350 16325 16333 16341
16351 16370 16355 16359 16363
16371 16388 16375 16379 16383
16389 16414 16395 16401 16407
16415 16456 16425 16435 16445
16457 16500 16467 16477 16487
16501 16528 16507 16513 16519
16529 16545 16533 16537 16541
16546 16659 16574 16602 16630
16660 16677 16664 16668 16672
16678 16714 16687 16696 16705
16715 16734 16719 16723 16727
16735 16758 16740 16745 16750
16759 16778 16763 16767 16771
16779 16816 16788 16797 16806
16817 16917 16842 16867 16892
16918 16938 16923 16928 16933
16939 16965 16945 16951 16957
16966 16998 16974 16982 16990
16999 17025 17005 17011 17017
17026 17042 17030 17034 17038
17043 17083 17053 17063 17073
17084 17104 17089 17094 17099
17105 17128 17110 17115 17120
17129 17146 17133 17137 17141
17147 17164 17151 17155 17159
17165 17204 17174 17183 17192
17205 17224 17209 17213 17217
17225 17247 17230 17235 17240
17248 17268 17253 17258 17263
17269 17368 17293 17317 17341
17369 17385 17373 17377 17381
17386 17400 17389 17392 17395
17401 17436 17409 17417 17425
17437 17455 17441 17445 17449
17456 17508 17469 17482 17495
17509 17603 17532 17555 17578
17604 17626 17609 17614 17619
17627 17665 17636 17645 17654
17666 17728 17681 17696 17711
17729 17819 17751 17773 17795
17820 17870 17832 17844 17856
17871 17951 17891 17911 17931
17952 18079 17983 18014 18045
18080 18487 18181 18282 18383
18488 18585 18512 18536 18560
18586 18753 18627 18668 18709
18754 18995 18814 18874 18934
18996 19095 19020 19044 19068
19096 19174 19115 19134 19153
19175 19252 19194 19213 19232
19253 19320 19269 19285 19301
19321 19421 19346 19371 19396
19422 19480 19436 19450 19464
19481 19527 19492 19503 19514
19528 19605 19547 19566 19585
19606 19656 19618 19630 19642
19657 20150 19780 19903 20026
20151 20259 20178 20205 20232
20260 20341 20280 20300 20320
20342 20392 20354 20366 20378
20393 20469 20412 20431 20450
20470 20521 20482 20494 20506
20522 20607 20543 20564 20585
20608 20678 20625 20642 20659
20679 20711 20687 20695 20703
20712 20755 20722 20732 20742
20756 20919 20796 20836 20876
20920 21005 20941 20962 20983
21006 21041 21014 21022 21030
21042 21111 21059 21076 21093
21112 21131 21116 21120 21124
21132 21267 21165 21198 21231
21268 21403 21301 21334 21367
21404 21711 21480 21556 21632
21712 21770 21726 21740 21754
21771 21910 21805 21839 21873
21911 21987 21930 21949 21968
21988 22084 22012 22036 22060
22085 22129 22096 22107 22118
22130 22285 22168 22206 22244
22286 22439 22324 22362 22400
22440 22544 22466 22492 22518
22545 22674 22577 22609 22641
22675 22782 22701 22727 22753
22783 22954 22825 22867 22909
22955 23254 23029 23103 23177
23255 23287 23263 23271 23279
23288 23343 23301 23314 23327
23344 23384 23354 23364 23374
23385 23424 23394 23403 23412
23425 23585 23465 23505 23545
23586 23689 23611 23636 23661
23690 23715 23696 23702 23708
23716 23781 23732 23748 23764
23782 23912 23814 23846 23878
23913 23985 23931 23949 23967
23986 24016 23993 24000 24007
24017 24089 24035 24053 24071
24090 24226 24124 24158 24192
24227 24302 24245 24263 24281
24303 24359 24317 24331 24345
24360 24457 24384 24408 24432
24458 24549 24480 24502 24524
24550 24639 24572 24594 24616
24640 24664 24646 24652 24658
24665 24711 24676 24687 24698
24712 24809 24736 24760 24784
24810 24843 24818 24826 24834
24844 24893 24856 24868 24880
24894 24933 24903 24912 24921
24934 25097 24974 25014 25054
25098 25174 25117 25136 25155
25175 25400 25231 25287 25343
25401 25509 25428 25455 25482
25510 25576 25526 25542 25558
25577 25687 25604 25631 25658
25688 25709 25693 25698 25703
25710 25843 25743 25776 25809
25844 26058 25897 25950 26003
26059 26101 26069 26079 26089
26102 26200 26126 26150 26174
26201 26276 26219 26237 26255
26277 26828 26414 26551 26688
26829 26910 26849 26869 26889
26911 26991 26931 26951 26971
26992 27023 26999 27006 27013
27024 27177 27062 27100 27138
27178 27319 27213 27248 27283
27320 27388 27337 27354 27371
27389 27515 27420 27451 27482
27516 27553 27525 27534 27543
27554 27614 27569 27584 27599
27615 27653 27624 27633 27642
27654 27776 27684 27714 27744
27777 27842 27793 27809 27825
27843 27981 27877 27911 27945
27982 28082 28007 28032 28057
28083 28225 28118 28153 28188
28226 28272 28237 28248 28259
28273 28355 28293 28313 28333
28356 28424 28373 28390 28407
28425 28528 28450 28475 28500
28529 28630 28554 28579 28604
28631 28695 28647 28663 28679
28696 28823 28727 28758 28789
28824 28887 28839 28854 28869
28888 28922 28896 28904 28912
28923 28940 28927 28931 28935
28941 28992 28953 28965 28977
28993 29044 29005 29017 29029
29045 29157 29073 29101 29129
29158 29211 29171 29184 29197
29212 29331 29241 29270 29299
29332 29568 29391 29450 29509
29569 29650 29589 29609 29629
29651 29732 29671 29691 29711
29733 29905 29776 29819 29862
29906 29930 29912 29918 29924
29931 30122 29948 29965 30090
30123 30321 30172 30221 30270
30322 30438 30351 30380 30409
30439 30564 30470 30501 30532
30565 30651 30586 30607 30628
30652 30706 30665 30678 30691
30707 30768 30722 30737 30752
30769 30855 30790 30811 30832
30856 30999 30891 30926 30961
31000 31119 31029 31058 31087
31120 31347 31176 31232 31288
31348 31412 31364 31380 31396
31413 31520 31439 31465 31491
31521 31685 31562 31603 31644
31686 31840 31724 31762 31800
31841 32153 31919 31997 32075
32154 32235 32174 32194 32214
32236 32285 32248 32260 32272
32286 32497 32338 32390 32442
32498 32680 32543 32588 32633
32681 32792 32708 32735 32762
32793 32837 32804 32815 32826
32838 33058 32893 32948 33003
33059 33234 33102 33145 33188
33235 33434 33284 33333 33382
33435 33492 33449 33463 33477
33493 33606 33521 33549 33577
33607 33632 33613 33619 33625
33633 33678 33644 33655 33666
33679 33693 33682 33685 33688
33694 33708 33697 33700 33703
33709 33733 33715 33721 33727
33734 33752 33738 33742 33746
33753 33813 33768 33783 33798
33814 34051 33873 33932 33991
34052 34154 34077 34102 34127
34155 34593 34264 34373 34482
34594 34633 34603 34612 34621
34634 34733 34658 34682 34706
34734 34791 34748 34762 34776
34792 35061 34859 34926 34993
35062 35129 35078 35094 35110
35130 35372 35190 35250 35310
35373 35438 35389 35405 35421
35439 35490 35451 35463 35475
35491 35513 35496 35501 35506
35514 35636 35544 35574 35604
35637 35900 35702 35767 35832
35901 36168 35967 36033 36099
36169 36402 36227 36285 36343
36403 36793 36500 36597 36694
36794 36928 36827 36860 36893
36929 37376 37040 37151 37262
37377 37669 37450 37523 37596
37670 37704 37678 37686 37694
37705 37833 37737 37769 37801
37834 37913 37853 37872 37891
37914 37955 37924 37934 37944
37956 37999 37966 37976 37986
38000 38060 38015 38030 38045
38061 38283 38116 38171 38226
38284 38427 38319 38354 38389
38428 38800 38521 38614 38707
38801 38833 38809 38817 38825
38834 38983 38871 38908 38945
38984 39140 39023 39062 39101
39141 39289 39178 39215 39252
39290 39339 39302 39314 39326
39340 39515 39383 39426 39469
39516 39686 39558 39600 39642
39687 39790 39712 39737 39762
39791 39998 39842 39893 39944
39999 40200 40049 40099 40149
40201 40314 40229 40257 40285
40315 40664 40402 40489 40576
40665 40736 40682 40699 40716
40737 40807 40754 40771 40788
40808 40942 40841 40874 40907
40943 41160 40997 41051 41105
41161 41248 41182 41203 41224
41249 41465 41303 41357 41411
41466 41999 41599 41732 41865
42000 42201 42050 42100 42150
42202 42304 42227 42252 42277
42305 42410 42331 42357 42383
42411 42468 42425 42439 42453
42469 42523 42482 42495 42508
42524 42592 42541 42558 42575
42593 42680 42614 42635 42656
42681 42857 42725 42769 42813
42858 42954 42882 42906 42930
42955 43017 42970 42985 43000
43018 43135 43047 43076 43105
43136 43186 43148 43160 43172
43187 43334 43223 43259 43295
43335 43624 43407 43479 43551
43625 43688 43640 43655 43670
43689 43869 43734 43779 43824
43870 43940 43887 43904 43921
43941 44127 43987 44033 44079
44128 44263 44161 44194 44227
44264 44339 44282 44300 44318
44340 44645 44416 44492 44568
44646 44764 44675 44704 44733
44765 45041 44823 44881 45030
45042 45220 45086 45130 45174
45221 45307 45242 45263 45284
45308 45397 45330 45352 45374
45398 45558 45438 45478 45518
45559 45882 45639 45719 45799
45883 46308 45989 46095 46201
46309 46366 46323 46337 46351
46367 46471 46393 46419 46445
46472 46754 46542 46612 46682
46755 46837 46775 46795 46815
46838 46879 46848 46858 46868
46880 46979 46904 46928 46952
46980 47010 46987 46994 47001
47011 47046 47019 47027 47035
47047 47273 47103 47159 47215
47274 47457 47319 47364 47409
47458 47498 47468 47478 47488
47499 47575 47518 47537 47556
47576 47609 47584 47592 47600
47610 47689 47629 47648 47667
47690 47758 47707 47724 47741
47759 47838 47778 47797 47816
47839 47895 47853 47867 47881
47896 47969 47914 47932 47950
47970 48197 48026 48082 48138
48198 48376 48242 48286 48330
48377 48489 48405 48433 48461
48490 48558 48507 48524 48541
48559 48662 48584 48609 48634
48663 48803 48698 48733 48768
48804 48883 48823 48842 48861
48884 49021 48918 48952 48986
49022 49102 49042 49062 49082
49103 49269 49144 49185 49226
49270 49385 49298 49326 49354
49386 49492 49412 49438 49464
49493 49523 49500 49507 49514
49524 49578 49537 49550 49563
49579 49672 49602 49625 49648
49673 49974 49748 49823 49898
49975 50068 49998 50021 50044
50069 50489 50174 50279 50384
50490 50602 50518 50546 50574
50603 50841 50662 50721 50780
50842 50904 50857 50872 50887
50905 51123 50959 51013 51067
51124 51185 51139 51154 51169
51186 51456 51253 51320 51387
51457 51514 51471 51485 51499
51515 51762 51576 51637 51698
51763 52124 51853 51943 52033
52125 52260 52158 52191 52224
52261 52314 52274 52287 52300
52315 52514 52364 52413 52462
52515 52725 52567 52619 52671
52726 52793 52742 52758 52774
52794 53164 52886 52978 53070
53165 53251 53186 53207 53228
53252 53449 53301 53350 53399
53450 53468 53454 53458 53462
53469 53513 53480 53491 53502
53514 53665 53551 53588 53625
53666 53709 53676 53686 53696
53710 53728 53714 53718 53722
53729 53750 53734 53739 53744
53751 53838 53772 53793 53814
53839 54086 53900 53961 54022
54087 54238 54124 54161 54198
54239 54283 54250 54261 54272
54284 54383 54308 54332 54356
54384 54418 54392 54400 54408
54419 54728 54496 54573 54650
54729 54749 54734 54739 54744
54750 54888 54784 54818 54852
54889 55035 54925 54961 54997
55036 55333 55110 55184 55258
55334 55365 55341 55348 55355
55366 55440 55384 55402 55420
55441 55706 55507 55573 55639
55707 55825 55736 55765 55794
55826 55967 55861 55896 55931
55968 56012 55979 55990 56001
56013 56112 56037 56061 56085
56113 56237 56144 56175 56206
56238 56283 56249 56260 56271
56284 56956 56452 56620 56788
56957 57022 56973 56989 57005
57023 57233 57075 57127 57179
57234 57327 57257 57280 57303
57328 57643 57406 57484 57562
57644 57829 57690 57736 57782
57830 57866 57839 57848 57857
57867 58032 57908 57949 57990
58033 58111 58052 58071 58090
58112 58185 58130 58148 58166
58186 58345 58225 58264 58303
58346 58370 58352 58358 58364
58371 58420 58383 58395 58407
58421 58531 58448 58475 58502
58532 58631 58556 58580 58604
58632 58667 58640 58648 58656
58668 58757 58690 58712 58734
58758 58782 58764 58770 58776
58783 58808 58789 58795 58801
58809 58828 58813 58817 58821
58829 58850 58834 58839 58844
58851 58873 58856 58861 58866
58874 58913 58883 58892 58901
58914 58942 58921 58928 58935
58943 59035 58966 58989 59012
59036 59264 59093 59150 59207
59265 59312 59276 59287 59298
59313 59513 59363 59413 59463
59514 59532 59518 59522 59526
59533 59601 59550 59567 59584
59602 59638 59611 59620 59629
59639 59661 59644 59649 59654
59662 59808 59698 59734 59770
59809 59862 59822 59835 59848
59863 60013 59897 59931 60009
60014 60118 60040 60066 60092
60119 60135 60123 60127 60131
60136 60158 60141 60146 60151
60159 60177 60163 60167 60171
60178 60196 60182 60186 60190
60197 60227 60204 60211 60218
60228 60263 60236 60244 60252
60264 60298 60272 60280 60288
60299 60341 60309 60319 60329
60342 60358 60346 60350 60354
60359 60403 60370 60381 60392
60404 60425 60409 60414 60419
60426 60470 60437 60448 60459
60471 60518 60482 60493 60504
60519 60616 60543 60567 60591
60617 60647 60624 60631 60638
60648 60700 60661 60674 60687
60701 60718 60705 60709 60713
60719 60736 60723 60727 60731
60737 60778 60747 60757 60767
60779 60918 60813 60847 60881
60919 60971 60932 60945 60958
60972 61034 60987 61002 61017
61035 61074 61044 61053 61062
61075 61111 61084 61093 61102
61112 61137 61118 61124 61130
61138 61168 61145 61152 61159
61169 61196 61175 61181 61187
61197 61230 61205 61213 61221
61231 61293 61246 61261 61276
61294 61334 61304 61314 61324
61335 61424 61357 61379 61401
61425 61552 61456 61487 61518
61553 61636 61573 61593 61613
61637 61724 61658 61679 61700
61725 61813 61747 61769 61791
61814 61831 61818 61822 61826
61832 61896 61848 61864 61880
61897 62094 61946 61995 62044
62095 62123 62102 62109 62116
62124 62165 62134 62144 62154
62166 62202 62175 62184 62193
62203 62224 62208 62213 62218
62225 62327 62250 62275 62300
62328 62426 62352 62376 62400
62427 62468 62437 62447 62457
62469 62504 62477 62485 62493
62505 62661 62544 62583 62622
62662 62709 62673 62684 62695
62710 62755 62721 62732 62743
62756 62830 62774 62792 62810
62831 63216 62927 63023 63119
63217 63378 63257 63297 63337
63379 63467 63401 63423 63445
63468 63679 63520 63572 63624
63680 63994 63758 63836 63914
63995 64032 64004 64013 64022
64033 64093 64048 64063 64078
64094 64231 64128 64162 64196
64232 64264 64240 64248 64256
64265 64304 64274 64283 64292
64305 64346 64315 64325 64335
64347 64466 64376 64405 64434
64467 64524 64481 64495 64509
64525 64607 64545 64565 64585
64608 64682 64626 64644 64662
64683 64792 64710 64737 64764
64793 64846 64806 64819 64832
64847 64900 64860 64873 64886
64901 64943 64911 64921 64931
64944 65010 64960 64976 64992
65011 65028 65015 65019 65023
65029 65058 65036 65043 65050
65059 65121 65074 65089 65104
65122 65186 65138 65154 65170
65187 65267 65207 65227 65247
65268 65326 65282 65296 65310
65327 65461 65360 65393 65426
65462 65484 65467 65472 65477
65485 65521 65494 65503 65512
65522 65560 65531 65540 65549
65561 65657 65585 65609 65633
65658 65733 65676 65694 65712
65734 65760 65740 65746 65752
65761 65814 65774 65787 65800
65815 66847 66073 66331 66589
66848 66866 66852 66856 66860
66867 67107 66927 66987 67047
67108 67378 67175 67242 67309
67379 68284 67605 67831 68057
68285 68583 68359 68433 68507
68584 68637 68597 68610 68623
68638 68709 68655 68672 68689
68710 68758 68722 68734 68746
68759 68862 68784 68809 68834
68863 68884 68868 68873 68878
68885 68923 68894 68903 68912
68924 68947 68929 68934 68939
68948 68976 68955 68962 68969
68977 69002 68983 68989 68995
69003 69032 69010 69017 69024
69033 69059 69039 69045 69051
69060 69089 69067 69074 69081
69090 69111 69095 69100 69105
69112 69136 69118 69124 69130
69137 69178 69147 69157 69167
69179 69224 69190 69201 69212
69225 69269 69236 69247 69258
69270 69311 69280 69290 69300
69312 69402 69334 69356 69378
69403 69462 69417 69431 69445
69463 69555 69486 69509 69532
69556 69638 69576 69596 69616
69639 70060 69744 69849 69954
70061 70114 70074 70087 70100
70115 70151 70124 70133 70142
70152 70177 70158 70164 70170
70178 70211 70186 70194 70202
70212 70369 70251 70290 70329
70370 70399 70377 70384 70391
70400 70515 70428 70456 70484
70516 70595 70535 70554 70573
70596 70724 70628 70660 70692
70725 70850 70756 70787 70818
70851 71275 70957 71063 71169
71276 71676 71376 71476 71576
71677 71760 71697 71717 71737
71761 71785 71767 71773 71779
71786 72120 71869 71952 72035
72121 72167 72132 72143 72154
72168 72272 72194 72220 72246
72273 72320 72284 72295 72306
72321 72432 72348 72375 72402
72433 72575 72468 72503 72538
72576 72766 72623 72670 72717
72767 72912 72803 72839 72875
72913 72992 72932 72951 72970
72993 73015 72998 73003 73008
73016 73075 73030 73044 73058
73076 73214 73110 73144 73178
73215 73242 73221 73227 73233
73243 73311 73260 73277 73294
73312 73330 73316 73320 73324
73331 73406 73349 73367 73385
73407 73439 73415 73423 73431
73440 73550 73467 73494 73521
73551 73606 73564 73577 73590
73607 73682 73625 73643 73661
73683 73735 73696 73709 73722
73736 73783 73747 73758 73769
73784 73837 73797 73810 73823
73838 73904 73854 73870 73886
73905 73958 73918 73931 73944
73959 74136 74003 74047 74091
74137 74249 74165 74193 74221
74250 74549 74324 74398 74472
74550 74696 74586 74622 74658
74697 74765 74714 74731 74748
74766 75093 74824 74882 75069
75094 75186 75117 75140 75163
75187 75223 75196 75205 75214
75224 75265 75234 75244 75254
75266 75315 75278 75290 75302
75316 75396 75336 75356 75376
75397 75422 75403 75409 75415
75423 75473 75435 75447 75459
75474 75663 75521 75568 75615
75664 75794 75696 75728 75760
75795 75841 75806 75817 75828
75842 75963 75872 75902 75932
75964 76067 75989 76014 76039
76068 76127 76082 76096 76110
76128 76193 76144 76160 76176
76194 76231 76203 76212 76221
76232 76281 76244 76256 76268
76282 76303 76287 76292 76297
76304 76328 76310 76316 76322
76329 76357 76336 76343 76350
76358 76393 76366 76374 76382
76394 76415 76399 76404 76409
76416 76452 76425 76434 76443
76453 76483 76460 76467 76474
76484 76552 76501 76518 76535
76553 76611 76567 76581 76595
76612 76769 76651 76690 76729
76770 76837 76786 76802 76818
76838 76898 76853 76868 76883
76899 76936 76908 76917 76926
76937 76960 76942 76947 76952
76961 77014 76974 76987 77000
77015 77045 77022 77029 77036
77046 77081 77054 77062 77070
77082 77150 77099 77116 77133
77151 77185 77159 77167 77175
77186 77243 77200 77214 77228
77244 77334 77266 77288 77310
77335 77381 77346 77357 77368
77382 77426 77393 77404 77415
77427 77465 77436 77445 77454
77466 77504 77475 77484 77493
77505 77552 77516 77527 77538
77553 77607 77566 77579 77592
77608 77723 77636 77664 77692
77724 77783 77738 77752 77766
77784 77844 77799 77814 77829
77845 77921 77864 77883 77902
77922 77954 77930 77938 77946
77955 78027 77973 77991 78009
78028 78107 78047 78066 78085
78108 78286 78152 78196 78240
78287 78347 78302 78317 78332
78348 78406 78362 78376 78390
78407 78453 78418 78429 78440
78454 78541 78475 78496 78517
78542 78685 78577 78612 78647
78686 78783 78710 78734 78758
78784 78896 78812 78840 78868
78897 79000 78922 78947 78972
79001 79114 79029 79057 79085
79115 79215 79140 79165 79190
79216 79300 79237 79258 79279
79301 79333 79309 79317 79325
79334 79422 79356 79378 79400
79423 79488 79439 79455 79471
79489 79564 79507 79525 79543
79565 79727 79605 79645 79685
79728 79803 79746 79764 79782
79804 79853 79816 79828 79840
79854 79976 79884 79914 79944
79977 80021 79988 79999 80010
80022 80159 80056 80090 80124
80160 80211 80172 80184 80196
80212 80237 80218 80224 80230
80238 80334 80262 80286 80310
80335 80422 80356 80377 80398
80423 80455 80431 80439 80447
80456 80488 80464 80472 80480
80489 80510 80494 80499 80504
80511 80775 80577 80643 80709
80776 80829 80789 80802 80815
80830 80907 80849 80868 80887
80908 81091 80953 80998 81043
81092 81154 81107 81122 81137
81155 81208 81168 81181 81194
81209 81260 81221 81233 81245
81261 81316 81274 81287 81300
81317 81398 81337 81357 81377
81399 81479 81419 81439 81459
81480 81529 81492 81504 81516
81530 81588 81544 81558 81572
81589 81619 81596 81603 81610
81620 81666 81631 81642 81653
81667 81703 81676 81685 81694
81704 81793 81726 81748 81770
81794 81850 81808 81822 81836
81851 81883 81859 81867 81875
81884 81928 81895 81906 81917
81929 82110 81974 82019 82064
82111 82149 82120 82129 82138
82150 82198 82162 82174 82186
82199 82305 82225 82251 82277
82306 82433 82337 82368 82399
82434 82550 82463 82492 82521
82551 82606 82564 82577 82590
82607 82715 82634 82661 82688
82716 82760 82727 82738 82749
82761 82861 82786 82811 82836
82862 83098 82921 82980 83039
83099 83249 83136 83173 83210
83250 83330 83270 83290 83310
83331 83380 83343 83355 83367
83381 83461 83401 83421 83441
83462 83536 83480 83498 83516
83537 83826 83609 83681 83753
83827 83963 83861 83895 83929
83964 84578 84117 84270 84423
84579 84705 84610 84641 84672
84706 84871 84747 84788 84829
84872 84937 84888 84904 84920
84938 84997 84952 84966 84980
84998 85070 85016 85034 85052
85071 85146 85089 85107 85125
85147 85303 85186 85225 85264
85304 85337 85312 85320 85328
85338 85408 85355 85372 85389
85409 85484 85427 85445 85463
85485 85536 85497 85509 85521
85537 85590 85550 85563 85576
85591 85624 85599 85607 85615
85625 85694 85642 85659 85676
85695 85793 85719 85743 85767
85794 85917 85824 85854 85884
85918 85958 85928 85938 85948
85959 86146 86005 86051 86097
86147 86188 86157 86167 86177
86189 86255 86205 86221 86237
86256 86284 86263 86270 86277
86285 86366 86305 86325 86345
86367 86396 86374 86381 86388
86397 86419 86402 86407 86412
86420 86452 86428 86436 86444
86453 86513 86468 86483 86498
86514 86575 86529 86544 86559
86576 86623 86587 86598 86609
86624 86656 86632 86640 86648
86657 86762 86683 86709 86735
86763 86861 86787 86811 86835
86862 86960 86886 86910 86934
86961 86982 86966 86971 86976
86983 87002 86987 86991 86995
87003 87019 87007 87011 87015
87020 87061 87030 87040 87050
87062 87083 87067 87072 87077
87084 87106 87089 87094 87099
87107 87128 87112 87117 87122
87129 87184 87142 87155 87168
87185 87201 87189 87193 87197
87202 87219 87206 87210 87214
87220 87241 87225 87230 87235
87242 87264 87247 87252 87257
87265 87282 87269 87273 87277
87283 87308 87289 87295 87301
87309 87345 87318 87327 87336
87346 87363 87350 87354 87358
87364 87381 87368 87372 87376
87382 87415 87390 87398 87406
87416 87444 87423 87430 87437
87445 87461 87449 87453 87457
87462 87481 87466 87470 87474
87482 87501 87486 87490 87494
87502 87571 87519 87536 87553
87572 87612 87582 87592 87602
87613 87651 87622 87631 87640
87652 87678 87658 87664 87670
87679 87706 87685 87691 87697
87707 87761 87720 87733 87746
87762 87851 87784 87806 87828
87852 87894 87862 87872 87882
87895 87940 87906 87917 87928
87941 87972 87948 87955 87962
87973 88009 87982 87991 88000
88010 88061 88022 88034 88046
88062 88090 88069 88076 88083
88091 88120 88098 88105 88112
88121 88158 88130 88139 88148
88159 88176 88163 88167 88171
88177 88205 88184 88191 88198
88206 88232 88212 88218 88224
88233 88257 88239 88245 88251
88258 88286 88265 88272 88279
88287 88304 88291 88295 88299
88305 88321 88309 88313 88317
88322 88381 88336 88350 88364
88382 88407 88388 88394 88400
88408 88435 88414 88420 88426
88436 88463 88442 88448 88454
88464 88500 88473 88482 88491
88501 88521 88506 88511 88516
88522 88576 88535 88548 88561
88577 88610 88585 88593 88601
88611 88657 88622 88633 88644
88658 88682 88664 88670 88676
88683 88733 88695 88707 88719
88734 88758 88740 88746 88752
88759 88788 88766 88773 88780
88789 88812 88794 88799 88804
88813 88839 88819 88825 88831
88840 88872 88848 88856 88864
88873 88925 88886 88899 88912
88926 88956 88933 88940 88947
88957 88990 88965 88973 88981
88991 89022 88998 89005 89012
89023 89041 89027 89031 89035
89042 89082 89052 89062 89072
89083 89131 89095 89107 89119
89132 89253 89162 89192 89222
89254 89562 89331 89408 89485
89563 90061 89672 89781 90045
90062 90229 90103 90144 90185
90230 90340 90257 90284 90311
90341 90538 90390 90439 90488
90539 90642 90564 90589 90614
90643 90735 90666 90689 90712
90736 90785 90748 90760 90772
90786 90984 90835 90884 90933
90985 91078 91008 91031 91054
91079 91163 91100 91121 91142
91164 91222 91178 91192 91206
91223 91363 91258 91293 91328
91364 91563 91413 91462 91511
91564 91611 91575 91586 91597
91612 91659 91623 91634 91645
91660 91828 91702 91744 91786
91829 91872 91839 91849 91859
91873 91910 91882 91891 91900
91911 91951 91921 91931 91941
91952 91990 91961 91970 91979
91991 92029 92000 92009 92018
92030 92067 92039 92048 92057
92068 92143 92086 92104 92122
92144 92243 92168 92192 92216
92244 92418 92287 92330 92373
92419 92634 92472 92525 92578
92635 92788 92673 92711 92749
92789 92870 92809 92829 92849
92871 93001 92903 92935 92967
93002 93115 93030 93058 93086
93116 93322 93167 93218 93269
93323 93562 93382 93441 93500
93563 93638 93581 93599 93617
93639 93714 93657 93675 93693
93715 93772 93729 93743 93757
93773 93826 93786 93799 93812
93827 93922 93850 93873 93896
93923 94002 93942 93961 93980
94003 94093 94025 94047 94069
94094 94128 94102 94110 94118
94129 94289 94169 94209 94249
94290 94333 94300 94310 94320
94334 94400 94350 94366 94382
94401 94513 94429 94457 94485
94514 94654 94549 94584 94619
94655 94749 94678 94701 94724
94750 94865 94778 94806 94834
94866 95054 94913 94960 95007
95055 95103 95067 95079 95091
95104 95165 95119 95134 95149
95166 95213 95177 95188 95199
95214 95238 95220 95226 95232
95239 95276 95248 95257 95266
95277 95486 95329 95381 95433
95487 95560 95505 95523 95541
95561 95880 95640 95719 95798
95881 95954 95899 95917 95935
95955 96017 95970 95985 96000
96018 96121 96043 96068 96093
96122 96182 96137 96152 96167
96183 96215 96191 96199 96207
96216 96340 96247 96278 96309
96341 96543 96391 96441 96491
96544 96642 96568 96592 96616
96643 96749 96669 96695 96721
96750 96811 96765 96780 96795
96812 96950 96846 96880 96914
96951 97064 96979 97007 97035
97065 97186 97095 97125 97155
97187 97289 97212 97237 97262
97290 97735 97401 97512 97623
97736 97902 97777 97818 97859
97903 98036 97936 97969 98002
98037 98119 98057 98077 98097
98120 98475 98208 98296 98384
98476 98935 98590 98704 98818
98936 99031 98959 98982 99005
99032 99099 99048 99064 99080
99100 99174 99118 99136 99154
99175 99231 99189 99203 99217
99232 99272 99242 99252 99262
99273 99326 99286 99299 99312
99327 99628 99402 99477 99552
99629 99678 99641 99653 99665
99679 99823 99715 99751 99787
99824 99898 99842 99860 99878
99899 100002 99924 99949 99974
100003 100650 100164 100325 100486
100651 100748 100675 100699 100723
100749 100859 100776 100803 100830
100860 101135 100928 100996 101064
101136 101187 101148 101160 101172
101188 101239 101200 101212 101224
101240 101306 101256 101272 101288
101307 101393 101328 101349 101370
101394 101455 101409 101424 101439
101456 101505 101468 101480 101492
101506 101571 101522 101538 101554
101572 101649 101591 101610 101629
101650 101712 101665 101680 101695
101713 101756 101723 101733 101743
101757 101809 101770 101783 101796
101810 101854 101821 101832 101843
101855 101888 101863 101871 101879
101889 101926 101898 101907 101916
101927 102000 101945 101963 101981
102001 102050 102013 102025 102037
102051 102077 102057 102063 102069
102078 102094 102082 102086 102090
102095 102121 102101 102107 102113
102122 102159 102131 102140 102149
102160 102177 102164 102168 102172
102178 102194 102182 102186 102190
102195 102223 102202 102209 102216
102224 102242 102228 102232 102236
102243 102265 102248 102253 102258
102266 102287 102271 102276 102281
102288 102320 102296 102304 102312
102321 102348 102327 102333 102339
102349 102370 102354 102359 102364
102371 102403 102379 102387 102395
102404 102425 102409 102414 102419
102426 102443 102430 102434 102438
102444 102463 102448 102452 102456
102464 102483 102468 102472 102476
102484 102522 102493 102502 102511
102523 102561 102532 102541 102550
102562 102590 102569 102576 102583
102591 102646 102604 102617 102630
102647 102676 102654 102661 102668
102677 102709 102685 102693 102701
102710 102769 102724 102738 102752
102770 102794 102776 102782 102788
102795 102824 102802 102809 102816
102825 102871 102836 102847 102858
102872 102929 102886 102900 102914
102930 102972 102940 102950 102960
102973 103021 102985 102997 103009
103022 103040 103026 103030 103034
103041 103059 103045 103049 103053
103060 103115 103073 103086 103099
103116 103159 103126 103136 103146
103160 103242 103180 103200 103220
103243 103292 103255 103267 103279
103293 103360 103309 103325 103341
103361 103416 103374 103387 103400
103417 103475 103431 103445 103459
103476 103681 103527 103578 103629
103682 103734 103695 103708 103721
103735 103789 103748 103761 103774
103790 103839 103802 103814 103826
103840 103901 103855 103870 103885
103902 103959 103916 103930 103944
103960 104013 103973 103986 103999
104014 104057 104024 104034 104044
104058 104111 104071 104084 104097
104112 104208 104136 104160 104184
104209 104367 104248 104287 104326
104368 104483 104396 104424 104452
104484 104645 104524 104564 104604
104646 104760 104674 104702 104730
104761 104817 104775 104789 104803
104818 104931 104846 104874 104902
104932 105094 104948 104964 105069
105095 105346 105157 105219 105281
105347 105438 105369 105391 105413
105439 105709 105506 105573 105640
105710 106037 105791 105872 105953
106038 106336 106112 106186 106260
106337 106384 106348 106359 106370
106385 106545 106425 106465 106505
106546 106652 106572 106598 106624
106653 106848 106701 106749 106797
106849 106985 106883 106917 106951
106986 107096 107013 107040 107067
107097 107148 107109 107121 107133
107149 107308 107188 107227 107266
107309 107591 107379 107449 107519
107592 107905 107670 107748 107826
107906 108177 107973 108040 108107
108178 108422 108239 108300 108361
108423 108625 108473 108523 108573
108626 108730 108652 108678 108704
108731 108824 108754 108777 108800
108825 108994 108867 108909 108951
108995 109113 109024 109053 109082
109114 109405 109186 109258 109330
109406 109522 109435 109464 109493
109523 109698 109566 109609 109652
109699 109807 109726 109753 109780
109808 109880 109826 109844 109862
109881 110097 109935 109989 110043
110098 110234 110132 110166 110200
110235 110278 110245 110255 110265
110279 110549 110346 110413 110480
110550 110610 110565 110580 110595
110611 110756 110647 110683 110719
110757 110834 110776 110795 110814
110835 111014 110879 110923 110967
111015 111083 111032 111049 111066
111084 111152 111101 111118 111135
111153 111221 111170 111187 111204
111222 111676 111335 111448 111561
111677 111862 111723 111769 111815
111863 111987 111894 111925 111956
111988 112047 112002 112016 112030
112048 112341 112121 112194 112267
112342 112394 112355 112368 112381
112395 112448 112408 112421 112434
112449 112662 112502 112555 112608
112663 112747 112684 112705 112726
112748 112876 112780 112812 112844
112877 112966 112899 112921 112943
112967 113140 113010 113053 113096
113141 113330 113188 113235 113282
113331 113556 113387 113443 113499
113557 113619 113572 113587 113602
113620 113697 113639 113658 113677
113698 114191 113821 113944 114067
114192 114341 114229 114266 114303
114342 114587 114403 114464 114525
114588 114602 114591 114594 114597
114603 114679 114622 114641 114660
114680 114770 114702 114724 114746
114771 114882 114798 114825 114852
114883 114941 114897 114911 114925
114942 115200 115006 115070 115134
115201 115310 115228 115255 115282
115311 115365 115324 115337 115350
115366 115441 115384 115402 115420
115442 115513 115459 115476 115493
115514 115737 115569 115624 115679
115738 115775 115747 115756 115765
115776 115990 115829 115882 115935
115991 116083 116014 116037 116060
116084 116184 116109 116134 116159
116185 116395 116237 116289 116341
116396 116595 116445 116494 116543
116596 116643 116607 116618 116629
116644 116744 116669 116694 116719
116745 116963 116799 116853 116907
116964 116998 116972 116980 116988
116999 117035 117008 117017 117026
117036 117177 117071 117106 117141
117178 117267 117200 117222 117244
117268 117325 117282 117296 117310
117326 117357 117333 117340 117347
117358 117460 117383 117408 117433
117461 117590 117493 117525 117557
117591 117682 117613 117635 117657
117683 117901 117737 117791 117845
117902 118023 117932 117962 117992
118024 118109 118045 118066 118087
118110 118332 118165 118220 118275
118333 118503 118375 118417 118459
118504 118528 118510 118516 118522
118529 118559 118536 118543 118550
118560 118630 118577 118594 118611
118631 118683 118644 118657 118670
118684 118839 118722 118760 118798
118840 118977 118874 118908 118942
118978 119059 118998 119018 119038
119060 119240 119105 119150 119195
119241 119313 119259 119277 119295
119314 119528 119367 119420 119473
119529 119703 119572 119615 119658
119704 120048 119777 119850 120036
120049 120141 120072 120095 120118
120142 120208 120158 120174 120190
120209 120419 120261 120313 120365
120420 120504 120441 120462 120483
120505 120562 120519 120533 120547
120563 120742 120607 120651 120695
120743 120828 120764 120785 120806
120829 120942 120857 120885 120913
120943 121093 120980 121017 121054
121094 121222 121126 121158 121190
121223 121508 121294 121365 121436
121509 121644 121542 121575 121608
121645 121818 121688 121731 121774
121819 121897 121838 121857 121876
121898 122012 121926 121954 121982
122013 122168 122051 122089 122127
122169 122268 122193 122217 122241
122269 122409 122304 122339 122374
122410 122656 122471 122532 122593
122657 122948 122729 122801 122873
122949 123015 122965 122981 122997
123016 123291 123084 123152 123220
123292 123319 123298 123304 123310
123320 123487 123361 123402 123443
123488 123546 123502 123516 123530
123547 123611 123563 123579 123595
123612 123659 123623 123634 123645
123660 123705 123671 123682 123693
123706 123785 123725 123744 123763
123786 123841 123799 123812 123825
123842 123882 123852 123862 123872
123883 124171 123955 124027 124099
124172 124230 124186 124200 124214
124231 124316 124252 124273 124294
124317 124915 124466 124615 124764
124916 125149 124974 125032 125090
125150 125220 125167 125184 125201
125221 125367 125257 125293 125329
125368 125569 125418 125468 125518
125570 125667 125594 125618 125642
125668 125707 125677 125686 125695
125708 125768 125723 125738 125753
125769 126009 125829 125889 125949
126010 126131 126040 126070 126100
126132 126185 126145 126158 126171
126186 126289 126211 126236 126261
126290 126334 126301 126312 126323
126335 126367 126343 126351 126359
126368 126399 126375 126382 126389
126400 126513 126428 126456 126484
126514 126561 126525 126536 126547
126562 126686 126593 126624 126655
126687 126777 126709 126731 126753
126778 126810 126786 126794 126802
126811 126867 126825 126839 126853
126868 126900 126876 126884 126892
126901 126947 126912 126923 126934
126948 126985 126957 126966 126975
126986 127097 127013 127040 127067
127098 127160 127113 127128 127143
127161 127258 127185 127209 127233
127259 127537 127328 127397 127466
127538 127822 127609 127680 127751
127823 127861 127832 127841 127850
127862 128031 127904 127946 127988
128032 128080 128044 128056 128068
128081 128243 128121 128161 128201
128244 128574 128326 128408 128490
128575 128929 128663 128751 128839
128930 129063 128963 128996 129029
129064 129119 129077 129090 129103
129120 129181 129135 129150 129165
129182 129483 129257 129332 129407
129484 129591 129510 129536 129562
129592 130191 129741 129890 130039
130192 130262 130209 130226 130243
130263 130327 130279 130295 130311
130328 130364 130337 130346 130355
130365 130426 130380 130395 130410
130427 130586 130466 130505 130544
130587 130648 130602 130617 130632
130649 130728 130668 130687 130706
130729 130766 130738 130747 130756
130767 130794 130773 130779 130785
130795 130821 130801 130807 130813
130822 130855 130830 130838 130846
130856 130930 130874 130892 130910
130931 131031 130956 130981 131006
131032 131125 131055 131078 131101
131126 131174 131138 131150 131162
131175 131475 131250 131325 131400
131476 131617 131511 131546 131581
131618 131767 131655 131692 131729
131768 131834 131784 131800 131816
131835 131909 131853 131871 131889
131910 131977 131926 131942 131958
131978 132027 131990 132002 132014
132028 132075 132039 132050 132061
132076 132155 132095 132114 132133
132156 132548 132254 132352 132450
132549 132602 132562 132575 132588
132603 132656 132616 132629 132642
132657 132724 132673 132689 132705
132725 132857 132758 132791 132824
132858 132902 132869 132880 132891
132903 132939 132912 132921 132930
132940 132986 132951 132962 132973
132987 133034 132998 133009 133020
133035 133056 133040 133045 133050
133057 133093 133066 133075 133084
133094 133121 133100 133106 133112
133122 133152 133129 133136 133143
133153 133176 133158 133163 133168
133177 133214 133186 133195 133204
133215 133243 133222 133229 133236
133244 133260 133248 133252 133256
133261 133345 133282 133303 133324
133346 133385 133355 133364 133373
133386 133429 133396 133406 133416
133430 133468 133439 133448 133457
133469 133491 133474 133479 133484
133492 133513 133497 133502 133507
133514 133530 133518 133522 133526
133531 133575 133542 133553 133564
133576 133606 133583 133590 133597
133607 133625 133611 133615 133619
133626 133652 133632 133638 133644
133653 133674 133658 133663 133668
133675 133694 133679 133683 133687
133695 133724 133702 133709 133716
133725 133779 133738 133751 133764
133780 133797 133784 133788 133792
133798 133829 133805 133812 133819
133830 133850 133835 133840 133845
133851 133879 133858 133865 133872
133880 133951 133897 133914 133931
133952 133971 133956 133960 133964
133972 133988 133976 133980 133984
133989 134015 133995 134001 134007
134016 134033 134020 134024 134028
134034 134064 134041 134048 134055
134065 134232 134106 134147 134188
134233 134252 134237 134241 134245
134253 134271 134257 134261 134265
134272 134292 134277 134282 134287
134293 134325 134301 134309 134317
134326 134424 134350 134374 134398
134425 134461 134434 134443 134452
134462 134494 134470 134478 134486
134495 134535 134505 134515 134525
134536 134554 134540 134544 134548
134555 134574 134559 134563 134567
134575 134600 134581 134587 134593
134601 134619 134605 134609 134613
134620 134640 134625 134630 134635
134641 134662 134646 134651 134656
134663 134681 134667 134671 134675
134682 134715 134690 134698 134706
134716 134746 134723 134730 134737
134747 134767 134752 134757 134762
134768 134789 134773 134778 134783
134790 134807 134794 134798 134802
134808 134827 134812 134816 134820
134828 134860 134836 134844 134852
134861 134884 134866 134871 134876
134885 134918 134893 134901 134909
134919 134962 134929 134939 134949
134963 134980 134967 134971 134975
134981 135021 134985 134989 135015
135022 135041 135026 135030 135034
135042 135063 135047 135052 135057
135064 135086 135069 135074 135079
135087 135103 135091 135095 135099
135104 135123 135108 135112 135116
135124 135143 135128 135132 135136
135144 135163 135148 135152 135156
135164 135185 135169 135174 135179
135186 135215 135193 135200 135207
135216 135232 135220 135224 135228
135233 135249 135237 135241 135245
135250 135286 135259 135268 135277
135287 135317 135294 135301 135308
135318 135374 135332 135346 135360
135375 135398 135380 135385 135390
135399 135415 135403 135407 135411
135416 135471 135429 135442 135455
135472 135488 135476 135480 135484
135489 135518 135496 135503 135510
135519 135552 135527 135535 135543
135553 135571 135557 135561 135565
135572 135593 135577 135582 135587
135594 135613 135598 135602 135606
135614 135644 135621 135628 135635
135645 135681 135654 135663 135672
135682 135700 135686 135690 135694
135701 135719 135705 135709 135713
135720 135765 135731 135742 135753
135766 135794 135773 135780 135787
135795 135821 135801 135807 135813
135822 135839 135826 135830 135834
135840 135860 135845 135850 135855
135861 135878 135865 135869 135873
135879 135908 135886 135893 135900
135909 135932 135914 135919 135924
135933 135968 135941 135949 135957
135969 135985 135973 135977 135981
135986 136015 135993 136000 136007
136016 136040 136022 136028 136034
136041 136093 136054 136067 136080
136094 136110 136098 136102 136106
136111 136136 136117 136123 136129
136137 136181 136148 136159 136170
136182 136221 136191 136200 136209
136222 136279 136236 136250 136264
136280 136307 136286 136292 136298
136308 136325 136312 136316 136320
136326 136393 136342 136358 136374
136394 136437 136404 136414 136424
136438 136468 136445 136452 136459
136469 136504 136477 136485 136493
136505 136528 136510 136515 136520
136529 136582 136542 136555 136568
136583 136606 136588 136593 136598
136607 136643 136616 136625 136634
136644 136671 136650 136656 136662
136672 136691 136676 136680 136684
136692 136737 136703 136714 136725
136738 136767 136745 136752 136759
136768 136801 136776 136784 136792
136802 136824 136807 136812 136817
136825 136852 136831 136837 136843
136853 136891 136862 136871 136880
136892 136910 136896 136900 136904
136911 136967 136925 136939 136953
136968 137007 136977 136986 136995
137008 137032 137014 137020 137026
137033 137062 137040 137047 137054
137063 137118 137076 137089 137102
137119 137158 137128 137137 137146
137159 137195 137168 137177 137186
137196 137259 137211 137226 137241
137260 137295 137268 137276 137284
137296 137326 137303 137310 137317
137327 137358 137334 137341 137348
137359 137388 137366 137373 137380
137389 137414 137395 137401 137407
137415 137437 137420 137425 137430
137438 137469 137445 137452 137459
137470 137496 137476 137482 137488
137497 137520 137502 137507 137512
137521 137547 137527 137533 137539
137548 137567 137552 137556 137560
137568 137587 137572 137576 137580
137588 137621 137596 137604 137612
137622 137652 137629 137636 137643
137653 137687 137661 137669 137677
137688 137722 137696 137704 137712
137723 137765 137733 137743 137753
137766 137797 137773 137780 137787
137798 137868 137815 137832 137849
137869 137910 137879 137889 137899
137911 137931 137916 137921 137926
137932 137955 137937 137942 137947
137956 137981 137962 137968 137974
137982 138013 137989 137996 138003
138014 138094 138034 138054 138074
138095 138118 138100 138105 138110
138119 138148 138126 138133 138140
138149 138275 138180 138211 138242
138276 138334 138290 138304 138318
138335 138420 138356 138377 138398
138421 138484 138436 138451 138466
138485 138529 138496 138507 138518
138530 138622 138553 138576 138599
138623 138727 138649 138675 138701
138728 138770 138738 138748 138758
138771 138853 138791 138811 138831
138854 138901 138865 138876 138887
138902 138961 138916 138930 138944
138962 139027 138978 138994 139010
139028 139119 139050 139072 139094
139120 139274 139158 139196 139234
139275 139387 139303 139331 139359
139388 139478 139410 139432 139454
139479 139514 139487 139495 139503
139515 139538 139520 139525 139530
139539 139605 139555 139571 139587
139606 139671 139622 139638 139654
139672 139741 139689 139706 139723
139742 139846 139768 139794 139820
139847 139921 139865 139883 139901
139922 139945 139927 139932 139937
139946 139985 139955 139964 139973
139986 140035 139998 140010 140022
140036 140102 140052 140068 140084
140103 140141 140112 140121 140130
140142 140182 140152 140162 140172
140183 140319 140217 140251 140285
140320 140377 140334 140348 140362
140378 140430 140391 140404 140417
140431 140475 140442 140453 140464
140476 140515 140485 140494 140503
140516 140611 140539 140562 140585
140612 140688 140631 140650 140669
140689 140745 140703 140717 140731
140746 140800 140759 140772 140785
140801 140849 140813 140825 140837
140850 141008 140889 140928 140967
141009 141052 141019 141029 141039
141053 141112 141067 141081 141095
141113 141182 141130 141147 141164
141183 141223 141193 141203 141213
141224 141251 141230 141236 141242
141252 141324 141270 141288 141306
141325 141377 141338 141351 141364
141378 141411 141386 141394 141402
141412 141440 141419 141426 141433
141441 141472 141448 141455 141462
141473 141550 141492 141511 141530
141551 141595 141562 141573 141584
141596 141643 141607 141618 141629
141644 141695 141656 141668 141680
141696 141737 141706 141716 141726
141738 141831 141761 141784 141807
141832 141905 141850 141868 141886
141906 142031 141937 141968 141999
142032 142125 142055 142078 142101
142126 142171 142137 142148 142159
142172 142211 142181 142190 142199
142212 142289 142231 142250 142269
142290 142395 142316 142342 142368
142396 142479 142416 142436 142456
142480 142530 142492 142504 142516
142531 142700 142573 142615 142657
142701 142886 142747 142793 142839
142887 142944 142901 142915 142929
142945 143012 142961 142977 142993
143013 143338 143094 143175 143256
143339 143518 143383 143427 143471
143519 143571 143532 143545 143558
143572 143594 143577 143582 143587
143595 143641 143606 143617 143628
143642 143691 143654 143666 143678
143692 143738 143703 143714 143725
143739 143773 143747 143755 143763
143774 143810 143783 143792 143801
143811 143878 143827 143843 143859
143879 143946 143895 143911 143927
143947 144022 143965 143983 144001
144023 144132 144050 144077 144104
144133 144198 144149 144165 144181
144199 144240 144209 144219 144229
144241 144283 144251 144261 144271
144284 144333 144296 144308 144320
144334 144588 144397 144460 144523
144589 144640 144601 144613 144625
144641 144716 144659 144677 144695
144717 144772 144730 144743 144756
144773 144811 144782 144791 144800
144812 144879 144828 144844 144860
144880 145153 144948 145016 145084
145154 145203 145166 145178 145190
145204 145239 145212 145220 145228
145240 145281 145250 145260 145270
145282 145315 145290 145298 145306
145316 145379 145331 145346 145361
145380 145450 145397 145414 145431
145451 145615 145492 145533 145574
145616 145746 145648 145680 145712
145747 145838 145769 145791 145813
145839 145918 145858 145877 145896
145919 145977 145933 145947 145961
145978 146035 145992 146006 146020
146036 146176 146071 146106 146141
146177 146443 146243 146309 146375
146444 146596 146482 146520 146558
146597 146807 146649 146701 146753
146808 146945 146842 146876 146910
146946 147467 147076 147206 147336
147468 147685 147522 147576 147630
147686 147744 147700 147714 147728
147745 147921 147789 147833 147877
147922 147990 147939 147956 147973
147991 148180 148038 148085 148132
148181 148202 148186 148191 148196
148203 148223 148208 148213 148218
148224 148241 148228 148232 148236
148242 148268 148248 148254 148260
148269 148304 148277 148285 148293
148305 148323 148309 148313 148317
148324 148341 148328 148332 148336
148342 148358 148346 148350 148354
148359 149181 148564 148769 148974
149182 149817 149340 149498 149656
149818 150070 149863 149908 150051
150071 150292 150126 150181 150236
150293 150463 150335 150377 150419
150464 150585 150494 150524 150554
150586 150658 150604 150622 150640
150659 150767 150686 150713 150740
150768 151148 150863 150958 151053
151149 151255 151175 151201 151227
151256 151308 151269 151282 151295
151309 151399 151331 151353 151375
151400 151475 151418 151436 151454
151476 151558 151496 151516 151536
151559 151654 151582 151605 151628
151655 151873 151709 151763 151817
151874 151917 151884 151894 151904
151918 151970 151931 151944 151957
151971 152026 151984 151997 152010
152027 152353 152108 152189 152270
152354 152482 152386 152418 152450
152483 152575 152506 152529 152552
152576 152687 152603 152630 152657
152688 152758 152705 152722 152739
152759 152811 152772 152785 152798
152812 152909 152836 152860 152884
152910 153023 152938 152966 152994
153024 153129 153050 153076 153102
153130 153166 153139 153148 153157
153167 153315 153204 153241 153278
153316 153385 153333 153350 153367
153386 153407 153391 153396 153401
153408 153436 153415 153422 153429
153437 153503 153453 153469 153485
153504 153833 153586 153668 153750
153834 153882 153846 153858 153870
153883 153960 153902 153921 153940
153961 154039 153980 153999 154018
154040 154211 154082 154124 154166
154212 154421 154264 154316 154368
154422 154531 154449 154476 154503
154532 154785 154595 154658 154721
154786 155079 154859 154932 155005
155080 155388 155157 155234 155311
155389 155607 155443 155497 155551
155608 155671 155623 155638 155653
155672 155744 155690 155708 155726
155745 155937 155793 155841 155889
155938 156073 155971 156004 156037
156074 156190 156103 156132 156161
156191 156366 156234 156277 156320
156367 156495 156399 156431 156463
156496 156815 156575 156654 156733
156816 157089 156884 156952 157020
157090 157159 157107 157124 157141
157160 157245 157181 157202 157223
157246 157323 157265 157284 157303
157324 157397 157342 157360 157378
157398 157472 157416 157434 157452
157473 157563 157495 157517 157539
157564 157671 157590 157616 157642
157672 157808 157706 157740 157774
157809 157942 157842 157875 157908
157943 158036 157966 157989 158012
158037 158109 158055 158073 158091
158110 158314 158161 158212 158263
158315 158554 158374 158433 158492
158555 158642 158576 158597 158618
158643 158738 158666 158689 158712
158739 158809 158756 158773 158790
158810 158879 158827 158844 158861
158880 158955 158898 158916 158934
158956 159040 158977 158998 159019
159041 159076 159049 159057 159065
159077 159126 159089 159101 159113
159127 159354 159183 159239 159295
159355 159408 159368 159381 159394
159409 159425 159413 159417 159421
159426 159444 159430 159434 159438
159445 159574 159477 159509 159541
159575 159634 159589 159603 159617
159635 159672 159644 159653 159662
159673 159724 159685 159697 159709
159725 159804 159744 159763 159782
159805 159925 159835 159865 159895
159926 159983 159940 159954 159968
159984 160048 160000 160016 160032
160049 160093 160060 160071 160082
160094 160197 160119 160144 160169
160198 160365 160239 160280 160321
160366 160448 160386 160406 160426
160449 160516 160465 160481 160497
160517 160561 160528 160539 160550
160562 160587 160568 160574 160580
160588 160650 160603 160618 160633
160651 160674 160656 160661 160666
160675 160713 160684 160693 160702
160714 160753 160723 160732 160741
160754 160779 160760 160766 160772
160780 160798 160784 160788 160792
160799 160824 160805 160811 160817
160825 160857 160833 160841 160849
160858 160884 160864 160870 160876
160885 160964 160904 160923 160942
160965 161114 161002 161039 161076
161115 161173 161129 161143 161157
161174 161263 161196 161218 161240
161264 161320 161278 161292 161306
161321 161375 161334 161347 161360
161376 161413 161385 161394 161403
161414 161440 161420 161426 161432
161441 161479 161450 161459 161468
161480 161593 161508 161536 161564
161594 161704 161621 161648 161675
161705 161793 161727 161749 161771
161794 161835 161804 161814 161824
161836 161866 161843 161850 161857
161867 161931 161883 161899 161915
161932 161971 161941 161950 161959
161972 162059 161993 162014 162035
162060 162090 162067 162074 162081
162091 162133 162101 162111 162121
162134 162165 162141 162148 162155
162166 162202 162175 162184 162193
162203 162335 162236 162269 162302
162336 162401 162352 162368 162384
162402 162462 162417 162432 162447
162463 162537 162481 162499 162517
162538 162620 162558 162578 162598
162621 162644 162626 162631 162636
162645 162799 162683 162721 162759
162800 162850 162812 162824 162836
162851 162885 162859 162867 162875
162886 162918 162894 162902 162910
162919 163004 162940 162961 162982
163005 163095 163027 163049 163071
163096 163147 163108 163120 163132
163148 163196 163160 163172 163184
163197 163331 163230 163263 163296
163332 163428 163356 163380 163404
163429 163519 163451 163473 163495
163520 163664 163556 163592 163628
163665 163894 163722 163779 163836
163895 163930 163903 163911 163919
163931 163970 163940 163949 163958
163971 164031 163986 164001 164016
164032 164069 164041 164050 164059
164070 164094 164076 164082 164088
164095 164117 164100 164105 164110
164118 164140 164123 164128 164133
164141 164158 164145 164149 164153
164159 164176 164163 164167 164171
164177 164226 164189 164201 164213
164227 164393 164268 164309 164350
164394 164441 164405 164416 164427
164442 164482 164452 164462 164472
164483 164533 164495 164507 164519
164534 164640 164560 164586 164612
164641 164853 164694 164747 164800
164854 165244 164890 164926 165183
165245 165380 165278 165311 165344
165381 165474 165404 165427 165450
165475 165531 165489 165503 165517
165532 165677 165568 165604 165640
165678 165717 165687 165696 165705
165718 165781 165733 165748 165763
165782 165844 165797 165812 165827
165845 165953 165872 165899 165926
165954 166006 165967 165980 165993
166007 166177 166049 166091 166133
166178 166273 166201 166224 166247
166274 166308 166282 166290 166298
166309 166341 166317 166325 166333
166342 166375 166350 166358 166366
166376 166435 166390 166404 166418
166436 166500 166452 166468 166484
166501 166578 166520 166539 166558
166579 166661 166599 166619 166639
166662 166744 166682 166702 166722
166745 166788 166755 166765 166775
166789 166942 166827 166865 166903
166943 166986 166953 166963 166973
166987 167133 167023 167059 167095
167134 167172 167143 167152 167161
167173 167208 167181 167189 167197
167209 167385 167253 167297 167341
167386 167455 167403 167420 167437
167456 167766 167533 167610 167687
167767 167845 167786 167805 167824
167846 167915 167863 167880 167897
167916 167981 167932 167948 167964
167982 168032 167994 168006 168018
168033 168122 168055 168077 168099
168123 168208 168144 168165 168186
168209 168270 168224 168239 168254
168271 168310 168280 168289 168298
168311 168376 168327 168343 168359
168377 168439 168392 168407 168422
168440 168497 168454 168468 168482
168498 168538 168508 168518 168528
168539 168590 168551 168563 168575
168591 168610 168595 168599 168603
168611 168631 168616 168621 168626
168632 168657 168638 168644 168650
168658 168676 168662 168666 168670
168677 168703 168683 168689 168695
168704 168732 168711 168718 168725
168733 168759 168739 168745 168751
168760 168800 168770 168780 168790
168801 168828 168807 168813 168819
168829 168845 168833 168837 168841
168846 168864 168850 168854 168858
168865 168903 168874 168883 168892
168904 168927 168909 168914 168919
168928 168959 168935 168942 168949
168960 169033 168978 168996 169014
169034 169072 169043 169052 169061
169073 169101 169080 169087 169094
169102 169137 169110 169118 169126
169138 169200 169153 169168 169183
169201 169237 169210 169219 169228
169238 169260 169243 169248 169253
169261 169308 169272 169283 169294
169309 169344 169317 169325 169333
169345 169361 169349 169353 169357
169362 169408 169373 169384 169395
169409 169427 169413 169417 169421
169428 169446 169432 169436 169440
169447 169469 169452 169457 169462
169470 169499 169477 169484 169491
169500 169518 169504 169508 169512
169519 169551 169527 169535 169543
169552 169583 169559 169566 169573
169584 169627 169594 169604 169614
169628 169665 169637 169646 169655
169666 169683 169670 169674 169678
169684 169701 169688 169692 169696
169702 169725 169707 169712 169717
169726 169776 169738 169750 169762
169777 169809 169785 169793 169801
169810 169842 169818 169826 169834
169843 169915 169861 169879 169897
169916 169948 169924 169932 169940
169949 169976 169955 169961 169967
169977 169994 169981 169985 169989
169995 170012 169999 170003 170007
170013 170036 170018 170023 170028
170037 170059 170042 170047 170052
170060 170083 170065 170070 170075
170084 170112 170091 170098 170105
170113 170147 170121 170129 170137
170148 170206 170162 170176 170190
170207 170254 170218 170229 170240
170255 170271 170259 170263 170267
170272 170289 170276 170280 170284
170290 170306 170294 170298 170302
170307 170340 170315 170323 170331
170341 170360 170345 170349 170353
170361 170386 170367 170373 170379
170387 170406 170391 170395 170399
170407 170427 170412 170417 170422
170428 170455 170434 170440 170446
170456 170474 170460 170464 170468
170475 170491 170479 170483 170487
170492 170514 170497 170502 170507
170515 170539 170521 170527 170533
170540 170568 170547 170554 170561
170569 170585 170573 170577 170581
170586 170602 170590 170594 170598
170603 170639 170612 170621 170630
170640 170657 170644 170648 170652
170658 170695 170667 170676 170685
170696 170722 170702 170708 170714
170723 170767 170734 170745 170756
170768 170787 170772 170776 170780
170788 170806 170792 170796 170800
170807 170826 170811 170815 170819
170827 170846 170831 170835 170839
170847 170867 170852 170857 170862
170868 170884 170872 170876 170880
170885 170909 170891 170897 170903
170910 170931 170915 170920 170925
170932 170999 170948 170964 170980
171000 171031 171007 171014 171021
171032 171051 171036 171040 171044
171052 171092 171062 171072 171082
171093 171117 171099 171105 171111
171118 171135 171122 171126 171130
171136 171215 171155 171174 171193
171216 171239 171221 171226 171231
171240 171289 171252 171264 171276
171290 171309 171294 171298 171302
171310 171334 171316 171322 171328
171335 171358 171340 171345 171350
171359 171383 171365 171371 171377
171384 171423 171393 171402 171411
171424 171452 171431 171438 171445
171453 171492 171462 171471 171480
171493 171522 171500 171507 171514
171523 171539 171527 171531 171535
171540 171569 171547 171554 171561
171570 171621 171582 171594 171606
171622 171656 171630 171638 171646
171657 171701 171668 171679 171690
171702 171728 171708 171714 171720
171729 171804 171747 171765 171783
171805 171880 171823 171841 171859
171881 171953 171899 171917 171935
171954 171994 171964 171974 171984
171995 172080 172016 172037 172058
172081 172157 172100 172119 172138
172158 172193 172166 172174 172182
172194 172229 172202 172210 172218
172230 172261 172237 172244 172251
172262 172292 172269 172276 172283
172293 172334 172303 172313 172323
172335 172381 172346 172357 172368
172382 172433 172394 172406 172418
172434 172470 172443 172452 172461
172471 172543 172489 172507 172525
172544 172585 172554 172564 172574
172586 172634 172598 172610 172622
172635 172683 172647 172659 172671
172684 172774 172706 172728 172750
172775 172823 172787 172799 172811
172824 172868 172835 172846 172857
172869 172906 172878 172887 172896
172907 172933 172913 172919 172925
172934 172990 172948 172962 172976
172991 173065 173009 173027 173045
173066 173129 173081 173096 173111
173130 173181 173142 173154 173166
173182 173256 173200 173218 173236
173257 173306 173269 173281 173293
173307 173363 173321 173335 173349
173364 173395 173371 173378 173385
173396 173420 173402 173408 173414
173421 173525 173447 173473 173499
173526 173629 173551 173576 173601
173630 173683 173643 173656 173669
173684 173785 173709 173734 173759
173786 173834 173798 173810 173822
173835 173904 173852 173869 173886
173905 173992 173926 173947 173968
173993 174049 174007 174021 174035
174050 174106 174064 174078 174092
174107 174163 174121 174135 174149
174164 174246 174184 174204 174224
174247 174309 174262 174277 174292
174310 174372 174325 174340 174355
174373 174486 174401 174429 174457
174487 174818 174569 174651 174733
174819 174971 174857 174895 174933
174972 175069 174996 175020 175044
175070 175126 175084 175098 175112
175127 175165 175136 175145 175154
175166 175198 175174 175182 175190
175199 175244 175210 175221 175232
175245 175286 175255 175265 175275
175287 175341 175300 175313 175326
175342 175622 175412 175482 175552
175623 175735 175651 175679 175707
175736 175813 175755 175774 175793
175814 175894 175834 175854 175874
175895 176005 175922 175949 175976
176006 176053 176017 176028 176039
176054 176398 176140 176226 176312
176399 176470 176416 176433 176450
176471 176641 176513 176555 176597
176642 176716 176660 176678 176696
176717 176747 176724 176731 176738
176748 176826 176767 176786 176805
176827 176920 176850 176873 176896
176921 176966 176932 176943 176954
176967 177053 176988 177009 177030
177054 177100 177065 177076 177087
177101 177166 177117 177133 177149
177167 177228 177182 177197 177212
177229 177260 177236 177243 177250
177261 177301 177271 177281 177291
177302 177380 177321 177340 177359
177381 177404 177386 177391 177396
177405 177450 177416 177427 177438
177451 177507 177465 177479 177493
177508 177568 177523 177538 177553
177569 177609 177579 177589 177599
177610 177651 177620 177630 177640
177652 177679 177658 177664 177670
177680 177702 177685 177690 177695
177703 177745 177713 177723 177733
177746 177762 177750 177754 177758
177763 177822 177777 177791 177805
177823 177870 177834 177845 177856
177871 177936 177887 177903 177919
177937 178142 177988 178039 178090
178143 178338 178191 178239 178287
178339 178399 178354 178369 178384
178400 178745 178486 178572 178658
178746 178894 178783 178820 178857
178895 178949 178908 178921 178934
178950 179417 179066 179182 179298
179418 179888 179535 179652 179769
179889 180147 179916 179943 180108
180148 180493 180234 180320 180406
180494 180695 180544 180594 180644
180696 180748 180709 180722 180735
180749 180805 180763 180777 180791
180806 180911 180832 180858 180884
180912 181066 180950 180988 181026
181067 181333 181133 181199 181265
181334 181461 181365 181396 181427
181462 181623 181502 181542 181582
181624 181688 181640 181656 181672
181689 181930 181749 181809 181869
181931 182013 181951 181971 181991
182014 182233 182068 182122 182176
182234 182421 182280 182326 182372
182422 182457 182430 182438 182446
182458 182508 182470 182482 182494
182509 182588 182528 182547 182566
182589 182622 182597 182605 182613
182623 182655 182631 182639 182647
182656 182695 182665 182674 182683
182696 182750 182709 182722 182735
182751 182910 182790 182829 182868
182911 182955 182922 182933 182944
182956 183058 182981 183006 183031
183059 183119 183074 183089 183104
183120 183184 183136 183152 183168
183185 183253 183202 183219 183236
183254 183330 183273 183292 183311
183331 183387 183345 183359 183373
183388 183454 183404 183420 183436
183455 183521 183471 183487 183503
183522 183551 183529 183536 183543
183552 183582 183559 183566 183573
183583 183606 183588 183593 183598
183607 183646 183616 183625 183634
183647 183674 183653 183659 183665
183675 183742 183691 183707 183723
183743 183869 183774 183805 183836
183870 183967 183894 183918 183942
183968 184058 183990 184012 184034
184059 184121 184074 184089 184104
184122 184138 184126 184130 184134
184139 184192 184152 184165 184178
184193 184272 184212 184231 184250
184273 184300 184279 184285 184291
184301 184339 184310 184319 184328
184340 184389 184352 184364 184376
184390 184427 184399 184408 184417
184428 184492 184444 184460 184476
184493 184550 184507 184521 184535
184551 184764 184604 184657 184710
184765 185339 184908 185051 185194
185340 185447 185366 185392 185418
185448 185498 185460 185472 185484
185499 185596 185523 185547 185571
185597 185724 185628 185659 185690
185725 186135 185827 185929 186031
186136 186151 186139 186142 186145
186152 186186 186160 186168 186176
186187 186246 186201 186215 186229
186247 186301 186260 186273 186286
186302 186438 186336 186370 186404
186439 186485 186450 186461 186472
186486 186603 186515 186544 186573
186604 186774 186646 186688 186730
186775 186923 186812 186849 186886
186924 187127 186974 187024 187074
187128 187324 187177 187226 187275
187325 187386 187340 187355 187370
187387 187588 187437 187487 187537
187589 188029 187699 187809 187919
188030 188244 188083 188136 188189
188245 188329 188266 188287 188308
188330 188379 188342 188354 188366
188380 188488 188407 188434 188461
188489 188584 188512 188535 188558
188585 188639 188598 188611 188624
188640 188984 188726 188812 188898
188985 189132 189021 189057 189093
189133 189278 189169 189205 189241
189279 189544 189345 189411 189477
189545 189646 189570 189595 189620
189647 189741 189670 189693 189716
189742 189776 189750 189758 189766
189777 189813 189786 189795 189804
189814 189832 189818 189822 189826
189833 189871 189842 189851 189860
189872 190018 189908 189944 189980
190019 190091 190037 190055 190073
190092 190196 190118 190144 190170
190197 190369 190240 190283 190326
190370 190419 190382 190394 190406
190420 190623 190470 190520 190570
190624 190718 190647 190670 190693
190719 190802 190739 190759 190779
190803 190865 190818 190833 190848
190866 190994 190898 190930 190962
190995 191086 191017 191039 191061
191087 191194 191113 191139 191165
191195 191449 191258 191321 191384
191450 191606 191489 191528 191567
191607 191675 191624 191641 191658
191676 191938 191741 191806 191871
191939 192070 191971 192003 192035
192071 192133 192086 192101 192116
192134 192228 192157 192180 192203
192229 192291 192244 192259 192274
192292 192406 192320 192348 192376
192407 192691 192478 192549 192620
192692 193016 192773 192854 192935
193017 193079 193032 193047 193062
193080 193228 193117 193154 193191
193229 193369 193264 193299 193334
193370 193470 193395 193420 193445
193471 193513 193481 193491 193501
193514 193555 193524 193534 193544
193556 193680 193587 193618 193649
193681 193999 193760 193839 193918
194000 194417 194104 194208 194312
194418 194718 194493 194568 194643
194719 194818 194743 194767 194791
194819 194903 194840 194861 194882
194904 194985 194924 194944 194964
194986 195052 194989 194992 195039
195053 195133 195073 195093 195113
195134 195211 195153 195172 195191
195212 195387 195255 195298 195341
195388 195525 195422 195456 195490
195526 195625 195550 195574 195598
195626 195730 195652 195678 195704
195731 195804 195749 195767 195785
195805 195869 195821 195837 195853
195870 195925 195883 195896 195909
195926 195988 195941 195956 195971
195989 196280 196061 196133 196205
196281 196475 196329 196377 196425
196476 196921 196587 196698 196809
196922 198106 197218 197514 197810
198107 198349 198167 198227 198287
198350 198552 198400 198450 198500
198553 198711 198592 198631 198670
198712 198831 198741 198770 198799
198832 198888 198846 198860 198874
198889 198936 198900 198911 198922
198937 198960 198942 198947 198952
198961 198989 198968 198975 198982
198990 199089 199014 199038 199062
199090 199125 199098 199106 199114
199126 199150 199132 199138 199144
199151 199184 199159 199167 199175
199185 199476 199257 199329 199401
199477 199605 199509 199541 199573
199606 199703 199630 199654 199678
199704 199863 199743 199782 199821
199864 200046 199909 199954 199999
200047 200226 200091 200135 200179
200227 200314 200248 200269 200290
200315 200595 200385 200455 200525
200596 200690 200619 200642 200665
200691 200930 200750 200809 200868
200931 201076 200967 201003 201039
201077 201181 201103 201129 201155
201182 201310 201214 201246 201278
201311 201598 201382 201453 201524
201599 201772 201642 201685 201728
201773 201852 201792 201811 201830
201853 201894 201863 201873 201883
201895 202432 202029 202163 202297
202433 202675 202493 202553 202613
202676 202784 202703 202730 202757
202785 203019 202843 202901 202959
203020 203150 203052 203084 203116
203151 203202 203163 203175 203187
203203 203256 203216 203229 203242
203257 203393 203291 203325 203359
203394 203427 203402 203410 203418
203428 203474 203439 203450 203461
203475 203673 203524 203573 203622
203674 203747 203692 203710 203728
203748 203810 203763 203778 203793
203811 203901 203833 203855 203877
203902 203984 203922 203942 203962
203985 204075 204007 204029 204051
204076 204150 204094 204112 204130
204151 204286 204184 204217 204250
204287 204391 204313 204339 204365
204392 204514 204422 204452 204482
204515 204655 204550 204585 204620
204656 204839 204701 204746 204791
204840 204960 204870 204900 204930
204961 205227 205027 205093 205159
205228 205306 205247 205266 205285
205307 205668 205397 205487 205577
205669 205814 205705 205741 205777
205815 206037 205870 205925 205980
206038 206123 206059 206080 206101
206124 206372 206186 206248 206310
206373 206649 206442 206511 206580
206650 206826 206694 206738 206782
206827 207076 206889 206951 207013
207077 207132 207090 207103 207116
207133 207204 207150 207167 207184
207205 207452 207266 207327 207388
207453 207546 207476 207499 207522
207547 207699 207585 207623 207661
207700 207739 207709 207718 207727
207740 207776 207749 207758 207767
207777 207855 207796 207815 207834
207856 207958 207881 207906 207931
207959 208012 207972 207985 207998
208013 208083 208030 208047 208064
208084 208168 208105 208126 208147
208169 208211 208179 208189 208199
208212 208340 208244 208276 208308
208341 208403 208356 208371 208386
208404 208442 208413 208422 208431
208443 208474 208450 208457 208464
208475 208519 208486 208497 208508
208520 208540 208525 208530 208535
208541 208560 208545 208549 208553
208561 208603 208571 208581 208591
208604 208721 208633 208662 208691
208722 208789 208738 208754 208770
208790 208904 208818 208846 208874
208905 208940 208913 208921 208929
208941 209012 208958 208975 208992
209013 209085 209031 209049 209067
209086 209104 209090 209094 209098
209105 209143 209114 209123 209132
209144 209185 209154 209164 209174
209186 209267 209206 209226 209246
209268 209305 209277 209286 209295
209306 209346 209316 209326 209336
209347 209383 209356 209365 209374
209384 209413 209391 209398 209405
209414 209455 209424 209434 209444
209456 209489 209464 209472 209480
209490 209515 209496 209502 209508
209516 209546 209523 209530 209537
209547 209603 209561 209575 209589
209604 209675 209621 209638 209655
209676 209740 209692 209708 209724
209741 209781 209751 209761 209771
209782 209826 209793 209804 209815
209827 209859 209835 209843 209851
209860 209953 209883 209906 209929
209954 210023 209965 209976 210015
210024 210057 210032 210040 210048
210058 210115 210072 210086 210100
210116 210248 210149 210182 210215
210249 210321 210267 210285 210303
210322 210395 210340 210358 210376
210396 210464 210413 210430 210447
210465 210548 210485 210505 210525
210549 210596 210560 210571 210582
210597 210666 210614 210631 210648
210667 210730 210682 210697 210712
210731 210791 210746 210761 210776
210792 210844 210805 210818 210831
210845 210877 210853 210861 210869
210878 210953 210896 210914 210932
210954 210984 210961 210968 210975
210985 211050 211001 211017 211033
211051 211121 211068 211085 211102
211122 211216 211145 211168 211191
211217 211309 211240 211263 211286
211310 211411 211335 211360 211385
211412 211437 211418 211424 211430
211438 211468 211445 211452 211459
211469 211513 211480 211491 211502
211514 211567 211527 211540 211553
211568 211692 211599 211630 211661
211693 211821 211725 211757 211789
211822 211839 211826 211830 211834
211840 211901 211855 211870 211885
211902 211935 211910 211918 211926
211936 212000 211952 211968 211984
212001 212044 212011 212021 212031
212045 212139 212068 212091 212114
212140 212174 212148 212156 212164
212175 212239 212191 212207 212223
212240 212268 212247 212254 212261
212269 212286 212273 212277 212281
212287 212328 212297 212307 212317
212329 212345 212333 212337 212341
212346 212367 212351 212356 212361
212368 212463 212391 212414 212437
212464 212512 212476 212488 212500
212513 212563 212525 212537 212549
212564 212633 212581 212598 212615
212634 212674 212644 212654 212664
212675 212755 212695 212715 212735
212756 212787 212763 212770 212777
212788 212866 212807 212826 212845
212867 212911 212878 212889 212900
212912 212945 212920 212928 212936
212946 212987 212956 212966 212976
212988 213010 212993 212998 213003
213011 213028 213015 213019 213023
213029 213078 213041 213053 213065
213079 213096 213083 213087 213091
213097 213149 213110 213123 213136
213150 213266 213179 213208 213237
213267 213317 213279 213291 213303
213318 213452 213351 213384 213417
213453 213480 213459 213465 213471
213481 213508 213487 213493 213499
213509 213538 213516 213523 213530
213539 213569 213546 213553 213560
213570 213589 213574 213578 213582
213590 213618 213597 213604 213611
213619 213648 213626 213633 213640
213649 213699 213661 213673 213685
213700 213732 213708 213716 213724
213733 213803 213750 213767 213784
213804 213837 213812 213820 213828
213838 213901 213853 213868 213883
213902 214014 213930 213958 213986
214015 214097 214035 214055 214075
214098 214223 214129 214160 214191
214224 214384 214264 214304 214344
214385 214603 214439 214493 214547
214604 215230 214760 214916 215072
215231 215959 215413 215595 215777
215960 216143 216005 216050 216095
216144 216445 216219 216294 216369
216446 216579 216479 216512 216545
216580 216826 216641 216702 216763
216827 217011 216873 216919 216965
217012 217088 217031 217050 217069
217089 217210 217119 217149 217179
217211 217439 217268 217325 217382
217440 217561 217470 217500 217530
217562 217833 217629 217696 217763
217834 217851 217838 217842 217846
217852 217948 217876 217900 217924
217949 218279 218031 218113 218195
218280 218419 218314 218348 218382
218420 218472 218433 218446 218459
218473 218661 218520 218567 218614
218662 218747 218683 218704 218725
218748 218908 218788 218828 218868
218909 218988 218928 218947 218966
218989 219355 219080 219171 219262
219356 219588 219414 219472 219530
219589 219852 219654 219719 219784
219853 220062 219905 219957 220009
220063 220122 220077 220091 220105
220123 220195 220141 220159 220177
220196 220267 220213 220230 220247
220268 220403 220301 220334 220367
220404 220469 220420 220436 220452
220470 220565 220493 220516 220539
220566 220666 220591 220616 220641
220667 220981 220745 220823 220901
220982 221107 221013 221044 221075
221108 221268 221148 221188 221228
221269 221588 221348 221427 221506
221589 221640 221601 221613 221625
221641 221710 221658 221675 221692
221711 221749 221720 221729 221738
221750 221776 221756 221762 221768
221777 221800 221782 221787 221792
221801 221867 221817 221833 221849
221868 221910 221878 221888 221898
221911 221985 221929 221947 221965
221986 222059 222004 222022 222040
222060 222181 222090 222120 222150
222182 222223 222192 222202 222212
222224 222311 222245 222266 222287
222312 222354 222322 222332 222342
222355 222397 222365 222375 222385
222398 222440 222408 222418 222428
222441 222546 222467 222493 222519
222547 222677 222579 222611 222643
222678 222988 222755 222832 222909
222989 223066 223008 223027 223046
223067 223148 223087 223107 223127
223149 223196 223160 223171 223182
223197 223245 223209 223221 223233
223246 223315 223263 223280 223297
223316 223420 223342 223368 223394
223421 223479 223435 223449 223463
223480 223510 223487 223494 223501
223511 223549 223520 223529 223538
223550 223613 223565 223580 223595
223614 223662 223626 223638 223650
223663 223693 223670 223677 223684
223694 223756 223709 223724 223739
223757 223803 223768 223779 223790
223804 223856 223817 223830 223843
223857 223935 223876 223895 223914
223936 223986 223948 223960 223972
223987 224048 224002 224017 224032
224049 224164 224077 224105 224133
224165 224276 224192 224219 224246
224277 224309 224285 224293 224301
224310 224375 224326 224342 224358
224376 224409 224384 224392 224400
224410 224428 224414 224418 224422
224429 224463 224437 224445 224453
224464 224499 224472 224480 224488
224500 224546 224511 224522 224533
224547 224588 224557 224567 224577
224589 224623 224597 224605 224613
224624 224666 224634 224644 224654
224667 224684 224671 224675 224679
224685 224708 224690 224695 224700
224709 224754 224720 224731 224742
224755 224787 224763 224771 224779
224788 224805 224792 224796 224800
224806 224831 224812 224818 224824
224832 224850 224836 224840 224844
224851 224921 224868 224885 224902
224922 224956 224930 224938 224946
224957 224976 224961 224965 224969
224977 225016 224982 224987 225012
225017 225037 225022 225027 225032
225038 225054 225042 225046 225050
225055 225072 225059 225063 225067
225073 225114 225083 225093 225103
225115 225214 225139 225163 225187
225215 225238 225220 225225 225230
225239 225258 225243 225247 225251
225259 225305 225270 225281 225292
225306 225351 225317 225328 225339
225352 225389 225361 225370 225379
225390 225409 225394 225398 225402
225410 225440 225417 225424 225431
225441 225465 225447 225453 225459
225466 225525 225480 225494 225508
225526 225566 225536 225546 225556
225567 225590 225572 225577 225582
225591 225608 225595 225599 225603
225609 225635 225615 225621 225627
225636 225690 225649 225662 225675
225691 225725 225699 225707 225715
225726 225761 225734 225742 225750
225762 225819 225776 225790 225804
225820 225855 225828 225836 225844
225856 225959 225881 225906 225931
225960 225983 225965 225970 225975
225984 226017 225992 226000 226008
226018 226044 226024 226030 226036
226045 226086 226055 226065 226075
226087 226156 226104 226121 226138
226157 226195 226166 226175 226184
226196 226264 226213 226230 226247
226265 226292 226271 226277 226283
226293 226338 226304 226315 226326
226339 226390 226351 226363 226375
226391 226444 226404 226417 226430
226445 226521 226464 226483 226502
226522 226565 226532 226542 226552
226566 226658 226589 226612 226635
226659 226694 226667 226675 226683
226695 226829 226728 226761 226794
226830 226862 226838 226846 226854
226863 226897 226871 226879 226887
226898 226931 226906 226914 226922
226932 227028 226956 226980 227004
227029 227087 227043 227057 227071
227088 227123 227096 227104 227112
227124 227154 227131 227138 227145
227155 227184 227162 227169 227176
227185 227240 227198 227211 227224
227241 227290 227253 227265 227277
227291 227342 227303 227315 227327
227343 227414 227360 227377 227394
227415 227526 227442 227469 227496
227527 227562 227535 227543 227551
227563 227609 227574 227585 227596
227610 227648 227619 227628 227637
227649 227679 227656 227663 227670
227680 227703 227685 227690 227695
227704 227753 227716 227728 227740
227754 227801 227765 227776 227787
227802 227888 227823 227844 227865
227889 227975 227910 227931 227952
227976 228129 228014 228052 228090
228130 228200 228147 228164 228181
228201 228221 228206 228211 228216
228222 228272 228234 228246 228258
228273 228360 228294 228315 228336
228361 228461 228386 228411 228436
228462 228525 228477 228492 228507
228526 228651 228557 228588 228619
228652 228754 228677 228702 228727
228755 228925 228797 228839 228881
228926 229013 228947 228968 228989
229014 229197 229059 229104 229149
229198 229260 229213 229228 229243
229261 229327 229277 229293 229309
229328 229474 229364 229400 229436
229475 229705 229532 229589 229646
229706 229741 229714 229722 229730
229742 229872 229774 229806 229838
229873 229970 229897 229921 229945
229971 230044 229989 230007 230025
230045 230137 230068 230091 230114
230138 230200 230153 230168 230183
230201 230326 230232 230263 230294
230327 230420 230350 230373 230396
230421 230491 230438 230455 230472
230492 230600 230519 230546 230573
230601 230723 230631 230661 230691
230724 230892 230766 230808 230850
230893 230968 230911 230929 230947
230969 231066 230993 231017 231041
231067 231144 231086 231105 231124
231145 231246 231170 231195 231220
231247 231307 231262 231277 231292
231308 231413 231334 231360 231386
231414 231597 231459 231504 231549
231598 231691 231621 231644 231667
231692 231836 231728 231764 231800
231837 231879 231847 231857 231867
231880 232176 231954 232028 232102
232177 232303 232208 232239 232270
232304 232492 232351 232398 232445
232493 232566 232511 232529 232547
232567 232627 232582 232597 232612
232628 233250 232783 232938 233093
233251 233572 233331 233411 233491
233573 233874 233648 233723 233798
233875 234085 233927 233979 234031
234086 234147 234101 234116 234131
234148 234530 234243 234338 234433
234531 234585 234544 234557 234570
234586 234654 234603 234620 234637
234655 234720 234671 234687 234703
234721 234813 234744 234767 234790
234814 234878 234830 234846 234862
234879 235022 234914 234949 234984
235023 235465 235133 235243 235353
235466 245966 236599 237732 244473
