0 141 35 70 105
142 819 311 480 649
820 1018 869 918 967
1019 1246 1075 1131 1187
1247 1333 1268 1289 1310
1334 1432 1358 1382 1406
1433 1605 1476 1519 1562
1606 2073 1722 1838 1954
2074 2267 2122 2170 2218
2268 2410 2303 2338 2373
2411 2696 2482 2553 2624
2697 2736 2706 2715 2724
2737 2807 2754 2771 2788
2808 4905 3332 3856 4380
4906 5124 4960 5014 5068
5125 5354 5182 5239 5296
5355 5609 5418 5481 5544
5610 5739 5642 5674 5706
5740 5869 5772 5804 5836
5870 6181 5947 6024 6101
6182 6227 6193 6204 6215
6228 6321 6251 6274 6297
6322 6345 6327 6332 6337
6346 6389 6356 6366 6376
6390 6415 6396 6402 6408
6416 6443 6422 6428 6434
6444 6461 6448 6452 6456
6462 6560 6486 6510 6534
6561 6599 6570 6579 6588
6600 6714 6628 6656 6684
6715 6741 6721 6727 6733
6742 6794 6755 6768 6781
6795 6892 6819 6843 6867
6893 6911 6897 6901 6905
6912 6949 6921 6930 6939
6950 6995 6961 6972 6983
6996 7028 7004 7012 7020
7029 7055 7035 7041 7047
7056 7086 7063 7070 7077
7087 7109 7092 7097 7102
7110 7130 7115 7120 7125
7131 7202 7148 7165 7182
7203 7233 7210 7217 7224
7234 7250 7238 7242 7246
7251 7312 7266 7281 7296
7313 7353 7323 7333 7343
7354 7394 7364 7374 7384
7395 7460 7411 7427 7443
7461 7489 7468 7475 7482
7490 7553 7505 7520 7535
7554 7622 7571 7588 7605
7623 7639 7627 7631 7635
7640 7683 7650 7660 7670
7684 7714 7691 7698 7705
7715 7798 7735 7755 7775
7799 7815 7803 7807 7811
7816 7855 7825 7834 7843
7856 7905 7868 7880 7892
7906 7927 7911 7916 7921
7928 7981 7941 7954 7967
7982 8034 7995 8008 8021
8035 8088 8048 8061 8074
8089 8120 8096 8103 8110
8121 8141 8126 8131 8136
8142 8162 8147 8152 8157
8163 8179 8167 8171 8175
8180 8203 8185 8190 8195
8204 8282 8223 8242 8261
8283 8300 8287 8291 8295
8301 8352 8313 8325 8337
8353 8383 8360 8367 8374
8384 8403 8388 8392 8396
8404 8420 8408 8412 8416
8421 8478 8435 8449 8463
8479 8502 8484 8489 8494
8503 8579 8522 8541 8560
8580 8621 8590 8600 8610
8622 8655 8630 8638 8646
8656 8697 8666 8676 8686
8698 8739 8708 8718 8728
8740 8798 8754 8768 8782
8799 8819 8804 8809 8814
8820 8845 8826 8832 8838
8846 8865 8850 8854 8858
8866 8934 8883 8900 8917
8935 8959 8941 8947 8953
8960 9000 8970 8980 8990
9001 9018 9005 9009 9013
9019 9065 9030 9041 9052
9066 9092 9072 9078 9084
9093 9188 9116 9139 9162
9189 9377 9236 9283 9330
9378 9633 9441 9504 9567
9634 10102 9751 9868 9985
10103 10258 10141 10179 10217
10259 10878 10413 10567 10721
10879 10977 10903 10927 10951
10978 10994 10982 10986 10990
10995 11070 11013 11031 11049
11071 11128 11085 11099 11113
11129 11169 11139 11149 11159
11170 11271 11195 11220 11245
11272 11574 11347 11422 11497
11575 12180 11726 11877 12028
12181 12425 12242 12303 12364
12426 12655 12483 12540 12597
12656 13024 12748 12840 12932
13025 13422 13124 13223 13322
13423 13455 13431 13439 13447
13456 13486 13463 13470 13477
13487 13526 13496 13505 13514
13527 13689 13567 13607 13647
13690 14117 13796 13902 14008
14118 14204 14139 14160 14181
14205 14344 14239 14273 14307
14345 14415 14362 14379 14396
14416 14470 14429 14442 14455
14471 14727 14535 14599 14663
14728 14923 14776 14824 14872
14924 14976 14937 14950 14963
14977 15026 14982 14987 15018
15027 15089 15042 15057 15072
15090 15458 15182 15274 15366
15459 15583 15490 15521 15552
15584 15659 15602 15620 15638
15660 15776 15689 15718 15747
15777 15884 15803 15829 15855
15885 16024 15919 15953 15987
16025 16158 16058 16091 16124
16159 16238 16178 16197 16216
16239 16478 16298 16357 16416
16479 16515 16488 16497 16506
16516 16636 16546 16576 16606
16637 16665 16644 16651 16658
16666 16761 16689 16712 16735
16762 16801 16771 16780 16789
16802 16919 16831 16860 16889
16920 16961 16930 16940 16950
16962 17088 16993 17024 17055
17089 17156 17105 17121 17137
17157 17210 17170 17183 17196
17211 17544 17294 17377 17460
17545 17754 17597 17649 17701
17755 17894 17789 17823 17857
17895 18134 17954 18013 18072
18135 18297 18175 18215 18255
18298 18486 18345 18392 18439
18487 18555 18504 18521 18538
18556 18690 18589 18622 18655
18691 18788 18715 18739 18763
18789 18861 18807 18825 18843
18862 19068 18913 18964 19015
19069 19270 19119 19169 19219
19271 19368 19295 19319 19343
19369 19453 19390 19411 19432
19454 19555 19479 19504 19529
19556 19611 19569 19582 19595
19612 19708 19636 19660 19684
19709 19878 19751 19793 19835
19879 19942 19894 19909 19924
19943 20234 20015 20087 20159
20235 20275 20245 20255 20265
20276 20317 20286 20296 20306
20318 20603 20389 20460 20531
20604 20681 20623 20642 20661
20682 20722 20692 20702 20712
20723 20759 20732 20741 20750
20760 20811 20772 20784 20796
20812 20899 20833 20854 20875
20900 20948 20912 20924 20936
20949 20984 20957 20965 20973
20985 21111 21016 21047 21078
21112 21278 21153 21194 21235
21279 21398 21308 21337 21366
21399 21468 21416 21433 21450
21469 21551 21489 21509 21529
21552 21677 21583 21614 21645
21678 21726 21690 21702 21714
21727 21802 21745 21763 21781
21803 21950 21839 21875 21911
21951 22094 21986 22021 22056
22095 22223 22127 22159 22191
22224 22299 22242 22260 22278
22300 22381 22320 22340 22360
22382 22431 22394 22406 22418
22432 22477 22443 22454 22465
22478 22510 22486 22494 22502
22511 22594 22531 22551 22571
22595 22638 22605 22615 22625
22639 22708 22656 22673 22690
22709 22748 22718 22727 22736
22749 22802 22762 22775 22788
22803 22899 22827 22851 22875
22900 22966 22916 22932 22948
22967 23016 22979 22991 23003
23017 23157 23052 23087 23122
23158 23217 23172 23186 23200
23218 23261 23228 23238 23248
23262 23360 23286 23310 23334
23361 23390 23368 23375 23382
23391 23472 23411 23431 23451
23473 23504 23480 23487 23494
23505 23551 23516 23527 23538
23552 23604 23565 23578 23591
23605 23642 23614 23623 23632
23643 23683 23653 23663 23673
23684 23730 23695 23706 23717
23731 23811 23751 23771 23791
23812 23912 23837 23862 23887
23913 23954 23923 23933 23943
23955 23994 23964 23973 23982
23995 24026 24002 24009 24016
24027 24077 24039 24051 24063
24078 24134 24092 24106 24120
24135 24193 24149 24163 24177
24194 24236 24204 24214 24224
24237 24292 24250 24263 24276
24293 24413 24323 24353 24383
24414 24496 24434 24454 24474
24497 24633 24531 24565 24599
24634 24758 24665 24696 24727
24759 24873 24787 24815 24843
24874 24955 24894 24914 24934
24956 25065 24983 25010 25037
25066 25198 25099 25132 25165
25199 25414 25252 25305 25358
25415 25487 25433 25451 25469
25488 25547 25502 25516 25530
25548 25602 25561 25574 25587
25603 25634 25610 25617 25624
25635 25751 25664 25693 25722
25752 25768 25756 25760 25764
25769 25796 25775 25781 25787
25797 25908 25824 25851 25878
25909 26004 25932 25955 25978
26005 26077 26023 26041 26059
26078 26135 26092 26106 26120
26136 26168 26144 26152 26160
26169 26300 26201 26233 26265
26301 26578 26370 26439 26508
26579 26641 26594 26609 26624
26642 26793 26679 26716 26753
26794 26904 26821 26848 26875
26905 27029 26936 26967 26998
27030 27122 27053 27076 27099
27123 27215 27146 27169 27192
27216 27320 27242 27268 27294
27321 27395 27339 27357 27375
27396 27483 27417 27438 27459
27484 27510 27490 27496 27502
27511 27777 27577 27643 27709
27778 27844 27794 27810 27826
27845 27992 27881 27917 27953
27993 28073 28013 28033 28053
28074 28293 28128 28182 28236
28294 28505 28346 28398 28450
28506 28587 28526 28546 28566
28588 28763 28631 28674 28717
28764 28824 28779 28794 28809
28825 28883 28839 28853 28867
28884 28912 28891 28898 28905
28913 28943 28920 28927 28934
28944 28994 28956 28968 28980
28995 29098 29020 29045 29070
29099 29524 29205 29311 29417
29525 29699 29568 29611 29654
29700 29844 29736 29772 29808
29845 30076 29883 29921 30057
30077 30123 30088 30099 30110
30124 30190 30140 30156 30172
30191 30240 30203 30215 30227
30241 30336 30264 30287 30310
30337 30401 30353 30369 30385
30402 30508 30428 30454 30480
30509 30728 30563 30617 30671
30729 30775 30740 30751 30762
30776 30943 30817 30858 30899
30944 31220 31013 31082 31151
31221 31280 31235 31249 31263
31281 31354 31299 31317 31335
31355 31499 31391 31427 31463
31500 32000 31625 31750 31875
32001 32084 32021 32041 32061
32085 32325 32145 32205 32265
32326 32349 32331 32336 32341
32350 32754 32451 32552 32653
32755 32879 32786 32817 32848
32880 32905 32886 32892 32898
32906 32983 32925 32944 32963
32984 33159 33027 33070 33113
33160 33239 33179 33198 33217
33240 33353 33268 33296 33324
33354 33440 33375 33396 33417
33441 33505 33457 33473 33489
33506 33554 33518 33530 33542
33555 33734 33599 33643 33687
33735 33812 33754 33773 33792
33813 33861 33825 33837 33849
33862 33934 33880 33898 33916
33935 33963 33942 33949 33956
33964 34111 34000 34036 34072
34112 34166 34125 34138 34151
34167 34354 34213 34259 34305
34355 34404 34367 34379 34391
34405 34594 34452 34499 34546
34595 34687 34618 34641 34664
34688 34763 34706 34724 34742
34764 34802 34773 34782 34791
34803 34831 34810 34817 34824
34832 34964 34865 34898 34931
34965 34996 34972 34979 34986
34997 35064 35013 35029 35045
35065 35109 35076 35087 35098
35110 35166 35124 35138 35152
35167 35187 35172 35177 35182
35188 35489 35263 35338 35413
35490 35672 35535 35580 35625
35673 35860 35719 35765 35811
35861 35973 35889 35917 35945
35974 36014 35984 35994 36004
36015 36125 36042 36069 36096
36126 36227 36151 36176 36201
36228 36407 36272 36316 36360
36408 36562 36446 36484 36522
36563 36740 36607 36651 36695
36741 36969 36798 36855 36912
36970 37055 36991 37012 37033
37056 37214 37095 37134 37173
37215 37289 37233 37251 37269
37290 37349 37304 37318 37332
37350 37437 37371 37392 37413
37438 37492 37451 37464 37477
37493 37575 37513 37533 37553
37576 37731 37614 37652 37690
37732 37809 37751 37770 37789
37810 37903 37833 37856 37879
37904 38134 37961 38018 38075
38135 38211 38154 38173 38192
38212 38564 38300 38388 38476
38565 38646 38585 38605 38625
38647 39213 38788 38929 39070
39214 39278 39230 39246 39262
39279 39462 39324 39369 39414
39463 39575 39491 39519 39547
39576 39658 39596 39616 39636
39659 39767 39686 39713 39740
39768 39821 39781 39794 39807
39822 39882 39837 39852 39867
39883 39939 39897 39911 39925
39940 40000 39955 39970 39985
40001 40024 40006 40011 40016
40025 40051 40031 40037 40043
40052 40134 40072 40092 40112
40135 40212 40154 40173 40192
40213 40312 40237 40261 40285
40313 40329 40317 40321 40325
40330 40353 40335 40340 40345
40354 40483 40386 40418 40450
40484 40587 40509 40534 40559
40588 40604 40592 40596 40600
40605 40783 40649 40693 40737
40784 40904 40814 40844 40874
40905 40923 40909 40913 40917
40924 41103 40968 41012 41056
41104 41190 41125 41146 41167
41191 41276 41212 41233 41254
41277 41459 41322 41367 41412
41460 41599 41494 41528 41562
41600 41692 41623 41646 41669
41693 41858 41734 41775 41816
41859 41916 41873 41887 41901
41917 41986 41934 41951 41968
41987 42006 41991 41995 41999
42007 42078 42024 42041 42058
42079 42208 42111 42143 42175
42209 42251 42219 42229 42239
42252 42401 42289 42326 42363
42402 42497 42425 42448 42471
42498 42649 42535 42572 42609
42650 43194 42786 42922 43058
43195 43692 43319 43443 43567
43693 43737 43704 43715 43726
43738 43804 43754 43770 43786
43805 44117 43883 43961 44039
44118 44200 44138 44158 44178
44201 44863 44366 44531 44696
44864 44913 44876 44888 44900
44914 44996 44934 44954 44974
44997 45055 44997 44997 45039
45056 45165 45083 45110 45137
45166 45223 45180 45194 45208
45224 45288 45240 45256 45272
45289 45345 45303 45317 45331
45346 45383 45355 45364 45373
45384 45469 45405 45426 45447
45470 45629 45509 45548 45587
45630 45826 45679 45728 45777
45827 45914 45848 45869 45890
45915 46253 45999 46083 46167
46254 46290 46263 46272 46281
46291 46360 46308 46325 46342
46361 46432 46378 46395 46412
46433 46600 46474 46515 46556
46601 46761 46641 46681 46721
46762 46857 46785 46808 46831
46858 47119 46923 46988 47053
47120 47257 47154 47188 47222
47258 47675 47362 47466 47570
47676 47787 47703 47730 47757
47788 48024 47847 47906 47965
48025 48064 48034 48043 48052
48065 48102 48074 48083 48092
48103 48162 48117 48131 48145
48163 48190 48169 48175 48181
48191 48240 48203 48215 48227
48241 48304 48256 48271 48286
48305 48372 48321 48337 48353
48373 48469 48397 48421 48445
48470 48669 48519 48568 48617
48670 48803 48703 48736 48769
48804 49112 48881 48958 49035
49113 49151 49122 49131 49140
49152 49279 49183 49214 49245
49280 49392 49308 49336 49364
49393 49471 49412 49431 49450
49472 49565 49495 49518 49541
49566 49665 49590 49614 49638
49666 49715 49678 49690 49702
49716 49782 49732 49748 49764
49783 49870 49804 49825 49846
49871 49912 49881 49891 49901
49913 49965 49926 49939 49952
49966 50044 49985 50004 50023
50045 50110 50061 50077 50093
50111 50144 50119 50127 50135
50145 50194 50157 50169 50181
50195 50332 50229 50263 50297
50333 50409 50352 50371 50390
50410 50547 50444 50478 50512
50548 50608 50563 50578 50593
50609 50645 50618 50627 50636
50646 50712 50662 50678 50694
50713 50806 50736 50759 50782
50807 50873 50823 50839 50855
50874 50936 50889 50904 50919
50937 51023 50958 50979 51000
51024 51114 51046 51068 51090
51115 51247 51148 51181 51214
51248 51363 51276 51304 51332
51364 51558 51412 51460 51508
51559 51710 51596 51633 51670
51711 51791 51731 51751 51771
51792 51844 51805 51818 51831
51845 51918 51863 51881 51899
51919 52126 51970 52021 52072
52127 52318 52174 52221 52268
52319 52346 52325 52331 52337
52347 52380 52355 52363 52371
52381 52512 52413 52445 52477
52513 52567 52526 52539 52552
52568 52794 52624 52680 52736
52795 52898 52820 52845 52870
52899 53022 52929 52959 52989
53023 53155 53056 53089 53122
53156 53237 53176 53196 53216
53238 53298 53253 53268 53283
53299 53346 53310 53321 53332
53347 53431 53368 53389 53410
53432 53505 53450 53468 53486
53506 53600 53529 53552 53575
53601 53641 53611 53621 53631
53642 53722 53662 53682 53702
53723 53767 53734 53745 53756
53768 53908 53803 53838 53873
53909 54002 53932 53955 53978
54003 54182 54047 54091 54135
54183 54372 54230 54277 54324
54373 54448 54391 54409 54427
54449 54565 54478 54507 54536
54566 54633 54582 54598 54614
54634 54687 54647 54660 54673
54688 54722 54696 54704 54712
54723 54812 54745 54767 54789
54813 54930 54842 54871 54900
54931 55008 54950 54969 54988
55009 55069 55024 55039 55054
55070 55159 55092 55114 55136
55160 55189 55167 55174 55181
55190 55280 55212 55234 55256
55281 55319 55290 55299 55308
55320 55526 55371 55422 55473
55527 55606 55546 55565 55584
55607 55705 55631 55655 55679
55706 55760 55719 55732 55745
55761 55807 55772 55783 55794
55808 55861 55821 55834 55847
55862 55968 55888 55914 55940
55969 55994 55975 55981 55987
55995 56052 56009 56023 56037
56053 56171 56082 56111 56140
56172 56283 56199 56226 56253
56284 56347 56299 56314 56329
56348 56452 56374 56400 56426
56453 56513 56468 56483 56498
56514 56581 56530 56546 56562
56582 56637 56595 56608 56621
56638 56812 56681 56724 56767
56813 56894 56833 56853 56873
56895 56984 56917 56939 56961
56985 57072 57006 57027 57048
57073 57185 57101 57129 57157
57186 57419 57244 57302 57360
57420 57493 57438 57456 57474
57494 57624 57526 57558 57590
57625 57657 57633 57641 57649
57658 57741 57678 57698 57718
57742 57838 57766 57790 57814
57839 57956 57868 57897 57926
57957 57991 57965 57973 57981
57992 58136 58028 58064 58100
58137 58225 58159 58181 58203
58226 58288 58241 58256 58271
58289 58390 58314 58339 58364
58391 58481 58413 58435 58457
58482 58572 58504 58526 58548
58573 58622 58585 58597 58609
58623 58666 58633 58643 58653
58667 58773 58693 58719 58745
58774 58925 58811 58848 58885
58926 58988 58941 58956 58971
58989 59117 59021 59053 59085
59118 59196 59137 59156 59175
59197 59277 59217 59237 59257
59278 59445 59319 59360 59401
59446 59488 59456 59466 59476
59489 59565 59508 59527 59546
59566 59628 59581 59596 59611
59629 59730 59654 59679 59704
59731 59775 59742 59753 59764
59776 59950 59819 59862 59905
59951 60107 59963 59975 60078
60108 60674 60249 60390 60531
60675 60983 60752 60829 60906
60984 61019 60992 61000 61008
61020 61300 61090 61160 61230
61301 61396 61324 61347 61370
61397 61480 61417 61437 61457
61481 61540 61495 61509 61523
61541 61610 61558 61575 61592
61611 61752 61646 61681 61716
61753 61817 61769 61785 61801
61818 61871 61831 61844 61857
61872 61891 61876 61880 61884
61892 61955 61907 61922 61937
61956 62110 61994 62032 62070
62111 62177 62127 62143 62159
62178 62231 62191 62204 62217
62232 62352 62262 62292 62322
62353 62376 62358 62363 62368
62377 62410 62385 62393 62401
62411 62457 62422 62433 62444
62458 62645 62504 62550 62596
62646 62727 62666 62686 62706
62728 63445 62907 63086 63265
63446 63539 63469 63492 63515
63540 63703 63580 63620 63660
63704 63744 63714 63724 63734
63745 63833 63767 63789 63811
63834 64019 63880 63926 63972
64020 64058 64029 64038 64047
64059 64561 64184 64309 64434
64562 64582 64567 64572 64577
64583 64625 64593 64603 64613
64626 64738 64654 64682 64710
64739 64838 64763 64787 64811
64839 64883 64850 64861 64872
64884 64948 64900 64916 64932
64949 65020 64966 64983 65000
65021 65114 65044 65067 65090
65115 65371 65179 65243 65307
65372 65481 65399 65426 65453
65482 65584 65507 65532 65557
65585 65606 65590 65595 65600
65607 65624 65611 65615 65619
65625 65715 65647 65669 65691
65716 65746 65723 65730 65737
65747 65832 65768 65789 65810
65833 65959 65864 65895 65926
65960 65984 65966 65972 65978
65985 66044 65999 66013 66027
66045 66144 66069 66093 66117
66145 66207 66160 66175 66190
66208 66254 66219 66230 66241
66255 66391 66289 66323 66357
66392 66453 66407 66422 66437
66454 67846 66802 67150 67498
67847 68187 67932 68017 68102
68188 68471 68258 68328 68398
68472 68648 68516 68560 68604
68649 68756 68675 68701 68727
68757 68818 68772 68787 68802
68819 69012 68867 68915 68963
69013 69104 69035 69057 69079
69105 69259 69143 69181 69219
69260 69325 69276 69292 69308
69326 69407 69346 69366 69386
69408 69492 69429 69450 69471
69493 69572 69512 69531 69550
69573 69743 69615 69657 69699
69744 69799 69757 69770 69783
69800 69973 69843 69886 69929
69974 70121 70010 70046 70082
70122 70246 70153 70184 70215
70247 70295 70259 70271 70283
70296 70336 70306 70316 70326
70337 70364 70343 70349 70355
70365 70424 70379 70393 70407
70425 70466 70435 70445 70455
70467 70514 70478 70489 70500
70515 70591 70534 70553 70572
70592 70626 70600 70608 70616
70627 70769 70662 70697 70732
70770 70848 70789 70808 70827
70849 71005 70888 70927 70966
71006 71108 71031 71056 71081
71109 71175 71125 71141 71157
71176 71341 71217 71258 71299
71342 71394 71355 71368 71381
71395 71646 71457 71519 71581
71647 71720 71665 71683 71701
71721 71764 71731 71741 71751
71765 71822 71779 71793 71807
71823 71956 71856 71889 71922
71957 72101 71993 72029 72065
72102 72176 72120 72138 72156
72177 72289 72205 72233 72261
72290 72368 72309 72328 72347
72369 72515 72405 72441 72477
72516 72549 72524 72532 72540
72550 72594 72561 72572 72583
72595 72635 72605 72615 72625
72636 72709 72654 72672 72690
72710 72780 72727 72744 72761
72781 72882 72806 72831 72856
72883 72959 72902 72921 72940
72960 73006 72971 72982 72993
73007 73051 73018 73029 73040
73052 73114 73067 73082 73097
73115 73190 73133 73151 73169
73191 73243 73204 73217 73230
73244 73359 73272 73300 73328
73360 73627 73426 73492 73558
73628 73747 73657 73686 73715
73748 73825 73767 73786 73805
73826 73848 73831 73836 73841
73849 73908 73863 73877 73891
73909 74005 73933 73957 73981
74006 74145 74040 74074 74108
74146 74245 74170 74194 74218
74246 74292 74257 74268 74279
74293 74355 74308 74323 74338
74356 74377 74361 74366 74371
74378 74456 74397 74416 74435
74457 74607 74494 74531 74568
74608 74638 74615 74622 74629
74639 74672 74647 74655 74663
74673 74698 74679 74685 74691
74699 74771 74717 74735 74753
74772 74831 74786 74800 74814
74832 74966 74865 74898 74931
74967 75067 74975 74983 75048
75068 75272 75119 75170 75221
75273 75317 75284 75295 75306
75318 75421 75343 75368 75393
75422 75538 75451 75480 75509
75539 75620 75559 75579 75599
75621 75649 75628 75635 75642
75650 75691 75660 75670 75680
75692 75760 75709 75726 75743
75761 75841 75781 75801 75821
75842 75904 75857 75872 75887
75905 75947 75915 75925 75935
75948 75995 75959 75970 75981
75996 76137 76031 76066 76101
76138 76224 76159 76180 76201
76225 76302 76244 76263 76282
76303 76343 76313 76323 76333
76344 76442 76368 76392 76416
76443 76485 76453 76463 76473
76486 76561 76504 76522 76540
76562 76613 76574 76586 76598
76614 76678 76630 76646 76662
76679 76766 76700 76721 76742
76767 76838 76784 76801 76818
76839 76875 76848 76857 76866
76876 76995 76905 76934 76963
76996 77126 77028 77060 77092
77127 77208 77147 77167 77187
77209 77232 77214 77219 77224
77233 77312 77252 77271 77290
77313 77399 77334 77355 77376
77400 77452 77413 77426 77439
77453 77580 77484 77515 77546
77581 77671 77603 77625 77647
77672 77689 77676 77680 77684
77690 77707 77694 77698 77702
77708 77729 77713 77718 77723
77730 77769 77739 77748 77757
77770 77822 77783 77796 77809
77823 77880 77837 77851 77865
77881 77933 77894 77907 77920
77934 78095 77974 78014 78054
78096 78276 78141 78186 78231
78277 78468 78324 78371 78418
78469 78664 78517 78565 78613
78665 78811 78701 78737 78773
78812 78831 78816 78820 78824
78832 78880 78844 78856 78868
78881 78927 78892 78903 78914
78928 78973 78939 78950 78961
78974 79100 79005 79036 79067
79101 79148 79112 79123 79134
79149 79223 79167 79185 79203
79224 79312 79246 79268 79290
79313 79457 79349 79385 79421
79458 79557 79482 79506 79530
79558 79639 79578 79598 79618
79640 79847 79691 79742 79793
79848 80906 80112 80376 80640
80907 81714 81108 81309 81510
81715 82026 81792 81869 81946
82027 82206 82071 82115 82159
82207 82338 82239 82271 82303
82339 82673 82422 82505 82588
82674 82769 82697 82720 82743
82770 83013 82830 82890 82950
83014 83129 83042 83070 83098
83130 83272 83165 83200 83235
83273 83594 83353 83433 83513
83595 83675 83615 83635 83655
83676 83794 83705 83734 83763
83795 83881 83816 83837 83858
83882 83996 83910 83938 83966
83997 84087 84019 84041 84063
84088 84233 84124 84160 84196
84234 84545 84311 84388 84465
84546 84652 84572 84598 84624
84653 85046 84751 84849 84947
85047 85201 85085 85123 85161
85202 85528 85283 85364 85445
85529 85610 85549 85569 85589
85611 85933 85691 85771 85851
85934 86205 86001 86068 86135
86206 86607 86306 86406 86506
86608 86698 86630 86652 86674
86699 86786 86720 86741 86762
86787 86891 86813 86839 86865
86892 87207 86970 87048 87126
87208 87276 87225 87242 87259
87277 87473 87326 87375 87424
87474 87571 87498 87522 87546
87572 87791 87626 87680 87734
87792 87914 87822 87852 87882
87915 87951 87924 87933 87942
87952 88297 88038 88124 88210
88298 88351 88311 88324 88337
88352 88400 88364 88376 88388
88401 88471 88418 88435 88452
88472 88493 88477 88482 88487
88494 88560 88510 88526 88542
88561 88727 88602 88643 88684
88728 88834 88754 88780 88806
88835 89088 88898 88961 89024
89089 89155 89105 89121 89137
89156 89417 89221 89286 89351
89418 89505 89439 89460 89481
89506 89555 89518 89530 89542
89556 89665 89583 89610 89637
89666 89708 89676 89686 89696
89709 89774 89725 89741 89757
89775 89804 89782 89789 89796
89805 89961 89844 89883 89922
89962 90074 89971 89980 90054
90075 90240 90116 90157 90198
90241 90321 90261 90281 90301
90322 90972 90484 90646 90808
90973 91039 90989 91005 91021
91040 91108 91057 91074 91091
91109 91160 91121 91133 91145
91161 91376 91214 91267 91320
91377 91488 91404 91431 91458
91489 91613 91520 91551 91582
91614 91777 91654 91694 91734
91778 91897 91807 91836 91865
91898 92028 91930 91962 91994
92029 92173 92065 92101 92137
92174 92537 92264 92354 92444
92538 92709 92580 92622 92664
92710 92783 92728 92746 92764
92784 92872 92806 92828 92850
92873 92984 92900 92927 92954
92985 93412 93091 93197 93303
93413 93825 93516 93619 93722
93826 93901 93844 93862 93880
93902 93984 93922 93942 93962
93985 94022 93994 94003 94012
94023 94059 94032 94041 94050
94060 94197 94094 94128 94162
94198 94427 94255 94312 94369
94428 94523 94451 94474 94497
94524 94927 94624 94724 94824
94928 94965 94937 94946 94955
94966 95056 94988 95010 95032
95057 95131 95075 95093 95111
95132 96198 95398 95664 95930
96199 96268 96216 96233 96250
96269 96444 96312 96355 96398
96445 96573 96477 96509 96541
96574 96694 96604 96634 96664
96695 96723 96702 96709 96716
96724 96759 96732 96740 96748
96760 97020 96825 96890 96955
97021 97863 97231 97441 97651
97864 98118 97927 97990 98053
98119 98751 98277 98435 98593
98752 98853 98777 98802 98827
98854 98958 98880 98906 98932
98959 99038 98978 98997 99016
99039 99078 99048 99057 99066
99079 99253 99122 99165 99208
99254 99411 99293 99332 99371
99412 99554 99447 99482 99517
99555 99601 99566 99577 99588
99602 99631 99609 99616 99623
99632 99667 99640 99648 99656
99668 99795 99699 99730 99761
99796 99834 99805 99814 99823
99835 99998 99875 99915 99955
99999 100049 100011 100023 100035
100050 100091 100060 100070 100080
100092 100118 100098 100104 100110
100119 100169 100131 100143 100155
100170 100197 100176 100182 100188
100198 100219 100203 100208 100213
100220 100245 100226 100232 100238
100246 100304 100260 100274 100288
100305 100336 100312 100319 100326
100337 100397 100352 100367 100382
100398 100438 100408 100418 100428
100439 100513 100457 100475 100493
100514 100594 100534 100554 100574
100595 100949 100683 100771 100859
100950 101091 100985 101020 101055
101092 101115 101097 101102 101107
101116 101155 101125 101134 101143
101156 101195 101165 101174 101183
101196 101230 101204 101212 101220
101231 101299 101248 101265 101282
101300 101464 101341 101382 101423
101465 101486 101470 101475 101480
101487 101533 101498 101509 101520
101534 101622 101556 101578 101600
101623 101808 101669 101715 101761
101809 101829 101814 101819 101824
101830 101852 101835 101840 101845
101853 101878 101859 101865 101871
101879 101922 101889 101899 101909
101923 101954 101930 101937 101944
101955 101981 101961 101967 101973
101982 102010 101989 101996 102003
102011 102033 102016 102021 102026
102034 102169 102067 102100 102133
102170 102219 102182 102194 102206
102220 102280 102235 102250 102265
102281 102322 102291 102301 102311
102323 102358 102331 102339 102347
102359 102405 102370 102381 102392
102406 102449 102416 102426 102436
102450 102541 102472 102494 102516
102542 102579 102551 102560 102569
102580 102611 102587 102594 102601
102612 102641 102619 102626 102633
102642 102665 102647 102652 102657
102666 102792 102697 102728 102759
102793 102825 102801 102809 102817
102826 102868 102836 102846 102856
102869 102921 102882 102895 102908
102922 102958 102931 102940 102949
102959 103045 102980 103001 103022
103046 103106 103061 103076 103091
103107 103135 103114 103121 103128
103136 103195 103150 103164 103178
103196 103225 103203 103210 103217
103226 103252 103232 103238 103244
103253 103347 103276 103299 103322
103348 103458 103375 103402 103429
103459 103500 103469 103479 103489
103501 103532 103508 103515 103522
103533 103555 103538 103543 103548
103556 103587 103563 103570 103577
103588 103632 103599 103610 103621
103633 103693 103648 103663 103678
103694 103742 103706 103718 103730
103743 103813 103760 103777 103794
103814 103835 103819 103824 103829
103836 103872 103845 103854 103863
103873 103945 103891 103909 103927
103946 104013 103962 103978 103994
104014 104053 104023 104032 104041
104054 104082 104061 104068 104075
104083 104103 104088 104093 104098
104104 104139 104112 104120 104128
104140 104166 104146 104152 104158
104167 104235 104184 104201 104218
104236 104308 104254 104272 104290
104309 104354 104320 104331 104342
104355 104406 104367 104379 104391
104407 104426 104411 104415 104419
104427 104463 104436 104445 104454
104464 104482 104468 104472 104476
104483 104504 104488 104493 104498
104505 104542 104514 104523 104532
104543 104593 104555 104567 104579
104594 104627 104602 104610 104618
104628 104649 104633 104638 104643
104650 104668 104654 104658 104662
104669 104736 104685 104701 104717
104737 104777 104747 104757 104767
104778 104806 104785 104792 104799
104807 104881 104825 104843 104861
104882 105003 104911 104940 105000
105004 105081 105023 105042 105061
105082 105232 105119 105156 105193
105233 105331 105257 105281 105305
105332 105420 105354 105376 105398
105421 105470 105433 105445 105457
105471 105506 105479 105487 105495
105507 105543 105516 105525 105534
105544 105700 105583 105622 105661
105701 105729 105708 105715 105722
105730 105791 105745 105760 105775
105792 105843 105804 105816 105828
105844 105906 105859 105874 105889
105907 105944 105916 105925 105934
105945 106035 105967 105989 106011
106036 106059 106041 106046 106051
106060 106088 106067 106074 106081
106089 106136 106100 106111 106122
106137 106179 106147 106157 106167
106180 106201 106185 106190 106195
106202 106233 106209 106216 106223
106234 106281 106245 106256 106267
106282 106466 106328 106374 106420
106467 106506 106476 106485 106494
106507 106571 106523 106539 106555
106572 106624 106585 106598 106611
106625 106767 106660 106695 106730
106768 106816 106780 106792 106804
106817 106992 106860 106903 106946
106993 107017 106999 107005 107011
107018 107054 107027 107036 107045
107055 107148 107078 107101 107124
107149 107532 107244 107339 107434
107533 108959 107889 108245 108601
108960 109257 109034 109108 109182
109258 109615 109347 109436 109525
109616 109708 109639 109662 109685
109709 109934 109765 109821 109877
109935 110007 109953 109971 109989
110008 110179 110050 110092 110134
110180 110228 110192 110204 110216
110229 110399 110271 110313 110355
110400 110613 110453 110506 110559
110614 110711 110638 110662 110686
110712 110872 110752 110792 110832
110873 110993 110903 110933 110963
110994 111193 111043 111092 111141
111194 111246 111207 111220 111233
111247 111304 111261 111275 111289
111305 111369 111321 111337 111353
111370 111438 111387 111404 111421
111439 111478 111448 111457 111466
111479 111561 111499 111519 111539
111562 111730 111604 111646 111688
111731 111768 111740 111749 111758
111769 111886 111798 111827 111856
111887 111933 111898 111909 111920
111934 112001 111950 111966 111982
112002 112064 112017 112032 112047
112065 112236 112107 112149 112191
112237 112285 112249 112261 112273
112286 112414 112318 112350 112382
112415 112460 112426 112437 112448
112461 112564 112486 112511 112536
112565 112635 112582 112599 112616
112636 112705 112653 112670 112687
112706 112806 112731 112756 112781
112807 112838 112814 112821 112828
112839 112857 112843 112847 112851
112858 112986 112890 112922 112954
112987 113105 113016 113045 113074
113106 113181 113124 113142 113160
113182 113319 113216 113250 113284
113320 113428 113347 113374 113401
113429 113700 113496 113563 113630
113701 113966 113767 113833 113899
113967 114107 114002 114037 114072
114108 114131 114113 114118 114123
114132 114365 114190 114248 114306
114366 114393 114372 114378 114384
114394 114432 114403 114412 114421
114433 114474 114443 114453 114463
114475 114512 114484 114493 114502
114513 114542 114520 114527 114534
114543 114582 114552 114561 114570
114583 114651 114600 114617 114634
114652 114738 114673 114694 114715
114739 114757 114743 114747 114751
114758 114823 114774 114790 114806
114824 114865 114834 114844 114854
114866 114897 114873 114880 114887
114898 114918 114903 114908 114913
114919 114955 114928 114937 114946
114956 114994 114965 114974 114983
114995 115016 115000 115005 115010
115017 115033 115021 115025 115029
115034 115063 115041 115048 115055
115064 115137 115082 115100 115118
115138 115250 115166 115194 115222
115251 115641 115348 115445 115542
115642 115723 115662 115682 115702
115724 115783 115738 115752 115766
115784 115900 115813 115842 115871
115901 116043 115936 115971 116006
116044 116279 116102 116160 116218
116280 116316 116289 116298 116307
116317 116351 116325 116333 116341
116352 116542 116399 116446 116493
116543 116616 116561 116579 116597
116617 116660 116627 116637 116647
116661 116766 116687 116713 116739
116767 116799 116775 116783 116791
116800 116977 116844 116888 116932
116978 117023 116989 117000 117011
117024 117206 117069 117114 117159
117207 117297 117229 117251 117273
117298 117521 117353 117408 117463
117522 117661 117556 117590 117624
117662 117808 117698 117734 117770
117809 118208 117908 118007 118106
118209 118278 118226 118243 118260
118279 118362 118299 118319 118339
118363 118428 118379 118395 118411
118429 118489 118444 118459 118474
118490 118535 118501 118512 118523
118536 118580 118547 118558 118569
118581 118608 118587 118593 118599
118609 118685 118628 118647 118666
118686 118853 118727 118768 118809
118854 118895 118864 118874 118884
118896 118965 118913 118930 118947
118966 119024 118980 118994 119008
119025 120333 119268 119511 120249
120334 120456 120364 120394 120424
120457 120568 120484 120511 120538
120569 120790 120624 120679 120734
120791 120858 120807 120823 120839
120859 120901 120869 120879 120889
120902 121012 120929 120956 120983
121013 121203 121060 121107 121154
121204 121413 121256 121308 121360
121414 121533 121443 121472 121501
121534 121583 121546 121558 121570
121584 121716 121617 121650 121683
121717 121822 121743 121769 121795
121823 121879 121837 121851 121865
121880 121933 121893 121906 121919
121934 121981 121945 121956 121967
121982 122062 122002 122022 122042
122063 122112 122075 122087 122099
122113 122302 122160 122207 122254
122303 122376 122321 122339 122357
122377 122548 122419 122461 122503
122549 122721 122592 122635 122678
122722 122807 122743 122764 122785
122808 122889 122828 122848 122868
122890 122985 122913 122936 122959
122986 123064 123005 123024 123043
123065 123100 123073 123081 123089
123101 123176 123119 123137 123155
123177 123353 123221 123265 123309
123354 123415 123369 123384 123399
123416 123481 123432 123448 123464
123482 123563 123502 123522 123542
123564 123590 123570 123576 123582
123591 123611 123596 123601 123606
123612 123700 123634 123656 123678
123701 123754 123714 123727 123740
123755 123922 123796 123837 123878
123923 124005 123943 123963 123983
124006 124094 124028 124050 124072
124095 124154 124109 124123 124137
124155 124216 124170 124185 124200
124217 124274 124231 124245 124259
124275 124338 124290 124305 124320
124339 124498 124378 124417 124456
124499 124598 124523 124547 124571
124599 124635 124608 124617 124626
124636 124931 124709 124782 124855
124932 125043 124959 124986 125013
125044 125089 125055 125066 125077
125090 125209 125119 125148 125177
125210 125293 125230 125250 125270
125294 125471 125338 125382 125426
125472 125536 125488 125504 125520
125537 125582 125548 125559 125570
125583 125664 125603 125623 125643
125665 125741 125684 125703 125722
125742 125837 125765 125788 125811
125838 125914 125857 125876 125895
125915 125980 125931 125947 125963
125981 126169 126028 126075 126122
126170 126224 126183 126196 126209
126225 126366 126260 126295 126330
126367 126632 126433 126499 126565
126633 126964 126715 126797 126879
126965 127084 126994 127023 127052
127085 127174 127107 127129 127151
127175 127377 127225 127275 127325
127378 127487 127405 127432 127459
127488 127562 127506 127524 127542
127563 127832 127630 127697 127764
127833 127964 127865 127897 127929
127965 128119 128003 128041 128079
128120 128334 128173 128226 128279
128335 128643 128412 128489 128566
128644 128693 128656 128668 128680
128694 129374 128864 129034 129204
129375 129763 129472 129569 129666
129764 129826 129779 129794 129809
129827 129939 129855 129883 129911
129940 130022 129960 129980 130000
130023 130195 130066 130109 130152
130196 130284 130218 130240 130262
130285 130906 130440 130595 130750
130907 131066 130946 130985 131024
131067 131303 131126 131185 131244
131304 131515 131356 131408 131460
131516 131629 131544 131572 131600
131630 131810 131675 131720 131765
131811 132497 131982 132153 132324
132498 132537 132507 132516 132525
132538 132998 132653 132768 132883
132999 133116 133028 133057 133086
133117 133305 133164 133211 133258
133306 133537 133363 133420 133477
133538 133888 133625 133712 133799
133889 133909 133894 133899 133904
133910 134045 133943 133976 134009
134046 134093 134057 134068 134079
134094 134160 134110 134126 134142
134161 134319 134200 134239 134278
134320 134431 134347 134374 134401
134432 134507 134450 134468 134486
134508 134548 134518 134528 134538
134549 134590 134559 134569 134579
134591 134628 134600 134609 134618
134629 134661 134637 134645 134653
134662 134721 134676 134690 134704
134722 134771 134734 134746 134758
134772 134922 134809 134846 134883
134923 134986 134938 134953 134968
134987 135037 134990 134993 135027
135038 135073 135046 135054 135062
135074 135117 135084 135094 135104
135118 135201 135138 135158 135178
135202 135269 135218 135234 135250
135270 136098 135477 135684 135891
136099 136297 136148 136197 136246
136298 136391 136321 136344 136367
136392 136521 136424 136456 136488
136522 136548 136528 136534 136540
136549 136574 136555 136561 136567
136575 136626 136587 136599 136611
136627 136663 136636 136645 136654
136664 136690 136670 136676 136682
136691 136719 136698 136705 136712
136720 136753 136728 136736 136744
136754 136803 136766 136778 136790
136804 136833 136811 136818 136825
136834 136870 136843 136852 136861
136871 136921 136883 136895 136907
136922 136962 136932 136942 136952
136963 137018 136976 136989 137002
137019 137056 137028 137037 137046
137057 137089 137065 137073 137081
137090 137222 137123 137156 137189
137223 137339 137252 137281 137310
137340 137419 137359 137378 137397
137420 137457 137429 137438 137447
137458 137526 137475 137492 137509
137527 137654 137558 137589 137620
137655 137947 137728 137801 137874
137948 138026 137967 137986 138005
138027 138125 138051 138075 138099
138126 138234 138153 138180 138207
138235 138344 138262 138289 138316
138345 138471 138376 138407 138438
138472 138571 138496 138520 138544
138572 138741 138614 138656 138698
138742 138936 138790 138838 138886
138937 139074 138971 139005 139039
139075 139160 139096 139117 139138
139161 139227 139177 139193 139209
139228 139463 139286 139344 139402
139464 139545 139484 139504 139524
139546 139600 139559 139572 139585
139601 139673 139619 139637 139655
139674 139793 139703 139732 139761
139794 139841 139805 139816 139827
139842 139980 139876 139910 139944
139981 140043 139996 140011 140026
140044 140354 140121 140198 140275
140355 140383 140362 140369 140376
140384 140432 140396 140408 140420
140433 140519 140454 140475 140496
140520 140574 140533 140546 140559
140575 140611 140584 140593 140602
140612 140680 140629 140646 140663
140681 140712 140688 140695 140702
140713 140747 140721 140729 140737
140748 140778 140755 140762 140769
140779 140875 140803 140827 140851
140876 140973 140900 140924 140948
140974 141143 141016 141058 141100
141144 141205 141159 141174 141189
141206 141308 141231 141256 141281
141309 141359 141321 141333 141345
141360 141554 141408 141456 141504
141555 141730 141598 141641 141684
141731 141791 141746 141761 141776
141792 141844 141805 141818 141831
141845 141883 141854 141863 141872
141884 141950 141900 141916 141932
141951 142002 141963 141975 141987
142003 142037 142011 142019 142027
142038 142122 142059 142080 142101
142123 142348 142179 142235 142291
142349 142405 142363 142377 142391
142406 142457 142418 142430 142442
142458 142524 142474 142490 142506
142525 142615 142547 142569 142591
142616 142975 142705 142794 142883
142976 143254 143045 143114 143183
143255 143355 143280 143305 143330
143356 143414 143370 143384 143398
143415 143955 143550 143685 143820
143956 143988 143964 143972 143980
143989 144025 143998 144007 144016
144026 144093 144042 144058 144074
144094 144167 144112 144130 144148
144168 144331 144208 144248 144288
144332 144406 144350 144368 144386
144407 144471 144423 144439 144455
144472 144533 144487 144502 144517
144534 144585 144546 144558 144570
144586 144633 144597 144608 144619
144634 144702 144651 144668 144685
144703 144751 144715 144727 144739
144752 144805 144765 144778 144791
144806 144853 144817 144828 144839
144854 144895 144864 144874 144884
144896 144940 144907 144918 144929
144941 144988 144952 144963 144974
144989 145019 144996 145003 145010
145020 145145 145051 145082 145113
145146 145236 145168 145190 145212
145237 145367 145269 145301 145333
145368 145458 145390 145412 145434
145459 145585 145490 145521 145552
145586 145804 145640 145694 145748
145805 145889 145826 145847 145868
145890 145989 145914 145938 145962
145990 146051 146005 146020 146035
146052 146245 146100 146148 146196
146246 146358 146274 146302 146330
146359 146407 146371 146383 146395
146408 146466 146422 146436 146450
146467 146593 146498 146529 146560
146594 146625 146601 146608 146615
146626 146668 146636 146646 146656
146669 146765 146693 146717 146741
146766 146867 146791 146816 146841
146868 146961 146891 146914 146937
146962 147099 146996 147030 147064
147100 147181 147120 147140 147160
147182 147224 147192 147202 147212
147225 147283 147239 147253 147267
147284 147442 147323 147362 147401
147443 147628 147489 147535 147581
147629 147689 147644 147659 147674
147690 147750 147705 147720 147735
147751 147874 147781 147811 147841
147875 147942 147891 147907 147923
147943 147982 147952 147961 147970
147983 148165 148028 148073 148118
148166 148207 148176 148186 148196
148208 148237 148215 148222 148229
148238 148323 148259 148280 148301
148324 148382 148338 148352 148366
148383 148593 148435 148487 148539
148594 148737 148629 148664 148699
148738 148801 148753 148768 148783
148802 148881 148821 148840 148859
148882 149086 148933 148984 149035
149087 149160 149105 149123 149141
149161 149223 149176 149191 149206
149224 149338 149252 149280 149308
149339 149544 149390 149441 149492
149545 149628 149565 149585 149605
149629 149730 149654 149679 149704
149731 149805 149749 149767 149785
149806 149868 149821 149836 149851
149869 149974 149895 149921 149947
149975 150058 149981 149987 150042
150059 150168 150086 150113 150140
150169 150246 150188 150207 150226
150247 150307 150262 150277 150292
150308 150342 150316 150324 150332
150343 150398 150356 150369 150382
150399 150472 150417 150435 150453
150473 150636 150513 150553 150593
150637 150733 150661 150685 150709
150734 150796 150749 150764 150779
150797 150940 150832 150867 150902
150941 151001 150956 150971 150986
151002 151053 151014 151026 151038
151054 151105 151066 151078 151090
151106 151192 151127 151148 151169
151193 151340 151229 151265 151301
151341 151374 151349 151357 151365
151375 151549 151418 151461 151504
151550 151701 151587 151624 151661
151702 151791 151724 151746 151768
151792 151995 151842 151892 151942
151996 152095 152020 152044 152068
152096 152183 152117 152138 152159
152184 152374 152231 152278 152325
152375 152426 152387 152399 152411
152427 152651 152483 152539 152595
152652 152714 152667 152682 152697
152715 152795 152735 152755 152775
152796 152869 152814 152832 152850
152870 152984 152898 152926 152954
152985 153082 153009 153033 153057
153083 153150 153099 153115 153131
153151 153231 153171 153191 153211
153232 153286 153245 153258 153271
153287 153388 153312 153337 153362
153389 153498 153416 153443 153470
153499 153554 153512 153525 153538
153555 153941 153651 153747 153843
153942 154023 153962 153982 154002
154024 154186 154064 154104 154144
154187 154232 154198 154209 154220
154233 154249 154237 154241 154245
154250 154272 154255 154260 154265
154273 154609 154357 154441 154525
154610 154660 154622 154634 154646
154661 154814 154699 154737 154775
154815 154872 154829 154843 154857
154873 155110 154932 154991 155050
155111 155255 155147 155183 155219
155256 155822 155397 155538 155679
155823 155931 155850 155877 155904
155932 155970 155941 155950 155959
155971 156024 155984 155997 156010
156025 156066 156035 156045 156055
156067 156240 156110 156153 156196
156241 156358 156270 156299 156328
156359 156499 156394 156429 156464
156500 156583 156520 156540 156560
156584 156643 156598 156612 156626
156644 156692 156656 156668 156680
156693 156764 156710 156727 156744
156765 156856 156787 156809 156831
156857 156974 156886 156915 156944
156975 157110 157008 157041 157074
157111 157157 157122 157133 157144
157158 157277 157187 157216 157245
157278 157320 157288 157298 157308
157321 157343 157326 157331 157336
157344 157384 157354 157364 157374
157385 157431 157396 157407 157418
157432 157485 157445 157458 157471
157486 157533 157497 157508 157519
157534 157571 157543 157552 157561
157572 157604 157580 157588 157596
157605 157695 157627 157649 157671
157696 157939 157756 157816 157876
157940 157984 157951 157962 157973
157985 158061 158004 158023 158042
158062 158106 158073 158084 158095
158107 158149 158117 158127 158137
158150 158360 158202 158254 158306
158361 158476 158389 158417 158445
158477 158633 158516 158555 158594
158634 158730 158658 158682 158706
158731 158880 158768 158805 158842
158881 158985 158907 158933 158959
158986 159060 159004 159022 159040
159061 159089 159068 159075 159082
159090 159159 159107 159124 159141
159160 159274 159188 159216 159244
159275 159309 159283 159291 159299
159310 159355 159321 159332 159343
159356 159395 159365 159374 159383
159396 159532 159430 159464 159498
159533 159735 159583 159633 159683
159736 160010 159804 159872 159940
160011 160140 160043 160075 160107
160141 160249 160168 160195 160222
160250 160391 160285 160320 160355
160392 160475 160412 160432 160452
160476 160535 160490 160504 160518
160536 160595 160550 160564 160578
160596 160710 160624 160652 160680
160711 160821 160738 160765 160792
160822 160874 160835 160848 160861
160875 160960 160896 160917 160938
160961 161040 160980 160999 161018
161041 161097 161055 161069 161083
161098 161160 161113 161128 161143
161161 161243 161181 161201 161221
161244 161314 161261 161278 161295
161315 161407 161338 161361 161384
161408 161455 161419 161430 161441
161456 161533 161475 161494 161513
161534 161637 161559 161584 161609
161638 161721 161658 161678 161698
161722 161777 161735 161748 161761
161778 161828 161790 161802 161814
161829 161869 161839 161849 161859
161870 161911 161880 161890 161900
161912 162018 161938 161964 161990
162019 162123 162045 162071 162097
162124 162177 162137 162150 162163
162178 162292 162206 162234 162262
162293 162338 162304 162315 162326
162339 162705 162430 162521 162612
162706 162924 162760 162814 162868
162925 163023 162949 162973 162997
163024 163148 163055 163086 163117
163149 163323 163192 163235 163278
163324 163370 163335 163346 163357
163371 163435 163387 163403 163419
163436 163538 163461 163486 163511
163539 163588 163551 163563 163575
163589 163650 163604 163619 163634
163651 163719 163668 163685 163702
163720 163761 163730 163740 163750
163762 163814 163775 163788 163801
163815 163864 163827 163839 163851
163865 163937 163883 163901 163919
163938 163997 163952 163966 163980
163998 164026 164005 164012 164019
164027 164111 164048 164069 164090
164112 164156 164123 164134 164145
164157 164203 164168 164179 164190
164204 164302 164228 164252 164276
164303 164365 164318 164333 164348
164366 164414 164378 164390 164402
164415 164557 164450 164485 164520
164558 164649 164580 164602 164624
164650 164676 164656 164662 164668
164677 164702 164683 164689 164695
164703 164760 164717 164731 164745
164761 164915 164799 164837 164875
164916 164959 164926 164936 164946
164960 165007 164969 164978 165003
165008 165138 165040 165072 165104
165139 165220 165159 165179 165199
165221 165271 165233 165245 165257
165272 165442 165314 165356 165398
165443 165528 165464 165485 165506
165529 165577 165541 165553 165565
165578 165620 165588 165598 165608
165621 165665 165632 165643 165654
165666 165690 165672 165678 165684
165691 165812 165721 165751 165781
165813 165840 165819 165825 165831
165841 165869 165848 165855 165862
165870 165912 165880 165890 165900
165913 165977 165929 165945 165961
165978 166115 166012 166046 166080
166116 166279 166156 166196 166236
166280 166312 166288 166296 166304
166313 166349 166322 166331 166340
166350 166380 166357 166364 166371
166381 166454 166399 166417 166435
166455 166524 166472 166489 166506
166525 166584 166539 166553 166567
166585 166644 166599 166613 166627
166645 166777 166678 166711 166744
166778 166838 166793 166808 166823
166839 167141 166914 166989 167064
167142 167244 167167 167192 167217
167245 167375 167277 167309 167341
167376 167509 167409 167442 167475
167510 167583 167528 167546 167564
167584 167711 167615 167646 167677
167712 167865 167750 167788 167826
167866 167917 167878 167890 167902
167918 167984 167934 167950 167966
167985 168016 167992 167999 168006
168017 168055 168026 168035 168044
168056 168106 168068 168080 168092
168107 168189 168127 168147 168167
168190 168287 168214 168238 168262
168288 168329 168298 168308 168318
168330 168385 168343 168356 168369
168386 168425 168395 168404 168413
168426 168627 168476 168526 168576
168628 168661 168636 168644 168652
168662 168680 168666 168670 168674
168681 168782 168706 168731 168756
168783 168819 168792 168801 168810
168820 168868 168832 168844 168856
168869 168895 168875 168881 168887
168896 168930 168904 168912 168920
168931 168955 168937 168943 168949
168956 169032 168975 168994 169013
169033 169076 169043 169053 169063
169077 169139 169092 169107 169122
169140 169187 169151 169162 169173
169188 169220 169196 169204 169212
169221 169302 169241 169261 169281
169303 169374 169320 169337 169354
169375 169420 169386 169397 169408
169421 169467 169432 169443 169454
169468 169522 169481 169494 169507
169523 169575 169536 169549 169562
169576 169697 169606 169636 169666
169698 169792 169721 169744 169767
169793 169826 169801 169809 169817
169827 169979 169865 169903 169941
169980 170059 169999 170018 170037
170060 170101 170070 170080 170090
170102 170167 170118 170134 170150
170168 170234 170184 170200 170216
170235 170266 170242 170249 170256
170267 170317 170279 170291 170303
170318 170352 170326 170334 170342
170353 170398 170364 170375 170386
170399 170427 170406 170413 170420
170428 170473 170439 170450 170461
170474 170521 170485 170496 170507
170522 170562 170532 170542 170552
170563 170607 170574 170585 170596
170608 170687 170627 170646 170665
170688 170769 170708 170728 170748
170770 170866 170794 170818 170842
170867 170900 170875 170883 170891
170901 170955 170914 170927 170940
170956 170988 170964 170972 170980
170989 171044 171002 171015 171028
171045 171078 171053 171061 171069
171079 171129 171091 171103 171115
171130 171173 171140 171150 171160
171174 171221 171185 171196 171207
171222 171252 171229 171236 171243
171253 171273 171258 171263 171268
171274 171329 171287 171300 171313
171330 171365 171338 171346 171354
171366 171382 171370 171374 171378
171383 171495 171411 171439 171467
171496 171565 171513 171530 171547
171566 171637 171583 171600 171617
171638 171696 171652 171666 171680
171697 171858 171737 171777 171817
171859 171972 171887 171915 171943
171973 172148 172016 172059 172102
172149 172258 172176 172203 172230
172259 172395 172293 172327 172361
172396 172461 172412 172428 172444
172462 172542 172482 172502 172522
172543 172614 172560 172577 172594
172615 172634 172619 172623 172627
172635 172821 172681 172727 172773
172822 172879 172836 172850 172864
172880 172907 172886 172892 172898
172908 172940 172916 172924 172932
172941 172984 172951 172961 172971
172985 173015 172992 172999 173006
173016 173034 173020 173024 173028
173035 173091 173049 173063 173077
173092 173108 173096 173100 173104
173109 173131 173114 173119 173124
173132 173249 173161 173190 173219
173250 173341 173272 173294 173316
173342 173619 173411 173480 173549
173620 174010 173717 173814 173911
174011 174231 174066 174121 174176
174232 174430 174281 174330 174379
174431 174583 174469 174507 174545
174584 174745 174624 174664 174704
174746 175040 174819 174892 174965
175041 175100 175055 175069 175083
175101 175170 175118 175135 175152
175171 182446 176378 177585 181833
