0 2931 732 1464 2196
2932 3033 2957 2982 3007
3034 3338 3110 3186 3262
3339 3387 3351 3363 3375
3388 3441 3401 3414 3427
3442 3543 3467 3492 3517
3544 3591 3555 3566 3577
3592 3671 3611 3630 3649
3672 3707 3680 3688 3696
3708 3730 3713 3718 3723
3731 3793 3746 3761 3776
3794 3889 3817 3840 3863
3890 3938 3902 3914 3926
3939 4014 3957 3975 3993
4015 4036 4020 4025 4030
4037 4061 4043 4049 4055
4062 4116 4075 4088 4101
4117 4261 4153 4189 4225
4262 4331 4279 4296 4313
4332 4375 4342 4352 4362
4376 4426 4388 4400 4412
4427 4466 4436 4445 4454
4467 4535 4484 4501 4518
4536 4563 4542 4548 4554
4564 4684 4594 4624 4654
4685 4878 4733 4781 4829
4879 4952 4897 4915 4933
4953 5043 4975 4997 5019
5044 5097 5057 5070 5083
5098 5140 5108 5118 5128
5141 5171 5148 5155 5162
5172 5191 5176 5180 5184
5192 5231 5201 5210 5219
5232 5337 5258 5284 5310
5338 5375 5347 5356 5365
5376 5544 5418 5460 5502
5545 5627 5565 5585 5605
5628 5713 5649 5670 5691
5714 5843 5746 5778 5810
5844 5917 5862 5880 5898
5918 5944 5924 5930 5936
5945 6090 5981 6017 6053
6091 6182 6113 6135 6157
6183 6238 6196 6209 6222
6239 6408 6281 6323 6365
6409 6483 6427 6445 6463
6484 6614 6516 6548 6580
6615 6655 6625 6635 6645
6656 6684 6663 6670 6677
6685 6713 6692 6699 6706
6714 6784 6731 6748 6765
6785 6805 6790 6795 6800
6806 6867 6821 6836 6851
6868 7011 6903 6938 6973
7012 7034 7017 7022 7027
7035 7088 7048 7061 7074
7089 7240 7126 7163 7200
7241 7319 7260 7279 7298
7320 7369 7332 7344 7356
7370 7403 7378 7386 7394
7404 7520 7433 7462 7491
7521 7582 7536 7551 7566
7583 7629 7594 7605 7616
7630 7691 7645 7660 7675
7692 7712 7697 7702 7707
7713 7767 7726 7739 7752
7768 7788 7773 7778 7783
7789 7827 7798 7807 7816
7828 7904 7847 7866 7885
7905 7942 7914 7923 7932
7943 7993 7955 7967 7979
7994 8072 8013 8032 8051
8073 8632 8212 8351 8490
8633 8775 8668 8703 8738
8776 8832 8790 8804 8818
8833 9113 8903 8973 9043
9114 9204 9136 9158 9180
9205 9271 9221 9237 9253
9272 9370 9296 9320 9344
9371 9448 9390 9409 9428
9449 9491 9459 9469 9479
9492 9541 9504 9516 9528
9542 9602 9557 9572 9587
9603 9740 9637 9671 9705
9741 9781 9751 9761 9771
9782 9875 9805 9828 9851
9876 10004 9908 9940 9972
10005 10627 10160 10315 10470
10628 10696 10645 10662 10679
10697 10794 10721 10745 10769
10795 10839 10806 10817 10828
10840 10904 10856 10872 10888
10905 11023 10934 10963 10992
11024 11389 11115 11206 11297
11390 11482 11413 11436 11459
11483 11550 11499 11515 11531
11551 11687 11585 11619 11653
11688 11742 11701 11714 11727
11743 11811 11760 11777 11794
11812 11911 11836 11860 11884
11912 11996 11933 11954 11975
11997 12112 12025 12053 12081
12113 12386 12181 12249 12317
12387 12436 12399 12411 12423
12437 12474 12446 12455 12464
12475 12525 12487 12499 12511
12526 12754 12583 12640 12697
12755 12811 12769 12783 12797
12812 12842 12819 12826 12833
12843 12931 12865 12887 12909
12932 12999 12948 12964 12980
13000 13142 13035 13070 13105
13143 13248 13169 13195 13221
13249 13521 13317 13385 13453
13522 13713 13569 13616 13663
13714 13821 13740 13766 13792
13822 13872 13834 13846 13858
13873 13914 13883 13893 13903
13915 13965 13927 13939 13951
13966 14025 13980 13994 14008
14026 14072 14037 14048 14059
14073 14107 14081 14089 14097
14108 14211 14133 14158 14183
14212 14260 14224 14236 14248
14261 14534 14329 14397 14465
14535 14595 14550 14565 14580
14596 14621 14602 14608 14614
14622 14695 14640 14658 14676
14696 14727 14703 14710 14717
14728 14774 14739 14750 14761
14775 14818 14785 14795 14805
14819 14852 14827 14835 14843
14853 14933 14873 14893 14913
14934 14967 14942 14950 14958
14968 14994 14974 14980 14986
14995 15135 14996 14997 15099
15136 15266 15168 15200 15232
15267 15289 15272 15277 15282
15290 15417 15321 15352 15383
15418 15451 15426 15434 15442
15452 15511 15466 15480 15494
15512 15631 15541 15570 15599
15632 15680 15644 15656 15668
15681 15713 15689 15697 15705
15714 15742 15721 15728 15735
15743 15897 15781 15819 15857
15898 15970 15916 15934 15952
15971 16072 15996 16021 16046
16073 16126 16086 16099 16112
16127 16195 16144 16161 16178
16196 16267 16213 16230 16247
16268 16326 16282 16296 16310
16327 16412 16348 16369 16390
16413 16550 16447 16481 16515
16551 16599 16563 16575 16587
16600 16772 16643 16686 16729
16773 16819 16784 16795 16806
16820 16858 16829 16838 16847
16859 16932 16877 16895 16913
16933 17080 16969 17005 17041
17081 17160 17100 17119 17138
17161 17239 17180 17199 17218
17240 17276 17249 17258 17267
17277 17358 17297 17317 17337
17359 17481 17389 17419 17449
17482 17540 17496 17510 17524
17541 17594 17554 17567 17580
17595 17652 17609 17623 17637
17653 17705 17666 17679 17692
17706 17821 17734 17762 17790
17822 17884 17837 17852 17867
17885 17936 17897 17909 17921
17937 17964 17943 17949 17955
17965 18015 17977 17989 18001
18016 18125 18043 18070 18097
18126 18191 18142 18158 18174
18192 18251 18206 18220 18234
18252 18320 18269 18286 18303
18321 18437 18350 18379 18408
18438 18510 18456 18474 18492
18511 18573 18526 18541 18556
18574 18608 18582 18590 18598
18609 18671 18624 18639 18654
18672 18740 18689 18706 18723
18741 18854 18769 18797 18825
18855 19071 18909 18963 19017
19072 19592 19202 19332 19462
19593 19874 19663 19733 19803
19875 20027 19913 19951 19989
20028 20161 20061 20094 20127
20162 21541 20506 20850 21194
21542 21632 21564 21586 21608
21633 22112 21752 21871 21990
22113 22159 22124 22135 22146
22160 22302 22195 22230 22265
22303 22376 22321 22339 22357
22377 22715 22461 22545 22629
22716 22780 22732 22748 22764
22781 23115 22864 22947 23030
23116 23308 23164 23212 23260
23309 23386 23328 23347 23366
23387 23422 23395 23403 23411
23423 23471 23435 23447 23459
23472 23505 23480 23488 23496
23506 23755 23568 23630 23692
23756 23781 23762 23768 23774
23782 23847 23798 23814 23830
23848 23937 23870 23892 23914
23938 24149 23990 24042 24094
24150 24195 24161 24172 24183
24196 24321 24227 24258 24289
24322 24438 24351 24380 24409
24439 24549 24466 24493 24520
24550 24620 24567 24584 24601
24621 24729 24648 24675 24702
24730 24794 24746 24762 24778
24795 24884 24817 24839 24861
24885 24927 24895 24905 24915
24928 24970 24938 24948 24958
24971 25188 25025 25079 25133
25189 25260 25206 25223 25240
25261 25323 25276 25291 25306
25324 25359 25332 25340 25348
25360 25462 25385 25410 25435
25463 25511 25475 25487 25499
25512 25541 25519 25526 25533
25542 25577 25550 25558 25566
25578 25606 25585 25592 25599
25607 25665 25621 25635 25649
25666 25738 25684 25702 25720
25739 25803 25755 25771 25787
25804 25918 25832 25860 25888
25919 25961 25929 25939 25949
25962 26137 26005 26048 26091
26138 26229 26160 26182 26204
26230 26277 26241 26252 26263
26278 26309 26285 26292 26299
26310 26341 26317 26324 26331
26342 26455 26370 26398 26426
26456 26509 26469 26482 26495
26510 26651 26545 26580 26615
26652 26785 26685 26718 26751
26786 26875 26808 26830 26852
26876 26946 26893 26910 26927
26947 27202 27010 27073 27136
27203 27245 27213 27223 27233
27246 27317 27263 27280 27297
27318 27372 27331 27344 27357
27373 27468 27396 27419 27442
27469 27510 27479 27489 27499
27511 27567 27525 27539 27553
27568 27744 27612 27656 27700
27745 27933 27792 27839 27886
27934 28002 27951 27968 27985
28003 28129 28034 28065 28096
28130 28179 28142 28154 28166
28180 28233 28193 28206 28219
28234 28306 28252 28270 28288
28307 28345 28316 28325 28334
28346 28392 28357 28368 28379
28393 28469 28412 28431 28450
28470 28541 28487 28504 28521
28542 28598 28556 28570 28584
28599 28626 28605 28611 28617
28627 28760 28660 28693 28726
28761 28942 28806 28851 28896
28943 29119 28987 29031 29075
29120 29177 29134 29148 29162
29178 29331 29216 29254 29292
29332 29367 29340 29348 29356
29368 29451 29388 29408 29428
29452 29670 29506 29560 29614
29671 29725 29684 29697 29710
29726 29757 29733 29740 29747
29758 29784 29764 29770 29776
29785 29818 29793 29801 29809
29819 29900 29839 29859 29879
29901 29985 29922 29943 29964
29986 30185 29989 29992 30138
30186 30215 30193 30200 30207
30216 30273 30230 30244 30258
30274 30323 30286 30298 30310
30324 30390 30340 30356 30372
30391 30552 30431 30471 30511
30553 30682 30585 30617 30649
30683 30884 30733 30783 30833
30885 30929 30896 30907 30918
30930 31062 30963 30996 31029
31063 31189 31094 31125 31156
31190 31231 31200 31210 31220
31232 31266 31240 31248 31256
31267 31328 31282 31297 31312
31329 31356 31335 31341 31347
31357 31391 31365 31373 31381
31392 31465 31410 31428 31446
31466 31581 31494 31522 31550
31582 31668 31603 31624 31645
31669 31820 31706 31743 31780
31821 32510 31993 32165 32337
32511 32771 32576 32641 32706
32772 32988 32826 32880 32934
32989 33181 33037 33085 33133
33182 33239 33196 33210 33224
33240 33294 33253 33266 33279
33295 33364 33312 33329 33346
33365 33390 33371 33377 33383
33391 33417 33397 33403 33409
33418 33475 33432 33446 33460
33476 33522 33487 33498 33509
33523 33571 33535 33547 33559
33572 33604 33580 33588 33596
33605 33660 33618 33631 33644
33661 33714 33674 33687 33700
33715 33752 33724 33733 33742
33753 33795 33763 33773 33783
33796 33819 33801 33806 33811
33820 33838 33824 33828 33832
33839 33916 33858 33877 33896
33917 33962 33928 33939 33950
33963 34024 33978 33993 34008
34025 34067 34035 34045 34055
34068 34324 34132 34196 34260
34325 34361 34334 34343 34352
34362 34383 34367 34372 34377
34384 34507 34414 34444 34474
34508 34547 34517 34526 34535
34548 34598 34560 34572 34584
34599 34721 34629 34659 34689
34722 34755 34730 34738 34746
34756 34792 34765 34774 34783
34793 34841 34805 34817 34829
34842 34897 34855 34868 34881
34898 34978 34918 34938 34958
34979 35069 35001 35023 35045
35070 35139 35087 35104 35121
35140 35228 35162 35184 35206
35229 35301 35247 35265 35283
35302 35342 35312 35322 35332
35343 35406 35358 35373 35388
35407 35459 35420 35433 35446
35460 35496 35469 35478 35487
35497 35543 35508 35519 35530
35544 35614 35561 35578 35595
35615 35648 35623 35631 35639
35649 35719 35666 35683 35700
35720 35766 35731 35742 35753
35767 35834 35783 35799 35815
35835 35902 35851 35867 35883
35903 35966 35918 35933 35948
35967 36016 35979 35991 36003
36017 36053 36026 36035 36044
36054 36114 36069 36084 36099
36115 36168 36128 36141 36154
36169 36243 36187 36205 36223
36244 36451 36295 36346 36397
36452 36621 36494 36536 36578
36622 36682 36637 36652 36667
36683 36875 36731 36779 36827
36876 36936 36891 36906 36921
36937 36988 36949 36961 36973
36989 37032 36999 37009 37019
37033 37062 37040 37047 37054
37063 37089 37069 37075 37081
37090 37107 37094 37098 37102
37108 37151 37118 37128 37138
37152 37257 37178 37204 37230
37258 37307 37270 37282 37294
37308 37444 37342 37376 37410
37445 37468 37450 37455 37460
37469 37605 37503 37537 37571
37606 37658 37619 37632 37645
37659 37687 37666 37673 37680
37688 37783 37711 37734 37757
37784 38149 37875 37966 38057
38150 38733 38295 38440 38585
38734 38807 38752 38770 38788
38808 38876 38825 38842 38859
38877 39030 38915 38953 38991
39031 39078 39042 39053 39064
39079 39107 39086 39093 39100
39108 39190 39128 39148 39168
39191 39344 39229 39267 39305
39345 39412 39361 39377 39393
39413 39662 39475 39537 39599
39663 39757 39686 39709 39732
39758 40010 39821 39884 39947
40011 40102 40033 40055 40077
40103 40458 40191 40279 40367
40459 40525 40475 40491 40507
40526 40626 40551 40576 40601
40627 40758 40659 40691 40723
40759 40857 40783 40807 40831
40858 40914 40872 40886 40900
40915 41023 40942 40969 40996
41024 41063 41033 41042 41051
41064 41147 41084 41104 41124
41148 41247 41172 41196 41220
41248 41347 41272 41296 41320
41348 41429 41368 41388 41408
41430 41468 41439 41448 41457
41469 41508 41478 41487 41496
41509 41595 41530 41551 41572
41596 41692 41620 41644 41668
41693 41742 41705 41717 41729
41743 41780 41752 41761 41770
41781 41867 41802 41823 41844
41868 41911 41878 41888 41898
41912 41958 41923 41934 41945
41959 42002 41969 41979 41989
42003 42058 42016 42029 42042
42059 42173 42087 42115 42143
42174 42476 42249 42324 42399
42477 42517 42487 42497 42507
42518 42588 42535 42552 42569
42589 42629 42599 42609 42619
42630 42661 42637 42644 42651
42662 42697 42670 42678 42686
42698 42763 42714 42730 42746
42764 42808 42775 42786 42797
42809 42893 42830 42851 42872
42894 42944 42906 42918 42930
42945 42983 42954 42963 42972
42984 43043 42998 43012 43026
43044 43115 43061 43078 43095
43116 43159 43126 43136 43146
43160 43213 43173 43186 43199
43214 43290 43233 43252 43271
43291 43344 43304 43317 43330
43345 43363 43349 43353 43357
43364 43392 43371 43378 43385
43393 43470 43412 43431 43450
43471 43576 43497 43523 43549
43577 43679 43602 43627 43652
43680 43703 43685 43690 43695
43704 43915 43756 43808 43860
43916 44532 44070 44224 44378
44533 44602 44550 44567 44584
44603 44742 44637 44671 44705
44743 44799 44757 44771 44785
44800 44841 44810 44820 44830
44842 44890 44854 44866 44878
44891 45024 44918 44945 45018
45025 45057 45033 45041 45049
45058 45155 45082 45106 45130
45156 45302 45192 45228 45264
45303 45329 45309 45315 45321
45330 45370 45340 45350 45360
45371 45451 45391 45411 45431
45452 45506 45465 45478 45491
45507 45639 45540 45573 45606
45640 45670 45647 45654 45661
45671 45737 45687 45703 45719
45738 45792 45751 45764 45777
45793 45833 45803 45813 45823
45834 45888 45847 45860 45873
45889 45912 45894 45899 45904
45913 45950 45922 45931 45940
45951 45982 45958 45965 45972
45983 46019 45992 46001 46010
46020 46062 46030 46040 46050
46063 46258 46111 46159 46207
46259 46335 46278 46297 46316
46336 46365 46343 46350 46357
46366 46444 46385 46404 46423
46445 46527 46465 46485 46505
46528 46566 46537 46546 46555
46567 46636 46584 46601 46618
46637 46691 46650 46663 46676
46692 46749 46706 46720 46734
46750 46784 46758 46766 46774
46785 46857 46803 46821 46839
46858 46894 46867 46876 46885
46895 46929 46903 46911 46919
46930 46981 46942 46954 46966
46982 47011 46989 46996 47003
47012 47037 47018 47024 47030
47038 47068 47045 47052 47059
47069 47787 47248 47427 47606
47788 47877 47810 47832 47854
47878 47969 47900 47922 47944
47970 48032 47985 48000 48015
48033 48076 48043 48053 48063
48077 48179 48102 48127 48152
48180 48231 48192 48204 48216
48232 48340 48259 48286 48313
48341 48785 48452 48563 48674
48786 48873 48807 48828 48849
48874 48924 48886 48898 48910
48925 48958 48933 48941 48949
48959 49003 48970 48981 48992
49004 49075 49021 49038 49055
49076 49123 49087 49098 49109
49124 49199 49142 49160 49178
49200 49244 49211 49222 49233
49245 49279 49253 49261 49269
49280 49386 49306 49332 49358
49387 49451 49403 49419 49435
49452 49508 49466 49480 49494
49509 49572 49524 49539 49554
49573 49704 49605 49637 49669
49705 49836 49737 49769 49801
49837 50011 49880 49923 49966
50012 50136 50043 50074 50105
50137 50228 50159 50181 50203
50229 50369 50264 50299 50334
50370 50403 50378 50386 50394
50404 50443 50413 50422 50431
50444 50465 50449 50454 50459
50466 50490 50472 50478 50484
50491 50530 50500 50509 50518
50531 50562 50538 50545 50552
50563 50633 50580 50597 50614
50634 50755 50664 50694 50724
50756 50810 50769 50782 50795
50811 50894 50831 50851 50871
50895 50960 50911 50927 50943
50961 51256 51034 51107 51180
51257 51531 51325 51393 51461
51532 51572 51542 51552 51562
51573 51682 51600 51627 51654
51683 51739 51697 51711 51725
51740 51774 51748 51756 51764
51775 51835 51790 51805 51820
51836 51887 51848 51860 51872
51888 51962 51906 51924 51942
51963 52109 51999 52035 52071
52110 52197 52131 52152 52173
52198 52245 52209 52220 52231
52246 52408 52286 52326 52366
52409 52489 52429 52449 52469
52490 52696 52541 52592 52643
52697 52849 52735 52773 52811
52850 53047 52899 52948 52997
53048 53107 53062 53076 53090
53108 53144 53117 53126 53135
53145 53245 53170 53195 53220
53246 53280 53254 53262 53270
53281 53316 53289 53297 53305
53317 53395 53336 53355 53374
53396 53476 53416 53436 53456
53477 53505 53484 53491 53498
53506 53525 53510 53514 53518
53526 53556 53533 53540 53547
53557 53609 53570 53583 53596
53610 53725 53638 53666 53694
53726 53873 53762 53798 53834
53874 53997 53904 53934 53964
53998 54042 54009 54020 54031
54043 54197 54081 54119 54157
54198 54273 54216 54234 54252
54274 54332 54288 54302 54316
54333 54430 54357 54381 54405
54431 54594 54471 54511 54551
54595 54679 54616 54637 54658
54680 54865 54726 54772 54818
54866 54996 54898 54930 54962
54997 55115 55026 55055 55084
55116 55152 55125 55134 55143
55153 55207 55166 55179 55192
55208 55233 55214 55220 55226
55234 55277 55244 55254 55264
55278 55319 55288 55298 55308
55320 55338 55324 55328 55332
55339 55390 55351 55363 55375
55391 55430 55400 55409 55418
55431 55462 55438 55445 55452
55463 55519 55477 55491 55505
55520 55628 55547 55574 55601
55629 55703 55647 55665 55683
55704 55756 55717 55730 55743
55757 55848 55779 55801 55823
55849 55927 55868 55887 55906
55928 56115 55974 56020 56066
56116 56236 56146 56176 56206
56237 56342 56263 56289 56315
56343 56449 56369 56395 56421
56450 56576 56481 56512 56543
56577 56634 56591 56605 56619
56635 56744 56662 56689 56716
56745 56807 56760 56775 56790
56808 56883 56826 56844 56862
56884 56970 56905 56926 56947
56971 57116 57007 57043 57079
57117 57223 57143 57169 57195
57224 57306 57244 57264 57284
57307 57368 57322 57337 57352
57369 57400 57376 57383 57390
57401 57429 57408 57415 57422
57430 57465 57438 57446 57454
57466 57498 57474 57482 57490
57499 57586 57520 57541 57562
57587 57717 57619 57651 57683
57718 57888 57760 57802 57844
57889 58107 57943 57997 58051
58108 58445 58192 58276 58360
58446 58634 58493 58540 58587
58635 58935 58710 58785 58860
58936 59035 58960 58984 59008
59036 59144 59063 59090 59117
59145 59197 59158 59171 59184
59198 59242 59209 59220 59231
59243 59288 59254 59265 59276
59289 59369 59309 59329 59349
59370 59412 59380 59390 59400
59413 59455 59423 59433 59443
59456 59542 59477 59498 59519
59543 59615 59561 59579 59597
59616 59653 59625 59634 59643
59654 59978 59735 59816 59897
59979 60059 59984 59989 60042
60060 60127 60076 60092 60108
60128 60243 60156 60184 60212
60244 60301 60258 60272 60286
60302 60376 60320 60338 60356
60377 60427 60389 60401 60413
60428 60521 60451 60474 60497
60522 60576 60535 60548 60561
60577 60653 60596 60615 60634
60654 60704 60666 60678 60690
60705 60775 60722 60739 60756
60776 60843 60792 60808 60824
60844 60969 60875 60906 60937
60970 61044 60988 61006 61024
61045 61096 61057 61069 61081
61097 61134 61106 61115 61124
61135 61170 61143 61151 61159
61171 61333 61211 61251 61291
61334 61679 61420 61506 61592
61680 61758 61699 61718 61737
61759 61780 61764 61769 61774
61781 61836 61794 61807 61820
61837 61959 61867 61897 61927
61960 62060 61985 62010 62035
62061 62264 62111 62161 62211
62265 62360 62288 62311 62334
62361 62380 62365 62369 62373
62381 62722 62466 62551 62636
62723 62908 62769 62815 62861
62909 62977 62926 62943 62960
62978 63041 62993 63008 63023
63042 63225 63087 63132 63177
63226 63347 63256 63286 63316
63348 63439 63370 63392 63414
63440 63549 63467 63494 63521
63550 63800 63612 63674 63736
63801 63865 63817 63833 63849
63866 64053 63912 63958 64004
64054 64098 64065 64076 64087
64099 64308 64151 64203 64255
64309 64391 64329 64349 64369
64392 64443 64404 64416 64428
64444 64626 64489 64534 64579
64627 64763 64661 64695 64729
64764 64832 64781 64798 64815
64833 64909 64852 64871 64890
64910 65007 64934 64958 64982
65008 65109 65033 65058 65083
65110 65241 65142 65174 65206
65242 65335 65265 65288 65311
65336 65389 65349 65362 65375
65390 65455 65406 65422 65438
65456 65503 65467 65478 65489
65504 65535 65511 65518 65525
65536 65567 65543 65550 65557
65568 65648 65588 65608 65628
65649 65677 65656 65663 65670
65678 65720 65688 65698 65708
65721 65774 65734 65747 65760
65775 65818 65785 65795 65805
65819 65883 65835 65851 65867
65884 65927 65894 65904 65914
65928 65968 65938 65948 65958
65969 66058 65991 66013 66035
66059 66125 66075 66091 66107
66126 66185 66140 66154 66168
66186 66220 66194 66202 66210
66221 66310 66243 66265 66287
66311 66379 66328 66345 66362
66380 66506 66411 66442 66473
66507 66555 66519 66531 66543
66556 66587 66563 66570 66577
66588 66679 66610 66632 66654
66680 66771 66702 66724 66746
66772 66811 66781 66790 66799
66812 66922 66839 66866 66893
66923 67062 66957 66991 67025
67063 67134 67080 67097 67114
67135 67344 67187 67239 67291
67345 67441 67369 67393 67417
67442 67573 67474 67506 67538
67574 67661 67595 67616 67637
67662 67819 67701 67740 67779
67820 67867 67831 67842 67853
67868 67961 67891 67914 67937
67962 68043 67982 68002 68022
68044 68089 68055 68066 68077
68090 68109 68094 68098 68102
68110 68299 68157 68204 68251
68300 68402 68325 68350 68375
68403 68478 68421 68439 68457
68479 68704 68535 68591 68647
68705 68791 68726 68747 68768
68792 68854 68807 68822 68837
68855 68919 68871 68887 68903
68920 69013 68943 68966 68989
69014 69224 69066 69118 69170
69225 69842 69379 69533 69687
69843 69962 69872 69901 69930
69963 70073 69990 70017 70044
70074 71163 70346 70618 70890
71164 71236 71182 71200 71218
71237 71301 71253 71269 71285
71302 71366 71318 71334 71350
71367 71434 71383 71399 71415
71435 71547 71463 71491 71519
71548 71656 71575 71602 71629
71657 71697 71667 71677 71687
71698 71758 71713 71728 71743
71759 71957 71808 71857 71906
71958 72047 71980 72002 72024
72048 72227 72092 72136 72180
72228 72270 72238 72248 72258
72271 72350 72290 72309 72328
72351 72370 72355 72359 72363
72371 72585 72424 72477 72530
72586 72648 72601 72616 72631
72649 72734 72670 72691 72712
72735 72795 72750 72765 72780
72796 72864 72813 72830 72847
72865 72955 72887 72909 72931
72956 73069 72984 73012 73040
73070 73188 73099 73128 73157
73189 73248 73203 73217 73231
73249 73303 73262 73275 73288
73304 73339 73312 73320 73328
73340 73464 73371 73402 73433
73465 73500 73473 73481 73489
73501 73576 73519 73537 73555
73577 73679 73602 73627 73652
73680 73741 73695 73710 73725
73742 73815 73760 73778 73796
73816 73882 73832 73848 73864
73883 73947 73899 73915 73931
73948 74002 73961 73974 73987
74003 74073 74020 74037 74054
74074 74150 74093 74112 74131
74151 74304 74189 74227 74265
74305 74367 74320 74335 74350
74368 74474 74394 74420 74446
74475 74535 74490 74505 74520
74536 74650 74564 74592 74620
74651 74771 74681 74711 74741
74772 74812 74782 74792 74802
74813 74949 74847 74881 74915
74950 75239 74962 74974 75177
75240 75511 75307 75374 75441
75512 76436 75743 75974 76205
76437 76513 76456 76475 76494
76514 76573 76528 76542 76556
76574 76674 76599 76624 76649
76675 76823 76712 76749 76786
76824 77096 76892 76960 77028
77097 77223 77128 77159 77190
77224 77477 77287 77350 77413
77478 77704 77534 77590 77646
77705 78027 77785 77865 77945
78028 78432 78129 78230 78331
78433 78763 78515 78597 78679
78764 79005 78824 78884 78944
79006 79331 79087 79168 79249
79332 79350 79336 79340 79344
79351 79451 79376 79401 79426
79452 79490 79461 79470 79479
79491 79572 79511 79531 79551
79573 79643 79590 79607 79624
79644 80225 79789 79934 80079
80226 80314 80248 80270 80292
80315 80423 80342 80369 80396
80424 80595 80466 80508 80550
80596 80685 80618 80640 80662
80686 80724 80695 80704 80713
80725 80810 80746 80767 80788
80811 80918 80837 80863 80889
80919 80985 80935 80951 80967
80986 81030 80997 81008 81019
81031 81115 81052 81073 81094
81116 81190 81134 81152 81170
81191 81239 81203 81215 81227
81240 81284 81251 81262 81273
81285 81366 81305 81325 81345
81367 81488 81397 81427 81457
81489 81541 81502 81515 81528
81542 81980 81651 81760 81869
81981 82085 82007 82033 82059
82086 82154 82103 82120 82137
82155 82180 82161 82167 82173
82181 82241 82196 82211 82226
82242 82351 82269 82296 82323
82352 82421 82369 82386 82403
82422 83000 82566 82710 82854
83001 83080 83020 83039 83058
83081 83302 83136 83191 83246
83303 83411 83330 83357 83384
83412 84443 83669 83926 84183
84444 84484 84454 84464 84474
84485 84614 84517 84549 84581
84615 84676 84630 84645 84660
84677 84946 84744 84811 84878
84947 85008 84962 84977 84992
85009 85084 85027 85045 85063
85085 85624 85219 85353 85487
85625 85669 85636 85647 85658
85670 85692 85675 85680 85685
85693 85723 85700 85707 85714
85724 85974 85786 85848 85910
85975 86074 85999 86023 86047
86075 86113 86084 86093 86102
86114 86145 86121 86128 86135
86146 86179 86154 86162 86170
86180 86264 86201 86222 86243
86265 86418 86303 86341 86379
86419 86474 86432 86445 86458
86475 86535 86490 86505 86520
86536 86616 86556 86576 86596
86617 86685 86634 86651 86668
86686 86744 86700 86714 86728
86745 86802 86759 86773 86787
86803 86838 86811 86819 86827
86839 86890 86851 86863 86875
86891 86993 86916 86941 86966
86994 87105 87021 87048 87075
87106 87406 87181 87256 87331
87407 87490 87427 87447 87467
87491 87563 87509 87527 87545
87564 87650 87585 87606 87627
87651 87726 87669 87687 87705
87727 87791 87743 87759 87775
87792 87862 87809 87826 87843
87863 88086 87918 87973 88028
88087 88655 88229 88371 88513
88656 88907 88718 88780 88842
88908 89081 88951 88994 89037
89082 89165 89102 89122 89142
89166 89205 89175 89184 89193
89206 89299 89229 89252 89275
89300 89454 89338 89376 89414
89455 89513 89469 89483 89497
89514 89575 89529 89544 89559
89576 89627 89588 89600 89612
89628 89757 89660 89692 89724
89758 89901 89793 89828 89863
89902 89973 89919 89936 89953
89974 90036 89980 89986 90027
90037 90136 90061 90085 90109
90137 90184 90148 90159 90170
90185 90247 90200 90215 90230
90248 90307 90262 90276 90290
90308 90389 90328 90348 90368
90390 90458 90407 90424 90441
90459 90564 90485 90511 90537
90565 90596 90572 90579 90586
90597 90633 90606 90615 90624
90634 90666 90642 90650 90658
90667 90726 90681 90695 90709
90727 90813 90748 90769 90790
90814 90871 90828 90842 90856
90872 90928 90886 90900 90914
90929 90969 90939 90949 90959
90970 91019 90982 90994 91006
91020 91117 91044 91068 91092
91118 91164 91129 91140 91151
91165 91253 91187 91209 91231
91254 91350 91278 91302 91326
91351 91405 91364 91377 91390
91406 91438 91414 91422 91430
91439 91468 91446 91453 91460
91469 91515 91480 91491 91502
91516 91550 91524 91532 91540
91551 91753 91601 91651 91701
91754 91795 91764 91774 91784
91796 91841 91807 91818 91829
91842 91952 91869 91896 91923
91953 92030 91972 91991 92010
92031 92101 92048 92065 92082
92102 92165 92117 92132 92147
92166 92668 92291 92416 92541
92669 92726 92683 92697 92711
92727 92887 92767 92807 92847
92888 92975 92909 92930 92951
92976 93045 92993 93010 93027
93046 93112 93062 93078 93094
93113 93223 93140 93167 93194
93224 93293 93241 93258 93275
93294 93341 93305 93316 93327
93342 93387 93353 93364 93375
93388 93422 93396 93404 93412
93423 93452 93430 93437 93444
93453 93522 93470 93487 93504
93523 93579 93537 93551 93565
93580 93635 93593 93606 93619
93636 93669 93644 93652 93660
93670 93734 93686 93702 93718
93735 93772 93744 93753 93762
93773 93839 93789 93805 93821
93840 93899 93854 93868 93882
93900 93919 93904 93908 93912
93920 93969 93932 93944 93956
93970 94014 93981 93992 94003
94015 94097 94035 94055 94075
94098 94133 94106 94114 94122
94134 94257 94164 94194 94224
94258 94290 94266 94274 94282
94291 94336 94302 94313 94324
94337 94428 94359 94381 94403
94429 94469 94439 94449 94459
94470 94535 94486 94502 94518
94536 94570 94544 94552 94560
94571 94616 94582 94593 94604
94617 94654 94626 94635 94644
94655 94708 94668 94681 94694
94709 94758 94721 94733 94745
94759 94898 94793 94827 94861
94899 94990 94921 94943 94965
94991 95041 95003 95015 95027
95042 95082 95052 95062 95072
95083 95115 95091 95099 95107
95116 95195 95135 95154 95173
95196 95270 95214 95232 95250
95271 95325 95284 95297 95310
95326 95486 95366 95406 95446
95487 95614 95518 95549 95580
95615 95639 95621 95627 95633
95640 95672 95648 95656 95664
95673 95708 95681 95689 95697
95709 95734 95715 95721 95727
95735 95758 95740 95745 95750
95759 95791 95767 95775 95783
95792 95858 95808 95824 95840
95859 95900 95869 95879 95889
95901 95943 95911 95921 95931
95944 95965 95949 95954 95959
95966 95999 95974 95982 95990
96000 96033 96008 96016 96024
96034 96056 96039 96044 96049
96057 96082 96063 96069 96075
96083 96138 96096 96109 96122
96139 96195 96153 96167 96181
96196 96219 96201 96206 96211
96220 96241 96225 96230 96235
96242 96259 96246 96250 96254
96260 96288 96267 96274 96281
96289 96351 96304 96319 96334
96352 96383 96359 96366 96373
96384 96413 96391 96398 96405
96414 96444 96421 96428 96435
96445 96477 96453 96461 96469
96478 96513 96486 96494 96502
96514 96529 96517 96520 96523
96530 96643 96558 96586 96614
96644 96692 96656 96668 96680
96693 96713 96698 96703 96708
96714 96790 96733 96752 96771
96791 96831 96801 96811 96821
96832 96911 96851 96870 96889
96912 96937 96918 96924 96930
96938 96960 96943 96948 96953
96961 96982 96966 96971 96976
96983 97018 96991 96999 97007
97019 97051 97027 97035 97043
97052 97090 97061 97070 97079
97091 97149 97105 97119 97133
97150 97168 97154 97158 97162
97169 97233 97185 97201 97217
97234 97277 97244 97254 97264
97278 97311 97286 97294 97302
97312 97338 97318 97324 97330
97339 97368 97346 97353 97360
97369 97416 97380 97391 97402
97417 97470 97430 97443 97456
97471 97577 97497 97523 97549
97578 97627 97590 97602 97614
97628 97670 97638 97648 97658
97671 97708 97680 97689 97698
97709 97820 97736 97763 97790
97821 97838 97825 97829 97833
97839 97883 97850 97861 97872
97884 97910 97890 97896 97902
97911 97946 97919 97927 97935
97947 98092 97983 98019 98055
98093 98190 98117 98141 98165
98191 98223 98199 98207 98215
98224 98255 98231 98238 98245
98256 98311 98269 98282 98295
98312 98356 98323 98334 98345
98357 98375 98361 98365 98369
98376 98398 98381 98386 98391
98399 98466 98415 98431 98447
98467 98498 98474 98481 98488
98499 98521 98504 98509 98514
98522 98578 98536 98550 98564
98579 98698 98608 98637 98666
98699 98757 98713 98727 98741
98758 98814 98772 98786 98800
98815 98862 98826 98837 98848
98863 98992 98895 98927 98959
98993 99155 99033 99073 99113
99156 99263 99182 99208 99234
99264 99328 99280 99296 99312
99329 99563 99387 99445 99503
99564 99584 99569 99574 99579
99585 99697 99613 99641 99669
99698 99767 99715 99732 99749
99768 99798 99775 99782 99789
99799 99842 99809 99819 99829
99843 99916 99861 99879 99897
99917 99944 99923 99929 99935
99945 100006 99960 99975 99990
100007 100060 100020 100033 100046
100061 100229 100103 100145 100187
100230 100255 100236 100242 100248
100256 100350 100279 100302 100325
100351 100442 100373 100395 100417
100443 100496 100456 100469 100482
100497 100560 100512 100527 100542
100561 100664 100586 100611 100636
100665 101200 100798 100931 101064
101201 101278 101220 101239 101258
101279 101408 101311 101343 101375
101409 101475 101425 101441 101457
101476 101535 101490 101504 101518
101536 101596 101551 101566 101581
101597 101640 101607 101617 101627
101641 101665 101647 101653 101659
101666 101754 101688 101710 101732
101755 101804 101767 101779 101791
101805 101854 101817 101829 101841
101855 101985 101887 101919 101951
101986 102038 101999 102012 102025
102039 102101 102054 102069 102084
102102 102191 102124 102146 102168
102192 102251 102206 102220 102234
102252 102285 102260 102268 102276
102286 102309 102291 102296 102301
102310 102356 102321 102332 102343
102357 102383 102363 102369 102375
102384 102401 102388 102392 102396
102402 102460 102416 102430 102444
102461 102479 102465 102469 102473
102480 102507 102486 102492 102498
102508 102524 102512 102516 102520
102525 102552 102531 102537 102543
102553 102601 102565 102577 102589
102602 102631 102609 102616 102623
102632 102659 102638 102644 102650
102660 102700 102670 102680 102690
102701 102811 102728 102755 102782
102812 102876 102828 102844 102860
102877 102913 102886 102895 102904
102914 102959 102925 102936 102947
102960 103158 103009 103058 103107
103159 103293 103192 103225 103258
103294 103384 103316 103338 103360
103385 103456 103402 103419 103436
103457 103737 103527 103597 103667
103738 103851 103766 103794 103822
103852 104002 103889 103926 103963
104003 104825 104208 104413 104618
104826 104991 104867 104908 104949
104992 105046 104993 104994 105033
105047 105154 105073 105099 105125
105155 105202 105166 105177 105188
105203 105285 105223 105243 105263
105286 105337 105298 105310 105322
105338 105393 105351 105364 105377
105394 105444 105406 105418 105430
105445 105494 105457 105469 105481
105495 105533 105504 105513 105522
105534 105601 105550 105566 105582
105602 105722 105632 105662 105692
105723 105835 105751 105779 105807
105836 105908 105854 105872 105890
105909 106068 105948 105987 106026
106069 106103 106077 106085 106093
106104 106217 106132 106160 106188
106218 106518 106293 106368 106443
106519 106635 106548 106577 106606
106636 106763 106667 106698 106729
106764 106849 106785 106806 106827
106850 106911 106865 106880 106895
106912 107009 106936 106960 106984
107010 107108 107034 107058 107082
107109 107224 107137 107165 107193
107225 107362 107259 107293 107327
107363 107410 107374 107385 107396
107411 107460 107423 107435 107447
107461 107588 107492 107523 107554
107589 107647 107603 107617 107631
107648 107726 107667 107686 107705
107727 107854 107758 107789 107820
107855 107912 107869 107883 107897
107913 108045 107946 107979 108012
108046 108101 108059 108072 108085
108102 108167 108118 108134 108150
108168 108590 108273 108378 108483
108591 108927 108675 108759 108843
108928 108986 108942 108956 108970
108987 109096 109014 109041 109068
109097 109187 109119 109141 109163
109188 109482 109261 109334 109407
109483 109550 109499 109515 109531
109551 109621 109568 109585 109602
109622 109735 109650 109678 109706
109736 109894 109775 109814 109853
109895 109956 109910 109925 109940
109957 109994 109966 109975 109984
109995 110055 110010 110025 110040
110056 110130 110074 110092 110110
110131 110179 110143 110155 110167
110180 110260 110200 110220 110240
110261 110320 110275 110289 110303
110321 110369 110333 110345 110357
110370 110548 110414 110458 110502
110549 110765 110603 110657 110711
110766 110986 110821 110876 110931
110987 111150 111027 111067 111107
111151 111290 111185 111219 111253
111291 111348 111305 111319 111333
111349 111383 111357 111365 111373
111384 111417 111392 111400 111408
111418 111452 111426 111434 111442
111453 111659 111504 111555 111606
111660 111741 111680 111700 111720
111742 111816 111760 111778 111796
111817 111920 111842 111867 111892
111921 112040 111950 111979 112008
112041 112131 112063 112085 112107
112132 112223 112154 112176 112198
112224 112308 112245 112266 112287
112309 112504 112357 112405 112453
112505 112561 112519 112533 112547
112562 112724 112602 112642 112682
112725 112780 112738 112751 112764
112781 112820 112790 112799 112808
112821 112888 112837 112853 112869
112889 112938 112901 112913 112925
112939 112998 112953 112967 112981
112999 113143 113035 113071 113107
113144 113275 113176 113208 113240
113276 113328 113289 113302 113315
113329 113465 113363 113397 113431
113466 113626 113506 113546 113586
113627 113724 113651 113675 113699
113725 113992 113791 113857 113923
113993 114175 114038 114083 114128
114176 114452 114245 114314 114383
114453 114600 114489 114525 114561
114601 114754 114639 114677 114715
114755 114883 114787 114819 114851
114884 114986 114909 114934 114959
114987 115588 115137 115287 115437
115589 116026 115698 115807 115916
116027 116525 116151 116275 116399
116526 116600 116544 116562 116580
116601 116650 116613 116625 116637
116651 116687 116660 116669 116678
116688 116743 116701 116714 116727
116744 116833 116766 116788 116810
116834 116868 116842 116850 116858
116869 116942 116887 116905 116923
116943 117047 116969 116995 117021
117048 117085 117057 117066 117075
117086 117174 117108 117130 117152
117175 117233 117189 117203 117217
117234 117336 117259 117284 117309
117337 117399 117352 117367 117382
117400 117433 117408 117416 117424
117434 117482 117446 117458 117470
117483 117525 117493 117503 117513
117526 117558 117534 117542 117550
117559 117592 117567 117575 117583
117593 117634 117603 117613 117623
117635 117744 117662 117689 117716
117745 117769 117751 117757 117763
117770 117825 117783 117796 117809
117826 117850 117832 117838 117844
117851 117879 117858 117865 117872
117880 117898 117884 117888 117892
117899 117929 117906 117913 117920
117930 117947 117934 117938 117942
117948 117999 117960 117972 117984
118000 118028 118007 118014 118021
118029 118057 118036 118043 118050
118058 118088 118065 118072 118079
118089 118114 118095 118101 118107
118115 118147 118123 118131 118139
118148 118170 118153 118158 118163
118171 118204 118179 118187 118195
118205 118230 118211 118217 118223
118231 118254 118236 118241 118246
118255 118278 118260 118265 118270
118279 118300 118284 118289 118294
118301 118342 118311 118321 118331
118343 118359 118347 118351 118355
118360 118381 118365 118370 118375
118382 118413 118389 118396 118403
118414 118484 118431 118448 118465
118485 118540 118498 118511 118524
118541 118587 118552 118563 118574
118588 118612 118594 118600 118606
118613 118630 118617 118621 118625
118631 118647 118635 118639 118643
118648 118704 118662 118676 118690
118705 118735 118712 118719 118726
118736 118760 118742 118748 118754
118761 118783 118766 118771 118776
118784 118802 118788 118792 118796
118803 118837 118811 118819 118827
118838 118887 118850 118862 118874
118888 118956 118905 118922 118939
118957 118976 118961 118965 118969
118977 119011 118985 118993 119001
119012 119039 119018 119024 119030
119040 119103 119055 119070 119085
119104 119125 119109 119114 119119
119126 119154 119133 119140 119147
119155 119180 119161 119167 119173
119181 119218 119190 119199 119208
119219 119253 119227 119235 119243
119254 119303 119266 119278 119290
119304 119380 119323 119342 119361
119381 119463 119401 119421 119441
119464 119504 119474 119484 119494
119505 119554 119517 119529 119541
119555 119579 119561 119567 119573
119580 119624 119591 119602 119613
119625 119656 119632 119639 119646
119657 119697 119667 119677 119687
119698 119728 119705 119712 119719
119729 119755 119735 119741 119747
119756 119793 119765 119774 119783
119794 119835 119804 119814 119824
119836 119877 119846 119856 119866
119878 119906 119885 119892 119899
119907 119934 119913 119919 119925
119935 119952 119939 119943 119947
119953 119972 119957 119961 119965
119973 120044 119979 119985 120033
120045 120068 120050 120055 120060
120069 120089 120074 120079 120084
120090 120106 120094 120098 120102
120107 120130 120112 120117 120122
120131 120157 120137 120143 120149
120158 120189 120165 120172 120179
120190 120222 120198 120206 120214
120223 120239 120227 120231 120235
120240 120266 120246 120252 120258
120267 120287 120272 120277 120282
120288 120304 120292 120296 120300
120305 120323 120309 120313 120317
120324 120364 120334 120344 120354
120365 120407 120375 120385 120395
120408 120464 120422 120436 120450
120465 120518 120478 120491 120504
120519 120549 120526 120533 120540
120550 120623 120568 120586 120604
120624 120726 120649 120674 120699
120727 120781 120740 120753 120766
120782 120812 120789 120796 120803
120813 120939 120844 120875 120906
120940 121157 120994 121048 121102
121158 121195 121167 121176 121185
121196 121253 121210 121224 121238
121254 121294 121264 121274 121284
121295 121398 121320 121345 121370
121399 121460 121414 121429 121444
121461 121477 121465 121469 121473
121478 121534 121492 121506 121520
121535 121591 121549 121563 121577
121592 121698 121618 121644 121670
121699 121726 121705 121711 121717
121727 121813 121748 121769 121790
121814 121859 121825 121836 121847
121860 121938 121879 121898 121917
121939 121963 121945 121951 121957
121964 121987 121969 121974 121979
121988 122005 121992 121996 122000
122006 122028 122011 122016 122021
122029 122056 122035 122041 122047
122057 122081 122063 122069 122075
122082 122137 122095 122108 122121
122138 122289 122175 122212 122249
122290 122327 122299 122308 122317
122328 122398 122345 122362 122379
122399 122462 122414 122429 122444
122463 122499 122472 122481 122490
122500 122571 122517 122534 122551
122572 122599 122578 122584 122590
122600 122622 122605 122610 122615
122623 122657 122631 122639 122647
122658 122674 122662 122666 122670
122675 122705 122682 122689 122696
122706 122730 122712 122718 122724
122731 122754 122736 122741 122746
122755 122779 122761 122767 122773
122780 122810 122787 122794 122801
122811 122934 122841 122871 122901
122935 122957 122940 122945 122950
122958 123002 122969 122980 122991
123003 123036 123011 123019 123027
123037 123078 123047 123057 123067
123079 123140 123094 123109 123124
123141 123186 123152 123163 123174
123187 123225 123196 123205 123214
123226 123270 123237 123248 123259
123271 123354 123291 123311 123331
123355 123427 123373 123391 123409
123428 123498 123445 123462 123479
123499 123523 123505 123511 123517
123524 123572 123536 123548 123560
123573 123705 123606 123639 123672
123706 123774 123723 123740 123757
123775 123811 123784 123793 123802
123812 123953 123847 123882 123917
123954 124046 123977 124000 124023
124047 124251 124098 124149 124200
124252 124283 124259 124266 124273
124284 124314 124291 124298 124305
124315 124348 124323 124331 124339
124349 124469 124379 124409 124439
124470 124680 124522 124574 124626
124681 124758 124700 124719 124738
124759 124805 124770 124781 124792
124806 124892 124827 124848 124869
124893 124953 124908 124923 124938
124954 125070 124983 125012 125041
125071 125170 125095 125119 125143
125171 126016 125382 125593 125804
126017 126620 126167 126317 126467
126621 126694 126639 126657 126675
126695 126744 126707 126719 126731
126745 126873 126777 126809 126841
126874 126904 126881 126888 126895
126905 126960 126918 126931 126944
126961 127173 127014 127067 127120
127174 127263 127196 127218 127240
127264 127317 127277 127290 127303
127318 127372 127331 127344 127357
127373 127423 127385 127397 127409
127424 127487 127439 127454 127469
127488 127548 127503 127518 127533
127549 127623 127567 127585 127603
127624 127702 127643 127662 127681
127703 127766 127718 127733 127748
127767 127857 127789 127811 127833
127858 128228 127950 128042 128134
128229 128245 128233 128237 128241
128246 128553 128322 128398 128474
128554 128718 128595 128636 128677
128719 128784 128735 128751 128767
128785 128912 128816 128847 128878
128913 129285 129006 129099 129192
129286 129339 129299 129312 129325
129340 129478 129374 129408 129442
129479 129527 129491 129503 129515
129528 129603 129546 129564 129582
129604 129730 129635 129666 129697
129731 129800 129748 129765 129782
129801 129890 129823 129845 129867
129891 129929 129900 129909 129918
129930 129967 129939 129948 129957
129968 130060 129991 130014 130037
130061 130106 130072 130083 130094
130107 130134 130113 130119 130125
130135 130328 130183 130231 130279
130329 130426 130353 130377 130401
130427 130473 130438 130449 130460
130474 130560 130495 130516 130537
130561 130579 130565 130569 130573
130580 130603 130585 130590 130595
130604 130685 130624 130644 130664
130686 130889 130736 130786 130836
130890 131000 130917 130944 130971
131001 131181 131046 131091 131136
131182 131281 131206 131230 131254
131282 131354 131300 131318 131336
131355 131545 131402 131449 131496
131546 131618 131564 131582 131600
131619 131768 131656 131693 131730
131769 132008 131828 131887 131946
132009 132105 132033 132057 132081
132106 132318 132159 132212 132265
132319 132529 132371 132423 132475
132530 132884 132618 132706 132794
132885 133245 132975 133065 133155
133246 133265 133250 133254 133258
133266 133507 133326 133386 133446
133508 133546 133517 133526 133535
133547 133590 133557 133567 133577
133591 133739 133628 133665 133702
133740 133789 133752 133764 133776
133790 133857 133806 133822 133838
133858 133920 133873 133888 133903
133921 133959 133930 133939 133948
133960 134078 133989 134018 134047
134079 134258 134123 134167 134211
134259 134339 134279 134299 134319
134340 134516 134384 134428 134472
134517 134548 134524 134531 134538
134549 134585 134558 134567 134576
134586 134651 134602 134618 134634
134652 134687 134660 134668 134676
134688 134930 134748 134808 134868
134931 135009 134948 134965 135006
135010 135044 135018 135026 135034
135045 135101 135059 135073 135087
135102 135159 135116 135130 135144
135160 135196 135169 135178 135187
135197 135280 135217 135237 135257
135281 135316 135289 135297 135305
135317 135351 135325 135333 135341
135352 135468 135381 135410 135439
135469 135505 135478 135487 135496
135506 135568 135521 135536 135551
135569 135605 135578 135587 135596
135606 135648 135616 135626 135636
135649 135730 135669 135689 135709
135731 135883 135769 135807 135845
135884 135974 135906 135928 135950
135975 136012 135984 135993 136002
136013 136144 136045 136077 136109
136145 136190 136156 136167 136178
136191 136246 136204 136217 136230
136247 136469 136302 136357 136412
136470 136537 136486 136502 136518
136538 136602 136554 136570 136586
136603 136760 136642 136681 136720
136761 137064 136836 136911 136986
137065 137250 137111 137157 137203
137251 137454 137301 137351 137401
137455 137480 137461 137467 137473
137481 137529 137493 137505 137517
137530 137640 137557 137584 137611
137641 137823 137686 137731 137776
137824 137846 137829 137834 137839
137847 137888 137857 137867 137877
137889 137932 137899 137909 137919
137933 137986 137946 137959 137972
137987 138022 137995 138003 138011
138023 138100 138042 138061 138080
138101 138154 138114 138127 138140
138155 138194 138164 138173 138182
138195 138273 138214 138233 138252
138274 138336 138289 138304 138319
138337 138369 138345 138353 138361
138370 138424 138383 138396 138409
138425 138454 138432 138439 138446
138455 138514 138469 138483 138497
138515 138571 138529 138543 138557
138572 138616 138583 138594 138605
138617 138698 138637 138657 138677
138699 138727 138706 138713 138720
138728 138826 138752 138776 138800
138827 138889 138842 138857 138872
138890 138961 138907 138924 138941
138962 139043 138982 139002 139022
139044 139209 139085 139126 139167
139210 139250 139220 139230 139240
139251 139270 139255 139259 139263
139271 139303 139279 139287 139295
139304 139327 139309 139314 139319
139328 139346 139332 139336 139340
139347 139373 139353 139359 139365
139374 139403 139381 139388 139395
139404 139467 139419 139434 139449
139468 139544 139487 139506 139525
139545 139633 139567 139589 139611
139634 139699 139650 139666 139682
139700 139788 139722 139744 139766
139789 139898 139816 139843 139870
139899 140051 139937 139975 140013
140052 140087 140060 140068 140076
140088 140131 140098 140108 140118
140132 140210 140151 140170 140189
140211 140257 140222 140233 140244
140258 140310 140271 140284 140297
140311 140378 140327 140343 140359
140379 140421 140389 140399 140409
140422 140453 140429 140436 140443
140454 140487 140462 140470 140478
140488 140541 140501 140514 140527
140542 140566 140548 140554 140560
140567 140599 140575 140583 140591
140600 140626 140606 140612 140618
140627 140651 140633 140639 140645
140652 140689 140661 140670 140679
140690 140733 140700 140710 140720
140734 140762 140741 140748 140755
140763 140803 140773 140783 140793
140804 140849 140815 140826 140837
140850 140915 140866 140882 140898
140916 140959 140926 140936 140946
140960 141065 140986 141012 141038
141066 141119 141079 141092 141105
141120 141142 141125 141130 141135
141143 141198 141156 141169 141182
141199 141258 141213 141227 141241
141259 141302 141269 141279 141289
141303 141373 141320 141337 141354
141374 141542 141416 141458 141500
141543 141676 141576 141609 141642
141677 141894 141731 141785 141839
141895 142051 141934 141973 142012
142052 142222 142094 142136 142178
142223 142297 142241 142259 142277
142298 142513 142351 142404 142457
142514 142555 142524 142534 142544
142556 142575 142560 142564 142568
142576 142615 142585 142594 142603
142616 142685 142633 142650 142667
142686 142713 142692 142698 142704
142714 142737 142719 142724 142729
142738 142755 142742 142746 142750
142756 142869 142784 142812 142840
142870 142902 142878 142886 142894
142903 142978 142921 142939 142957
142979 143018 142988 142997 143006
143019 143147 143051 143083 143115
143148 143186 143157 143166 143175
143187 143253 143203 143219 143235
143254 143295 143264 143274 143284
143296 143317 143301 143306 143311
143318 143359 143328 143338 143348
143360 143398 143369 143378 143387
143399 143417 143403 143407 143411
143418 143434 143422 143426 143430
143435 143462 143441 143447 143453
143463 143486 143468 143473 143478
143487 143508 143492 143497 143502
143509 143544 143517 143525 143533
143545 143569 143551 143557 143563
143570 143622 143583 143596 143609
143623 143680 143637 143651 143665
143681 143810 143713 143745 143777
143811 143834 143816 143821 143826
143835 143870 143843 143851 143859
143871 143890 143875 143879 143883
143891 143912 143896 143901 143906
143913 143946 143921 143929 143937
143947 143970 143952 143957 143962
143971 144011 143981 143991 144001
144012 144063 144024 144036 144048
144064 144116 144077 144090 144103
144117 144205 144139 144161 144183
144206 144275 144223 144240 144257
144276 144391 144304 144332 144360
144392 144408 144396 144400 144404
144409 144434 144415 144421 144427
144435 144581 144471 144507 144543
144582 144700 144611 144640 144669
144701 144869 144743 144785 144827
144870 144955 144891 144912 144933
144956 145077 144986 145016 145046
145078 145148 145095 145112 145129
145149 145623 145267 145385 145503
145624 145678 145637 145650 145663
145679 145865 145725 145771 145817
145866 145954 145888 145910 145932
145955 146062 145981 146007 146033
146063 146168 146089 146115 146141
146169 146289 146199 146229 146259
146290 146458 146332 146374 146416
146459 146623 146500 146541 146582
146624 146763 146658 146692 146726
146764 147369 146915 147066 147217
147370 147429 147384 147398 147412
147430 147567 147464 147498 147532
147568 147639 147585 147602 147619
147640 147679 147649 147658 147667
147680 147731 147692 147704 147716
147732 147829 147756 147780 147804
147830 147916 147851 147872 147893
147917 148019 147942 147967 147992
148020 148126 148046 148072 148098
148127 148220 148150 148173 148196
148221 148881 148386 148551 148716
148882 149090 148934 148986 149038
149091 149199 149118 149145 149172
149200 150003 149399 149598 150000
150004 150078 150022 150040 150058
150079 150128 150091 150103 150115
150129 150156 150135 150141 150147
150157 150240 150177 150197 150217
150241 150474 150299 150357 150415
150475 150507 150483 150491 150499
150508 151153 150669 150830 150991
151154 151187 151162 151170 151178
151188 151206 151192 151196 151200
151207 151231 151213 151219 151225
151232 151343 151259 151286 151313
151344 151387 151354 151364 151374
151388 151412 151394 151400 151406
151413 151568 151451 151489 151527
151569 151681 151597 151625 151653
151682 151755 151700 151718 151736
151756 152535 151950 152144 152338
152536 152617 152556 152576 152596
152618 152675 152632 152646 152660
152676 152727 152688 152700 152712
152728 152831 152753 152778 152803
152832 152999 152873 152914 152955
153000 153064 153016 153032 153048
153065 153134 153082 153099 153116
153135 153179 153146 153157 153168
153180 153271 153202 153224 153246
153272 153308 153281 153290 153299
153309 153437 153341 153373 153405
153438 153505 153454 153470 153486
153506 153567 153521 153536 153551
153568 153619 153580 153592 153604
153620 153728 153647 153674 153701
153729 153821 153752 153775 153798
153822 153857 153830 153838 153846
153858 153897 153867 153876 153885
153898 153951 153911 153924 153937
153952 153975 153957 153962 153967
153976 154029 153989 154002 154015
154030 154066 154039 154048 154057
154067 154184 154096 154125 154154
154185 154232 154196 154207 154218
154233 154333 154258 154283 154308
154334 154448 154362 154390 154418
154449 154545 154473 154497 154521
154546 154619 154564 154582 154600
154620 154731 154647 154674 154701
154732 154765 154740 154748 154756
154766 154793 154772 154778 154784
154794 154831 154803 154812 154821
154832 154926 154855 154878 154901
154927 154999 154945 154963 154981
155000 155043 155010 155020 155030
155044 155160 155073 155102 155131
155161 155231 155178 155195 155212
155232 155277 155243 155254 155265
155278 155344 155294 155310 155326
155345 155413 155362 155379 155396
155414 155446 155422 155430 155438
155447 155528 155467 155487 155507
155529 155578 155541 155553 155565
155579 155658 155598 155617 155636
155659 155820 155699 155739 155779
155821 155846 155827 155833 155839
155847 155882 155855 155863 155871
155883 155906 155888 155893 155898
155907 155943 155916 155925 155934
155944 156074 155976 156008 156040
156075 156115 156085 156095 156105
156116 156179 156131 156146 156161
156180 156223 156190 156200 156210
156224 156264 156234 156244 156254
156265 156341 156284 156303 156322
156342 156415 156360 156378 156396
156416 156493 156435 156454 156473
156494 156678 156540 156586 156632
156679 156721 156689 156699 156709
156722 156837 156750 156778 156806
156838 156874 156847 156856 156865
156875 157010 156908 156941 156974
157011 157071 157026 157041 157056
157072 157312 157132 157192 157252
157313 157468 157351 157389 157427
157469 157498 157476 157483 157490
157499 157549 157511 157523 157535
157550 157575 157556 157562 157568
157576 157606 157583 157590 157597
157607 157643 157616 157625 157634
157644 157722 157663 157682 157701
157723 157775 157736 157749 157762
157776 157886 157803 157830 157857
157887 157975 157909 157931 157953
157976 158081 158002 158028 158054
158082 158142 158097 158112 158127
158143 158284 158178 158213 158248
158285 158318 158293 158301 158309
158319 158361 158329 158339 158349
158362 158442 158382 158402 158422
158443 158600 158482 158521 158560
158601 158636 158609 158617 158625
158637 158713 158656 158675 158694
158714 158745 158721 158728 158735
158746 158780 158754 158762 158770
158781 158828 158792 158803 158814
158829 158907 158848 158867 158886
158908 158928 158913 158918 158923
158929 159072 158964 158999 159034
159073 159186 159101 159129 159157
159187 159267 159207 159227 159247
159268 159357 159290 159312 159334
159358 159423 159374 159390 159406
159424 159503 159443 159462 159481
159504 159567 159519 159534 159549
159568 159635 159584 159600 159616
159636 159702 159652 159668 159684
159703 159763 159718 159733 159748
159764 159848 159785 159806 159827
159849 159915 159865 159881 159897
159916 160076 159956 159996 160036
160077 160148 160094 160111 160128
160149 160380 160206 160263 160320
160381 160421 160391 160401 160411
160422 160495 160440 160458 160476
160496 160554 160510 160524 160538
160555 160626 160572 160589 160606
160627 160697 160644 160661 160678
160698 160816 160727 160756 160785
160817 160857 160827 160837 160847
160858 160877 160862 160866 160870
160878 161044 160919 160960 161001
161045 161193 161082 161119 161156
161194 161227 161202 161210 161218
161228 161298 161245 161262 161279
161299 161328 161306 161313 161320
161329 161367 161338 161347 161356
161368 161399 161375 161382 161389
161400 161435 161408 161416 161424
161436 161471 161444 161452 161460
161472 161538 161488 161504 161520
161539 161661 161569 161599 161629
161662 161714 161675 161688 161701
161715 161797 161735 161755 161775
161798 161881 161818 161838 161858
161882 161933 161894 161906 161918
161934 162189 161997 162060 162123
162190 162259 162207 162224 162241
162260 162361 162285 162310 162335
162362 162434 162380 162398 162416
162435 162538 162460 162485 162510
162539 162600 162554 162569 162584
162601 162825 162657 162713 162769
162826 162927 162851 162876 162901
162928 163051 162958 162988 163018
163052 163142 163074 163096 163118
163143 163354 163195 163247 163299
163355 163541 163401 163447 163493
163542 163713 163584 163626 163668
163714 163860 163750 163786 163822
163861 164005 163897 163933 163969
164006 164076 164023 164040 164057
164077 164208 164109 164141 164173
164209 164319 164236 164263 164290
164320 164383 164335 164350 164365
164384 164499 164412 164440 164468
164500 164605 164526 164552 164578
164606 164700 164629 164652 164675
164701 164806 164727 164753 164779
164807 164861 164820 164833 164846
164862 165019 164896 164930 165012
165020 165083 165035 165050 165065
165084 165132 165096 165108 165120
165133 165232 165157 165181 165205
165233 165280 165244 165255 165266
165281 165336 165294 165307 165320
165337 165428 165359 165381 165403
165429 165485 165443 165457 165471
165486 165525 165495 165504 165513
165526 165633 165552 165578 165604
165634 165738 165660 165686 165712
165739 165790 165751 165763 165775
165791 165851 165806 165821 165836
165852 166068 165906 165960 166014
166069 166154 166090 166111 166132
166155 166289 166188 166221 166254
166290 166751 166405 166520 166635
166752 166797 166763 166774 166785
166798 166933 166831 166864 166897
166934 167021 166955 166976 166997
167022 167098 167041 167060 167079
167099 167144 167110 167121 167132
167145 167222 167164 167183 167202
167223 167538 167301 167379 167457
167539 167692 167577 167615 167653
167693 167746 167706 167719 167732
167747 167878 167779 167811 167843
167879 167901 167884 167889 167894
167902 167921 167906 167910 167914
167922 168431 168049 168176 168303
168432 172069 169341 170250 171159
172070 177820 173507 174944 176381
