0 70 17 34 51
71 115 82 93 104
116 154 125 134 143
155 175 160 165 170
176 669 299 422 545
670 689 674 678 682
690 1573 910 1130 1350
1574 1633 1588 1602 1616
1634 2921 1955 2276 2597
2922 2965 2932 2942 2952
2966 3082 2995 3024 3053
3083 3146 3098 3113 3128
3147 3187 3157 3167 3177
3188 3299 3215 3242 3269
3300 3372 3318 3336 3354
3373 3461 3395 3417 3439
3462 3495 3470 3478 3486
3496 3564 3513 3530 3547
3565 3605 3575 3585 3595
3606 3638 3614 3622 3630
3639 3678 3648 3657 3666
3679 3742 3694 3709 3724
3743 3782 3752 3761 3770
3783 3810 3789 3795 3801
3811 3825 3814 3817 3820
3826 3848 3831 3836 3841
3849 3930 3869 3889 3909
3931 4100 3973 4015 4057
4101 4215 4129 4157 4185
4216 4372 4255 4294 4333
4373 4407 4381 4389 4397
4408 4506 4432 4456 4480
4507 4570 4522 4537 4552
4571 4624 4584 4597 4610
4625 4683 4639 4653 4667
4684 4783 4708 4732 4756
4784 4814 4791 4798 4805
4815 4844 4822 4829 4836
4845 5034 4892 4939 4986
5035 5085 5047 5059 5071
5086 5119 5094 5102 5110
5120 5318 5169 5218 5267
5319 5430 5346 5373 5400
5431 5470 5440 5449 5458
5471 5540 5488 5505 5522
5541 5624 5561 5581 5601
5625 5647 5630 5635 5640
5648 5727 5667 5686 5705
5728 5757 5735 5742 5749
5758 5855 5782 5806 5830
5856 5890 5864 5872 5880
5891 5940 5903 5915 5927
5941 5965 5947 5953 5959
5966 6004 5975 5984 5993
6005 6035 6012 6019 6026
6036 6060 6042 6048 6054
6061 6085 6067 6073 6079
6086 6116 6093 6100 6107
6117 6139 6122 6127 6132
6140 6171 6147 6154 6161
6172 6200 6179 6186 6193
6201 6349 6238 6275 6312
6350 6416 6366 6382 6398
6417 6543 6448 6479 6510
6544 6562 6548 6552 6556
6563 6583 6568 6573 6578
6584 6659 6602 6620 6638
6660 6688 6667 6674 6681
6689 6750 6704 6719 6734
6751 6780 6758 6765 6772
6781 6825 6792 6803 6814
6826 6922 6850 6874 6898
6923 6976 6936 6949 6962
6977 7084 7003 7029 7055
7085 7121 7094 7103 7112
7122 7159 7131 7140 7149
7160 7220 7175 7190 7205
7221 7262 7231 7241 7251
7263 7298 7271 7279 7287
7299 7365 7315 7331 7347
7366 7409 7376 7386 7396
7410 7493 7430 7450 7470
7494 7529 7502 7510 7518
7530 7572 7540 7550 7560
7573 7592 7577 7581 7585
7593 7627 7601 7609 7617
7628 7647 7632 7636 7640
7648 7671 7653 7658 7663
7672 7722 7684 7696 7708
7723 7827 7749 7775 7801
7828 7859 7835 7842 7849
7860 7884 7866 7872 7878
7885 7927 7895 7905 7915
7928 8007 7947 7966 7985
8008 8039 8015 8022 8029
8040 8143 8065 8090 8115
8144 8277 8177 8210 8243
8278 8439 8318 8358 8398
8440 8543 8465 8490 8515
8544 8590 8555 8566 8577
8591 8610 8595 8599 8603
8611 8651 8621 8631 8641
8652 8673 8657 8662 8667
8674 8699 8680 8686 8692
8700 8730 8707 8714 8721
8731 8769 8740 8749 8758
8770 8806 8779 8788 8797
8807 8846 8816 8825 8834
8847 8904 8861 8875 8889
8905 8950 8916 8927 8938
8951 9020 8968 8985 9002
9021 9090 9038 9055 9072
9091 9196 9117 9143 9169
9197 9227 9204 9211 9218
9228 9285 9242 9256 9270
9286 9309 9291 9296 9301
9310 9374 9326 9342 9358
9375 9418 9385 9395 9405
9419 9464 9430 9441 9452
9465 9507 9475 9485 9495
9508 9544 9517 9526 9535
9545 9651 9571 9597 9623
9652 9723 9669 9686 9703
9724 9783 9738 9752 9766
9784 10028 9845 9906 9967
10029 10132 10054 10079 10104
10133 10152 10137 10141 10145
10153 10181 10160 10167 10174
10182 10276 10205 10228 10251
10277 10427 10314 10351 10388
10428 10456 10435 10442 10449
10457 10494 10466 10475 10484
10495 10551 10509 10523 10537
10552 10577 10558 10564 10570
10578 10637 10592 10606 10620
10638 10731 10661 10684 10707
10732 10881 10769 10806 10843
10882 10925 10892 10902 10912
10926 11124 10975 11024 11073
11125 11178 11138 11151 11164
11179 11215 11188 11197 11206
11216 11247 11223 11230 11237
11248 11297 11260 11272 11284
11298 11327 11305 11312 11319
11328 11347 11332 11336 11340
11348 11383 11356 11364 11372
11384 11411 11390 11396 11402
11412 11454 11422 11432 11442
11455 11477 11460 11465 11470
11478 11497 11482 11486 11490
11498 11529 11505 11512 11519
11530 11554 11536 11542 11548
11555 11721 11596 11637 11678
11722 11751 11729 11736 11743
11752 11798 11763 11774 11785
11799 11827 11806 11813 11820
11828 11850 11833 11838 11843
11851 11879 11858 11865 11872
11880 11914 11888 11896 11904
11915 11946 11922 11929 11936
11947 12127 11992 12037 12082
12128 12804 12297 12466 12635
12805 12915 12832 12859 12886
12916 13029 12944 12972 13000
13030 13221 13077 13124 13171
13222 13238 13226 13230 13234
13239 13568 13321 13403 13485
13569 13586 13573 13577 13581
13587 13610 13592 13597 13602
13611 13660 13623 13635 13647
13661 13935 13729 13797 13865
13936 14051 13964 13992 14020
14052 14131 14071 14090 14109
14132 14457 14213 14294 14375
14458 14537 14477 14496 14515
14538 14666 14570 14602 14634
14667 14800 14700 14733 14766
14801 14867 14817 14833 14849
14868 14978 14895 14922 14949
14979 15027 14984 14989 15018
15028 15095 15044 15060 15076
15096 15129 15104 15112 15120
15130 15266 15164 15198 15232
15267 15353 15288 15309 15330
15354 15394 15364 15374 15384
15395 15448 15408 15421 15434
15449 15519 15466 15483 15500
15520 15606 15541 15562 15583
15607 15735 15639 15671 15703
15736 15833 15760 15784 15808
15834 16081 15895 15956 16017
16082 16144 16097 16112 16127
16145 16219 16163 16181 16199
16220 16368 16257 16294 16331
16369 16425 16383 16397 16411
16426 16541 16454 16482 16510
16542 16601 16556 16570 16584
16602 16669 16618 16634 16650
16670 16724 16683 16696 16709
16725 16783 16739 16753 16767
16784 16806 16789 16794 16799
16807 16828 16812 16817 16822
16829 16871 16839 16849 16859
16872 16953 16892 16912 16932
16954 16990 16963 16972 16981
16991 17040 17003 17015 17027
17041 17103 17056 17071 17086
17104 17390 17175 17246 17317
17391 17495 17417 17443 17469
17496 17544 17508 17520 17532
17545 17589 17556 17567 17578
17590 17669 17609 17628 17647
17670 17940 17737 17804 17871
17941 18018 17960 17979 17998
18019 18237 18073 18127 18181
18238 18293 18251 18264 18277
18294 18413 18323 18352 18381
18414 18465 18426 18438 18450
18466 18496 18473 18480 18487
18497 18538 18507 18517 18527
18539 18562 18544 18549 18554
18563 18608 18574 18585 18596
18609 18632 18614 18619 18624
18633 18658 18639 18645 18651
18659 18676 18663 18667 18671
18677 18761 18698 18719 18740
18762 18778 18766 18770 18774
18779 18795 18783 18787 18791
18796 18813 18800 18804 18808
18814 18836 18819 18824 18829
18837 18859 18842 18847 18852
18860 18890 18867 18874 18881
18891 18910 18895 18899 18903
18911 18941 18918 18925 18932
18942 18973 18949 18956 18963
18974 18993 18978 18982 18986
18994 19014 18999 19004 19009
19015 19058 19025 19035 19045
19059 19097 19068 19077 19086
19098 19128 19105 19112 19119
19129 19150 19134 19139 19144
19151 19180 19158 19165 19172
19181 19208 19187 19193 19199
19209 19257 19221 19233 19245
19258 19287 19265 19272 19279
19288 19362 19306 19324 19342
19363 19397 19371 19379 19387
19398 19462 19414 19430 19446
19463 19485 19468 19473 19478
19486 19531 19497 19508 19519
19532 19552 19537 19542 19547
19553 19582 19560 19567 19574
19583 19635 19596 19609 19622
19636 19670 19644 19652 19660
19671 19735 19687 19703 19719
19736 19774 19745 19754 19763
19775 19791 19779 19783 19787
19792 19819 19798 19804 19810
19820 19862 19830 19840 19850
19863 19901 19872 19881 19890
19902 19982 19922 19942 19962
19983 20061 20002 20021 20040
20062 20116 20075 20088 20101
20117 20166 20129 20141 20153
20167 20206 20176 20185 20194
20207 20260 20220 20233 20246
20261 20343 20281 20301 20321
20344 20382 20353 20362 20371
20383 20461 20402 20421 20440
20462 20511 20474 20486 20498
20512 20566 20525 20538 20551
20567 20618 20579 20591 20603
20619 20661 20629 20639 20649
20662 20689 20668 20674 20680
20690 20717 20696 20702 20708
20718 20735 20722 20726 20730
20736 20759 20741 20746 20751
20760 20864 20786 20812 20838
20865 20907 20875 20885 20895
20908 20951 20918 20928 20938
20952 21007 20965 20978 20991
21008 21059 21020 21032 21044
21060 21092 21068 21076 21084
21093 21120 21099 21105 21111
21121 21159 21130 21139 21148
21160 21188 21167 21174 21181
21189 21220 21196 21203 21210
21221 21247 21227 21233 21239
21248 21275 21254 21260 21266
21276 21326 21288 21300 21312
21327 21439 21355 21383 21411
21440 21520 21460 21480 21500
21521 21566 21532 21543 21554
21567 21616 21579 21591 21603
21617 21656 21626 21635 21644
21657 21698 21667 21677 21687
21699 21984 21770 21841 21912
21985 22044 21999 22013 22027
22045 22143 22069 22093 22117
22144 22214 22161 22178 22195
22215 22307 22238 22261 22284
22308 22354 22319 22330 22341
22355 22398 22365 22375 22385
22399 22482 22419 22439 22459
22483 22579 22507 22531 22555
22580 22640 22595 22610 22625
22641 22671 22648 22655 22662
22672 22732 22687 22702 22717
22733 22823 22755 22777 22799
22824 22904 22844 22864 22884
22905 22972 22921 22937 22953
22973 23024 22985 22997 23009
23025 23184 23064 23103 23142
23185 23428 23245 23305 23365
23429 23561 23462 23495 23528
23562 23590 23569 23576 23583
23591 23646 23604 23617 23630
23647 23698 23659 23671 23683
23699 23820 23729 23759 23789
23821 23967 23857 23893 23929
23968 24039 23985 24002 24019
24040 24183 24075 24110 24145
24184 24259 24202 24220 24238
24260 24346 24281 24302 24323
24347 24459 24375 24403 24431
24460 24507 24471 24482 24493
24508 24538 24515 24522 24529
24539 24581 24549 24559 24569
24582 24624 24592 24602 24612
24625 24659 24633 24641 24649
24660 24770 24687 24714 24741
24771 24832 24786 24801 24816
24833 24895 24848 24863 24878
24896 24993 24920 24944 24968
24994 25023 25001 25008 25015
25024 25052 25031 25038 25045
25053 25079 25059 25065 25071
25080 25151 25097 25114 25131
25152 25190 25161 25170 25179
25191 25218 25197 25203 25209
25219 25257 25228 25237 25246
25258 25311 25271 25284 25297
25312 25366 25325 25338 25351
25367 25439 25385 25403 25421
25440 25477 25449 25458 25467
25478 25538 25493 25508 25523
25539 25555 25543 25547 25551
25556 25576 25561 25566 25571
25577 25612 25585 25593 25601
25613 25639 25619 25625 25631
25640 25672 25648 25656 25664
25673 25734 25688 25703 25718
25735 25772 25744 25753 25762
25773 25804 25780 25787 25794
25805 25924 25834 25863 25892
25925 25944 25929 25933 25937
25945 25963 25949 25953 25957
25964 25987 25969 25974 25979
25988 26016 25995 26002 26009
26017 26038 26022 26027 26032
26039 26058 26043 26047 26051
26059 26077 26063 26067 26071
26078 26101 26083 26088 26093
26102 26160 26116 26130 26144
26161 26191 26168 26175 26182
26192 26243 26204 26216 26228
26244 26283 26253 26262 26271
26284 26315 26291 26298 26305
26316 26428 26344 26372 26400
26429 26462 26437 26445 26453
26463 26479 26467 26471 26475
26480 26525 26491 26502 26513
26526 26607 26546 26566 26586
26608 26658 26620 26632 26644
26659 26703 26670 26681 26692
26704 26745 26714 26724 26734
26746 26865 26775 26804 26833
26866 26955 26888 26910 26932
26956 26991 26964 26972 26980
26992 27038 27003 27014 27025
27039 27107 27056 27073 27090
27108 27144 27117 27126 27135
27145 27245 27170 27195 27220
27246 27284 27255 27264 27273
27285 27338 27298 27311 27324
27339 27388 27351 27363 27375
27389 27569 27434 27479 27524
27570 27647 27589 27608 27627
27648 27695 27659 27670 27681
27696 27727 27703 27710 27717
27728 27747 27732 27736 27740
27748 27789 27758 27768 27778
27790 27832 27800 27810 27820
27833 27967 27866 27899 27932
27968 28043 27986 28004 28022
28044 28088 28055 28066 28077
28089 28116 28095 28101 28107
28117 28242 28148 28179 28210
28243 28401 28282 28321 28360
28402 28470 28419 28436 28453
28471 28688 28525 28579 28633
28689 28796 28715 28741 28767
28797 28822 28803 28809 28815
28823 28844 28828 28833 28838
28845 28871 28851 28857 28863
28872 28903 28879 28886 28893
28904 29005 28929 28954 28979
29006 29075 29023 29040 29057
29076 29204 29108 29140 29172
29205 29255 29217 29229 29241
29256 29282 29262 29268 29274
29283 29303 29288 29293 29298
29304 29350 29315 29326 29337
29351 29399 29363 29375 29387
29400 29432 29408 29416 29424
29433 29481 29445 29457 29469
29482 29503 29487 29492 29497
29504 29520 29508 29512 29516
29521 29566 29532 29543 29554
29567 29637 29584 29601 29618
29638 29733 29661 29684 29707
29734 30717 29800 29866 30537
30718 30850 30751 30784 30817
30851 30881 30858 30865 30872
30882 30902 30887 30892 30897
30903 30954 30915 30927 30939
30955 31037 30975 30995 31015
31038 31105 31054 31070 31086
31106 31122 31110 31114 31118
31123 31139 31127 31131 31135
31140 31161 31145 31150 31155
31162 31224 31177 31192 31207
31225 31263 31234 31243 31252
31264 31304 31274 31284 31294
31305 31333 31312 31319 31326
31334 31376 31344 31354 31364
31377 31406 31384 31391 31398
31407 31495 31429 31451 31473
31496 31543 31507 31518 31529
31544 31590 31555 31566 31577
31591 31648 31605 31619 31633
31649 31714 31665 31681 31697
31715 31789 31733 31751 31769
31790 31986 31839 31888 31937
31987 32079 32010 32033 32056
32080 32131 32092 32104 32116
32132 32330 32181 32230 32279
32331 32424 32354 32377 32400
32425 32476 32437 32449 32461
32477 32571 32500 32523 32546
32572 32600 32579 32586 32593
32601 32632 32608 32615 32622
32633 32751 32662 32691 32720
32752 32922 32794 32836 32878
32923 32997 32941 32959 32977
32998 33113 33026 33054 33082
33114 33147 33122 33130 33138
33148 33268 33178 33208 33238
33269 33386 33298 33327 33356
33387 33440 33400 33413 33426
33441 33535 33464 33487 33510
33536 33620 33557 33578 33599
33621 33696 33639 33657 33675
33697 33792 33720 33743 33766
33793 33829 33802 33811 33820
33830 33859 33837 33844 33851
33860 33950 33882 33904 33926
33951 33977 33957 33963 33969
33978 34006 33985 33992 33999
34007 34041 34015 34023 34031
34042 34058 34046 34050 34054
34059 34197 34093 34127 34161
34198 34261 34213 34228 34243
34262 34276 34265 34268 34271
34277 34289 34280 34283 34286
34290 34323 34298 34306 34314
34324 34367 34334 34344 34354
34368 34446 34387 34406 34425
34447 34527 34467 34487 34507
34528 34746 34582 34636 34690
34747 34840 34770 34793 34816
34841 34897 34855 34869 34883
34898 34934 34907 34916 34925
34935 34971 34944 34953 34962
34972 35070 34996 35020 35044
35071 35107 35080 35089 35098
35108 35379 35175 35242 35309
35380 35514 35413 35446 35479
35515 35545 35522 35529 35536
35546 35567 35551 35556 35561
35568 35597 35575 35582 35589
35598 35626 35605 35612 35619
35627 35765 35661 35695 35729
35766 35821 35779 35792 35805
35822 35877 35835 35848 35861
35878 35911 35886 35894 35902
35912 35974 35927 35942 35957
35975 36118 36010 36045 36080
36119 36165 36130 36141 36152
36166 36200 36174 36182 36190
36201 36232 36208 36215 36222
36233 36352 36262 36291 36320
36353 36421 36370 36387 36404
36422 36454 36430 36438 36446
36455 36488 36463 36471 36479
36489 36547 36503 36517 36531
36548 36597 36560 36572 36584
36598 36671 36616 36634 36652
36672 36705 36680 36688 36696
36706 36750 36717 36728 36739
36751 36767 36755 36759 36763
36768 36788 36773 36778 36783
36789 36805 36793 36797 36801
36806 36845 36815 36824 36833
36846 36863 36850 36854 36858
36864 36884 36869 36874 36879
36885 36921 36894 36903 36912
36922 36945 36927 36932 36937
36946 36967 36951 36956 36961
36968 36992 36974 36980 36986
36993 37049 37007 37021 37035
37050 37091 37060 37070 37080
37092 37147 37105 37118 37131
37148 37259 37175 37202 37229
37260 37341 37280 37300 37320
37342 37385 37352 37362 37372
37386 37462 37405 37424 37443
37463 37583 37493 37523 37553
37584 37716 37617 37650 37683
37717 37779 37732 37747 37762
37780 37907 37811 37842 37873
37908 38049 37943 37978 38013
38050 38107 38064 38078 38092
38108 38155 38119 38130 38141
38156 38192 38165 38174 38183
38193 38219 38199 38205 38211
38220 38271 38232 38244 38256
38272 38318 38283 38294 38305
38319 38348 38326 38333 38340
38349 38403 38362 38375 38388
38404 38439 38412 38420 38428
38440 38494 38453 38466 38479
38495 38604 38522 38549 38576
38605 38716 38632 38659 38686
38717 38775 38731 38745 38759
38776 38809 38784 38792 38800
38810 38837 38816 38822 38828
38838 38883 38849 38860 38871
38884 39198 38962 39040 39118
39199 39521 39279 39359 39439
39522 39612 39544 39566 39588
39613 39740 39644 39675 39706
39741 39784 39751 39761 39771
39785 39830 39796 39807 39818
39831 40001 39873 39915 39957
40002 40032 40009 40016 40023
40033 40072 40042 40051 40060
40073 40120 40084 40095 40106
40121 40178 40135 40149 40163
40179 40249 40196 40213 40230
40250 40370 40280 40310 40340
40371 40420 40383 40395 40407
40421 40752 40503 40585 40667
40753 41115 40843 40933 41023
41116 41268 41154 41192 41230
41269 41327 41283 41297 41311
41328 41378 41340 41352 41364
41379 41435 41393 41407 41421
41436 41493 41450 41464 41478
41494 41546 41507 41520 41533
41547 41683 41581 41615 41649
41684 41858 41727 41770 41813
41859 41878 41863 41867 41871
41879 41923 41890 41901 41912
41924 41991 41940 41956 41972
41992 42127 42025 42058 42091
42128 42256 42160 42192 42224
42257 42779 42387 42517 42647
42780 43000 42835 42890 42945
43001 43050 43013 43025 43037
43051 43068 43055 43059 43063
43069 43101 43077 43085 43093
43102 43134 43110 43118 43126
43135 43233 43159 43183 43207
43234 43262 43241 43248 43255
43263 43309 43274 43285 43296
43310 43365 43323 43336 43349
43366 43544 43410 43454 43498
43545 43680 43578 43611 43644
43681 43751 43698 43715 43732
43752 43862 43779 43806 43833
43863 43940 43882 43901 43920
43941 44060 43970 43999 44028
44061 44121 44076 44091 44106
44122 44143 44127 44132 44137
44144 44196 44157 44170 44183
44197 44218 44202 44207 44212
44219 44263 44230 44241 44252
44264 44482 44318 44372 44426
44483 44611 44515 44547 44579
44612 44658 44623 44634 44645
44659 44707 44671 44683 44695
44708 44818 44735 44762 44789
44819 44884 44835 44851 44867
44885 44935 44897 44909 44921
44936 44983 44947 44958 44969
44984 45054 44987 44990 45039
45055 45079 45061 45067 45073
45080 45104 45086 45092 45098
45105 45154 45117 45129 45141
45155 45200 45166 45177 45188
45201 45256 45214 45227 45240
45257 45320 45272 45287 45302
45321 45363 45331 45341 45351
45364 45384 45369 45374 45379
45385 45446 45400 45415 45430
45447 45475 45454 45461 45468
45476 45529 45489 45502 45515
45530 45552 45535 45540 45545
45553 45573 45558 45563 45568
45574 45633 45588 45602 45616
45634 45657 45639 45644 45649
45658 45686 45665 45672 45679
45687 45729 45697 45707 45717
45730 45791 45745 45760 45775
45792 45904 45820 45848 45876
45905 45952 45916 45927 45938
45953 46003 45965 45977 45989
46004 46057 46017 46030 46043
46058 46081 46063 46068 46073
46082 46110 46089 46096 46103
46111 46139 46118 46125 46132
46140 46162 46145 46150 46155
46163 46212 46175 46187 46199
46213 46259 46224 46235 46246
46260 46309 46272 46284 46296
46310 46328 46314 46318 46322
46329 46352 46334 46339 46344
46353 46384 46360 46367 46374
46385 46414 46392 46399 46406
46415 46456 46425 46435 46445
46457 46501 46468 46479 46490
46502 46531 46509 46516 46523
46532 46617 46553 46574 46595
46618 46691 46636 46654 46672
46692 46710 46696 46700 46704
46711 46742 46718 46725 46732
46743 46761 46747 46751 46755
46762 46780 46766 46770 46774
46781 46802 46786 46791 46796
46803 46834 46810 46817 46824
46835 46858 46840 46845 46850
46859 46916 46873 46887 46901
46917 46949 46925 46933 46941
46950 46968 46954 46958 46962
46969 47060 46991 47013 47035
47061 47237 47105 47149 47193
47238 47255 47242 47246 47250
47256 47275 47260 47264 47268
47276 47319 47286 47296 47306
47320 47340 47325 47330 47335
47341 47374 47349 47357 47365
47375 47398 47380 47385 47390
47399 47424 47405 47411 47417
47425 47442 47429 47433 47437
47443 47461 47447 47451 47455
47462 47480 47466 47470 47474
47481 47498 47485 47489 47493
47499 47519 47504 47509 47514
47520 47542 47525 47530 47535
47543 47576 47551 47559 47567
47577 47602 47583 47589 47595
47603 47623 47608 47613 47618
47624 47657 47632 47640 47648
47658 47683 47664 47670 47676
47684 47707 47689 47694 47699
47708 47730 47713 47718 47723
47731 47755 47737 47743 47749
47756 47785 47763 47770 47777
47786 47811 47792 47798 47804
47812 47833 47817 47822 47827
47834 47857 47839 47844 47849
47858 47877 47862 47866 47870
47878 47904 47884 47890 47896
47905 47939 47913 47921 47929
47940 47957 47944 47948 47952
47958 47978 47963 47968 47973
47979 48004 47985 47991 47997
48005 48058 48018 48031 48044
48059 48079 48064 48069 48074
48080 48096 48084 48088 48092
48097 48114 48101 48105 48109
48115 48137 48120 48125 48130
48138 48204 48154 48170 48186
48205 48347 48240 48275 48310
48348 48386 48357 48366 48375
48387 48422 48395 48403 48411
48423 48497 48441 48459 48477
48498 48562 48514 48530 48546
48563 48636 48581 48599 48617
48637 48687 48649 48661 48673
48688 48750 48703 48718 48733
48751 48852 48776 48801 48826
48853 48907 48866 48879 48892
48908 48957 48920 48932 48944
48958 49204 49019 49080 49141
49205 49420 49258 49311 49364
49421 49478 49435 49449 49463
49479 49554 49497 49515 49533
49555 49628 49573 49591 49609
49629 49719 49651 49673 49695
49720 49759 49729 49738 49747
49760 49881 49790 49820 49850
49882 50072 49929 49976 50023
50073 50306 50131 50189 50247
50307 50413 50333 50359 50385
50414 50533 50443 50472 50501
50534 50695 50574 50614 50654
50696 51024 50778 50860 50942
51025 51103 51044 51063 51082
51104 51424 51184 51264 51344
51425 51483 51439 51453 51467
51484 51506 51489 51494 51499
51507 51551 51518 51529 51540
51552 51592 51562 51572 51582
51593 51649 51607 51621 51635
51650 51698 51662 51674 51686
51699 51718 51703 51707 51711
51719 51748 51726 51733 51740
51749 51771 51754 51759 51764
51772 51838 51788 51804 51820
51839 51864 51845 51851 51857
51865 51910 51876 51887 51898
51911 51983 51929 51947 51965
51984 52010 51990 51996 52002
52011 52050 52020 52029 52038
52051 52091 52061 52071 52081
52092 52176 52113 52134 52155
52177 52233 52191 52205 52219
52234 52288 52247 52260 52273
52289 52489 52339 52389 52439
52490 52546 52504 52518 52532
52547 52567 52552 52557 52562
52568 52662 52591 52614 52637
52663 52689 52669 52675 52681
52690 52805 52718 52746 52774
52806 52824 52810 52814 52818
52825 52931 52851 52877 52903
52932 52990 52946 52960 52974
52991 53036 53002 53013 53024
53037 53245 53089 53141 53193
53246 53282 53255 53264 53273
53283 53315 53291 53299 53307
53316 53380 53332 53348 53364
53381 53541 53421 53461 53501
53542 53625 53562 53582 53602
53626 53730 53652 53678 53704
53731 53874 53766 53801 53836
53875 53973 53899 53923 53947
53974 54107 54007 54040 54073
54108 54201 54131 54154 54177
54202 54278 54221 54240 54259
54279 54358 54298 54317 54336
54359 54409 54371 54383 54395
54410 54454 54421 54432 54443
54455 54515 54470 54485 54500
54516 54585 54533 54550 54567
54586 54630 54597 54608 54619
54631 54665 54639 54647 54655
54666 54722 54680 54694 54708
54723 54829 54749 54775 54801
54830 54932 54855 54880 54905
54933 55039 54959 54985 55011
55040 55191 55077 55114 55151
55192 55257 55208 55224 55240
55258 55323 55274 55290 55306
55324 55667 55409 55494 55579
55668 55833 55709 55750 55791
55834 55880 55845 55856 55867
55881 56086 55932 55983 56034
56087 56104 56091 56095 56099
56105 56143 56114 56123 56132
56144 56164 56149 56154 56159
56165 56203 56174 56183 56192
56204 56250 56215 56226 56237
56251 56281 56258 56265 56272
56282 56323 56292 56302 56312
56324 56341 56328 56332 56336
56342 56365 56347 56352 56357
56366 56394 56373 56380 56387
56395 56422 56401 56407 56413
56423 56441 56427 56431 56435
56442 56465 56447 56452 56457
56466 56621 56504 56542 56580
56622 56655 56630 56638 56646
56656 56693 56665 56674 56683
56694 56729 56702 56710 56718
56730 56767 56739 56748 56757
56768 56794 56774 56780 56786
56795 56821 56801 56807 56813
56822 56859 56831 56840 56849
56860 56929 56877 56894 56911
56930 56973 56940 56950 56960
56974 57088 57002 57030 57058
57089 57143 57102 57115 57128
57144 57160 57148 57152 57156
57161 57208 57172 57183 57194
57209 57229 57214 57219 57224
57230 57266 57239 57248 57257
57267 57288 57272 57277 57282
57289 57326 57298 57307 57316
57327 57343 57331 57335 57339
57344 57361 57348 57352 57356
57362 57382 57367 57372 57377
57383 57414 57390 57397 57404
57415 57544 57447 57479 57511
57545 57881 57629 57713 57797
57882 57919 57891 57900 57909
57920 57937 57924 57928 57932
57938 58024 57959 57980 58001
58025 58054 58032 58039 58046
58055 58084 58062 58069 58076
58085 58181 58109 58133 58157
58182 58436 58245 58308 58371
58437 58491 58450 58463 58476
58492 58523 58499 58506 58513
58524 58587 58539 58554 58569
58588 58617 58595 58602 58609
58618 58740 58648 58678 58708
58741 58784 58751 58761 58771
58785 58836 58797 58809 58821
58837 58868 58844 58851 58858
58869 58909 58879 58889 58899
58910 58946 58919 58928 58937
58947 58990 58957 58967 58977
58991 59079 59013 59035 59057
59080 59151 59097 59114 59131
59152 59188 59161 59170 59179
59189 59261 59207 59225 59243
59262 59329 59278 59294 59310
59330 59466 59364 59398 59432
59467 59521 59480 59493 59506
59522 59585 59537 59552 59567
59586 59637 59598 59610 59622
59638 59694 59652 59666 59680
59695 59734 59704 59713 59722
59735 59756 59740 59745 59750
59757 59810 59770 59783 59796
59811 59887 59830 59849 59868
59888 59920 59896 59904 59912
59921 59961 59931 59941 59951
59962 60026 59971 59980 60018
60027 60065 60036 60045 60054
60066 60105 60075 60084 60093
60106 60131 60112 60118 60124
60132 60154 60137 60142 60147
60155 60189 60163 60171 60179
60190 60232 60200 60210 60220
60233 60263 60240 60247 60254
60264 60298 60272 60280 60288
60299 60336 60308 60317 60326
60337 60391 60350 60363 60376
60392 60431 60401 60410 60419
60432 60467 60440 60448 60456
60468 60495 60474 60480 60486
60496 60523 60502 60508 60514
60524 60598 60542 60560 60578
60599 60620 60604 60609 60614
60621 60638 60625 60629 60633
60639 60662 60644 60649 60654
60663 60691 60670 60677 60684
60692 60723 60699 60706 60713
60724 60766 60734 60744 60754
60767 60805 60776 60785 60794
60806 60835 60813 60820 60827
60836 60860 60842 60848 60854
60861 60888 60867 60873 60879
60889 60937 60901 60913 60925
60938 60980 60948 60958 60968
60981 61024 60991 61001 61011
61025 61049 61031 61037 61043
61050 61073 61055 61060 61065
61074 61091 61078 61082 61086
61092 61119 61098 61104 61110
61120 61151 61127 61134 61141
61152 61168 61156 61160 61164
61169 61200 61176 61183 61190
61201 61223 61206 61211 61216
61224 61245 61229 61234 61239
61246 61309 61261 61276 61291
61310 61339 61317 61324 61331
61340 61362 61345 61350 61355
61363 61380 61367 61371 61375
61381 61414 61389 61397 61405
61415 61447 61423 61431 61439
61448 61478 61455 61462 61469
61479 61512 61487 61495 61503
61513 61531 61517 61521 61525
61532 61582 61544 61556 61568
61583 61613 61590 61597 61604
61614 61677 61629 61644 61659
61678 61704 61684 61690 61696
61705 61747 61715 61725 61735
61748 61771 61753 61758 61763
61772 61792 61777 61782 61787
61793 61828 61801 61809 61817
61829 61863 61837 61845 61853
61864 61886 61869 61874 61879
61887 61905 61891 61895 61899
61906 61939 61914 61922 61930
61940 61956 61944 61948 61952
61957 61978 61962 61967 61972
61979 61997 61983 61987 61991
61998 62014 62002 62006 62010
62015 62040 62021 62027 62033
62041 62059 62045 62049 62053
62060 62092 62068 62076 62084
62093 62162 62110 62127 62144
62163 62181 62167 62171 62175
62182 62209 62188 62194 62200
62210 62235 62216 62222 62228
62236 62254 62240 62244 62248
62255 62280 62261 62267 62273
62281 62297 62285 62289 62293
62298 62319 62303 62308 62313
62320 62347 62326 62332 62338
62348 62370 62353 62358 62363
62371 62417 62382 62393 62404
62418 62477 62432 62446 62460
62478 62539 62493 62508 62523
62540 62601 62555 62570 62585
62602 62636 62610 62618 62626
62637 62666 62644 62651 62658
62667 62692 62673 62679 62685
62693 62712 62697 62701 62705
62713 62738 62719 62725 62731
62739 62769 62746 62753 62760
62770 62788 62774 62778 62782
62789 62823 62797 62805 62813
62824 62851 62830 62836 62842
62852 62910 62866 62880 62894
62911 62930 62915 62919 62923
62931 62949 62935 62939 62943
62950 62972 62955 62960 62965
62973 63004 62980 62987 62994
63005 63041 63014 63023 63032
63042 63076 63050 63058 63066
63077 63107 63084 63091 63098
63108 63124 63112 63116 63120
63125 63145 63130 63135 63140
63146 63162 63150 63154 63158
63163 63186 63168 63173 63178
63187 63216 63194 63201 63208
63217 63259 63227 63237 63247
63260 63287 63266 63272 63278
63288 63341 63301 63314 63327
63342 63385 63352 63362 63372
63386 63428 63396 63406 63416
63429 63461 63437 63445 63453
63462 63483 63467 63472 63477
63484 63552 63501 63518 63535
63553 63575 63558 63563 63568
63576 63596 63581 63586 63591
63597 63636 63606 63615 63624
63637 63690 63650 63663 63676
63691 63730 63700 63709 63718
63731 63768 63740 63749 63758
63769 63801 63777 63785 63793
63802 63845 63812 63822 63832
63846 63899 63859 63872 63885
63900 63928 63907 63914 63921
63929 63964 63937 63945 63953
63965 63984 63969 63973 63977
63985 64010 63991 63997 64003
64011 64066 64024 64037 64050
64067 64134 64083 64099 64115
64135 64158 64140 64145 64150
64159 64177 64163 64167 64171
64178 64203 64184 64190 64196
64204 64260 64218 64232 64246
64261 64279 64265 64269 64273
64280 64308 64287 64294 64301
64309 64345 64318 64327 64336
64346 64427 64366 64386 64406
64428 64457 64435 64442 64449
64458 64495 64467 64476 64485
64496 64525 64503 64510 64517
64526 64555 64533 64540 64547
64556 64601 64567 64578 64589
64602 64625 64607 64612 64617
64626 64682 64640 64654 64668
64683 64723 64693 64703 64713
64724 64747 64729 64734 64739
64748 64786 64757 64766 64775
64787 64834 64798 64809 64820
64835 64953 64864 64893 64922
64954 64971 64958 64962 64966
64972 64990 64976 64980 64984
64991 65041 65003 65015 65027
65042 65070 65049 65056 65063
65071 65090 65075 65079 65083
65091 65118 65097 65103 65109
65119 65177 65133 65147 65161
65178 65223 65189 65200 65211
65224 65261 65233 65242 65251
65262 65358 65286 65310 65334
65359 65420 65374 65389 65404
65421 65448 65427 65433 65439
65449 65491 65459 65469 65479
65492 65565 65510 65528 65546
65566 65583 65570 65574 65578
65584 65648 65600 65616 65632
65649 65669 65654 65659 65664
65670 65693 65675 65680 65685
65694 65762 65711 65728 65745
65763 65922 65802 65841 65880
65923 65942 65927 65931 65935
65943 66015 65961 65979 65997
66016 66083 66032 66048 66064
66084 66194 66111 66138 66165
66195 66387 66243 66291 66339
66388 66524 66422 66456 66490
66525 66619 66548 66571 66594
66620 66716 66644 66668 66692
66717 66833 66746 66775 66804
66834 66880 66845 66856 66867
66881 66906 66887 66893 66899
66907 66935 66914 66921 66928
66936 66984 66948 66960 66972
66985 67007 66990 66995 67000
67008 67113 67034 67060 67086
67114 67187 67132 67150 67168
67188 67207 67192 67196 67200
67208 67249 67218 67228 67238
67250 67360 67277 67304 67331
67361 67404 67371 67381 67391
67405 67444 67414 67423 67432
67445 67477 67453 67461 67469
67478 67533 67491 67504 67517
67534 67564 67541 67548 67555
67565 67666 67590 67615 67640
67667 67755 67689 67711 67733
67756 67822 67772 67788 67804
67823 67990 67864 67905 67946
67991 68039 68003 68015 68027
68040 68244 68091 68142 68193
68245 68443 68294 68343 68392
68444 68506 68459 68474 68489
68507 68652 68543 68579 68615
68653 68885 68711 68769 68827
68886 68978 68909 68932 68955
68979 69249 69046 69113 69180
69250 69376 69281 69312 69343
69377 69448 69394 69411 69428
69449 69532 69469 69489 69509
69533 69597 69549 69565 69581
69598 69726 69630 69662 69694
69727 69806 69746 69765 69784
69807 69928 69837 69867 69897
69929 69972 69939 69949 69959
69973 70007 69981 69989 69997
70008 70051 70018 70028 70038
70052 70075 70057 70062 70067
70076 70150 70094 70112 70130
70151 70214 70166 70181 70196
70215 70255 70225 70235 70245
70256 70274 70260 70264 70268
70275 70306 70282 70289 70296
70307 70326 70311 70315 70319
70327 70369 70337 70347 70357
70370 70393 70375 70380 70385
70394 70429 70402 70410 70418
70430 70493 70445 70460 70475
70494 70563 70511 70528 70545
70564 70586 70569 70574 70579
70587 70621 70595 70603 70611
70622 70639 70626 70630 70634
70640 70656 70644 70648 70652
70657 70798 70692 70727 70762
70799 70854 70812 70825 70838
70855 70937 70875 70895 70915
70938 71016 70957 70976 70995
71017 71116 71041 71065 71089
71117 71165 71129 71141 71153
71166 71228 71181 71196 71211
71229 71261 71237 71245 71253
71262 71300 71271 71280 71289
71301 71324 71306 71311 71316
71325 71360 71333 71341 71349
71361 71381 71366 71371 71376
71382 71407 71388 71394 71400
71408 71496 71430 71452 71474
71497 71514 71501 71505 71509
71515 71646 71547 71579 71611
71647 71715 71664 71681 71698
71716 71814 71740 71764 71788
71815 71833 71819 71823 71827
71834 71855 71839 71844 71849
71856 71875 71860 71864 71868
71876 71896 71881 71886 71891
71897 71922 71903 71909 71915
71923 71941 71927 71931 71935
71942 71982 71952 71962 71972
71983 71999 71987 71991 71995
72000 72021 72005 72010 72015
72022 72047 72028 72034 72040
72048 72064 72052 72056 72060
72065 72087 72070 72075 72080
72088 72115 72094 72100 72106
72116 72194 72135 72154 72173
72195 72223 72202 72209 72216
72224 72269 72235 72246 72257
72270 72311 72280 72290 72300
72312 72341 72319 72326 72333
72342 72359 72346 72350 72354
72360 72393 72368 72376 72384
72394 72417 72399 72404 72409
72418 72441 72423 72428 72433
72442 72480 72451 72460 72469
72481 72510 72488 72495 72502
72511 72529 72515 72519 72523
72530 72557 72536 72542 72548
72558 72607 72570 72582 72594
72608 72935 72689 72770 72851
72936 73030 72959 72982 73005
73031 73165 73064 73097 73130
73166 73333 73207 73248 73289
73334 73387 73347 73360 73373
73388 73452 73404 73420 73436
73453 73521 73470 73487 73504
73522 73752 73579 73636 73693
73753 73863 73780 73807 73834
73864 74086 73919 73974 74029
74087 74143 74101 74115 74129
74144 74270 74175 74206 74237
74271 74339 74288 74305 74322
74340 74555 74393 74446 74499
74556 74661 74582 74608 74634
74662 74780 74691 74720 74749
74781 74860 74800 74819 74838
74861 75026 74895 74929 75018
75027 75072 75038 75049 75060
75073 75108 75081 75089 75097
75109 75202 75132 75155 75178
75203 75427 75259 75315 75371
75428 75469 75438 75448 75458
75470 75590 75500 75530 75560
75591 75662 75608 75625 75642
75663 75722 75677 75691 75705
75723 75768 75734 75745 75756
75769 75794 75775 75781 75787
75795 75820 75801 75807 75813
75821 75869 75833 75845 75857
75870 75893 75875 75880 75885
75894 75925 75901 75908 75915
75926 75947 75931 75936 75941
75948 75973 75954 75960 75966
75974 76017 75984 75994 76004
76018 76046 76025 76032 76039
76047 76116 76064 76081 76098
76117 76150 76125 76133 76141
76151 76175 76157 76163 76169
76176 76205 76183 76190 76197
76206 76222 76210 76214 76218
76223 76294 76240 76257 76274
76295 76311 76299 76303 76307
76312 76339 76318 76324 76330
76340 76360 76345 76350 76355
76361 76377 76365 76369 76373
76378 76394 76382 76386 76390
76395 76425 76402 76409 76416
76426 76459 76434 76442 76450
76460 76474 76463 76466 76469
76475 76490 76478 76481 76484
76491 76515 76497 76503 76509
76516 76550 76524 76532 76540
76551 76571 76556 76561 76566
76572 76648 76591 76610 76629
76649 76722 76667 76685 76703
76723 76827 76749 76775 76801
76828 77057 76885 76942 76999
77058 77124 77074 77090 77106
77125 77161 77134 77143 77152
77162 77209 77173 77184 77195
77210 77328 77239 77268 77297
77329 77554 77385 77441 77497
77555 77648 77578 77601 77624
77649 77730 77669 77689 77709
77731 77772 77741 77751 77761
77773 78047 77841 77909 77977
78048 78146 78072 78096 78120
78147 78329 78192 78237 78282
78330 78482 78368 78406 78444
78483 78553 78500 78517 78534
78554 78626 78572 78590 78608
78627 78692 78643 78659 78675
78693 78761 78710 78727 78744
78762 78806 78773 78784 78795
78807 78875 78824 78841 78858
78876 79002 78907 78938 78969
79003 79147 79039 79075 79111
79148 79209 79163 79178 79193
79210 79295 79231 79252 79273
79296 79390 79319 79342 79365
79391 79504 79419 79447 79475
79505 79591 79526 79547 79568
79592 79751 79631 79670 79709
79752 79880 79784 79816 79848
79881 79953 79899 79917 79935
79954 79994 79964 79974 79984
79995 80049 80008 80021 80034
80050 80199 80087 80124 80161
80200 80237 80209 80218 80227
80238 80258 80243 80248 80253
80259 80285 80265 80271 80277
80286 80318 80294 80302 80310
80319 80364 80330 80341 80352
80365 80411 80376 80387 80398
80412 80429 80416 80420 80424
80430 80477 80441 80452 80463
80478 80518 80488 80498 80508
80519 80728 80571 80623 80675
80729 80762 80737 80745 80753
80763 80836 80781 80799 80817
80837 80923 80858 80879 80900
80924 80954 80931 80938 80945
80955 81005 80967 80979 80991
81006 81078 81024 81042 81060
81079 81119 81089 81099 81109
81120 81163 81130 81140 81150
81164 81209 81175 81186 81197
81210 81293 81230 81250 81270
81294 81310 81298 81302 81306
81311 81343 81319 81327 81335
81344 81440 81368 81392 81416
81441 81507 81457 81473 81489
81508 81621 81536 81564 81592
81622 81659 81631 81640 81649
81660 81701 81670 81680 81690
81702 81894 81750 81798 81846
81895 81953 81909 81923 81937
81954 81997 81964 81974 81984
81998 82045 82009 82020 82031
82046 82092 82057 82068 82079
82093 82159 82109 82125 82141
82160 82196 82169 82178 82187
82197 82238 82207 82217 82227
82239 82271 82247 82255 82263
82272 82366 82295 82318 82341
82367 82479 82395 82423 82451
82480 82612 82513 82546 82579
82613 82654 82623 82633 82643
82655 82809 82693 82731 82769
82810 82922 82838 82866 82894
82923 83065 82958 82993 83028
83066 83174 83093 83120 83147
83175 83219 83186 83197 83208
83220 83261 83230 83240 83250
83262 83294 83270 83278 83286
83295 83480 83341 83387 83433
83481 83517 83490 83499 83508
83518 83584 83534 83550 83566
83585 83614 83592 83599 83606
83615 83635 83620 83625 83630
83636 83725 83658 83680 83702
83726 83755 83733 83740 83747
83756 83988 83814 83872 83930
83989 84121 84022 84055 84088
84122 84295 84165 84208 84251
84296 84498 84346 84396 84446
84499 84678 84543 84587 84631
84679 84789 84706 84733 84760
84790 84819 84797 84804 84811
84820 84845 84826 84832 84838
84846 84870 84852 84858 84864
84871 84975 84897 84923 84949
84976 85161 85022 85068 85114
85162 85216 85175 85188 85201
85217 85260 85227 85237 85247
85261 85294 85269 85277 85285
85295 85379 85316 85337 85358
85380 85643 85445 85510 85575
85644 85783 85678 85712 85746
85784 85913 85816 85848 85880
85914 86057 85949 85984 86019
86058 86160 86083 86108 86133
86161 86266 86187 86213 86239
86267 86376 86294 86321 86348
86377 86453 86396 86415 86434
86454 86515 86469 86484 86499
86516 86558 86526 86536 86546
86559 86597 86568 86577 86586
86598 86688 86620 86642 86664
86689 86738 86701 86713 86725
86739 86840 86764 86789 86814
86841 87050 86893 86945 86997
87051 87407 87140 87229 87318
87408 87463 87421 87434 87447
87464 87627 87504 87544 87584
87628 87664 87637 87646 87655
87665 87803 87699 87733 87767
87804 87824 87809 87814 87819
87825 88008 87870 87915 87960
88009 88064 88022 88035 88048
88065 88121 88079 88093 88107
88122 88248 88153 88184 88215
88249 88270 88254 88259 88264
88271 88309 88280 88289 88298
88310 88341 88317 88324 88331
88342 88369 88348 88354 88360
88370 88397 88376 88382 88388
88398 88423 88404 88410 88416
88424 88442 88428 88432 88436
88443 88477 88451 88459 88467
88478 88494 88482 88486 88490
88495 88530 88503 88511 88519
88531 88554 88536 88541 88546
88555 88595 88565 88575 88585
88596 88615 88600 88604 88608
88616 88672 88630 88644 88658
88673 88717 88684 88695 88706
88718 88755 88727 88736 88745
88756 88790 88764 88772 88780
88791 88831 88801 88811 88821
88832 88868 88841 88850 88859
88869 88903 88877 88885 88893
88904 88935 88911 88918 88925
88936 88969 88944 88952 88960
88970 89015 88981 88992 89003
89016 89044 89023 89030 89037
89045 89068 89050 89055 89060
89069 89112 89079 89089 89099
89113 89160 89124 89135 89146
89161 89189 89168 89175 89182
89190 89216 89196 89202 89208
89217 89283 89233 89249 89265
89284 89310 89290 89296 89302
89311 89348 89320 89329 89338
89349 89372 89354 89359 89364
89373 89399 89379 89385 89391
89400 89430 89407 89414 89421
89431 89448 89435 89439 89443
89449 89465 89453 89457 89461
89466 89491 89472 89478 89484
89492 89509 89496 89500 89504
89510 89581 89527 89544 89561
89582 89627 89593 89604 89615
89628 89678 89640 89652 89664
89679 89781 89704 89729 89754
89782 89798 89786 89790 89794
89799 89817 89803 89807 89811
89818 89855 89827 89836 89845
89856 89877 89861 89866 89871
89878 89952 89896 89914 89932
89953 90020 89964 89975 90015
90021 90097 90040 90059 90078
90098 90129 90105 90112 90119
90130 90241 90157 90184 90211
90242 90273 90249 90256 90263
90274 90318 90285 90296 90307
90319 90361 90329 90339 90349
90362 90384 90367 90372 90377
90385 90420 90393 90401 90409
90421 90439 90425 90429 90433
90440 90456 90444 90448 90452
90457 90513 90471 90485 90499
90514 90565 90526 90538 90550
90566 90597 90573 90580 90587
90598 90618 90603 90608 90613
90619 90660 90629 90639 90649
90661 90715 90674 90687 90700
90716 90735 90720 90724 90728
90736 90752 90740 90744 90748
90753 90779 90759 90765 90771
90780 90909 90812 90844 90876
90910 91148 90969 91028 91087
91149 91233 91170 91191 91212
91234 91362 91266 91298 91330
91363 91410 91374 91385 91396
91411 91441 91418 91425 91432
91442 91540 91466 91490 91514
91541 91711 91583 91625 91667
91712 91743 91719 91726 91733
91744 91770 91750 91756 91762
91771 91794 91776 91781 91786
91795 91847 91808 91821 91834
91848 91907 91862 91876 91890
91908 91927 91912 91916 91920
91928 92113 91974 92020 92066
92114 92242 92146 92178 92210
92243 92285 92253 92263 92273
92286 92347 92301 92316 92331
92348 92464 92377 92406 92435
92465 92540 92483 92501 92519
92541 92643 92566 92591 92616
92644 92735 92666 92688 92710
92736 92826 92758 92780 92802
92827 93011 92873 92919 92965
93012 93178 93053 93094 93135
93179 93216 93188 93197 93206
93217 93262 93228 93239 93250
93263 93308 93274 93285 93296
93309 93341 93317 93325 93333
93342 93390 93354 93366 93378
93391 93430 93400 93409 93418
93431 93534 93456 93481 93506
93535 93574 93544 93553 93562
93575 93609 93583 93591 93599
93610 93626 93614 93618 93622
93627 93683 93641 93655 93669
93684 93720 93693 93702 93711
93721 93742 93726 93731 93736
93743 93763 93748 93753 93758
93764 93786 93769 93774 93779
93787 93804 93791 93795 93799
93805 93836 93812 93819 93826
93837 93854 93841 93845 93849
93855 93871 93859 93863 93867
93872 93888 93876 93880 93884
93889 93905 93893 93897 93901
93906 93928 93911 93916 93921
93929 93965 93938 93947 93956
93966 93985 93970 93974 93978
93986 94046 94001 94016 94031
94047 94066 94051 94055 94059
94067 94084 94071 94075 94079
94085 94115 94092 94099 94106
94116 94138 94121 94126 94131
94139 94197 94153 94167 94181
94198 94256 94212 94226 94240
94257 94302 94268 94279 94290
94303 94319 94307 94311 94315
94320 94338 94324 94328 94332
94339 94369 94346 94353 94360
94370 94400 94377 94384 94391
94401 94419 94405 94409 94413
94420 94486 94436 94452 94468
94487 94522 94495 94503 94511
94523 94565 94533 94543 94553
94566 94599 94574 94582 94590
94600 94638 94609 94618 94627
94639 94687 94651 94663 94675
94688 94712 94694 94700 94706
94713 94747 94721 94729 94737
94748 94767 94752 94756 94760
94768 94827 94782 94796 94810
94828 94896 94845 94862 94879
94897 94954 94911 94925 94939
94955 94990 94963 94971 94979
94991 95020 94998 95005 95012
95021 95175 95059 95097 95135
95176 95230 95189 95202 95215
95231 95303 95249 95267 95285
95304 95372 95321 95338 95355
95373 95408 95381 95389 95397
95409 95516 95435 95461 95487
95517 95559 95527 95537 95547
95560 95621 95575 95590 95605
95622 95663 95632 95642 95652
95664 95753 95686 95708 95730
95754 95819 95770 95786 95802
95820 95852 95828 95836 95844
95853 95887 95861 95869 95877
95888 95956 95905 95922 95939
95957 95989 95965 95973 95981
95990 96086 96014 96038 96062
96087 96133 96098 96109 96120
96134 96227 96157 96180 96203
96228 96259 96235 96242 96249
96260 96324 96276 96292 96308
96325 96348 96330 96335 96340
96349 96430 96369 96389 96409
96431 96483 96444 96457 96470
96484 96519 96492 96500 96508
96520 96550 96527 96534 96541
96551 96640 96573 96595 96617
96641 96678 96650 96659 96668
96679 96722 96689 96699 96709
96723 96756 96731 96739 96747
96757 96783 96763 96769 96775
96784 96805 96789 96794 96799
96806 96824 96810 96814 96818
96825 96841 96829 96833 96837
96842 96971 96874 96906 96938
96972 97015 96982 96992 97002
97016 97098 97036 97056 97076
97099 97130 97106 97113 97120
97131 97201 97148 97165 97182
97202 97301 97226 97250 97274
97302 97454 97340 97378 97416
97455 97511 97469 97483 97497
97512 97581 97529 97546 97563
97582 97635 97595 97608 97621
97636 97992 97725 97814 97903
97993 98207 98046 98099 98152
98208 98284 98227 98246 98265
98285 98337 98298 98311 98324
98338 98424 98359 98380 98401
98425 98556 98457 98489 98521
98557 98662 98583 98609 98635
98663 98718 98676 98689 98702
98719 98738 98723 98727 98731
98739 98924 98785 98831 98877
98925 99035 98952 98979 99006
99036 99162 99067 99098 99129
99163 99478 99241 99319 99397
99479 99586 99505 99531 99557
99587 99690 99612 99637 99662
99691 99786 99714 99737 99760
99787 99819 99795 99803 99811
99820 99910 99842 99864 99886
99911 100437 100042 100173 100304
100438 100543 100464 100490 100516
100544 100595 100556 100568 100580
100596 100672 100615 100634 100653
100673 100704 100680 100687 100694
100705 100830 100736 100767 100798
100831 100862 100838 100845 100852
100863 100891 100870 100877 100884
100892 100942 100904 100916 100928
100943 100975 100951 100959 100967
100976 100996 100981 100986 100991
100997 101051 101010 101023 101036
101052 101074 101057 101062 101067
101075 101195 101105 101135 101165
101196 101300 101222 101248 101274
101301 101334 101309 101317 101325
101335 101368 101343 101351 101359
101369 101402 101377 101385 101393
101403 101453 101415 101427 101439
101454 101561 101480 101506 101532
101562 101678 101591 101620 101649
101679 101993 101757 101835 101913
101994 102090 102018 102042 102066
102091 102168 102110 102129 102148
102169 102198 102176 102183 102190
102199 102224 102205 102211 102217
102225 102378 102263 102301 102339
102379 102416 102388 102397 102406
102417 102563 102453 102489 102525
102564 102629 102580 102596 102612
102630 102740 102657 102684 102711
102741 102800 102755 102769 102783
102801 102855 102814 102827 102840
102856 102989 102889 102922 102955
102990 103090 103015 103040 103065
103091 103251 103131 103171 103211
103252 103324 103270 103288 103306
103325 103520 103373 103421 103469
103521 103557 103530 103539 103548
103558 103676 103587 103616 103645
103677 103739 103692 103707 103722
103740 103802 103755 103770 103785
103803 103891 103825 103847 103869
103892 103912 103897 103902 103907
103913 103932 103917 103921 103925
103933 103956 103938 103943 103948
103957 103970 103960 103963 103966
103971 103983 103974 103977 103980
103984 104007 103989 103994 103999
104008 104033 104014 104020 104026
104034 104061 104040 104046 104052
104062 104090 104069 104076 104083
104091 104152 104106 104121 104136
104153 104218 104169 104185 104201
104219 104240 104224 104229 104234
104241 104270 104248 104255 104262
104271 104293 104276 104281 104286
104294 104314 104299 104304 104309
104315 104388 104333 104351 104369
104389 104407 104393 104397 104401
104408 104442 104416 104424 104432
104443 104467 104449 104455 104461
104468 104492 104474 104480 104486
104493 104522 104500 104507 104514
104523 104540 104527 104531 104535
104541 104568 104547 104553 104559
104569 104600 104576 104583 104590
104601 104634 104609 104617 104625
104635 104661 104641 104647 104653
104662 104678 104666 104670 104674
104679 104714 104687 104695 104703
104715 104766 104727 104739 104751
104767 104805 104776 104785 104794
104806 104844 104815 104824 104833
104845 104876 104852 104859 104866
104877 104913 104886 104895 104904
104914 104959 104925 104936 104947
104960 105005 104969 104978 105003
105006 105034 105013 105020 105027
105035 105047 105038 105041 105044
105048 105133 105069 105090 105111
105134 105157 105139 105144 105149
105158 105185 105164 105170 105176
105186 105254 105203 105220 105237
105255 105352 105279 105303 105327
105353 105395 105363 105373 105383
105396 105444 105408 105420 105432
105445 105502 105459 105473 105487
105503 105533 105510 105517 105524
105534 105565 105541 105548 105555
105566 105591 105572 105578 105584
105592 105638 105603 105614 105625
105639 105664 105645 105651 105657
105665 105694 105672 105679 105686
105695 105736 105705 105715 105725
105737 105765 105744 105751 105758
105766 105822 105780 105794 105808
105823 105851 105830 105837 105844
105852 105880 105859 105866 105873
105881 106020 105915 105949 105983
106021 106088 106037 106053 106069
106089 106199 106116 106143 106170
106200 106228 106207 106214 106221
106229 106275 106240 106251 106262
106276 106365 106298 106320 106342
106366 106429 106381 106396 106411
106430 106453 106435 106440 106445
106454 106473 106458 106462 106466
106474 106536 106489 106504 106519
106537 106608 106554 106571 106588
106609 106648 106618 106627 106636
106649 106681 106657 106665 106673
106682 106736 106695 106708 106721
106737 106771 106745 106753 106761
106772 106805 106780 106788 106796
106806 106864 106820 106834 106848
106865 106941 106884 106903 106922
106942 107081 106976 107010 107044
107082 107148 107098 107114 107130
107149 107289 107184 107219 107254
107290 107349 107304 107318 107332
107350 107390 107360 107370 107380
107391 107435 107402 107413 107424
107436 107505 107453 107470 107487
107506 107549 107516 107526 107536
107550 107652 107575 107600 107625
107653 107703 107665 107677 107689
107704 107747 107714 107724 107734
107748 107783 107756 107764 107772
107784 107892 107811 107838 107865
107893 107921 107900 107907 107914
107922 107984 107937 107952 107967
107985 108029 107996 108007 108018
108030 108071 108040 108050 108060
108072 108123 108084 108096 108108
108124 108160 108133 108142 108151
108161 108222 108176 108191 108206
108223 108344 108253 108283 108313
108345 108385 108355 108365 108375
108386 108413 108392 108398 108404
108414 108440 108420 108426 108432
108441 108462 108446 108451 108456
108463 108485 108468 108473 108478
108486 108502 108490 108494 108498
108503 108525 108508 108513 108518
108526 108542 108530 108534 108538
108543 108578 108551 108559 108567
108579 108609 108586 108593 108600
108610 108633 108615 108620 108625
108634 108665 108641 108648 108655
108666 108739 108684 108702 108720
108740 108785 108751 108762 108773
108786 108836 108798 108810 108822
108837 108890 108850 108863 108876
108891 108975 108912 108933 108954
108976 109010 108984 108992 109000
109011 109081 109028 109045 109062
109082 109150 109099 109116 109133
109151 109197 109162 109173 109184
109198 109214 109202 109206 109210
109215 109268 109228 109241 109254
109269 109338 109286 109303 109320
109339 109423 109360 109381 109402
109424 109514 109446 109468 109490
109515 109559 109526 109537 109548
109560 109665 109586 109612 109638
109666 109721 109679 109692 109705
109722 109799 109741 109760 109779
109800 109866 109816 109832 109848
109867 109892 109873 109879 109885
109893 109978 109914 109935 109956
109979 109999 109984 109989 109994
110000 110045 110011 110022 110033
110046 110064 110050 110054 110058
110065 110109 110076 110087 110098
110110 110186 110129 110148 110167
110187 110226 110196 110205 110214
110227 110287 110242 110257 110272
110288 110340 110301 110314 110327
110341 110441 110366 110391 110416
110442 110610 110484 110526 110568
110611 110722 110638 110665 110692
110723 110969 110784 110845 110906
110970 111007 110979 110988 110997
111008 111062 111021 111034 111047
111063 111088 111069 111075 111081
111089 111133 111100 111111 111122
111134 111160 111140 111146 111152
111161 111192 111168 111175 111182
111193 111245 111206 111219 111232
111246 111280 111254 111262 111270
111281 111326 111292 111303 111314
111327 111359 111335 111343 111351
111360 111396 111369 111378 111387
111397 111491 111420 111443 111466
111492 111598 111518 111544 111570
111599 111717 111628 111657 111686
111718 111763 111729 111740 111751
111764 111861 111788 111812 111836
111862 111935 111880 111898 111916
111936 111964 111943 111950 111957
111965 111984 111969 111973 111977
111985 112010 111991 111997 112003
112011 112072 112026 112041 112056
112073 112090 112077 112081 112085
112091 112174 112111 112131 112151
112175 112226 112187 112199 112211
112227 112326 112251 112275 112299
112327 112513 112373 112419 112465
112514 112599 112535 112556 112577
112600 112736 112634 112668 112702
112737 112793 112751 112765 112779
112794 112856 112809 112824 112839
112857 113014 112896 112935 112974
113015 113041 113021 113027 113033
113042 113230 113089 113136 113183
113231 113338 113257 113283 113309
113339 113374 113347 113355 113363
113375 113437 113390 113405 113420
113438 113535 113462 113486 113510
113536 113591 113549 113562 113575
113592 113684 113615 113638 113661
113685 113764 113704 113723 113742
113765 113884 113794 113823 113852
113885 113930 113896 113907 113918
113931 113988 113945 113959 113973
113989 114091 114014 114039 114064
114092 114154 114107 114122 114137
114155 114197 114165 114175 114185
114198 114296 114222 114246 114270
114297 114334 114306 114315 114324
114335 114397 114350 114365 114380
114398 114438 114408 114418 114428
114439 114462 114444 114449 114454
114463 114500 114472 114481 114490
114501 114520 114505 114509 114513
114521 114604 114541 114561 114581
114605 114633 114612 114619 114626
114634 114658 114640 114646 114652
114659 114676 114663 114667 114671
114677 114805 114709 114741 114773
114806 114867 114821 114836 114851
114868 114895 114874 114880 114886
114896 114924 114903 114910 114917
114925 114951 114931 114937 114943
114952 114976 114958 114964 114970
114977 115016 114986 114995 115004
115017 115040 115022 115027 115032
115041 115071 115048 115055 115062
115072 115126 115085 115098 115111
115127 115150 115132 115137 115142
115151 115195 115162 115173 115184
115196 115230 115204 115212 115220
115231 115248 115235 115239 115243
115249 115299 115261 115273 115285
115300 115325 115306 115312 115318
115326 115345 115330 115334 115338
115346 115369 115351 115356 115361
115370 115388 115374 115378 115382
115389 115409 115394 115399 115404
115410 115433 115415 115420 115425
115434 115463 115441 115448 115455
115464 115514 115476 115488 115500
115515 115592 115534 115553 115572
115593 115635 115603 115613 115623
115636 115697 115651 115666 115681
115698 115793 115721 115744 115767
115794 115852 115808 115822 115836
115853 115904 115865 115877 115889
115905 115936 115912 115919 115926
115937 115989 115950 115963 115976
115990 116044 116003 116016 116029
116045 116089 116056 116067 116078
116090 116168 116109 116128 116147
116169 116190 116174 116179 116184
116191 116222 116198 116205 116212
116223 116247 116229 116235 116241
116248 116276 116255 116262 116269
116277 116314 116286 116295 116304
116315 116346 116322 116329 116336
116347 116365 116351 116355 116359
116366 116382 116370 116374 116378
116383 116405 116388 116393 116398
116406 116439 116414 116422 116430
116440 116585 116476 116512 116548
116586 116650 116602 116618 116634
116651 116699 116663 116675 116687
116700 116727 116706 116712 116718
116728 116759 116735 116742 116749
116760 116791 116767 116774 116781
116792 116995 116842 116892 116942
116996 117125 117028 117060 117092
117126 117218 117149 117172 117195
117219 117299 117239 117259 117279
117300 117343 117310 117320 117330
117344 117398 117357 117370 117383
117399 117425 117405 117411 117417
117426 117466 117436 117446 117456
117467 117493 117473 117479 117485
117494 117515 117499 117504 117509
117516 117534 117520 117524 117528
117535 117564 117542 117549 117556
117565 117615 117577 117589 117601
117616 117675 117630 117644 117658
117676 117723 117687 117698 117709
117724 117769 117735 117746 117757
117770 117822 117783 117796 117809
117823 117886 117838 117853 117868
117887 117941 117900 117913 117926
117942 118020 117961 117980 117999
118021 118048 118027 118033 118039
118049 118128 118068 118087 118106
118129 118191 118144 118159 118174
118192 118252 118207 118222 118237
118253 118305 118266 118279 118292
118306 118341 118314 118322 118330
118342 118437 118365 118388 118411
118438 118472 118446 118454 118462
118473 118536 118488 118503 118518
118537 118599 118552 118567 118582
118600 118814 118653 118706 118759
118815 118942 118846 118877 118908
118943 119057 118971 118999 119027
119058 119145 119079 119100 119121
119146 119188 119156 119166 119176
119189 119261 119207 119225 119243
119262 119318 119276 119290 119304
119319 119413 119342 119365 119388
119414 119504 119436 119458 119480
119505 119530 119511 119517 119523
119531 119574 119541 119551 119561
119575 119591 119579 119583 119587
119592 119611 119596 119600 119604
119612 119692 119632 119652 119672
119693 119833 119728 119763 119798
119834 119963 119866 119898 119930
119964 120035 119972 119980 120024
120036 120135 120060 120084 120108
120136 120275 120170 120204 120238
120276 120296 120281 120286 120291
120297 120401 120323 120349 120375
120402 120546 120438 120474 120510
120547 120611 120563 120579 120595
120612 120689 120631 120650 120669
120690 120730 120700 120710 120720
120731 120784 120744 120757 120770
120785 120836 120797 120809 120821
120837 120873 120846 120855 120864
120874 120917 120884 120894 120904
120918 120958 120928 120938 120948
120959 121010 120971 120983 120995
121011 121042 121018 121025 121032
121043 121126 121063 121083 121103
121127 121179 121140 121153 121166
121180 121214 121188 121196 121204
121215 121247 121223 121231 121239
121248 121331 121268 121288 121308
121332 121352 121337 121342 121347
121353 121374 121358 121363 121368
121375 121402 121381 121387 121393
121403 121432 121410 121417 121424
121433 121453 121438 121443 121448
121454 121477 121459 121464 121469
121478 121499 121483 121488 121493
121500 121526 121506 121512 121518
121527 121549 121532 121537 121542
121550 121586 121559 121568 121577
121587 121606 121591 121595 121599
121607 121633 121613 121619 121625
121634 121661 121640 121646 121652
121662 121678 121666 121670 121674
121679 121695 121683 121687 121691
121696 121735 121705 121714 121723
121736 121763 121742 121748 121754
121764 121789 121770 121776 121782
121790 121814 121796 121802 121808
121815 121852 121824 121833 121842
121853 121873 121858 121863 121868
121874 121891 121878 121882 121886
121892 121922 121899 121906 121913
121923 121942 121927 121931 121935
121943 121969 121949 121955 121961
121970 122006 121979 121988 121997
122007 122030 122012 122017 122022
122031 122055 122037 122043 122049
122056 122079 122061 122066 122071
122080 122111 122087 122094 122101
122112 122129 122116 122120 122124
122130 122179 122142 122154 122166
122180 122211 122187 122194 122201
122212 122233 122217 122222 122227
122234 122256 122239 122244 122249
122257 122276 122261 122265 122269
122277 122301 122283 122289 122295
122302 122324 122307 122312 122317
122325 122367 122335 122345 122355
122368 122386 122372 122376 122380
122387 122414 122393 122399 122405
122415 122441 122421 122427 122433
122442 122461 122446 122450 122454
122462 122494 122470 122478 122486
122495 122529 122503 122511 122519
122530 122563 122538 122546 122554
122564 122589 122570 122576 122582
122590 122611 122595 122600 122605
122612 122639 122618 122624 122630
122640 122684 122651 122662 122673
122685 122709 122691 122697 122703
122710 122728 122714 122718 122722
122729 122796 122745 122761 122777
122797 122814 122801 122805 122809
122815 122835 122820 122825 122830
122836 122867 122843 122850 122857
122868 122887 122872 122876 122880
122888 122931 122898 122908 122918
122932 122950 122936 122940 122944
122951 122970 122955 122959 122963
122971 122987 122975 122979 122983
122988 123004 122992 122996 123000
123005 123029 123011 123017 123023
123030 123081 123042 123054 123066
123082 123120 123091 123100 123109
123121 123152 123128 123135 123142
123153 123181 123160 123167 123174
123182 123198 123186 123190 123194
123199 123228 123206 123213 123220
123229 123252 123234 123239 123244
123253 123283 123260 123267 123274
123284 123303 123288 123292 123296
123304 123323 123308 123312 123316
123324 123341 123328 123332 123336
123342 123359 123346 123350 123354
123360 123377 123364 123368 123372
123378 123415 123387 123396 123405
123416 123439 123421 123426 123431
123440 123478 123449 123458 123467
123479 123495 123483 123487 123491
123496 123514 123500 123504 123508
123515 123547 123523 123531 123539
123548 123601 123561 123574 123587
123602 123618 123606 123610 123614
123619 123635 123623 123627 123631
123636 123653 123640 123644 123648
123654 123691 123663 123672 123681
123692 123717 123698 123704 123710
123718 123739 123723 123728 123733
123740 123762 123745 123750 123755
123763 123794 123770 123777 123784
123795 123824 123802 123809 123816
123825 123897 123843 123861 123879
123898 123917 123902 123906 123910
123918 123943 123924 123930 123936
123944 124009 123960 123976 123992
124010 124037 124016 124022 124028
124038 124057 124042 124046 124050
124058 124093 124066 124074 124082
124094 124120 124100 124106 124112
124121 124155 124129 124137 124145
124156 124198 124166 124176 124186
124199 124242 124209 124219 124229
124243 124273 124250 124257 124264
124274 124363 124296 124318 124340
124364 124386 124369 124374 124379
124387 124415 124394 124401 124408
124416 124454 124425 124434 124443
124455 124489 124463 124471 124479
124490 124510 124495 124500 124505
124511 124532 124516 124521 124526
124533 124575 124543 124553 124563
124576 124635 124590 124604 124618
124636 124652 124640 124644 124648
124653 124684 124660 124667 124674
124685 124721 124694 124703 124712
124722 124761 124731 124740 124749
124762 124813 124774 124786 124798
124814 124837 124819 124824 124829
124838 124907 124855 124872 124889
124908 124931 124913 124918 124923
124932 124990 124946 124960 124974
124991 125071 125011 125031 125051
125072 125090 125076 125080 125084
125091 125113 125096 125101 125106
125114 125136 125119 125124 125129
125137 125157 125142 125147 125152
125158 125194 125167 125176 125185
125195 125218 125200 125205 125210
125219 125241 125224 125229 125234
125242 125371 125274 125306 125338
125372 125569 125421 125470 125519
125570 125670 125595 125620 125645
125671 125830 125710 125749 125788
125831 125894 125846 125861 125876
125895 125960 125911 125927 125943
125961 126033 125979 125997 126015
126034 126087 126047 126060 126073
126088 126164 126107 126126 126145
126165 126263 126189 126213 126237
126264 126383 126293 126322 126351
126384 126510 126415 126446 126477
126511 126736 126567 126623 126679
126737 127216 126856 126975 127094
127217 127276 127231 127245 127259
127277 127337 127292 127307 127322
127338 127453 127366 127394 127422
127454 127514 127469 127484 127499
127515 127543 127522 127529 127536
127544 127573 127551 127558 127565
127574 127699 127605 127636 127667
127700 127734 127708 127716 127724
127735 127751 127739 127743 127747
127752 127778 127758 127764 127770
127779 127862 127799 127819 127839
127863 127934 127880 127897 127914
127935 127968 127943 127951 127959
127969 128019 127981 127993 128005
128020 128050 128027 128034 128041
128051 128068 128055 128059 128063
128069 128115 128080 128091 128102
128116 128188 128134 128152 128170
128189 128205 128193 128197 128201
128206 128222 128210 128214 128218
128223 128239 128227 128231 128235
128240 128256 128244 128248 128252
128257 128292 128265 128273 128281
128293 128333 128303 128313 128323
128334 128350 128338 128342 128346
128351 128399 128363 128375 128387
128400 128441 128410 128420 128430
128442 128512 128459 128476 128493
128513 128594 128533 128553 128573
128595 128631 128604 128613 128622
128632 128658 128638 128644 128650
128659 128690 128666 128673 128680
128691 128713 128696 128701 128706
128714 128733 128718 128722 128726
128734 128754 128739 128744 128749
128755 128789 128763 128771 128779
128790 128825 128798 128806 128814
128826 128853 128832 128838 128844
128854 128891 128863 128872 128881
128892 128963 128909 128926 128943
128964 128983 128968 128972 128976
128984 129016 128992 129000 129008
129017 129037 129022 129027 129032
129038 129056 129042 129046 129050
129057 129077 129062 129067 129072
129078 129094 129082 129086 129090
129095 129111 129099 129103 129107
129112 129244 129145 129178 129211
129245 129566 129325 129405 129485
129567 129860 129640 129713 129786
129861 129947 129882 129903 129924
129948 130062 129976 130004 130032
130063 130144 130083 130103 130123
130145 130235 130167 130189 130211
130236 130268 130244 130252 130260
130269 130342 130287 130305 130323
130343 130431 130365 130387 130409
130432 130466 130440 130448 130456
130467 130507 130477 130487 130497
130508 130638 130540 130572 130604
130639 130779 130674 130709 130744
130780 130825 130791 130802 130813
130826 131047 130881 130936 130991
131048 131315 131114 131180 131246
131316 131405 131338 131360 131382
131406 131527 131436 131466 131496
131528 131567 131537 131546 131555
131568 132046 131687 131806 131925
132047 132127 132067 132087 132107
132128 132240 132156 132184 132212
132241 132371 132273 132305 132337
132372 132546 132415 132458 132501
132547 132641 132570 132593 132616
132642 132684 132652 132662 132672
132685 132726 132695 132705 132715
132727 132745 132731 132735 132739
132746 132776 132753 132760 132767
132777 133031 132840 132903 132966
133032 133374 133117 133202 133287
133375 133425 133387 133399 133411
133426 133578 133464 133502 133540
133579 133713 133612 133645 133678
133714 133817 133739 133764 133789
133818 133968 133855 133892 133929
133969 134080 133996 134023 134050
134081 134248 134122 134163 134204
134249 134417 134291 134333 134375
134418 134528 134445 134472 134499
134529 134578 134541 134553 134565
134579 135415 134684 134789 135309
135416 144366 137643 139870 142097
