0 443 110 220 330
444 469 450 456 462
470 508 479 488 497
509 546 518 527 536
547 565 551 555 559
566 585 570 574 578
586 613 592 598 604
614 631 618 622 626
632 697 648 664 680
698 718 703 708 713
719 770 731 743 755
771 787 775 779 783
788 884 812 836 860
885 932 896 907 918
933 956 938 943 948
957 979 962 967 972
980 1004 986 992 998
1005 1029 1011 1017 1023
1030 1110 1050 1070 1090
1111 1128 1115 1119 1123
1129 1160 1136 1143 1150
1161 1181 1166 1171 1176
1182 1201 1186 1190 1194
1202 1266 1218 1234 1250
1267 1292 1273 1279 1285
1293 1367 1311 1329 1347
1368 1387 1372 1376 1380
1388 1426 1397 1406 1415
1427 1445 1431 1435 1439
1446 1486 1456 1466 1476
1487 1548 1502 1517 1532
1549 1596 1560 1571 1582
1597 1635 1606 1615 1624
1636 1709 1654 1672 1690
1710 1751 1720 1730 1740
1752 1774 1757 1762 1767
1775 1795 1780 1785 1790
1796 1839 1806 1816 1826
1840 1886 1851 1862 1873
1887 1913 1893 1899 1905
1914 1946 1922 1930 1938
1947 2040 1970 1993 2016
2041 2073 2049 2057 2065
2074 2095 2079 2084 2089
2096 2154 2110 2124 2138
2155 2932 2349 2543 2737
2933 3242 3010 3087 3164
3243 3451 3295 3347 3399
3452 3596 3488 3524 3560
3597 3655 3611 3625 3639
3656 3721 3672 3688 3704
3722 3772 3734 3746 3758
3773 3843 3790 3807 3824
3844 3946 3869 3894 3919
3947 4053 3973 3999 4025
4054 4133 4073 4092 4111
4134 4299 4175 4216 4257
4300 4403 4325 4350 4375
4404 4480 4423 4442 4461
4481 4584 4506 4531 4556
4585 4811 4641 4697 4753
4812 4858 4823 4834 4845
4859 5033 4902 4945 4988
5034 5062 5041 5048 5055
5063 5117 5076 5089 5102
5118 5722 5269 5420 5571
5723 5986 5788 5853 5918
5987 6027 5997 6007 6017
6028 6056 6035 6042 6049
6057 6086 6064 6071 6078
6087 6264 6131 6175 6219
6265 6312 6276 6287 6298
6313 6454 6348 6383 6418
6455 6547 6478 6501 6524
6548 6663 6576 6604 6632
6664 6689 6670 6676 6682
6690 7010 6770 6850 6930
7011 7162 7048 7085 7122
7163 7234 7180 7197 7214
7235 7345 7262 7289 7316
7346 7562 7400 7454 7508
7563 7925 7653 7743 7833
7926 8019 7949 7972 7995
8020 8345 8101 8182 8263
8346 8539 8394 8442 8490
8540 8606 8556 8572 8588
8607 8804 8656 8705 8754
8805 8876 8822 8839 8856
8877 8991 8905 8933 8961
8992 9014 8997 9002 9007
9015 9079 9031 9047 9063
9080 9103 9085 9090 9095
9104 9191 9125 9146 9167
9192 9933 9377 9562 9747
9934 9966 9942 9950 9958
9967 10028 9982 9997 10012
10029 10228 10078 10127 10176
10229 10297 10246 10263 10280
10298 10347 10310 10322 10334
10348 10397 10360 10372 10384
10398 10474 10417 10436 10455
10475 10512 10484 10493 10502
10513 10560 10524 10535 10546
10561 10631 10578 10595 10612
10632 10708 10651 10670 10689
10709 10862 10747 10785 10823
10863 10905 10873 10883 10893
10906 11147 10966 11026 11086
11148 11184 11157 11166 11175
11185 11280 11208 11231 11254
11281 11297 11285 11289 11293
11298 11338 11308 11318 11328
11339 11374 11347 11355 11363
11375 11433 11389 11403 11417
11434 11669 11492 11550 11608
11670 11859 11717 11764 11811
11860 11941 11880 11900 11920
11942 11978 11951 11960 11969
11979 12799 12184 12389 12594
12800 12841 12810 12820 12830
12842 12893 12854 12866 12878
12894 13168 12962 13030 13098
13169 13398 13226 13283 13340
13399 13493 13422 13445 13468
13494 13789 13567 13640 13713
13790 13886 13814 13838 13862
13887 14365 14006 14125 14244
14366 14392 14372 14378 14384
14393 14893 14518 14643 14768
14894 15087 14920 14946 15063
15088 15139 15100 15112 15124
15140 15167 15146 15152 15158
15168 15274 15194 15220 15246
15275 15380 15301 15327 15353
15381 15441 15396 15411 15426
15442 15784 15527 15612 15697
15785 15826 15795 15805 15815
15827 16242 15930 16033 16136
16243 16364 16273 16303 16333
16365 16453 16387 16409 16431
16454 16508 16467 16480 16493
16509 16557 16521 16533 16545
16558 16624 16574 16590 16606
16625 16677 16638 16651 16664
16678 16817 16712 16746 16780
16818 16918 16843 16868 16893
16919 17002 16939 16959 16979
17003 17071 17020 17037 17054
17072 17130 17086 17100 17114
17131 17258 17162 17193 17224
17259 17329 17276 17293 17310
17330 17386 17344 17358 17372
17387 17480 17410 17433 17456
17481 17591 17508 17535 17562
17592 17662 17609 17626 17643
17663 17735 17681 17699 17717
17736 17831 17759 17782 17805
17832 18083 17894 17956 18018
18084 18133 18096 18108 18120
18134 18193 18148 18162 18176
18194 18292 18218 18242 18266
18293 18362 18310 18327 18344
18363 18401 18372 18381 18390
18402 18466 18418 18434 18450
18467 18554 18488 18509 18530
18555 18651 18579 18603 18627
18652 18963 18729 18806 18883
18964 20003 19223 19482 19741
20004 20307 20079 20154 20229
20308 20537 20365 20422 20479
20538 20692 20576 20614 20652
20693 20805 20721 20749 20777
20806 20867 20821 20836 20851
20868 21077 20920 20972 21024
21078 21180 21103 21128 21153
21181 21286 21207 21233 21259
21287 21541 21350 21413 21476
21542 21710 21584 21626 21668
21711 22086 21804 21897 21990
22087 22223 22121 22155 22189
22224 22522 22298 22372 22446
22523 22891 22615 22707 22799
22892 23039 22928 22964 23000
23040 23696 23204 23368 23532
23697 23820 23727 23757 23787
23821 23965 23857 23893 23929
23966 24013 23977 23988 23999
24014 24189 24057 24100 24143
24190 24461 24257 24324 24391
24462 24616 24500 24538 24576
24617 24805 24664 24711 24758
24806 25190 24902 24998 25094
25191 25299 25218 25245 25272
25300 25512 25353 25406 25459
25513 25617 25539 25565 25591
25618 25830 25671 25724 25777
25831 26040 25883 25935 25987
26041 26196 26079 26117 26155
26197 26297 26222 26247 26272
26298 26593 26371 26444 26517
26594 26697 26619 26644 26669
26698 26824 26729 26760 26791
26825 26873 26837 26849 26861
26874 27049 26917 26960 27003
27050 27161 27077 27104 27131
27162 27523 27252 27342 27432
27524 27977 27637 27750 27863
27978 28045 27994 28010 28026
28046 28070 28052 28058 28064
28071 28095 28077 28083 28089
28096 28123 28102 28108 28114
28124 28213 28146 28168 28190
28214 28278 28230 28246 28262
28279 28315 28288 28297 28306
28316 28365 28328 28340 28352
28366 28424 28380 28394 28408
28425 28500 28443 28461 28479
28501 28580 28520 28539 28558
28581 28649 28598 28615 28632
28650 28788 28684 28718 28752
28789 28879 28811 28833 28855
28880 28970 28902 28924 28946
28971 28999 28978 28985 28992
29000 29081 29020 29040 29060
29082 29130 29094 29106 29118
29131 29285 29169 29207 29245
29286 29377 29308 29330 29352
29378 29428 29390 29402 29414
29429 29468 29438 29447 29456
29469 29499 29476 29483 29490
29500 29554 29513 29526 29539
29555 29693 29589 29623 29657
29694 29726 29702 29710 29718
29727 30007 29795 29863 30003
30008 30122 30036 30064 30092
30123 30218 30146 30169 30192
30219 30263 30230 30241 30252
30264 30290 30270 30276 30282
30291 30315 30297 30303 30309
30316 30343 30322 30328 30334
30344 30528 30390 30436 30482
30529 30567 30538 30547 30556
30568 30680 30596 30624 30652
30681 30720 30690 30699 30708
30721 30755 30729 30737 30745
30756 30786 30763 30770 30777
30787 30819 30795 30803 30811
30820 31044 30876 30932 30988
31045 31103 31059 31073 31087
31104 31145 31114 31124 31134
31146 31211 31162 31178 31194
31212 31433 31267 31322 31377
31434 31501 31450 31466 31482
31502 31546 31513 31524 31535
31547 31569 31552 31557 31562
31570 31594 31576 31582 31588
31595 31618 31600 31605 31610
31619 31683 31635 31651 31667
31684 31795 31711 31738 31765
31796 31827 31803 31810 31817
31828 31869 31838 31848 31858
31870 31898 31877 31884 31891
31899 31951 31912 31925 31938
31952 31970 31956 31960 31964
31971 32000 31978 31985 31992
32001 32030 32008 32015 32022
32031 32052 32036 32041 32046
32053 32080 32059 32065 32071
32081 32115 32089 32097 32105
32116 32138 32121 32126 32131
32139 32203 32155 32171 32187
32204 32276 32222 32240 32258
32277 32341 32293 32309 32325
32342 32368 32348 32354 32360
32369 32400 32376 32383 32390
32401 32425 32407 32413 32419
32426 32611 32472 32518 32564
32612 32996 32708 32804 32900
32997 33039 33007 33017 33027
33040 33131 33062 33084 33106
33132 33181 33144 33156 33168
33182 33824 33342 33502 33662
33825 33892 33841 33857 33873
33893 34022 33925 33957 33989
34023 34049 34029 34035 34041
34050 34082 34058 34066 34074
34083 34181 34107 34131 34155
34182 34344 34222 34262 34302
34345 34820 34463 34581 34699
34821 34904 34841 34861 34881
34905 34960 34918 34931 34944
34961 35065 34987 35013 35039
35066 35123 35080 35094 35108
35124 35186 35139 35154 35169
35187 35249 35202 35217 35232
35250 35380 35282 35314 35346
35381 35412 35388 35395 35402
35413 35454 35423 35433 35443
35455 35472 35459 35463 35467
35473 35638 35514 35555 35596
35639 35867 35696 35753 35810
35868 36060 35916 35964 36012
36061 36122 36076 36091 36106
36123 36640 36252 36381 36510
36641 36722 36661 36681 36701
36723 36803 36743 36763 36783
36804 37075 36871 36938 37005
37076 37261 37122 37168 37214
37262 37439 37306 37350 37394
37440 37483 37450 37460 37470
37484 37546 37499 37514 37529
37547 37582 37555 37563 37571
37583 37689 37609 37635 37661
37690 37720 37697 37704 37711
37721 37752 37728 37735 37742
37753 37797 37764 37775 37786
37798 37844 37809 37820 37831
37845 37877 37853 37861 37869
37878 37981 37903 37928 37953
37982 38024 37992 38002 38012
38025 38309 38096 38167 38238
38310 38428 38339 38368 38397
38429 38445 38433 38437 38441
38446 38463 38450 38454 38458
38464 38482 38468 38472 38476
38483 38541 38497 38511 38525
38542 38606 38558 38574 38590
38607 38662 38620 38633 38646
38663 38924 38728 38793 38858
38925 38973 38937 38949 38961
38974 39262 39046 39118 39190
39263 39295 39271 39279 39287
39296 40124 39503 39710 39917
40125 40278 40163 40201 40239
40279 40647 40371 40463 40555
40648 40812 40689 40730 40771
40813 41220 40914 41015 41116
41221 41679 41335 41449 41563
41680 41798 41709 41738 41767
41799 42274 41917 42035 42153
42275 42306 42282 42289 42296
42307 42334 42313 42319 42325
42335 42438 42360 42385 42410
42439 42516 42458 42477 42496
42517 42567 42529 42541 42553
42568 42596 42575 42582 42589
42597 42627 42604 42611 42618
42628 42651 42633 42638 42643
42652 42668 42656 42660 42664
42669 42696 42675 42681 42687
42697 43314 42851 43005 43159
43315 43388 43333 43351 43369
43389 43481 43412 43435 43458
43482 43692 43534 43586 43638
43693 43825 43726 43759 43792
43826 43889 43841 43856 43871
43890 43989 43914 43938 43962
43990 44086 44014 44038 44062
44087 44429 44172 44257 44342
44430 44538 44457 44484 44511
44539 44715 44583 44627 44671
44716 44796 44736 44756 44776
44797 44894 44821 44845 44869
44895 45042 44921 44947 45030
45043 45121 45062 45081 45100
45122 45227 45148 45174 45200
45228 45266 45237 45246 45255
45267 45538 45334 45401 45468
45539 45579 45549 45559 45569
45580 45613 45588 45596 45604
45614 45655 45624 45634 45644
45656 45698 45666 45676 45686
45699 45718 45703 45707 45711
45719 45782 45734 45749 45764
45783 45932 45820 45857 45894
45933 45990 45947 45961 45975
45991 46049 46005 46019 46033
46050 46093 46060 46070 46080
46094 46112 46098 46102 46106
46113 46165 46126 46139 46152
46166 46302 46200 46234 46268
46303 46391 46325 46347 46369
46392 46640 46454 46516 46578
46641 46680 46650 46659 46668
46681 46807 46712 46743 46774
46808 47012 46859 46910 46961
47013 47083 47030 47047 47064
47084 47137 47097 47110 47123
47138 47229 47160 47182 47204
47230 47290 47245 47260 47275
47291 47390 47315 47339 47363
47391 47449 47405 47419 47433
47450 47492 47460 47470 47480
47493 47736 47553 47613 47673
47737 48043 47813 47889 47965
48044 48114 48061 48078 48095
48115 48169 48128 48141 48154
48170 48232 48185 48200 48215
48233 48265 48241 48249 48257
48266 48290 48272 48278 48284
48291 48319 48298 48305 48312
48320 48509 48367 48414 48461
48510 48529 48514 48518 48522
48530 48620 48552 48574 48596
48621 48640 48625 48629 48633
48641 48674 48649 48657 48665
48675 48710 48683 48691 48699
48711 48807 48735 48759 48783
48808 48873 48824 48840 48856
48874 48928 48887 48900 48913
48929 49176 48990 49051 49112
49177 49267 49199 49221 49243
49268 49312 49279 49290 49301
49313 49340 49319 49325 49331
49341 49363 49346 49351 49356
49364 49437 49382 49400 49418
49438 49457 49442 49446 49450
49458 49512 49471 49484 49497
49513 49531 49517 49521 49525
49532 49556 49538 49544 49550
49557 49582 49563 49569 49575
49583 49601 49587 49591 49595
49602 49635 49610 49618 49626
49636 49652 49640 49644 49648
49653 49670 49657 49661 49665
49671 49695 49677 49683 49689
49696 49765 49713 49730 49747
49766 49843 49785 49804 49823
49844 49875 49851 49858 49865
49876 49900 49882 49888 49894
49901 49918 49905 49909 49913
49919 49939 49924 49929 49934
49940 49957 49944 49948 49952
49958 50183 50014 50070 50126
50184 50202 50188 50192 50196
50203 50245 50213 50223 50233
50246 50297 50258 50270 50282
50298 50341 50308 50318 50328
50342 50383 50352 50362 50372
50384 50520 50418 50452 50486
50521 50567 50532 50543 50554
50568 50766 50617 50666 50715
50767 50958 50814 50861 50908
50959 50994 50967 50975 50983
50995 51091 51019 51043 51067
51092 51130 51101 51110 51119
51131 51184 51144 51157 51170
51185 51205 51190 51195 51200
51206 51225 51210 51214 51218
51226 51243 51230 51234 51238
51244 51533 51316 51388 51460
51534 51570 51543 51552 51561
51571 51598 51577 51583 51589
51599 51662 51614 51629 51644
51663 51696 51671 51679 51687
51697 51717 51702 51707 51712
51718 51777 51732 51746 51760
51778 51816 51787 51796 51805
51817 51840 51822 51827 51832
51841 51873 51849 51857 51865
51874 51969 51897 51920 51943
51970 52136 52011 52052 52093
52137 52241 52163 52189 52215
52242 52353 52269 52296 52323
52354 52464 52381 52408 52435
52465 52527 52480 52495 52510
52528 52564 52537 52546 52555
52565 52681 52594 52623 52652
52682 52717 52690 52698 52706
52718 52750 52726 52734 52742
52751 52775 52757 52763 52769
52776 52792 52780 52784 52788
52793 52840 52804 52815 52826
52841 52864 52846 52851 52856
52865 52888 52870 52875 52880
52889 52915 52895 52901 52907
52916 52940 52922 52928 52934
52941 52960 52945 52949 52953
52961 52980 52965 52969 52973
52981 52998 52985 52989 52993
52999 53016 53003 53007 53011
53017 53033 53021 53025 53029
53034 53060 53040 53046 53052
53061 53085 53067 53073 53079
53086 53130 53097 53108 53119
53131 53157 53137 53143 53149
53158 53199 53168 53178 53188
53200 53225 53206 53212 53218
53226 53695 53343 53460 53577
53696 53988 53769 53842 53915
53989 54479 54111 54233 54355
54480 55097 54634 54788 54942
55098 55156 55112 55126 55140
55157 55207 55169 55181 55193
55208 55454 55269 55330 55391
55455 56201 55641 55827 56013
56202 56356 56240 56278 56316
56357 56528 56399 56441 56483
56529 56739 56581 56633 56685
56740 56803 56755 56770 56785
56804 57187 56899 56994 57089
57188 57228 57198 57208 57218
57229 57257 57236 57243 57250
57258 57363 57284 57310 57336
57364 57606 57424 57484 57544
57607 57695 57629 57651 57673
57696 57721 57702 57708 57714
57722 57972 57784 57846 57908
57973 58089 58002 58031 58060
58090 58226 58124 58158 58192
58227 58293 58243 58259 58275
58294 58728 58402 58510 58618
58729 58809 58749 58769 58789
58810 58979 58852 58894 58936
58980 59110 59012 59044 59076
59111 59162 59123 59135 59147
59163 60148 59372 59581 60111
60149 60264 60177 60205 60233
60265 60329 60281 60297 60313
60330 60917 60476 60622 60768
60918 61098 60963 61008 61053
61099 61209 61126 61153 61180
61210 61355 61246 61282 61318
61356 61454 61380 61404 61428
61455 61536 61475 61495 61515
61537 61720 61582 61627 61672
61721 61762 61731 61741 61751
61763 61976 61816 61869 61922
61977 62281 62053 62129 62205
62282 62410 62314 62346 62378
62411 62734 62491 62571 62651
62735 62778 62745 62755 62765
62779 63383 62930 63081 63232
63384 63519 63417 63450 63483
63520 63645 63551 63582 63613
63646 63750 63672 63698 63724
63751 63852 63776 63801 63826
63853 63894 63863 63873 63883
63895 63923 63902 63909 63916
63924 63964 63934 63944 63954
63965 64010 63976 63987 63998
64011 64071 64026 64041 64056
64072 64110 64081 64090 64099
64111 64187 64130 64149 64168
64188 64220 64196 64204 64212
64221 64574 64309 64397 64485
64575 64598 64580 64585 64590
64599 64742 64634 64669 64704
64743 64816 64761 64779 64797
64817 64904 64838 64859 64880
64905 64941 64914 64923 64932
64942 64987 64953 64964 64975
64988 65047 65002 65016 65030
65048 65155 65074 65100 65126
65156 65472 65235 65314 65393
65473 65561 65495 65517 65539
65562 65669 65588 65614 65640
65670 65757 65691 65712 65733
65758 65778 65763 65768 65773
65779 65861 65799 65819 65839
65862 65886 65868 65874 65880
65887 65966 65906 65925 65944
65967 65990 65972 65977 65982
65991 66035 66002 66013 66024
66036 66088 66049 66062 66075
66089 66235 66125 66161 66197
66236 66359 66266 66296 66326
66360 66484 66391 66422 66453
66485 66530 66496 66507 66518
66531 66566 66539 66547 66555
66567 66617 66579 66591 66603
66618 66639 66623 66628 66633
66640 66679 66649 66658 66667
66680 66826 66716 66752 66788
66827 66995 66869 66911 66953
66996 67145 67033 67070 67107
67146 67270 67177 67208 67239
67271 67379 67298 67325 67352
67380 67410 67387 67394 67401
67411 67755 67497 67583 67669
67756 67855 67780 67804 67828
67856 67898 67866 67876 67886
67899 67984 67920 67941 67962
67985 68233 68047 68109 68171
68234 68258 68240 68246 68252
68259 68396 68293 68327 68361
68397 68426 68404 68411 68418
68427 68468 68437 68447 68457
68469 68533 68485 68501 68517
68534 68577 68544 68554 68564
68578 70806 69135 69692 70249
70807 70931 70838 70869 70900
70932 71027 70955 70978 71001
71028 71088 71043 71058 71073
71089 71170 71109 71129 71149
71171 72616 71532 71893 72254
72617 72709 72640 72663 72686
72710 72741 72717 72724 72731
72742 72867 72773 72804 72835
72868 72919 72880 72892 72904
72920 73021 72945 72970 72995
73022 73038 73026 73030 73034
73039 73106 73055 73071 73087
73107 73350 73167 73227 73287
73351 73485 73384 73417 73450
73486 73579 73509 73532 73555
73580 73722 73615 73650 73685
73723 73749 73729 73735 73741
73750 73818 73767 73784 73801
73819 74219 73919 74019 74119
74220 74265 74231 74242 74253
74266 74307 74276 74286 74296
74308 74371 74323 74338 74353
74372 74544 74415 74458 74501
74545 74633 74567 74589 74611
74634 74737 74659 74684 74709
74738 75180 74803 74868 75135
75181 75926 75367 75553 75739
75927 76306 76021 76115 76209
76307 76329 76312 76317 76322
76330 76413 76350 76370 76390
76414 76432 76418 76422 76426
76433 76463 76440 76447 76454
76464 76653 76511 76558 76605
76654 77275 76809 76964 77119
77276 77560 77347 77418 77489
77561 77890 77643 77725 77807
77891 78479 78038 78185 78332
78480 78568 78502 78524 78546
78569 78628 78583 78597 78611
78629 78718 78651 78673 78695
78719 78760 78729 78739 78749
78761 78812 78773 78785 78797
78813 78946 78846 78879 78912
78947 79114 78988 79029 79070
79115 79146 79122 79129 79136
79147 79244 79171 79195 79219
79245 79299 79258 79271 79284
79300 79512 79353 79406 79459
79513 80463 79750 79987 80224
80464 80497 80472 80480 80488
80498 80521 80503 80508 80513
80522 80687 80563 80604 80645
80688 80985 80762 80836 80910
80986 81034 80998 81010 81022
81035 81126 81057 81079 81101
81127 81223 81151 81175 81199
81224 81590 81315 81406 81497
81591 81656 81607 81623 81639
81657 81862 81708 81759 81810
81863 82059 81912 81961 82010
82060 82126 82076 82092 82108
82127 82444 82206 82285 82364
82445 82513 82462 82479 82496
82514 82745 82571 82628 82685
82746 82788 82756 82766 82776
82789 82926 82823 82857 82891
82927 83003 82946 82965 82984
83004 83542 83138 83272 83406
83543 83656 83571 83599 83627
83657 84034 83751 83845 83939
84035 84073 84044 84053 84062
84074 84381 84150 84226 84302
84382 84444 84397 84412 84427
84445 84532 84466 84487 84508
84533 84828 84606 84679 84752
84829 84892 84844 84859 84874
84893 85069 84937 84981 85025
85070 85141 85087 85104 85121
85142 85352 85194 85246 85298
85353 85430 85372 85391 85410
85431 85821 85528 85625 85722
85822 85929 85848 85874 85900
85930 86007 85949 85968 85987
86008 86065 86022 86036 86050
86066 86136 86083 86100 86117
86137 86183 86148 86159 86170
86184 86731 86320 86456 86592
86732 86921 86779 86826 86873
86922 86954 86930 86938 86946
86955 87112 86994 87033 87072
87113 87208 87136 87159 87182
87209 87312 87234 87259 87284
87313 87358 87324 87335 87346
87359 87403 87370 87381 87392
87404 87494 87426 87448 87470
87495 88810 87823 88151 88479
88811 88904 88834 88857 88880
88905 89044 88939 88973 89007
89045 89106 89060 89075 89090
89107 89415 89184 89261 89338
89416 89789 89509 89602 89695
89790 90133 89842 89894 90099
90134 90224 90156 90178 90200
90225 90816 90372 90519 90666
90817 90909 90840 90863 90886
90910 91005 90933 90956 90979
91006 91049 91016 91026 91036
91050 91181 91082 91114 91146
91182 91210 91189 91196 91203
91211 91253 91221 91231 91241
91254 91288 91262 91270 91278
91289 91534 91350 91411 91472
91535 91654 91564 91593 91622
91655 91686 91662 91669 91676
91687 91755 91704 91721 91738
91756 91794 91765 91774 91783
91795 91833 91804 91813 91822
91834 91924 91856 91878 91900
91925 91962 91934 91943 91952
91963 91999 91972 91981 91990
92000 92045 92011 92022 92033
92046 92372 92127 92208 92289
92373 92984 92525 92677 92829
92985 93057 93003 93021 93039
93058 93199 93093 93128 93163
93200 93251 93212 93224 93236
93252 93362 93279 93306 93333
93363 93525 93403 93443 93483
93526 93972 93637 93748 93859
93973 94072 93997 94021 94045
94073 94142 94090 94107 94124
94143 94194 94155 94167 94179
94195 94265 94212 94229 94246
94266 94312 94277 94288 94299
94313 94381 94330 94347 94364
94382 94502 94412 94442 94472
94503 94549 94514 94525 94536
94550 94671 94580 94610 94640
94672 94713 94682 94692 94702
94714 94780 94730 94746 94762
94781 94805 94787 94793 94799
94806 95037 94863 94920 94977
95038 95097 95052 95066 95080
95098 95182 95119 95140 95161
95183 95202 95187 95191 95195
95203 95263 95218 95233 95248
95264 95285 95269 95274 95279
95286 95438 95324 95362 95400
95439 95497 95453 95467 95481
95498 95516 95502 95506 95510
95517 95540 95522 95527 95532
95541 95640 95565 95589 95613
95641 95667 95647 95653 95659
95668 95691 95673 95678 95683
95692 95712 95697 95702 95707
95713 95755 95723 95733 95743
95756 95826 95773 95790 95807
95827 95851 95833 95839 95845
95852 95884 95860 95868 95876
95885 95938 95898 95911 95924
95939 96049 95966 95993 96020
96050 96089 96059 96068 96077
96090 96238 96127 96164 96201
96239 96457 96293 96347 96401
96458 96701 96518 96578 96638
96702 96767 96718 96734 96750
96768 97056 96840 96912 96984
97057 97856 97256 97455 97654
97857 98120 97922 97987 98052
98121 98157 98130 98139 98148
98158 98205 98169 98180 98191
98206 98302 98230 98254 98278
98303 98965 98468 98633 98798
98966 99103 99000 99034 99068
99104 99143 99113 99122 99131
99144 99223 99163 99182 99201
99224 99281 99238 99252 99266
99282 99588 99358 99434 99510
99589 99623 99597 99605 99613
99624 99695 99641 99658 99675
99696 99732 99705 99714 99723
99733 99791 99747 99761 99775
99792 99826 99800 99808 99816
99827 99869 99837 99847 99857
99870 99897 99876 99882 99888
99898 99971 99916 99934 99952
99972 100164 100020 100068 100116
100165 100232 100181 100197 100213
100233 100299 100249 100265 100281
100300 100467 100341 100382 100423
100468 100685 100522 100576 100630
100686 100747 100701 100716 100731
100748 100810 100763 100778 100793
100811 101040 100868 100925 100982
101041 101175 101074 101107 101140
101176 101200 101182 101188 101194
101201 101313 101229 101257 101285
101314 101406 101337 101360 101383
101407 101491 101428 101449 101470
101492 101532 101502 101512 101522
101533 101631 101557 101581 101605
101632 101674 101642 101652 101662
101675 101705 101682 101689 101696
101706 101763 101720 101734 101748
101764 101805 101774 101784 101794
101806 101879 101824 101842 101860
101880 102035 101918 101956 101994
102036 102134 102060 102084 102108
102135 102263 102167 102199 102231
102264 102497 102322 102380 102438
102498 102584 102519 102540 102561
102585 102700 102613 102641 102669
102701 102880 102745 102789 102833
102881 102946 102897 102913 102929
102947 102976 102954 102961 102968
102977 103021 102988 102999 103010
103022 103146 103053 103084 103115
103147 103179 103155 103163 103171
103180 103390 103232 103284 103336
103391 103416 103397 103403 103409
103417 103450 103425 103433 103441
103451 103500 103463 103475 103487
103501 103532 103508 103515 103522
103533 103554 103538 103543 103548
103555 103587 103563 103571 103579
103588 103762 103631 103674 103717
103763 103821 103777 103791 103805
103822 103903 103842 103862 103882
103904 103932 103911 103918 103925
103933 103982 103945 103957 103969
103983 104012 103990 103997 104004
104013 104061 104025 104037 104049
104062 104137 104080 104098 104116
104138 104250 104166 104194 104222
104251 104292 104261 104271 104281
104293 104432 104327 104361 104395
104433 104524 104455 104477 104499
104525 104564 104534 104543 104552
104565 104664 104589 104613 104637
104665 104805 104700 104735 104770
104806 104894 104828 104850 104872
104895 104986 104917 104939 104961
104987 105082 104990 104993 105060
105083 105134 105095 105107 105119
105135 105171 105144 105153 105162
105172 105204 105180 105188 105196
105205 105275 105222 105239 105256
105276 105323 105287 105298 105309
105324 105549 105380 105436 105492
105550 105568 105554 105558 105562
105569 105585 105573 105577 105581
105586 105696 105613 105640 105667
105697 105722 105703 105709 105715
105723 105911 105770 105817 105864
105912 105931 105916 105920 105924
105932 106435 106057 106182 106307
106436 106487 106448 106460 106472
106488 106593 106514 106540 106566
106594 106765 106636 106678 106720
106766 106875 106793 106820 106847
106876 107054 106920 106964 107008
107055 107097 107065 107075 107085
107098 107312 107151 107204 107257
107313 107366 107326 107339 107352
107367 107417 107379 107391 107403
107418 107452 107426 107434 107442
107453 107474 107458 107463 107468
107475 107542 107491 107507 107523
107543 107634 107565 107587 107609
107635 107688 107648 107661 107674
107689 107714 107695 107701 107707
107715 107799 107736 107757 107778
107800 107866 107816 107832 107848
107867 108068 107917 107967 108017
108069 108175 108095 108121 108147
108176 108459 108246 108316 108386
108460 108543 108480 108500 108520
108544 108582 108553 108562 108571
108583 108605 108588 108593 108598
108606 108625 108610 108614 108618
108626 108648 108631 108636 108641
108649 108666 108653 108657 108661
108667 108715 108679 108691 108703
108716 108739 108721 108726 108731
108740 108756 108744 108748 108752
108757 108785 108764 108771 108778
108786 108851 108802 108818 108834
108852 108869 108856 108860 108864
108870 108890 108875 108880 108885
108891 109157 108957 109023 109089
109158 109209 109170 109182 109194
109210 109259 109222 109234 109246
109260 109377 109289 109318 109347
109378 109454 109397 109416 109435
109455 109556 109480 109505 109530
109557 109627 109574 109591 109608
109628 109686 109642 109656 109670
109687 109773 109708 109729 109750
109774 109837 109789 109804 109819
109838 109973 109871 109904 109937
109974 110042 109991 110008 110025
110043 110290 110104 110165 110226
110291 110349 110305 110319 110333
110350 110505 110388 110426 110464
110506 110618 110534 110562 110590
110619 110644 110625 110631 110637
110645 110674 110652 110659 110666
110675 110868 110723 110771 110819
110869 111017 110906 110943 110980
111018 111476 111132 111246 111360
111477 111561 111498 111519 111540
111562 111612 111574 111586 111598
111613 111855 111673 111733 111793
111856 111906 111868 111880 111892
111907 111990 111927 111947 111967
111991 112017 111997 112003 112009
112018 112209 112065 112112 112159
112210 112271 112225 112240 112255
112272 112357 112293 112314 112335
112358 112386 112365 112372 112379
112387 112587 112437 112487 112537
112588 112617 112595 112602 112609
112618 112667 112630 112642 112654
112668 112718 112680 112692 112704
112719 113004 112790 112861 112932
113005 113043 113014 113023 113032
113044 113129 113065 113086 113107
113130 113149 113134 113138 113142
113150 113176 113156 113162 113168
113177 113198 113182 113187 113192
113199 113216 113203 113207 113211
113217 113271 113230 113243 113256
113272 113451 113316 113360 113404
113452 113481 113459 113466 113473
113482 113506 113488 113494 113500
113507 113525 113511 113515 113519
113526 113543 113530 113534 113538
113544 113568 113550 113556 113562
113569 113588 113573 113577 113581
113589 113674 113610 113631 113652
113675 113735 113690 113705 113720
113736 113763 113742 113748 113754
113764 113824 113779 113794 113809
113825 113878 113838 113851 113864
113879 113896 113883 113887 113891
113897 113952 113910 113923 113936
113953 114031 113972 113991 114010
114032 114079 114043 114054 114065
114080 114290 114132 114184 114236
114291 114356 114307 114323 114339
114357 114457 114382 114407 114432
114458 114600 114493 114528 114563
114601 114658 114615 114629 114643
114659 114732 114677 114695 114713
114733 114760 114739 114745 114751
114761 114820 114775 114789 114803
114821 114902 114841 114861 114881
114903 115028 114934 114965 114996
115029 115074 115040 115051 115062
115075 115294 115129 115183 115237
115295 115422 115326 115357 115388
115423 115519 115447 115471 115495
115520 115602 115540 115560 115580
115603 115723 115633 115663 115693
115724 115788 115740 115756 115772
115789 115930 115824 115859 115894
115931 115992 115946 115961 115976
115993 116019 115999 116005 116011
116020 116048 116027 116034 116041
116049 116353 116125 116201 116277
116354 116586 116412 116470 116528
116587 116643 116601 116615 116629
116644 116677 116652 116660 116668
116678 116699 116683 116688 116693
116700 116787 116721 116742 116763
116788 116935 116824 116860 116896
116936 116985 116948 116960 116972
116986 117114 117018 117050 117082
117115 117143 117122 117129 117136
117144 117190 117155 117166 117177
117191 117257 117207 117223 117239
117258 117291 117266 117274 117282
117292 117314 117297 117302 117307
117315 117399 117336 117357 117378
117400 117581 117445 117490 117535
117582 117639 117596 117610 117624
117640 117695 117653 117666 117679
117696 117748 117709 117722 117735
117749 117797 117761 117773 117785
117798 118052 117861 117924 117987
118053 118070 118057 118061 118065
118071 118116 118082 118093 118104
118117 118174 118131 118145 118159
118175 118200 118181 118187 118193
118201 118224 118206 118211 118216
118225 118241 118229 118233 118237
118242 118320 118261 118280 118299
118321 118430 118348 118375 118402
118431 118456 118437 118443 118449
118457 118512 118470 118483 118496
118513 118555 118523 118533 118543
118556 118579 118561 118566 118571
118580 118771 118627 118674 118721
118772 118807 118780 118788 118796
118808 118862 118821 118834 118847
118863 118925 118878 118893 118908
118926 119042 118955 118984 119013
119043 119059 119047 119051 119055
119060 119120 119075 119090 119105
119121 119397 119190 119259 119328
119398 119443 119409 119420 119431
119444 119493 119456 119468 119480
119494 119535 119504 119514 119524
119536 119579 119546 119556 119566
119580 119655 119598 119616 119634
119656 119675 119660 119664 119668
119676 119693 119680 119684 119688
119694 119715 119699 119704 119709
119716 119772 119730 119744 119758
119773 119804 119780 119787 119794
119805 119846 119815 119825 119835
119847 119952 119873 119899 119925
119953 120082 119964 119975 120060
120083 120136 120096 120109 120122
120137 120241 120163 120189 120215
120242 120267 120248 120254 120260
120268 120300 120276 120284 120292
120301 120355 120314 120327 120340
120356 120381 120362 120368 120374
120382 120454 120400 120418 120436
120455 120478 120460 120465 120470
120479 120534 120492 120505 120518
120535 120557 120540 120545 120550
120558 120635 120577 120596 120615
120636 120675 120645 120654 120663
120676 120724 120688 120700 120712
120725 120819 120748 120771 120794
120820 120864 120831 120842 120853
120865 120912 120876 120887 120898
120913 121035 120943 120973 121003
121036 121088 121049 121062 121075
121089 121164 121107 121125 121143
121165 121295 121197 121229 121261
121296 121318 121301 121306 121311
121319 121358 121328 121337 121346
121359 121410 121371 121383 121395
121411 121595 121457 121503 121549
121596 121622 121602 121608 121614
121623 121690 121639 121655 121671
121691 121730 121700 121709 121718
121731 121773 121741 121751 121761
121774 121851 121793 121812 121831
121852 121885 121860 121868 121876
121886 121929 121896 121906 121916
121930 121956 121936 121942 121948
121957 121982 121963 121969 121975
121983 122023 121993 122003 122013
122024 122042 122028 122032 122036
122043 122067 122049 122055 122061
122068 122092 122074 122080 122086
122093 122130 122102 122111 122120
122131 122353 122186 122241 122296
122354 122388 122362 122370 122378
122389 122440 122401 122413 122425
122441 122625 122487 122533 122579
122626 122649 122631 122636 122641
122650 122680 122657 122664 122671
122681 122866 122727 122773 122819
122867 123031 122908 122949 122990
123032 123114 123052 123072 123092
123115 123193 123134 123153 123172
123194 123221 123200 123206 123212
123222 123621 123321 123420 123519
123622 123675 123635 123648 123661
123676 123778 123701 123726 123751
123779 123945 123820 123861 123902
123946 124053 123972 123998 124024
124054 124127 124072 124090 124108
124128 124162 124136 124144 124152
124163 124271 124190 124217 124244
124272 124356 124293 124314 124335
124357 124380 124362 124367 124372
124381 124435 124394 124407 124420
124436 124463 124442 124448 124454
124464 124482 124468 124472 124476
124483 124509 124489 124495 124501
124510 124594 124531 124552 124573
124595 124646 124607 124619 124631
124647 124707 124662 124677 124692
124708 124887 124752 124796 124840
124888 124982 124911 124934 124957
124983 125138 125021 125059 125097
125139 125211 125157 125175 125193
125212 125301 125234 125256 125278
125302 125701 125401 125500 125599
125702 125736 125710 125718 125726
125737 125957 125792 125847 125902
125958 126003 125969 125980 125991
126004 126058 126017 126030 126043
126059 126103 126070 126081 126092
126104 126206 126129 126154 126179
126207 126254 126218 126229 126240
126255 126284 126262 126269 126276
126285 126309 126291 126297 126303
126310 126326 126314 126318 126322
126327 126360 126335 126343 126351
126361 126390 126368 126375 126382
126391 126410 126395 126399 126403
126411 126442 126418 126425 126432
126443 126501 126457 126471 126485
126502 126524 126507 126512 126517
126525 126563 126534 126543 126552
126564 126583 126568 126572 126576
126584 126605 126589 126594 126599
126606 126642 126615 126624 126633
126643 126659 126647 126651 126655
126660 126680 126665 126670 126675
126681 126711 126688 126695 126702
126712 126744 126720 126728 126736
126745 126780 126753 126761 126769
126781 126808 126787 126793 126799
126809 126825 126813 126817 126821
126826 126852 126832 126838 126844
126853 127052 126902 126951 127000
127053 127104 127065 127077 127089
127105 127186 127125 127145 127165
127187 127338 127224 127261 127298
127339 127511 127382 127425 127468
127512 127973 127627 127742 127857
127974 128107 128007 128040 128073
128108 128127 128112 128116 128120
128128 128499 128220 128312 128404
128500 128570 128517 128534 128551
128571 128940 128663 128755 128847
128941 128984 128951 128961 128971
128985 129020 128993 129001 129009
129021 129049 129028 129035 129042
129050 129177 129081 129112 129143
129178 129350 129221 129264 129307
129351 129406 129364 129377 129390
129407 129445 129416 129425 129434
129446 129593 129482 129518 129554
129594 129675 129614 129634 129654
129676 129766 129698 129720 129742
129767 129905 129801 129835 129869
129906 129954 129918 129930 129942
129955 130113 129994 130033 130072
130114 130144 130121 130128 130135
130145 130414 130212 130279 130346
130415 130480 130431 130447 130463
130481 130578 130505 130529 130553
130579 130667 130601 130623 130645
130668 130737 130685 130702 130719
130738 130849 130765 130792 130819
130850 130924 130868 130886 130904
130925 130989 130941 130957 130973
130990 131039 131002 131014 131026
131040 131066 131046 131052 131058
131067 131109 131077 131087 131097
131110 131126 131114 131118 131122
131127 131154 131133 131139 131145
131155 131183 131162 131169 131176
131184 131388 131235 131286 131337
131389 131640 131451 131513 131575
131641 131746 131667 131693 131719
131747 131859 131775 131803 131831
131860 131945 131881 131902 131923
131946 137758 132709 133472 137067
