0 377 94 188 282
378 1710 711 1044 1377
1711 1949 1770 1829 1888
1950 2087 1984 2018 2052
2088 2255 2129 2170 2211
2256 2356 2281 2306 2331
2357 2416 2371 2385 2399
2417 5089 3085 3753 4421
5090 5183 5113 5136 5159
5184 5760 5328 5472 5616
5761 5896 5794 5827 5860
5897 7336 6256 6615 6974
7337 7368 7344 7351 7358
7369 7547 7413 7457 7501
7548 8405 7762 7976 8190
8406 8502 8430 8454 8478
8503 8822 8582 8661 8740
8823 8871 8835 8847 8859
8872 8965 8895 8918 8941
8966 9029 8981 8996 9011
9030 9196 9071 9112 9153
9197 9226 9204 9211 9218
9227 9439 9280 9333 9386
9440 9513 9458 9476 9494
9514 9715 9564 9614 9664
9716 9788 9734 9752 9770
9789 9908 9818 9847 9876
9909 9958 9921 9933 9945
9959 10258 10033 10107 10181
10259 10423 10300 10341 10382
10424 10548 10455 10486 10517
10549 10693 10585 10621 10657
10694 10786 10717 10740 10763
10787 10845 10801 10815 10829
10846 11335 10968 11090 11212
11336 11526 11383 11430 11477
11527 11643 11556 11585 11614
11644 11778 11677 11710 11743
11779 12226 11890 12001 12112
12227 12925 12401 12575 12749
12926 13015 12948 12970 12992
13016 13293 13085 13154 13223
13294 13362 13311 13328 13345
13363 13410 13374 13385 13396
13411 13528 13440 13469 13498
13529 13614 13550 13571 13592
13615 13690 13633 13651 13669
13691 13748 13705 13719 13733
13749 13820 13766 13783 13800
13821 13940 13850 13879 13908
13941 13981 13951 13961 13971
13982 14025 13992 14002 14012
14026 14559 14159 14292 14425
14560 14712 14598 14636 14674
14713 15030 14784 14855 15021
15031 15117 15052 15073 15094
15118 15248 15150 15182 15214
15249 15305 15263 15277 15291
15306 15409 15331 15356 15381
15410 15454 15421 15432 15443
15455 15515 15470 15485 15500
15516 15664 15553 15590 15627
15665 15735 15682 15699 15716
15736 16532 15935 16134 16333
16533 16712 16577 16621 16665
16713 16980 16779 16845 16911
16981 17120 17015 17049 17083
17121 17252 17153 17185 17217
17253 17340 17274 17295 17316
17341 18062 17521 17701 17881
18063 18143 18083 18103 18123
18144 18756 18297 18450 18603
18757 19133 18851 18945 19039
19134 19243 19161 19188 19215
19244 19433 19291 19338 19385
19434 19579 19470 19506 19542
19580 19641 19595 19610 19625
19642 19735 19665 19688 19711
19736 19799 19751 19766 19781
19800 20384 19946 20092 20238
20385 20711 20466 20547 20628
20712 21077 20803 20894 20985
21078 21318 21138 21198 21258
21319 21431 21347 21375 21403
21432 21526 21455 21478 21501
21527 21614 21548 21569 21590
21615 21730 21643 21671 21699
21731 22170 21840 21949 22058
22171 22233 22186 22201 22216
22234 22299 22250 22266 22282
22300 22944 22461 22622 22783
22945 23090 22981 23017 23053
23091 23159 23108 23125 23142
23160 23265 23186 23212 23238
23266 23370 23292 23318 23344
23371 24007 23530 23689 23848
24008 24115 24034 24060 24086
24116 24258 24151 24186 24221
24259 24351 24282 24305 24328
24352 24779 24458 24564 24670
24780 24857 24799 24818 24837
24858 24925 24874 24890 24906
24926 24987 24941 24956 24971
24988 25226 25047 25106 25165
25227 25426 25276 25325 25374
25427 25482 25440 25453 25466
25483 25676 25531 25579 25627
25677 25729 25690 25703 25716
25730 25916 25776 25822 25868
25917 26051 25950 25983 26016
26052 26101 26064 26076 26088
26102 26618 26231 26360 26489
26619 26877 26683 26747 26811
26878 27030 26916 26954 26992
27031 27334 27106 27181 27256
27335 27432 27359 27383 27407
27433 27726 27506 27579 27652
27727 28025 27801 27875 27949
28026 28059 28034 28042 28050
28060 28301 28120 28180 28240
28302 28424 28332 28362 28392
28425 28604 28469 28513 28557
28605 28704 28629 28653 28677
28705 28825 28735 28765 28795
28826 28982 28865 28904 28943
28983 29157 29026 29069 29112
29158 29305 29194 29230 29266
29306 29559 29369 29432 29495
29560 29674 29588 29616 29644
29675 29776 29700 29725 29750
29777 29829 29790 29803 29816
29830 30007 29872 29914 30003
30008 30440 30116 30224 30332
30441 30486 30452 30463 30474
30487 30550 30502 30517 30532
30551 30667 30580 30609 30638
30668 30888 30723 30778 30833
30889 30955 30905 30921 30937
30956 31346 31053 31150 31247
31347 31387 31357 31367 31377
31388 31438 31400 31412 31424
31439 31707 31506 31573 31640
31708 31829 31738 31768 31798
31830 31885 31843 31856 31869
31886 32308 31991 32096 32201
32309 32388 32328 32347 32366
32389 32462 32407 32425 32443
32463 32648 32509 32555 32601
32649 33341 32822 32995 33168
33342 33767 33448 33554 33660
33768 33798 33775 33782 33789
33799 33904 33825 33851 33877
33905 33977 33923 33941 33959
33978 34890 34206 34434 34662
34891 35087 34940 34989 35038
35088 35149 35103 35118 35133
35150 35313 35190 35230 35270
35314 35540 35370 35426 35482
35541 35603 35556 35571 35586
35604 35739 35637 35670 35703
35740 35811 35757 35774 35791
35812 36204 35910 36008 36106
36205 36790 36351 36497 36643
36791 36984 36839 36887 36935
36985 37429 37096 37207 37318
37430 38233 37630 37830 38030
38234 38397 38274 38314 38354
38398 38478 38418 38438 38458
38479 38572 38502 38525 38548
38573 38756 38618 38663 38708
38757 38884 38788 38819 38850
38885 39041 38924 38963 39002
39042 39103 39057 39072 39087
39104 39219 39132 39160 39188
39220 39568 39307 39394 39481
39569 39886 39648 39727 39806
39887 39964 39906 39925 39944
39965 40041 39984 40003 40022
40042 40265 40097 40152 40207
40266 40455 40313 40360 40407
40456 40782 40537 40618 40699
40783 40853 40800 40817 40834
40854 41068 40907 40960 41013
41069 41250 41114 41159 41204
41251 41355 41277 41303 41329
41356 41427 41373 41390 41407
41428 41701 41496 41564 41632
41702 41835 41735 41768 41801
41836 41893 41850 41864 41878
41894 41968 41912 41930 41948
41969 42103 42002 42035 42068
42104 42274 42146 42188 42230
42275 42581 42351 42427 42503
42582 42777 42630 42678 42726
42778 42911 42811 42844 42877
42912 43286 43005 43098 43191
43287 43363 43306 43325 43344
43364 43523 43403 43442 43481
43524 44277 43712 43900 44088
44278 45013 44458 44638 45009
45014 45193 45058 45102 45146
45194 45263 45211 45228 45245
45264 45333 45281 45298 45315
45334 45363 45341 45348 45355
45364 45552 45411 45458 45505
45553 46422 45770 45987 46204
46423 46915 46546 46669 46792
46916 47059 46951 46986 47021
47060 47259 47109 47158 47207
47260 48467 47561 47862 48163
48468 48738 48535 48602 48669
48739 49132 48837 48935 49033
49133 49455 49213 49293 49373
49456 49857 49556 49656 49756
49858 50073 49911 49964 50017
50074 50228 50112 50150 50188
50229 50336 50255 50281 50307
50337 50732 50435 50533 50631
50733 50985 50796 50859 50922
50986 51609 51141 51296 51451
51610 51688 51629 51648 51667
51689 53505 52143 52597 53051
53506 53848 53591 53676 53761
53849 54045 53898 53947 53996
54046 54138 54069 54092 54115
54139 54241 54164 54189 54214
54242 54451 54294 54346 54398
54452 55037 54598 54744 54890
55038 55075 55047 55056 55065
55076 55147 55093 55110 55127
55148 55352 55199 55250 55301
55353 55434 55373 55393 55413
55435 55733 55509 55583 55657
55734 55783 55746 55758 55770
55784 55927 55819 55854 55889
55928 56023 55951 55974 55997
56024 56311 56095 56166 56237
56312 56397 56333 56354 56375
56398 56706 56475 56552 56629
56707 56771 56723 56739 56755
56772 56907 56805 56838 56871
56908 57024 56937 56966 56995
57025 57326 57100 57175 57250
57327 57403 57346 57365 57384
57404 57509 57430 57456 57482
57510 57631 57540 57570 57600
57632 57838 57683 57734 57785
57839 57929 57861 57883 57905
57930 58008 57949 57968 57987
58009 58174 58050 58091 58132
58175 58227 58188 58201 58214
58228 58424 58277 58326 58375
58425 58494 58442 58459 58476
58495 58595 58520 58545 58570
58596 58652 58610 58624 58638
58653 58739 58674 58695 58716
58740 58849 58767 58794 58821
58850 59013 58890 58930 58970
59014 59115 59039 59064 59089
59116 59161 59127 59138 59149
59162 59321 59201 59240 59279
59322 59577 59385 59448 59511
59578 59633 59591 59604 59617
59634 59879 59695 59756 59817
59880 60129 59909 59938 60096
60130 60218 60152 60174 60196
60219 60295 60238 60257 60276
60296 60374 60315 60334 60353
60375 60467 60398 60421 60444
60468 60789 60548 60628 60708
60790 60907 60819 60848 60877
60908 60981 60926 60944 60962
60982 61106 61013 61044 61075
61107 61357 61169 61231 61293
61358 61461 61383 61408 61433
61462 61522 61477 61492 61507
61523 61772 61585 61647 61709
61773 61989 61827 61881 61935
61990 62535 62126 62262 62398
62536 62640 62562 62588 62614
62641 62701 62656 62671 62686
62702 63102 62802 62902 63002
63103 63336 63161 63219 63277
63337 63632 63410 63483 63556
63633 64202 63775 63917 64059
64203 64635 64311 64419 64527
64636 64957 64716 64796 64876
64958 65071 64986 65014 65042
65072 65284 65125 65178 65231
65285 65365 65305 65325 65345
65366 65413 65377 65388 65399
65414 65764 65501 65588 65675
65765 65916 65802 65839 65876
65917 66110 65965 66013 66061
66111 66705 66259 66407 66555
66706 67797 66978 67250 67522
67798 67944 67834 67870 67906
67945 68124 67989 68033 68077
68125 68332 68176 68227 68278
68333 68462 68365 68397 68429
68463 68746 68533 68603 68673
68747 69063 68826 68905 68984
69064 69264 69114 69164 69214
69265 69505 69325 69385 69445
69506 69733 69562 69618 69674
69734 70028 69807 69880 69953
70029 70225 70078 70127 70176
70226 70507 70296 70366 70436
70508 70681 70551 70594 70637
70682 70878 70731 70780 70829
70879 71068 70926 70973 71020
71069 71246 71113 71157 71201
71247 71730 71367 71487 71607
71731 71856 71762 71793 71824
71857 71950 71880 71903 71926
71951 72018 71967 71983 71999
72019 72136 72048 72077 72106
72137 72276 72171 72205 72239
72277 72338 72292 72307 72322
72339 72844 72465 72591 72717
72845 72865 72850 72855 72860
72866 73076 72918 72970 73022
73077 73202 73108 73139 73170
73203 73438 73261 73319 73377
73439 73626 73485 73531 73577
73627 73720 73650 73673 73696
73721 73792 73738 73755 73772
73793 73864 73810 73827 73844
73865 73939 73883 73901 73919
73940 74020 73960 73980 74000
74021 74066 74032 74043 74054
74067 74125 74081 74095 74109
74126 74202 74145 74164 74183
74203 74402 74252 74301 74350
74403 74447 74414 74425 74436
74448 74702 74511 74574 74637
74703 74791 74725 74747 74769
74792 74842 74804 74816 74828
74843 74865 74848 74853 74858
74866 74928 74881 74896 74911
74929 74982 74942 74955 74968
74983 75078 74987 74991 75057
75079 75139 75094 75109 75124
75140 75351 75192 75244 75296
75352 75520 75394 75436 75478
75521 76001 75641 75761 75881
76002 76094 76025 76048 76071
76095 76422 76176 76257 76338
76423 76484 76438 76453 76468
76485 76815 76567 76649 76731
76816 76835 76820 76824 76828
76836 77336 76961 77086 77211
77337 77842 77463 77589 77715
77843 78045 77893 77943 77993
78046 78124 78065 78084 78103
78125 78207 78145 78165 78185
78208 78235 78214 78220 78226
78236 78378 78271 78306 78341
78379 78455 78398 78417 78436
78456 78582 78487 78518 78549
78583 78646 78598 78613 78628
78647 78704 78661 78675 78689
78705 78898 78753 78801 78849
78899 79125 78955 79011 79067
79126 79228 79151 79176 79201
79229 79340 79256 79283 79310
79341 79592 79403 79465 79527
79593 80244 79755 79917 80079
80245 82189 80731 81217 81703
82190 82370 82235 82280 82325
82371 82973 82521 82671 82821
82974 83124 83011 83048 83085
83125 83210 83146 83167 83188
83211 83313 83236 83261 83286
83314 83382 83331 83348 83365
83383 83466 83403 83423 83443
83467 83577 83494 83521 83548
83578 83661 83598 83618 83638
83662 83735 83680 83698 83716
83736 83843 83762 83788 83814
83844 84141 83918 83992 84066
84142 84340 84191 84240 84289
84341 85212 84558 84775 84992
85213 85304 85235 85257 85279
85305 85381 85324 85343 85362
85382 85692 85459 85536 85613
85693 85766 85711 85729 85747
85767 85885 85796 85825 85854
85886 86028 85921 85956 85991
86029 86071 86039 86049 86059
86072 86119 86083 86094 86105
86120 86167 86131 86142 86153
86168 86233 86184 86200 86216
86234 86360 86265 86296 86327
86361 86664 86436 86511 86586
86665 86703 86674 86683 86692
86704 86882 86748 86792 86836
86883 86978 86906 86929 86952
86979 87075 87003 87027 87051
87076 87163 87097 87118 87139
87164 87359 87212 87260 87308
87360 87444 87381 87402 87423
87445 87507 87460 87475 87490
87508 87929 87613 87718 87823
87930 89053 88210 88490 88770
89054 89250 89103 89152 89201
89251 89381 89283 89315 89347
89382 89519 89416 89450 89484
89520 89579 89534 89548 89562
89580 89992 89683 89786 89889
89993 90093 89994 89995 90069
90094 90314 90149 90204 90259
90315 90405 90337 90359 90381
90406 90447 90416 90426 90436
90448 90847 90547 90646 90745
90848 90948 90873 90898 90923
90949 91141 90997 91045 91093
91142 91374 91200 91258 91316
91375 91596 91430 91485 91540
91597 91864 91663 91729 91795
91865 92360 91988 92111 92234
92361 92602 92421 92481 92541
92603 92846 92663 92723 92783
92847 93217 92939 93031 93123
93218 93564 93304 93390 93476
93565 93640 93583 93601 93619
93641 93790 93678 93715 93752
93791 93903 93819 93847 93875
93904 94034 93936 93968 94000
94035 94135 94060 94085 94110
94136 94372 94195 94254 94313
94373 94483 94400 94427 94454
94484 94619 94517 94550 94583
94620 94716 94644 94668 94692
94717 94870 94755 94793 94831
94871 94933 94886 94901 94916
94934 95272 95018 95102 95186
95273 95397 95304 95335 95366
95398 95433 95406 95414 95422
95434 95470 95443 95452 95461
95471 95756 95542 95613 95684
95757 95827 95774 95791 95808
95828 95889 95843 95858 95873
95890 95970 95910 95930 95950
95971 96044 95989 96007 96025
96045 96145 96070 96095 96120
96146 96188 96156 96166 96176
96189 96249 96204 96219 96234
96250 96288 96259 96268 96277
96289 96378 96311 96333 96355
96379 96449 96396 96413 96430
96450 96628 96494 96538 96582
96629 96693 96645 96661 96677
96694 96888 96742 96790 96838
96889 96957 96906 96923 96940
96958 97130 97001 97044 97087
97131 97251 97161 97191 97221
97252 97360 97279 97306 97333
97361 97402 97371 97381 97391
97403 97640 97462 97521 97580
97641 97707 97657 97673 97689
97708 97877 97750 97792 97834
97878 98021 97913 97948 97983
98022 98177 98060 98098 98136
98178 98232 98191 98204 98217
98233 98339 98259 98285 98311
98340 98406 98356 98372 98388
98407 98684 98476 98545 98614
98685 98780 98708 98731 98754
98781 99187 98882 98983 99084
99188 99253 99204 99220 99236
99254 99374 99284 99314 99344
99375 99480 99401 99427 99453
99481 99539 99495 99509 99523
99540 99850 99617 99694 99771
99851 100482 100008 100165 100322
100483 101035 100621 100759 100897
101036 101174 101070 101104 101138
101175 101300 101206 101237 101268
101301 101418 101330 101359 101388
101419 101502 101439 101459 101479
101503 101566 101518 101533 101548
101567 101793 101623 101679 101735
101794 101847 101807 101820 101833
101848 102064 101902 101956 102010
102065 102166 102090 102115 102140
102167 102476 102244 102321 102398
102477 102616 102511 102545 102579
102617 102792 102660 102703 102746
102793 103029 102852 102911 102970
103030 103252 103085 103140 103195
103253 103401 103290 103327 103364
103402 103921 103531 103660 103789
103922 103958 103931 103940 103949
103959 104063 103985 104011 104037
104064 104180 104093 104122 104151
104181 104211 104188 104195 104202
104212 104304 104235 104258 104281
104305 104344 104314 104323 104332
104345 104583 104404 104463 104522
104584 104900 104663 104742 104821
104901 105058 104925 104949 105042
105059 105092 105067 105075 105083
105093 105140 105104 105115 105126
105141 105163 105146 105151 105156
105164 105198 105172 105180 105188
105199 105292 105222 105245 105268
105293 105373 105313 105333 105353
105374 105418 105385 105396 105407
105419 105452 105427 105435 105443
105453 105470 105457 105461 105465
105471 105488 105475 105479 105483
105489 105558 105506 105523 105540
105559 105607 105571 105583 105595
105608 105626 105612 105616 105620
105627 105663 105636 105645 105654
105664 105711 105675 105686 105697
105712 105743 105719 105726 105733
105744 105780 105753 105762 105771
105781 105813 105789 105797 105805
105814 105899 105835 105856 105877
105900 105959 105914 105928 105942
105960 106019 105974 105988 106002
106020 106066 106031 106042 106053
106067 106110 106077 106087 106097
106111 106853 106296 106481 106666
106854 107265 106956 107058 107160
107266 107488 107321 107376 107431
107489 107592 107514 107539 107564
107593 107637 107604 107615 107626
107638 107694 107652 107666 107680
107695 107775 107715 107735 107755
107776 107810 107784 107792 107800
107811 108051 107871 107931 107991
108052 108785 108235 108418 108601
108786 109064 108855 108924 108993
109065 109236 109107 109149 109191
109237 109320 109257 109277 109297
109321 109428 109347 109373 109399
109429 109531 109454 109479 109504
109532 109643 109559 109586 109613
109644 109943 109718 109792 109866
109944 110037 109967 109990 110013
110038 110115 110057 110076 110095
110116 110186 110133 110150 110167
110187 110889 110362 110537 110712
110890 112644 111328 111766 112204
112645 113123 112764 112883 113002
113124 113177 113137 113150 113163
113178 113235 113192 113206 113220
113236 113280 113247 113258 113269
113281 113406 113312 113343 113374
113407 113458 113419 113431 113443
113459 113483 113465 113471 113477
113484 113611 113515 113546 113577
113612 113804 113660 113708 113756
113805 113917 113833 113861 113889
113918 115704 114364 114810 115256
115705 116625 115935 116165 116395
116626 116773 116662 116698 116734
116774 116905 116806 116838 116870
116906 117162 116970 117034 117098
117163 118271 117440 117717 117994
118272 118513 118332 118392 118452
118514 118792 118583 118652 118721
118793 120253 119094 119395 120189
120254 120493 120313 120372 120431
120494 120674 120539 120584 120629
120675 120750 120693 120711 120729
120751 120801 120763 120775 120787
120802 121046 120863 120924 120985
121047 121111 121063 121079 121095
121112 121281 121154 121196 121238
121282 121485 121332 121382 121432
121486 121669 121531 121576 121621
121670 121908 121729 121788 121847
121909 122042 121942 121975 122008
122043 122182 122077 122111 122145
122183 122763 122328 122473 122618
122764 122944 122809 122854 122899
122945 123413 123062 123179 123296
123414 123504 123436 123458 123480
123505 124033 123637 123769 123901
124034 124099 124050 124066 124082
124100 124187 124121 124142 124163
124188 124485 124262 124336 124410
124486 124540 124499 124512 124525
124541 124596 124554 124567 124580
124597 124648 124609 124621 124633
124649 124696 124660 124671 124682
124697 124726 124704 124711 124718
124727 124804 124746 124765 124784
124805 124874 124822 124839 124856
124875 124901 124881 124887 124893
124902 124980 124921 124940 124959
124981 125063 125001 125021 125041
125064 125151 125085 125106 125127
125152 125192 125162 125172 125182
125193 125280 125214 125235 125256
125281 125459 125325 125369 125413
125460 125760 125535 125610 125685
125761 126630 125978 126195 126412
126631 127457 126837 127043 127249
127458 127721 127523 127588 127653
127722 127826 127748 127774 127800
127827 127872 127838 127849 127860
127873 127935 127888 127903 127918
127936 127974 127945 127954 127963
127975 128089 128003 128031 128059
128090 128162 128108 128126 128144
128163 128361 128212 128261 128310
128362 128423 128377 128392 128407
128424 128454 128431 128438 128445
128455 128525 128472 128489 128506
128526 128544 128530 128534 128538
128545 128593 128557 128569 128581
128594 128610 128598 128602 128606
128611 128708 128635 128659 128683
128709 128827 128738 128767 128796
128828 128954 128859 128890 128921
128955 129129 128998 129041 129084
129130 129219 129152 129174 129196
129220 129354 129253 129286 129319
129355 129471 129384 129413 129442
129472 129582 129499 129526 129553
129583 129642 129597 129611 129625
129643 130589 129879 130115 130351
130590 131021 130697 130804 130911
131022 131229 131073 131124 131175
131230 131297 131246 131262 131278
131298 131928 131455 131612 131769
131929 134450 132559 133189 133819
134451 134704 134514 134577 134640
134705 134911 134756 134807 134858
134912 135012 134933 134954 135009
135013 135243 135070 135127 135184
135244 135318 135262 135280 135298
135319 135513 135367 135415 135463
135514 135756 135574 135634 135694
135757 135849 135780 135803 135826
135850 136024 135893 135936 135979
136025 136274 136087 136149 136211
136275 136383 136302 136329 136356
136384 136426 136394 136404 136414
136427 136811 136523 136619 136715
136812 137060 136874 136936 136998
137061 137101 137071 137081 137091
137102 137170 137119 137136 137153
137171 137260 137193 137215 137237
137261 137402 137296 137331 137366
137403 137661 137467 137531 137595
137662 137954 137735 137808 137881
137955 138003 137967 137979 137991
138004 138119 138032 138060 138088
138120 138206 138141 138162 138183
138207 138622 138310 138413 138516
138623 139130 138749 138875 139001
139131 139336 139182 139233 139284
139337 139388 139349 139361 139373
139389 139465 139408 139427 139446
139466 139642 139510 139554 139598
139643 139709 139659 139675 139691
139710 139754 139721 139732 139743
139755 139859 139781 139807 139833
139860 139975 139888 139916 139944
139976 140076 140001 140026 140051
140077 140146 140094 140111 140128
140147 140210 140162 140177 140192
140211 140247 140220 140229 140238
140248 140324 140267 140286 140305
140325 140611 140396 140467 140538
140612 140696 140633 140654 140675
140697 140746 140709 140721 140733
140747 140822 140765 140783 140801
140823 140871 140835 140847 140859
140872 141110 140931 140990 141049
141111 141197 141132 141153 141174
141198 141320 141228 141258 141288
141321 141365 141332 141343 141354
141366 141447 141386 141406 141426
141448 141517 141465 141482 141499
141518 141563 141529 141540 141551
141564 141662 141588 141612 141636
141663 141690 141669 141675 141681
141691 141769 141710 141729 141748
141770 141818 141782 141794 141806
141819 141867 141831 141843 141855
141868 141910 141878 141888 141898
141911 141943 141919 141927 141935
141944 142239 142017 142090 142163
142240 142309 142257 142274 142291
142310 142372 142325 142340 142355
142373 142443 142390 142407 142424
142444 142507 142459 142474 142489
142508 142565 142522 142536 142550
142566 142646 142586 142606 142626
142647 142880 142705 142763 142821
142881 142954 142899 142917 142935
142955 143046 142977 142999 143021
143047 143128 143067 143087 143107
143129 143212 143149 143169 143189
143213 143415 143263 143313 143363
143416 143686 143483 143550 143617
143687 143864 143731 143775 143819
143865 144272 143966 144067 144168
144273 144324 144285 144297 144309
144325 144584 144389 144453 144517
144585 144866 144655 144725 144795
144867 145230 144957 145047 145137
145231 145381 145268 145305 145342
145382 145427 145393 145404 145415
145428 145457 145435 145442 145449
145458 145543 145479 145500 145521
145544 145600 145558 145572 145586
145601 145664 145616 145631 145646
145665 145737 145683 145701 145719
145738 145920 145783 145828 145873
145921 146014 145944 145967 145990
146015 146103 146037 146059 146081
146104 146204 146129 146154 146179
146205 146296 146227 146249 146271
146297 146333 146306 146315 146324
146334 147036 146509 146684 146859
147037 148019 147282 147527 147772
148020 148514 148143 148266 148389
148515 148737 148570 148625 148680
148738 148980 148798 148858 148918
148981 149046 148997 149013 149029
149047 149417 149139 149231 149323
149418 149538 149448 149478 149508
149539 149676 149573 149607 149641
149677 149851 149720 149763 149806
149852 150029 149888 149924 150021
150030 150153 150060 150090 150120
150154 150204 150166 150178 150190
150205 150343 150239 150273 150307
150344 150499 150382 150420 150458
150500 150980 150620 150740 150860
150981 151215 151039 151097 151155
151216 151314 151240 151264 151288
151315 151487 151358 151401 151444
151488 151563 151506 151524 151542
151564 151604 151574 151584 151594
151605 151686 151625 151645 151665
151687 151718 151694 151701 151708
151719 151775 151733 151747 151761
151776 151809 151784 151792 151800
151810 151853 151820 151830 151840
151854 151905 151866 151878 151890
151906 152103 151955 152004 152053
152104 152166 152119 152134 152149
152167 152207 152177 152187 152197
152208 152272 152224 152240 152256
152273 152298 152279 152285 152291
152299 152342 152309 152319 152329
152343 152376 152351 152359 152367
152377 152414 152386 152395 152404
152415 152574 152454 152493 152532
152575 152615 152585 152595 152605
152616 152748 152649 152682 152715
152749 152787 152758 152767 152776
152788 152821 152796 152804 152812
152822 152893 152839 152856 152873
152894 153116 152949 153004 153059
153117 153199 153137 153157 153177
153200 153238 153209 153218 153227
153239 153283 153250 153261 153272
153284 153344 153299 153314 153329
153345 153471 153376 153407 153438
153472 153583 153499 153526 153553
153584 153622 153593 153602 153611
153623 153708 153644 153665 153686
153709 153968 153773 153837 153901
153969 154157 154016 154063 154110
154158 154267 154185 154212 154239
154268 154428 154308 154348 154388
154429 154581 154467 154505 154543
154582 154602 154587 154592 154597
154603 154648 154614 154625 154636
154649 154682 154657 154665 154673
154683 154721 154692 154701 154710
154722 154752 154729 154736 154743
154753 154777 154759 154765 154771
154778 154825 154789 154800 154811
154826 154855 154833 154840 154847
154856 154895 154865 154874 154883
154896 155024 154928 154960 154992
155025 155072 155036 155047 155058
155073 155147 155091 155109 155127
155148 155308 155188 155228 155268
155309 155409 155334 155359 155384
155410 155611 155460 155510 155560
155612 155679 155628 155644 155660
155680 155929 155742 155804 155866
155930 156045 155958 155986 156014
156046 156445 156145 156244 156343
156446 156532 156467 156488 156509
156533 156595 156548 156563 156578
156596 156643 156607 156618 156629
156644 156734 156666 156688 156710
156735 157022 156806 156877 156948
157023 157160 157057 157091 157125
157161 157252 157183 157205 157227
157253 157405 157291 157329 157367
157406 157456 157418 157430 157442
157457 157505 157469 157481 157493
157506 157961 157619 157732 157845
157962 158056 157985 158008 158031
158057 158122 158073 158089 158105
158123 158212 158145 158167 158189
158213 158280 158229 158245 158261
158281 158338 158295 158309 158323
158339 158393 158352 158365 158378
158394 158513 158423 158452 158481
158514 158583 158531 158548 158565
158584 158613 158591 158598 158605
158614 158796 158659 158704 158749
158797 158840 158807 158817 158827
158841 158878 158850 158859 158868
158879 158938 158893 158907 158921
158939 158987 158951 158963 158975
158988 159022 158996 159004 159012
159023 159044 159028 159033 159038
159045 159083 159054 159063 159072
159084 159114 159091 159098 159105
159115 159172 159129 159143 159157
159173 159215 159183 159193 159203
159216 159247 159223 159230 159237
159248 159273 159254 159260 159266
159274 159323 159286 159298 159310
159324 159347 159329 159334 159339
159348 159370 159353 159358 159363
159371 159430 159385 159399 159413
159431 159461 159438 159445 159452
159462 159506 159473 159484 159495
159507 159585 159526 159545 159564
159586 159660 159604 159622 159640
159661 159700 159670 159679 159688
159701 159728 159707 159713 159719
159729 159778 159741 159753 159765
159779 159828 159791 159803 159815
159829 159880 159841 159853 159865
159881 159946 159897 159913 159929
159947 159989 159957 159967 159977
159990 160103 160018 160046 160074
160104 160140 160113 160122 160131
160141 160242 160166 160191 160216
160243 160318 160261 160279 160297
160319 160491 160362 160405 160448
160492 160671 160536 160580 160624
160672 160703 160679 160686 160693
160704 160894 160751 160798 160845
160895 160963 160912 160929 160946
160964 161149 161010 161056 161102
161150 161207 161164 161178 161192
161208 161240 161216 161224 161232
161241 161326 161262 161283 161304
161327 161368 161337 161347 161357
161369 161415 161380 161391 161402
161416 161471 161429 161442 161455
161472 161534 161487 161502 161517
161535 161581 161546 161557 161568
161582 161693 161609 161636 161663
161694 161770 161713 161732 161751
161771 161845 161789 161807 161825
161846 161899 161859 161872 161885
161900 162042 161935 161970 162005
162043 162092 162055 162067 162079
162093 162227 162126 162159 162192
162228 162366 162262 162296 162330
162367 162414 162378 162389 162400
162415 162459 162426 162437 162448
162460 162515 162473 162486 162499
162516 162560 162527 162538 162549
162561 162592 162568 162575 162582
162593 163007 162696 162799 162902
163008 163379 163100 163192 163284
163380 163402 163385 163390 163395
163403 163813 163505 163607 163709
163814 163929 163842 163870 163898
163930 164011 163950 163970 163990
164012 164338 164093 164174 164255
164339 164567 164396 164453 164510
164568 164751 164613 164658 164703
164752 164842 164774 164796 164818
164843 164917 164861 164879 164897
164918 165028 164938 164958 165021
165029 165402 165122 165215 165308
165403 165502 165427 165451 165475
165503 165630 165534 165565 165596
165631 165792 165671 165711 165751
165793 166388 165941 166089 166237
166389 166627 166448 166507 166566
166628 166934 166704 166780 166856
166935 167112 166979 167023 167067
167113 167266 167151 167189 167227
167267 167397 167299 167331 167363
167398 167617 167452 167506 167560
167618 167973 167706 167794 167882
167974 168057 167994 168014 168034
168058 168176 168087 168116 168145
168177 168443 168243 168309 168375
168444 168924 168564 168684 168804
168925 168979 168938 168951 168964
168980 169326 169066 169152 169238
169327 169391 169343 169359 169375
169392 169640 169454 169516 169578
169641 169729 169663 169685 169707
169730 170087 169819 169908 169997
170088 170213 170119 170150 170181
170214 170319 170240 170266 170292
170320 170390 170337 170354 170371
170391 170487 170415 170439 170463
170488 170563 170506 170524 170542
170564 170652 170586 170608 170630
170653 171275 170808 170963 171118
171276 171457 171321 171366 171411
171458 171606 171495 171532 171569
171607 171671 171623 171639 171655
171672 171723 171684 171696 171708
171724 171861 171758 171792 171826
171862 172005 171897 171932 171967
172006 172048 172016 172026 172036
172049 172161 172077 172105 172133
172162 172262 172187 172212 172237
172263 172323 172278 172293 172308
172324 172566 172384 172444 172504
172567 172615 172579 172591 172603
172616 174033 172970 173324 173678
174034 174416 174129 174224 174319
174417 174605 174464 174511 174558
174606 174660 174619 174632 174645
174661 174678 174665 174669 174673
174679 174701 174684 174689 174694
174702 175057 174790 174878 174966
175058 175112 175071 175084 175097
175113 175173 175128 175143 175158
175174 175191 175178 175182 175186
175192 175414 175247 175302 175357
175415 175435 175420 175425 175430
175436 175455 175440 175444 175448
175456 175475 175460 175464 175468
175476 175493 175480 175484 175488
175494 175524 175501 175508 175515
175525 175584 175539 175553 175567
175585 175605 175590 175595 175600
175606 175749 175641 175676 175711
175750 175767 175754 175758 175762
175768 175789 175773 175778 175783
175790 175971 175835 175880 175925
175972 175994 175977 175982 175987
175995 176021 176001 176007 176013
176022 176040 176026 176030 176034
176041 176219 176085 176129 176173
176220 176302 176240 176260 176280
176303 176342 176312 176321 176330
176343 176361 176347 176351 176355
176362 176384 176367 176372 176377
176385 176419 176393 176401 176409
176420 176444 176426 176432 176438
176445 176538 176468 176491 176514
176539 176561 176544 176549 176554
176562 176619 176576 176590 176604
176620 176647 176626 176632 176638
176648 176674 176654 176660 176666
176675 176825 176712 176749 176786
176826 176885 176840 176854 176868
176886 176972 176907 176928 176949
176973 177017 176984 176995 177006
177018 177067 177030 177042 177054
177068 177192 177099 177130 177161
177193 177252 177207 177221 177235
177253 177517 177319 177385 177451
177518 177961 177628 177738 177848
177962 178679 178141 178320 178499
178680 178780 178705 178730 178755
178781 179373 178929 179077 179225
179374 179492 179403 179432 179461
179493 179567 179511 179529 179547
179568 179631 179583 179598 179613
179632 179698 179648 179664 179680
179699 179760 179714 179729 179744
179761 179824 179776 179791 179806
179825 179888 179840 179855 179870
179889 180082 179916 179943 180060
180083 180132 180095 180107 180119
180133 180277 180169 180205 180241
180278 180339 180293 180308 180323
180340 180432 180363 180386 180409
180433 180473 180443 180453 180463
180474 180530 180488 180502 180516
180531 180673 180566 180601 180636
180674 180900 180730 180786 180842
180901 180990 180923 180945 180967
180991 181045 181004 181017 181030
181046 181083 181055 181064 181073
181084 181275 181131 181178 181225
181276 181391 181304 181332 181360
181392 181583 181439 181486 181533
181584 181639 181597 181610 181623
181640 181740 181665 181690 181715
181741 181831 181763 181785 181807
181832 182269 181941 182050 182159
182270 182406 182304 182338 182372
182407 182534 182438 182469 182500
182535 182751 182589 182643 182697
182752 182977 182808 182864 182920
182978 183164 183024 183070 183116
183165 183609 183276 183387 183498
183610 183644 183618 183626 183634
183645 183863 183699 183753 183807
183864 183964 183889 183914 183939
183965 184062 183989 184013 184037
184063 184200 184097 184131 184165
184201 184603 184301 184401 184501
184604 184651 184615 184626 184637
184652 184721 184669 184686 184703
184722 184787 184738 184754 184770
184788 184896 184815 184842 184869
184897 184998 184922 184947 184972
184999 191683 186670 188341 190012
