0 27 6 12 18
28 602 171 314 457
603 714 630 657 684
715 907 763 811 859
908 1557 1070 1232 1394
1558 2471 1786 2014 2242
2472 2849 2566 2660 2754
2850 2895 2861 2872 2883
2896 3544 3058 3220 3382
3545 3722 3589 3633 3677
3723 3898 3766 3809 3852
3899 3939 3909 3919 3929
3940 3998 3954 3968 3982
3999 4122 4029 4059 4089
4123 4164 4133 4143 4153
4165 4213 4177 4189 4201
4214 4336 4244 4274 4304
4337 4387 4349 4361 4373
4388 4431 4398 4408 4418
4432 4612 4477 4522 4567
4613 4660 4624 4635 4646
4661 4885 4717 4773 4829
4886 5001 4914 4942 4970
5002 5087 5023 5044 5065
5088 5114 5094 5100 5106
5115 5152 5124 5133 5142
5153 5372 5207 5261 5315
5373 5484 5400 5427 5454
5485 5579 5508 5531 5554
5580 5821 5640 5700 5760
5822 5932 5849 5876 5903
5933 5968 5941 5949 5957
5969 6026 5983 5997 6011
6027 6055 6034 6041 6048
6056 6076 6061 6066 6071
6077 6183 6103 6129 6155
6184 6237 6197 6210 6223
6238 6281 6248 6258 6268
6282 6395 6310 6338 6366
6396 6415 6400 6404 6408
6416 6584 6458 6500 6542
6585 6616 6592 6599 6606
6617 6643 6623 6629 6635
6644 6846 6694 6744 6794
6847 6894 6858 6869 6880
6895 7017 6925 6955 6985
7018 7080 7033 7048 7063
7081 7140 7095 7109 7123
7141 7190 7153 7165 7177
7191 7309 7220 7249 7278
7310 7332 7315 7320 7325
7333 7401 7350 7367 7384
7402 7459 7416 7430 7444
7460 7558 7484 7508 7532
7559 7637 7578 7597 7616
7638 7765 7669 7700 7731
7766 7782 7770 7774 7778
7783 7896 7811 7839 7867
7897 7942 7908 7919 7930
7943 8031 7965 7987 8009
8032 8216 8078 8124 8170
8217 8237 8222 8227 8232
8238 8366 8270 8302 8334
8367 8418 8379 8391 8403
8419 8533 8447 8475 8503
8534 8572 8543 8552 8561
8573 8676 8598 8623 8648
8677 8729 8690 8703 8716
8730 8807 8749 8768 8787
8808 8845 8817 8826 8835
8846 8869 8851 8856 8861
8870 8978 8897 8924 8951
8979 9032 8992 9005 9018
9033 9133 9058 9083 9108
9134 9163 9141 9148 9155
9164 9274 9191 9218 9245
9275 9386 9302 9329 9356
9387 9489 9412 9437 9462
9490 9763 9558 9626 9694
9764 9823 9778 9792 9806
9824 9961 9858 9892 9926
9962 10218 10026 10090 10154
10219 10358 10253 10287 10321
10359 10470 10386 10413 10440
10471 10613 10506 10541 10576
10614 10655 10624 10634 10644
10656 10707 10668 10680 10692
10708 10891 10753 10798 10843
10892 10993 10917 10942 10967
10994 11040 11005 11016 11027
11041 11090 11053 11065 11077
11091 11127 11100 11109 11118
11128 11320 11176 11224 11272
11321 11358 11330 11339 11348
11359 11460 11384 11409 11434
11461 11627 11502 11543 11584
11628 11657 11635 11642 11649
11658 11702 11669 11680 11691
11703 11789 11724 11745 11766
11790 11870 11810 11830 11850
11871 11930 11885 11899 11913
11931 12013 11951 11971 11991
12014 12064 12026 12038 12050
12065 12113 12077 12089 12101
12114 12144 12121 12128 12135
12145 12256 12172 12199 12226
12257 12299 12267 12277 12287
12300 12356 12314 12328 12342
12357 12487 12389 12421 12453
12488 12831 12573 12658 12743
12832 12935 12857 12882 12907
12936 13579 13096 13256 13416
13580 13639 13594 13608 13622
13640 13778 13674 13708 13742
13779 13856 13798 13817 13836
13857 13950 13880 13903 13926
13951 14357 14052 14153 14254
14358 14399 14368 14378 14388
14400 14437 14409 14418 14427
14438 14474 14447 14456 14465
14475 14594 14504 14533 14562
14595 14682 14616 14637 14658
14683 14970 14754 14825 14896
14971 15020 14978 14985 15015
15021 15117 15045 15069 15093
15118 15174 15132 15146 15160
15175 15341 15216 15257 15298
15342 15385 15352 15362 15372
15386 15471 15407 15428 15449
15472 15577 15498 15524 15550
15578 15715 15612 15646 15680
15716 15829 15744 15772 15800
15830 15857 15836 15842 15848
15858 15902 15869 15880 15891
15903 15995 15926 15949 15972
15996 16207 16048 16100 16152
16208 16379 16250 16292 16334
16380 16432 16393 16406 16419
16433 16639 16484 16535 16586
16640 16704 16656 16672 16688
16705 16864 16744 16783 16822
16865 16930 16881 16897 16913
16931 17020 16953 16975 16997
17021 17096 17039 17057 17075
17097 17177 17117 17137 17157
17178 17359 17223 17268 17313
17360 17400 17370 17380 17390
17401 17435 17409 17417 17425
17436 17557 17466 17496 17526
17558 17693 17591 17624 17657
17694 17740 17705 17716 17727
17741 17777 17750 17759 17768
17778 17867 17800 17822 17844
17868 17899 17875 17882 17889
17900 18000 17925 17950 17975
18001 18037 18010 18019 18028
18038 18230 18086 18134 18182
18231 18317 18252 18273 18294
18318 18542 18374 18430 18486
18543 18577 18551 18559 18567
18578 18760 18623 18668 18713
18761 19536 18954 19147 19340
19537 19641 19563 19589 19615
19642 19938 19716 19790 19864
19939 19961 19944 19949 19954
19962 20009 19973 19984 19995
20010 20087 20029 20048 20067
20088 20343 20151 20214 20277
20344 20647 20419 20494 20569
20648 21143 20771 20894 21017
21144 21219 21162 21180 21198
21220 21608 21317 21414 21511
21609 21756 21645 21681 21717
21757 21896 21791 21825 21859
21897 21969 21915 21933 21951
21970 22372 22070 22170 22270
22373 22427 22386 22399 22412
22428 22517 22450 22472 22494
22518 22571 22531 22544 22557
22572 22657 22593 22614 22635
22658 22714 22672 22686 22700
22715 22827 22743 22771 22799
22828 23002 22871 22914 22957
23003 23062 23017 23031 23045
23063 23124 23078 23093 23108
23125 23351 23181 23237 23293
23352 23391 23361 23370 23379
23392 24400 23644 23896 24148
24401 24511 24428 24455 24482
24512 24605 24535 24558 24581
24606 24655 24618 24630 24642
24656 24684 24663 24670 24677
24685 24723 24694 24703 24712
24724 24757 24732 24740 24748
24758 24822 24774 24790 24806
24823 24866 24833 24843 24853
24867 25289 24972 25077 25182
25290 25947 25454 25618 25782
25948 25987 25957 25966 25975
25988 26189 26038 26088 26138
26190 26433 26250 26310 26370
26434 27038 26585 26736 26887
27039 27119 27059 27079 27099
27120 27466 27206 27292 27378
27467 27526 27481 27495 27509
27527 27964 27636 27745 27854
27965 28048 27985 28005 28025
28049 28331 28119 28189 28259
28332 28406 28350 28368 28386
28407 28493 28428 28449 28470
28494 28549 28507 28520 28533
28550 28616 28566 28582 28598
28617 28709 28640 28663 28686
28710 28922 28763 28816 28869
28923 28990 28939 28955 28971
28991 29123 29024 29057 29090
29124 29287 29164 29204 29244
29288 29343 29301 29314 29327
29344 29854 29471 29598 29725
29855 29920 29871 29887 29903
29921 30036 29940 29959 30027
30037 30166 30069 30101 30133
30167 30225 30181 30195 30209
30226 30314 30248 30270 30292
30315 30372 30329 30343 30357
30373 30549 30417 30461 30505
30550 30588 30559 30568 30577
30589 30932 30674 30759 30844
30933 31874 31168 31403 31638
31875 32171 31949 32023 32097
32172 32222 32184 32196 32208
32223 33030 32424 32625 32826
33031 33122 33053 33075 33097
33123 33157 33131 33139 33147
33158 33250 33181 33204 33227
33251 33327 33270 33289 33308
33328 33388 33343 33358 33373
33389 33453 33405 33421 33437
33454 33635 33499 33544 33589
33636 33730 33659 33682 33705
33731 33840 33758 33785 33812
33841 33941 33866 33891 33916
33942 33999 33956 33970 33984
34000 34045 34011 34022 34033
34046 34162 34075 34104 34133
34163 34325 34203 34243 34283
34326 34417 34348 34370 34392
34418 34457 34427 34436 34445
34458 34698 34518 34578 34638
34699 34746 34710 34721 34732
34747 34799 34760 34773 34786
34800 34895 34823 34846 34869
34896 34925 34903 34910 34917
34926 34960 34934 34942 34950
34961 35140 35005 35049 35093
35141 35179 35150 35159 35168
35180 35235 35193 35206 35219
35236 35256 35241 35246 35251
35257 35398 35292 35327 35362
35399 35672 35467 35535 35603
35673 35736 35688 35703 35718
35737 36177 35847 35957 36067
36178 36231 36191 36204 36217
36232 36363 36264 36296 36328
36364 36486 36394 36424 36454
36487 36700 36540 36593 36646
36701 37138 36810 36919 37028
37139 37204 37155 37171 37187
37205 37474 37272 37339 37406
37475 37529 37488 37501 37514
37530 37817 37601 37672 37743
37818 38014 37867 37916 37965
38015 38101 38036 38057 38078
38102 38235 38135 38168 38201
38236 38327 38258 38280 38302
38328 38414 38349 38370 38391
38415 38432 38419 38423 38427
38433 38461 38440 38447 38454
38462 38502 38472 38482 38492
38503 38613 38530 38557 38584
38614 38711 38638 38662 38686
38712 38790 38731 38750 38769
38791 38849 38805 38819 38833
38850 38899 38862 38874 38886
38900 38927 38906 38912 38918
38928 39036 38955 38982 39009
39037 39084 39048 39059 39070
39085 39158 39103 39121 39139
39159 39231 39177 39195 39213
39232 39436 39283 39334 39385
39437 39559 39467 39497 39527
39560 39601 39570 39580 39590
39602 39875 39670 39738 39806
39876 39907 39883 39890 39897
39908 39930 39913 39918 39923
39931 40066 39964 39997 40030
40067 40206 40101 40135 40169
40207 40550 40292 40377 40462
40551 40590 40560 40569 40578
40591 40801 40643 40695 40747
40802 40860 40816 40830 40844
40861 40908 40872 40883 40894
40909 40940 40916 40923 40930
40941 40975 40949 40957 40965
40976 41002 40982 40988 40994
41003 41035 41011 41019 41027
41036 41076 41046 41056 41066
41077 41429 41165 41253 41341
41430 41537 41456 41482 41508
41538 41741 41588 41638 41688
41742 41958 41796 41850 41904
41959 41997 41968 41977 41986
41998 42194 42047 42096 42145
42195 42471 42264 42333 42402
42472 42529 42486 42500 42514
42530 42578 42542 42554 42566
42579 42643 42595 42611 42627
42644 42771 42675 42706 42737
42772 42890 42801 42830 42859
42891 43056 42932 42973 43014
43057 43233 43101 43145 43189
43234 43289 43247 43260 43273
43290 43403 43318 43346 43374
43404 43618 43457 43510 43563
43619 43802 43664 43709 43754
43803 43841 43812 43821 43830
43842 43892 43854 43866 43878
43893 43930 43902 43911 43920
43931 44048 43960 43989 44018
44049 44077 44056 44063 44070
44078 44185 44104 44130 44156
44186 44231 44197 44208 44219
44232 44355 44262 44292 44322
44356 44438 44376 44396 44416
44439 44670 44496 44553 44610
44671 44730 44685 44699 44713
44731 44853 44761 44791 44821
44854 44992 44888 44922 44956
44993 45076 44994 44995 45057
45077 45174 45101 45125 45149
45175 45327 45213 45251 45289
45328 45448 45358 45388 45418
45449 45658 45501 45553 45605
45659 45682 45664 45669 45674
45683 45924 45743 45803 45863
45925 45980 45938 45951 45964
45981 46096 46009 46037 46065
46097 46156 46111 46125 46139
46157 46291 46190 46223 46256
46292 46474 46337 46382 46427
46475 46533 46489 46503 46517
46534 46583 46546 46558 46570
46584 46717 46617 46650 46683
46718 46880 46758 46798 46838
46881 46962 46901 46921 46941
46963 47043 46983 47003 47023
47044 47306 47109 47174 47239
47307 47685 47401 47495 47589
47686 47742 47700 47714 47728
47743 47907 47784 47825 47866
47908 47964 47922 47936 47950
47965 48159 48013 48061 48109
48160 48490 48242 48324 48406
48491 48582 48513 48535 48557
48583 48660 48602 48621 48640
48661 48714 48674 48687 48700
48715 48829 48743 48771 48799
48830 48911 48850 48870 48890
48912 49409 49036 49160 49284
49410 49499 49432 49454 49476
49500 49583 49520 49540 49560
49584 49742 49623 49662 49701
49743 49965 49798 49853 49908
49966 50045 49985 50004 50023
50046 50257 50098 50150 50202
50258 50407 50295 50332 50369
50408 50444 50417 50426 50435
50445 50491 50456 50467 50478
50492 50526 50500 50508 50516
50527 50596 50544 50561 50578
50597 50651 50610 50623 50636
50652 50698 50663 50674 50685
50699 50771 50717 50735 50753
50772 50884 50800 50828 50856
50885 50943 50899 50913 50927
50944 51060 50973 51002 51031
51061 51119 51075 51089 51103
51120 51281 51160 51200 51240
51282 51396 51310 51338 51366
51397 51586 51444 51491 51538
51587 51775 51634 51681 51728
51776 51950 51819 51862 51905
51951 51995 51962 51973 51984
51996 52031 52004 52012 52020
52032 52056 52038 52044 52050
52057 52080 52062 52067 52072
52081 52108 52087 52093 52099
52109 52224 52137 52165 52193
52225 52387 52265 52305 52345
52388 52533 52424 52460 52496
52534 53260 52715 52896 53077
53261 53330 53278 53295 53312
53331 53485 53369 53407 53445
53486 53669 53531 53576 53621
53670 53762 53693 53716 53739
53763 53912 53800 53837 53874
53913 54167 53976 54039 54102
54168 54312 54204 54240 54276
54313 54377 54329 54345 54361
54378 54491 54406 54434 54462
54492 54723 54549 54606 54663
54724 54751 54730 54736 54742
54752 54854 54777 54802 54827
54855 54971 54884 54913 54942
54972 55034 54987 55002 55017
55035 55184 55072 55109 55146
55185 55226 55195 55205 55215
55227 55301 55245 55263 55281
55302 55389 55323 55344 55365
55390 55529 55424 55458 55492
55530 55796 55596 55662 55728
55797 55886 55819 55841 55863
55887 55991 55913 55939 55965
55992 56099 56018 56044 56070
56100 56292 56148 56196 56244
56293 56476 56338 56383 56428
56477 56541 56493 56509 56525
56542 56617 56560 56578 56596
56618 57198 56763 56908 57053
57199 57223 57205 57211 57217
57224 57249 57230 57236 57242
57250 57276 57256 57262 57268
57277 57303 57283 57289 57295
57304 57544 57364 57424 57484
57545 57578 57553 57561 57569
57579 57615 57588 57597 57606
57616 57660 57627 57638 57649
57661 57720 57675 57689 57703
57721 57747 57727 57733 57739
57748 57803 57761 57774 57787
57804 57885 57824 57844 57864
57886 57951 57902 57918 57934
57952 57999 57963 57974 57985
58000 58048 58012 58024 58036
58049 58078 58056 58063 58070
58079 58124 58090 58101 58112
58125 58172 58136 58147 58158
58173 58325 58211 58249 58287
58326 58493 58367 58408 58449
58494 58806 58572 58650 58728
58807 58907 58832 58857 58882
58908 58955 58919 58930 58941
58956 59012 58970 58984 58998
59013 59058 59024 59035 59046
59059 59116 59073 59087 59101
59117 59234 59146 59175 59204
59235 59290 59248 59261 59274
59291 59332 59301 59311 59321
59333 59558 59389 59445 59501
59559 59967 59661 59763 59865
59968 60078 59975 59982 60057
60079 60226 60115 60151 60187
60227 60996 60419 60611 60803
60997 61026 61004 61011 61018
61027 61354 61108 61189 61270
61355 61432 61374 61393 61412
61433 61894 61548 61663 61778
61895 62009 61923 61951 61979
62010 62141 62042 62074 62106
62142 62238 62166 62190 62214
62239 62353 62267 62295 62323
62354 62413 62368 62382 62396
62414 62548 62447 62480 62513
62549 62604 62562 62575 62588
62605 62647 62615 62625 62635
62648 62691 62658 62668 62678
62692 62823 62724 62756 62788
62824 62889 62840 62856 62872
62890 62927 62899 62908 62917
62928 62993 62944 62960 62976
62994 63036 63004 63014 63024
63037 63136 63061 63085 63109
63137 63202 63153 63169 63185
63203 63467 63269 63335 63401
63468 63547 63487 63506 63525
63548 63599 63560 63572 63584
63600 63663 63615 63630 63645
63664 63693 63671 63678 63685
63694 63745 63706 63718 63730
63746 63798 63759 63772 63785
63799 63862 63814 63829 63844
63863 63902 63872 63881 63890
63903 64128 63959 64015 64071
64129 64187 64143 64157 64171
64188 64270 64208 64228 64248
64271 64415 64307 64343 64379
64416 64511 64439 64462 64485
64512 64582 64529 64546 64563
64583 64675 64606 64629 64652
64676 64837 64716 64756 64796
64838 64928 64860 64882 64904
64929 65030 64954 64979 65004
65031 65080 65043 65055 65067
65081 65248 65122 65163 65204
65249 65320 65266 65283 65300
65321 65486 65362 65403 65444
65487 65654 65528 65569 65610
65655 65758 65680 65705 65730
65759 65810 65771 65783 65795
65811 65884 65829 65847 65865
65885 65976 65907 65929 65951
65977 66124 66013 66049 66085
66125 66193 66142 66159 66176
66194 66220 66200 66206 66212
66221 66268 66232 66243 66254
66269 66437 66311 66353 66395
66438 66554 66467 66496 66525
66555 66727 66598 66641 66684
66728 66889 66768 66808 66848
66890 66956 66906 66922 66938
66957 67004 66968 66979 66990
67005 67137 67038 67071 67104
67138 67254 67167 67196 67225
67255 67556 67330 67405 67480
67557 67683 67588 67619 67650
67684 68116 67792 67900 68008
68117 68267 68154 68191 68228
68268 68320 68281 68294 68307
68321 68461 68356 68391 68426
68462 68611 68499 68536 68573
68612 68662 68624 68636 68648
68663 68714 68675 68687 68699
68715 68848 68748 68781 68814
68849 68905 68863 68877 68891
68906 68960 68919 68932 68945
68961 69028 68977 68993 69009
69029 69170 69064 69099 69134
69171 69228 69185 69199 69213
69229 69268 69238 69247 69256
69269 69317 69281 69293 69305
69318 69355 69327 69336 69345
69356 69429 69374 69392 69410
69430 69649 69484 69538 69592
69650 70393 69835 70020 70205
70394 70513 70423 70452 70481
70514 70983 70631 70748 70865
70984 71045 70999 71014 71029
71046 71272 71102 71158 71214
71273 71395 71303 71333 71363
71396 71629 71454 71512 71570
71630 71736 71656 71682 71708
71737 71926 71784 71831 71878
71927 72167 71987 72047 72107
72168 72217 72180 72192 72204
72218 72262 72229 72240 72251
72263 72412 72300 72337 72374
72413 72501 72435 72457 72479
72502 72887 72598 72694 72790
72888 73126 72947 73006 73065
73127 73250 73157 73187 73217
73251 73418 73292 73333 73374
73419 73590 73461 73503 73545
73591 73685 73614 73637 73660
73686 74023 73770 73854 73938
74024 74111 74045 74066 74087
74112 74147 74120 74128 74136
74148 74403 74211 74274 74337
74404 74564 74444 74484 74524
74565 74756 74612 74659 74706
74757 74799 74767 74777 74787
74800 74864 74816 74832 74848
74865 74906 74875 74885 74895
74907 74946 74916 74925 74934
74947 75189 74960 74973 75141
75190 75259 75207 75224 75241
75260 75310 75272 75284 75296
75311 75378 75327 75343 75359
75379 75583 75430 75481 75532
75584 75649 75600 75616 75632
75650 75799 75687 75724 75761
75800 75854 75813 75826 75839
75855 75893 75864 75873 75882
75894 75944 75906 75918 75930
75945 76016 75962 75979 75996
76017 76122 76043 76069 76095
76123 76192 76140 76157 76174
76193 76243 76205 76217 76229
76244 76290 76255 76266 76277
76291 76404 76319 76347 76375
76405 76464 76419 76433 76447
76465 76506 76475 76485 76495
76507 76548 76517 76527 76537
76549 76611 76564 76579 76594
76612 76639 76618 76624 76630
76640 76671 76647 76654 76661
76672 76741 76689 76706 76723
76742 76790 76754 76766 76778
76791 76834 76801 76811 76821
76835 76892 76849 76863 76877
76893 76942 76905 76917 76929
76943 77080 76977 77011 77045
77081 77143 77096 77111 77126
77144 77184 77154 77164 77174
77185 77224 77194 77203 77212
77225 77341 77254 77283 77312
77342 77405 77357 77372 77387
77406 77453 77417 77428 77439
77454 77544 77476 77498 77520
77545 77607 77560 77575 77590
77608 77736 77640 77672 77704
77737 77800 77752 77767 77782
77801 77913 77829 77857 77885
77914 77993 77933 77952 77971
77994 78042 78006 78018 78030
78043 78078 78051 78059 78067
78079 78145 78095 78111 78127
78146 78242 78170 78194 78218
78243 78293 78255 78267 78279
78294 78326 78302 78310 78318
78327 78375 78339 78351 78363
78376 78410 78384 78392 78400
78411 78529 78440 78469 78498
78530 78741 78582 78634 78686
78742 78803 78757 78772 78787
78804 78882 78823 78842 78861
78883 79021 78917 78951 78985
79022 79208 79068 79114 79160
79209 79299 79231 79253 79275
79300 79387 79321 79342 79363
79388 79756 79480 79572 79664
79757 79835 79776 79795 79814
79836 79967 79868 79900 79932
79968 80017 79980 79992 80004
80018 80078 80033 80048 80063
80079 80113 80087 80095 80103
80114 80302 80161 80208 80255
80303 80385 80323 80343 80363
80386 80594 80438 80490 80542
80595 80694 80619 80643 80667
80695 80774 80714 80733 80752
80775 80819 80786 80797 80808
80820 80975 80858 80896 80934
80976 81014 80985 80994 81003
81015 81077 81030 81045 81060
81078 81221 81113 81148 81183
81222 81416 81270 81318 81366
81417 81505 81439 81461 81483
81506 81595 81528 81550 81572
81596 81841 81657 81718 81779
81842 81934 81865 81888 81911
81935 82016 81955 81975 81995
82017 82144 82048 82079 82110
82145 82262 82174 82203 82232
82263 82348 82284 82305 82326
82349 82579 82406 82463 82520
82580 82674 82603 82626 82649
82675 82857 82720 82765 82810
82858 83008 82895 82932 82969
83009 83061 83022 83035 83048
83062 83295 83120 83178 83236
83296 83679 83391 83486 83581
83680 83784 83706 83732 83758
83785 83903 83814 83843 83872
83904 84008 83930 83956 83982
84009 84081 84027 84045 84063
84082 84256 84125 84168 84211
84257 84380 84287 84317 84347
84381 84503 84411 84441 84471
84504 84820 84583 84662 84741
84821 84937 84850 84879 84908
84938 85059 84968 84998 85028
85060 85240 85105 85150 85195
85241 85317 85260 85279 85298
85318 85381 85333 85348 85363
85382 85487 85408 85434 85460
85488 85539 85500 85512 85524
85540 85861 85620 85700 85780
85862 86082 85917 85972 86027
86083 86210 86114 86145 86176
86211 86337 86242 86273 86304
86338 86470 86371 86404 86437
86471 86540 86488 86505 86522
86541 86582 86551 86561 86571
86583 86624 86593 86603 86613
86625 86853 86682 86739 86796
86854 87968 87132 87410 87688
87969 88386 88073 88177 88281
88387 88406 88391 88395 88399
88407 88465 88421 88435 88449
88466 88569 88491 88516 88541
88570 89538 88812 89054 89296
89539 89639 89564 89589 89614
89640 89739 89664 89688 89712
89740 90039 89804 89868 90027
90040 90142 90065 90090 90115
90143 90169 90149 90155 90161
90170 90217 90181 90192 90203
90218 90250 90226 90234 90242
90251 90369 90280 90309 90338
90370 90402 90378 90386 90394
90403 90929 90534 90665 90796
90930 91006 90949 90968 90987
91007 91130 91037 91067 91097
91131 91254 91161 91191 91221
91255 91313 91269 91283 91297
91314 91383 91331 91348 91365
91384 91552 91426 91468 91510
91553 91631 91572 91591 91610
91632 91713 91652 91672 91692
91714 91913 91763 91812 91861
91914 91973 91928 91942 91956
91974 92022 91986 91998 92010
92023 92124 92048 92073 92098
92125 92161 92134 92143 92152
92162 92208 92173 92184 92195
92209 92423 92262 92315 92368
92424 92802 92518 92612 92706
92803 93461 92967 93131 93295
93462 93705 93522 93582 93642
93706 93775 93723 93740 93757
93776 93818 93786 93796 93806
93819 94071 93882 93945 94008
94072 94114 94082 94092 94102
94115 94495 94210 94305 94400
94496 94557 94511 94526 94541
94558 94674 94587 94616 94645
94675 94803 94707 94739 94771
94804 95004 94854 94904 94954
95005 95416 95107 95209 95311
95417 95524 95443 95469 95495
95525 95680 95563 95601 95639
95681 95789 95708 95735 95762
95790 96082 95863 95936 96009
96083 96240 96122 96161 96200
96241 96795 96379 96517 96655
96796 96900 96822 96848 96874
96901 96988 96922 96943 96964
96989 97171 97034 97079 97124
97172 97281 97199 97226 97253
97282 98165 97502 97722 97942
98166 98702 98300 98434 98568
98703 98724 98708 98713 98718
98725 98748 98730 98735 98740
98749 98790 98759 98769 98779
98791 98816 98797 98803 98809
98817 98878 98832 98847 98862
98879 99103 98935 98991 99047
99104 99146 99114 99124 99134
99147 99406 99211 99275 99339
99407 99533 99438 99469 99500
99534 99572 99543 99552 99561
99573 100187 99726 99879 100032
100188 100215 100194 100200 100206
100216 100346 100248 100280 100312
100347 100391 100358 100369 100380
100392 100573 100437 100482 100527
100574 100597 100579 100584 100589
100598 100674 100617 100636 100655
100675 100707 100683 100691 100699
100708 102090 101053 101398 101743
102091 102144 102104 102117 102130
102145 102178 102153 102161 102169
102179 102238 102193 102207 102221
102239 102277 102248 102257 102266
102278 102333 102291 102304 102317
102334 102366 102342 102350 102358
102367 102431 102383 102399 102415
102432 102473 102442 102452 102462
102474 102516 102484 102494 102504
102517 102587 102534 102551 102568
102588 102645 102602 102616 102630
102646 102701 102659 102672 102685
102702 102792 102724 102746 102768
102793 102909 102822 102851 102880
102910 102949 102919 102928 102937
102950 103021 102967 102984 103001
103022 103099 103041 103060 103079
103100 103324 103156 103212 103268
103325 103359 103333 103341 103349
103360 103439 103379 103398 103417
103440 103575 103473 103506 103539
103576 103611 103584 103592 103600
103612 103637 103618 103624 103630
103638 103813 103681 103724 103767
103814 104615 104014 104214 104414
104616 104677 104631 104646 104661
104678 104726 104690 104702 104714
104727 104827 104752 104777 104802
104828 104864 104837 104846 104855
104865 104891 104871 104877 104883
104892 104945 104905 104918 104931
104946 105089 104959 104972 105066
105090 105146 105104 105118 105132
105147 105199 105160 105173 105186
105200 105297 105224 105248 105272
105298 105410 105326 105354 105382
105411 105492 105431 105451 105471
105493 105617 105524 105555 105586
105618 105870 105681 105744 105807
105871 105970 105895 105919 105943
105971 106081 105998 106025 106052
106082 106140 106096 106110 106124
106141 106191 106153 106165 106177
106192 106423 106249 106306 106363
106424 107187 106614 106804 106994
107188 107300 107216 107244 107272
107301 107506 107352 107403 107454
107507 108978 107874 108241 108608
108979 109288 109056 109133 109210
109289 109341 109302 109315 109328
109342 109455 109370 109398 109426
109456 109493 109465 109474 109483
109494 109920 109600 109706 109812
109921 109964 109931 109941 109951
109965 110601 110124 110283 110442
110602 110644 110612 110622 110632
110645 110790 110681 110717 110753
110791 110826 110799 110807 110815
110827 110889 110842 110857 110872
110890 111221 110972 111054 111136
111222 111263 111232 111242 111252
111264 111361 111288 111312 111336
111362 111487 111393 111424 111455
111488 111968 111608 111728 111848
111969 112144 112012 112055 112098
112145 112312 112186 112227 112268
112313 112370 112327 112341 112355
112371 112503 112404 112437 112470
112504 112569 112520 112536 112552
112570 112607 112579 112588 112597
112608 112668 112623 112638 112653
112669 112847 112713 112757 112801
112848 112964 112877 112906 112935
112965 113041 112984 113003 113022
113042 113133 113064 113086 113108
113134 113214 113154 113174 113194
113215 113302 113236 113257 113278
113303 113616 113381 113459 113537
113617 115461 114078 114539 115000
115462 115582 115492 115522 115552
115583 115761 115627 115671 115715
115762 115959 115811 115860 115909
115960 116039 115979 115998 116017
116040 116746 116216 116392 116568
116747 117670 116977 117207 117437
117671 117997 117752 117833 117914
117998 118439 118108 118218 118328
118440 118508 118457 118474 118491
118509 118613 118535 118561 118587
118614 118688 118632 118650 118668
118689 118764 118707 118725 118743
118765 118830 118781 118797 118813
118831 118907 118850 118869 118888
118908 119024 118937 118966 118995
119025 119128 119050 119075 119100
119129 119200 119146 119163 119180
119201 119411 119253 119305 119357
119412 119840 119519 119626 119733
119841 120340 119880 119919 120255
120341 120465 120372 120403 120434
120466 120784 120545 120624 120703
120785 121271 120906 121027 121148
121272 121981 121449 121626 121803
121982 122021 121991 122000 122009
122022 122107 122043 122064 122085
122108 122158 122120 122132 122144
122159 123053 122382 122605 122828
123054 123542 123176 123298 123420
123543 123703 123583 123623 123663
123704 123880 123748 123792 123836
123881 124108 123937 123993 124049
124109 124740 124266 124423 124580
124741 124828 124762 124783 124804
124829 124933 124855 124881 124907
124934 125003 124951 124968 124985
125004 125156 125042 125080 125118
125157 125227 125174 125191 125208
125228 125727 125352 125476 125600
125728 125835 125754 125780 125806
125836 125940 125862 125888 125914
125941 126633 126114 126287 126460
126634 127070 126743 126852 126961
127071 127450 127165 127259 127353
127451 127978 127582 127713 127844
127979 128664 128150 128321 128492
128665 128915 128727 128789 128851
128916 129191 128984 129052 129120
129192 129497 129268 129344 129420
129498 129724 129554 129610 129666
129725 129902 129769 129813 129857
129903 130027 129934 129965 129996
130028 130208 130073 130118 130163
130209 130620 130311 130413 130515
130621 130754 130654 130687 130720
130755 132527 131198 131641 132084
132528 132658 132560 132592 132624
132659 132988 132741 132823 132905
132989 133049 133004 133019 133034
133050 133112 133065 133080 133095
133113 133170 133127 133141 133155
133171 133248 133190 133209 133228
133249 133322 133267 133285 133303
133323 133393 133340 133357 133374
133394 133572 133438 133482 133526
133573 133654 133593 133613 133633
133655 133711 133669 133683 133697
133712 133771 133726 133740 133754
133772 133842 133789 133806 133823
133843 133929 133864 133885 133906
133930 134095 133971 134012 134053
134096 134191 134119 134142 134165
134192 134257 134208 134224 134240
134258 134317 134272 134286 134300
134318 134378 134333 134348 134363
134379 134795 134483 134587 134691
134796 134903 134822 134848 134874
134904 135041 134927 134950 135030
135042 135096 135055 135068 135081
135097 135336 135156 135215 135274
135337 135654 135416 135495 135574
135655 135792 135689 135723 135757
135793 135852 135807 135821 135835
135853 135936 135873 135893 135913
135937 136024 135958 135979 136000
136025 137361 136359 136693 137027
137362 138173 137564 137766 137968
138174 138231 138188 138202 138216
138232 138492 138297 138362 138427
138493 138545 138506 138519 138532
138546 138583 138555 138564 138573
138584 138653 138601 138618 138635
138654 138966 138732 138810 138888
138967 139178 139019 139071 139123
139179 139626 139290 139401 139512
139627 139697 139644 139661 139678
139698 139786 139720 139742 139764
139787 139874 139808 139829 139850
139875 140050 139918 139961 140004
140051 140154 140076 140101 140126
140155 140192 140164 140173 140182
140193 140247 140206 140219 140232
140248 140432 140294 140340 140386
140433 140514 140453 140473 140493
140515 140604 140537 140559 140581
140605 140678 140623 140641 140659
140679 140845 140720 140761 140802
140846 140894 140858 140870 140882
140895 140973 140914 140933 140952
140974 141070 140998 141022 141046
141071 141116 141082 141093 141104
141117 141334 141171 141225 141279
141335 141366 141342 141349 141356
141367 141408 141377 141387 141397
141409 141609 141459 141509 141559
141610 141691 141630 141650 141670
141692 141753 141707 141722 141737
141754 142095 141839 141924 142009
142096 142129 142104 142112 142120
142130 142188 142144 142158 142172
142189 142289 142214 142239 142264
142290 142346 142304 142318 142332
142347 142436 142369 142391 142413
142437 142525 142459 142481 142503
142526 142648 142556 142586 142616
142649 142696 142660 142671 142682
142697 142821 142728 142759 142790
142822 142853 142829 142836 142843
142854 142948 142877 142900 142923
142949 142971 142954 142959 142964
142972 143065 142995 143018 143041
143066 143200 143099 143132 143165
143201 143364 143241 143281 143321
143365 143445 143385 143405 143425
143446 143495 143458 143470 143482
143496 143687 143543 143590 143637
143688 143751 143703 143718 143733
143752 143905 143790 143828 143866
143906 144005 143930 143954 143978
144006 144137 144038 144070 144102
144138 144229 144160 144182 144204
144230 144423 144278 144326 144374
144424 144505 144444 144464 144484
144506 144617 144533 144560 144587
144618 144687 144635 144652 144669
144688 144966 144757 144826 144895
144967 145036 144984 145001 145018
145037 145093 145051 145065 145079
145094 145236 145129 145164 145199
145237 145336 145261 145285 145309
145337 145401 145353 145369 145385
145402 145487 145423 145444 145465
145488 145571 145508 145528 145548
145572 145659 145593 145614 145635
145660 145817 145699 145738 145777
145818 145985 145859 145900 145941
145986 146036 145998 146010 146022
146037 146110 146055 146073 146091
146111 146172 146126 146141 146156
146173 146304 146205 146237 146269
146305 146458 146343 146381 146419
146459 146679 146514 146569 146624
146680 146765 146701 146722 146743
146766 146808 146776 146786 146796
146809 146884 146827 146845 146863
146885 147054 146927 146969 147011
147055 147146 147077 147099 147121
147147 147233 147168 147189 147210
147234 147299 147250 147266 147282
147300 147504 147351 147402 147453
147505 147563 147519 147533 147547
147564 147654 147586 147608 147630
147655 147721 147671 147687 147703
147722 147761 147731 147740 147749
147762 148624 147977 148192 148407
148625 148759 148658 148691 148724
148760 148956 148809 148858 148907
148957 149414 149071 149185 149299
149415 149828 149518 149621 149724
149829 149863 149837 149845 149853
149864 150105 149897 149930 150078
150106 150129 150111 150116 150121
150130 150368 150189 150248 150307
150369 150425 150383 150397 150411
150426 150773 150512 150598 150684
150774 150930 150813 150852 150891
150931 151113 150976 151021 151066
151114 151155 151124 151134 151144
151156 151229 151174 151192 151210
151230 151339 151257 151284 151311
151340 151866 151471 151602 151733
151867 152053 151913 151959 152005
152054 152262 152106 152158 152210
152263 152408 152299 152335 152371
152409 152749 152494 152579 152664
152750 152879 152782 152814 152846
152880 153410 153012 153144 153276
153411 153497 153432 153453 153474
153498 153581 153518 153538 153558
153582 153728 153618 153654 153690
153729 153791 153744 153759 153774
153792 153848 153806 153820 153834
153849 153904 153862 153875 153888
153905 154032 153936 153967 153998
154033 155158 154314 154595 154876
155159 155233 155177 155195 155213
155234 155290 155248 155262 155276
155291 155367 155310 155329 155348
155368 155531 155408 155448 155488
155532 156128 155681 155830 155979
156129 156313 156175 156221 156267
156314 156770 156428 156542 156656
156771 156888 156800 156829 156858
156889 157014 156920 156951 156982
157015 157224 157067 157119 157171
157225 157397 157268 157311 157354
157398 157718 157478 157558 157638
157719 157797 157738 157757 157776
157798 158465 157964 158130 158296
158466 159913 158827 159188 159549
159914 160007 159937 159960 159983
160008 160541 160141 160274 160407
160542 160609 160558 160574 160590
160610 160737 160641 160672 160703
160738 160794 160752 160766 160780
160795 160823 160802 160809 160816
160824 161175 160911 160998 161085
161176 161289 161204 161232 161260
161290 161391 161315 161340 161365
161392 161501 161419 161446 161473
161502 161564 161517 161532 161547
161565 161944 161659 161753 161847
161945 162031 161966 161987 162008
162032 162098 162048 162064 162080
162099 162159 162114 162129 162144
162160 162332 162203 162246 162289
162333 162614 162403 162473 162543
162615 162668 162628 162641 162654
162669 162730 162684 162699 162714
162731 162776 162742 162753 162764
162777 162813 162786 162795 162804
162814 162856 162824 162834 162844
162857 162977 162887 162917 162947
162978 163028 162990 163002 163014
163029 163052 163034 163039 163044
163053 163137 163074 163095 163116
163138 163206 163155 163172 163189
163207 163279 163225 163243 163261
163280 163365 163301 163322 163343
163366 163422 163380 163394 163408
163423 163553 163455 163487 163519
163554 163929 163647 163740 163833
163930 164042 163958 163986 164014
164043 164210 164084 164125 164166
164211 164328 164240 164269 164298
164329 164512 164374 164419 164464
164513 164609 164537 164561 164585
164610 164750 164645 164680 164715
164751 164928 164795 164839 164883
164929 165079 164946 164963 165057
165080 165302 165135 165190 165245
165303 165353 165315 165327 165339
165354 165395 165364 165374 165384
165396 165460 165412 165428 165444
165461 165554 165484 165507 165530
165555 165602 165566 165577 165588
165603 165656 165616 165629 165642
165657 165718 165672 165687 165702
165719 165786 165735 165751 165767
165787 165876 165809 165831 165853
165877 165930 165890 165903 165916
165931 165992 165946 165961 165976
165993 166036 166003 166013 166023
166037 166082 166048 166059 166070
166083 166158 166101 166119 166137
166159 166201 166169 166179 166189
166202 166244 166212 166222 166232
166245 166291 166256 166267 166278
166292 166340 166304 166316 166328
166341 166407 166357 166373 166389
166408 166441 166416 166424 166432
166442 166482 166452 166462 166472
166483 166571 166505 166527 166549
166572 166615 166582 166592 166602
166616 166667 166628 166640 166652
166668 166740 166686 166704 166722
166741 166807 166757 166773 166789
166808 166861 166821 166834 166847
166862 166949 166883 166904 166925
166950 167014 166966 166982 166998
167015 171859 168226 169437 170648
171860 171877 171864 171868 171872
171878 172074 171927 171976 172025
