0 93 23 46 69
94 562 211 328 445
563 580 567 571 575
581 601 586 591 596
602 622 607 612 617
623 640 627 631 635
641 658 645 649 653
659 675 663 667 671
676 695 680 684 688
696 719 701 706 711
720 804 741 762 783
805 1175 897 989 1081
1176 1340 1217 1258 1299
1341 1362 1346 1351 1356
1363 1474 1390 1417 1444
1475 1847 1568 1661 1754
1848 1947 1872 1896 1920
1948 1968 1953 1958 1963
1969 2055 1990 2011 2032
2056 2088 2064 2072 2080
2089 2312 2144 2199 2254
2313 2333 2318 2323 2328
2334 2459 2365 2396 2427
2460 2479 2464 2468 2472
2480 2596 2509 2538 2567
2597 2619 2602 2607 2612
2620 2706 2641 2662 2683
2707 2900 2755 2803 2851
2901 3018 2930 2959 2988
3019 3257 3078 3137 3196
3258 3279 3263 3268 3273
3280 3394 3308 3336 3364
3395 3490 3418 3441 3464
3491 3532 3501 3511 3521
3533 3629 3557 3581 3605
3630 3690 3645 3660 3675
3691 3813 3721 3751 3781
3814 3883 3831 3848 3865
3884 4081 3933 3982 4031
4082 4318 4141 4200 4259
4319 4346 4325 4331 4337
4347 4477 4379 4411 4443
4478 4494 4482 4486 4490
4495 5041 4631 4767 4903
5042 5468 5148 5254 5360
5469 5563 5492 5515 5538
5564 5597 5572 5580 5588
5598 5655 5612 5626 5640
5656 5768 5684 5712 5740
5769 5856 5790 5811 5832
5857 6102 5918 5979 6040
6103 6151 6115 6127 6139
6152 6219 6168 6184 6200
6220 6283 6235 6250 6265
6284 6323 6293 6302 6311
6324 6464 6359 6394 6429
6465 6482 6469 6473 6477
6483 6506 6488 6493 6498
6507 6593 6528 6549 6570
6594 6719 6625 6656 6687
6720 6926 6771 6822 6873
6927 6971 6938 6949 6960
6972 7014 6982 6992 7002
7015 7110 7038 7061 7084
7111 7133 7116 7121 7126
7134 7266 7167 7200 7233
7267 7336 7284 7301 7318
7337 7531 7385 7433 7481
7532 7870 7616 7700 7784
7871 7957 7892 7913 7934
7958 8074 7987 8016 8045
8075 8115 8085 8095 8105
8116 8163 8127 8138 8149
8164 8236 8182 8200 8218
8237 8330 8260 8283 8306
8331 8404 8349 8367 8385
8405 8498 8428 8451 8474
8499 8521 8504 8509 8514
8522 8611 8544 8566 8588
8612 8683 8629 8646 8663
8684 8742 8698 8712 8726
8743 8786 8753 8763 8773
8787 8828 8797 8807 8817
8829 8924 8852 8875 8898
8925 8994 8942 8959 8976
8995 9337 9080 9165 9250
9338 9508 9380 9422 9464
9509 9581 9527 9545 9563
9582 9689 9608 9634 9660
9690 9736 9701 9712 9723
9737 9790 9750 9763 9776
9791 9813 9796 9801 9806
9814 9853 9823 9832 9841
9854 9950 9878 9902 9926
9951 10012 9966 9981 9996
10013 10051 10022 10031 10040
10052 10135 10072 10092 10112
10136 10155 10140 10144 10148
10156 10173 10160 10164 10168
10174 10201 10180 10186 10192
10202 10280 10221 10240 10259
10281 10490 10333 10385 10437
10491 10524 10499 10507 10515
10525 10581 10539 10553 10567
10582 10654 10600 10618 10636
10655 10684 10662 10669 10676
10685 10706 10690 10695 10700
10707 10755 10719 10731 10743
10756 10781 10762 10768 10774
10782 10879 10806 10830 10854
10880 10912 10888 10896 10904
10913 10966 10926 10939 10952
10967 11007 10977 10987 10997
11008 11092 11029 11050 11071
11093 11179 11114 11135 11156
11180 11234 11193 11206 11219
11235 11291 11249 11263 11277
11292 11338 11303 11314 11325
11339 11375 11348 11357 11366
11376 11425 11388 11400 11412
11426 11672 11487 11548 11609
11673 11733 11688 11703 11718
11734 11766 11742 11750 11758
11767 11815 11779 11791 11803
11816 11975 11855 11894 11933
11976 12127 12013 12050 12087
12128 12158 12135 12142 12149
12159 12194 12167 12175 12183
12195 12295 12220 12245 12270
12296 12513 12350 12404 12458
12514 12566 12527 12540 12553
12567 12611 12578 12589 12600
12612 12689 12631 12650 12669
12690 12776 12711 12732 12753
12777 12822 12788 12799 12810
12823 13057 12881 12939 12997
13058 13329 13125 13192 13259
13330 13379 13342 13354 13366
13380 13458 13399 13418 13437
13459 13492 13467 13475 13483
13493 13637 13529 13565 13601
13638 13693 13651 13664 13677
13694 13736 13704 13714 13724
13737 13804 13753 13769 13785
13805 13845 13815 13825 13835
13846 13968 13876 13906 13936
13969 14006 13978 13987 13996
14007 14056 14019 14031 14043
14057 14141 14078 14099 14120
14142 14231 14164 14186 14208
14232 14312 14252 14272 14292
14313 14400 14334 14355 14376
14401 14443 14411 14421 14431
14444 14489 14455 14466 14477
14490 14513 14495 14500 14505
14514 14534 14519 14524 14529
14535 14576 14545 14555 14565
14577 14625 14589 14601 14613
14626 14647 14631 14636 14641
14648 14665 14652 14656 14660
14666 14749 14686 14706 14726
14750 14846 14774 14798 14822
14847 14897 14859 14871 14883
14898 14948 14910 14922 14934
14949 14987 14958 14967 14976
14988 15010 14990 14992 15006
15011 15031 15016 15021 15026
15032 15073 15042 15052 15062
15074 15134 15089 15104 15119
15135 15185 15147 15159 15171
15186 15258 15204 15222 15240
15259 15296 15268 15277 15286
15297 15622 15378 15459 15540
15623 15694 15640 15657 15674
15695 15823 15727 15759 15791
15824 15920 15848 15872 15896
15921 16017 15945 15969 15993
16018 16059 16028 16038 16048
16060 16120 16075 16090 16105
16121 16170 16133 16145 16157
16171 16245 16189 16207 16225
16246 16304 16260 16274 16288
16305 16333 16312 16319 16326
16334 16659 16415 16496 16577
16660 16758 16684 16708 16732
16759 16819 16774 16789 16804
16820 16929 16847 16874 16901
16930 17010 16950 16970 16990
17011 17046 17019 17027 17035
17047 17177 17079 17111 17143
17178 17256 17197 17216 17235
17257 17327 17274 17291 17308
17328 17388 17343 17358 17373
17389 17467 17408 17427 17446
17468 17593 17499 17530 17561
17594 17643 17606 17618 17630
17644 17762 17673 17702 17731
17763 17843 17783 17803 17823
17844 17948 17870 17896 17922
17949 18096 17985 18021 18057
18097 18157 18112 18127 18142
18158 18800 18318 18478 18638
18801 19026 18857 18913 18969
19027 19755 19209 19391 19573
19756 19904 19793 19830 19867
19905 19935 19912 19919 19926
19936 20023 19957 19978 19999
20024 20088 20040 20056 20072
20089 20149 20104 20119 20134
20150 20198 20162 20174 20186
20199 20313 20227 20255 20283
20314 20526 20367 20420 20473
20527 20609 20547 20567 20587
20610 20633 20615 20620 20625
20634 20714 20654 20674 20694
20715 21040 20796 20877 20958
21041 21089 21053 21065 21077
21090 21177 21111 21132 21153
21178 21228 21190 21202 21214
21229 21251 21234 21239 21244
21252 21290 21261 21270 21279
21291 21387 21315 21339 21363
21388 21410 21393 21398 21403
21411 21433 21416 21421 21426
21434 21452 21438 21442 21446
21453 21476 21458 21463 21468
21477 21579 21502 21527 21552
21580 21628 21592 21604 21616
21629 22091 21744 21859 21974
22092 22227 22125 22158 22191
22228 22309 22248 22268 22288
22310 22375 22326 22342 22358
22376 22401 22382 22388 22394
22402 22462 22417 22432 22447
22463 22639 22507 22551 22595
22640 22714 22658 22676 22694
22715 22758 22725 22735 22745
22759 22897 22793 22827 22861
22898 23003 22924 22950 22976
23004 23048 23015 23026 23037
23049 23171 23079 23109 23139
23172 23230 23186 23200 23214
23231 23400 23273 23315 23357
23401 23456 23414 23427 23440
23457 23511 23470 23483 23496
23512 23601 23534 23556 23578
23602 23640 23611 23620 23629
23641 23794 23679 23717 23755
23795 23849 23808 23821 23834
23850 23903 23863 23876 23889
23904 23965 23919 23934 23949
23966 24052 23987 24008 24029
24053 24140 24074 24095 24116
24141 24207 24157 24173 24189
24208 24253 24219 24230 24241
24254 24391 24288 24322 24356
24392 24435 24402 24412 24422
24436 24517 24456 24476 24496
24518 24574 24532 24546 24560
24575 24598 24580 24585 24590
24599 24649 24611 24623 24635
24650 24715 24666 24682 24698
24716 24745 24723 24730 24737
24746 24828 24766 24786 24806
24829 24850 24834 24839 24844
24851 24891 24861 24871 24881
24892 25067 24935 24978 25021
25068 25178 25095 25122 25149
25179 25242 25194 25209 25224
25243 25284 25253 25263 25273
25285 25307 25290 25295 25300
25308 25341 25316 25324 25332
25342 25366 25348 25354 25360
25367 25419 25380 25393 25406
25420 25441 25425 25430 25435
25442 25463 25447 25452 25457
25464 25515 25476 25488 25500
25516 25533 25520 25524 25528
25534 25601 25550 25566 25582
25602 25821 25656 25710 25764
25822 25928 25848 25874 25900
25929 26376 26040 26151 26262
26377 26580 26427 26477 26527
26581 26692 26608 26635 26662
26693 26776 26713 26733 26753
26777 27047 26844 26911 26978
27048 27120 27066 27084 27102
27121 27197 27140 27159 27178
27198 27335 27232 27266 27300
27336 27511 27379 27422 27465
27512 27613 27537 27562 27587
27614 27709 27637 27660 27683
27710 27812 27735 27760 27785
27813 27900 27834 27855 27876
27901 27963 27916 27931 27946
27964 28002 27973 27982 27991
28003 28032 28010 28017 28024
28033 28062 28040 28047 28054
28063 28183 28093 28123 28153
28184 28258 28202 28220 28238
28259 28326 28275 28291 28307
28327 28417 28349 28371 28393
28418 28637 28472 28526 28580
28638 28688 28650 28662 28674
28689 28725 28698 28707 28716
28726 28783 28740 28754 28768
28784 28880 28808 28832 28856
28881 28939 28895 28909 28923
28940 29013 28958 28976 28994
29014 29207 29062 29110 29158
29208 29277 29225 29242 29259
29278 29340 29293 29308 29323
29341 29429 29363 29385 29407
29430 29655 29486 29542 29598
29656 29709 29669 29682 29695
29710 29793 29730 29750 29770
29794 29901 29820 29846 29872
29902 30063 29926 29950 30045
30064 30143 30083 30102 30121
30144 30495 30231 30318 30405
30496 30551 30509 30522 30535
30552 30741 30599 30646 30693
30742 30782 30752 30762 30772
30783 30830 30794 30805 30816
30831 30916 30852 30873 30894
30917 30944 30923 30929 30935
30945 31050 30971 30997 31023
31051 31152 31076 31101 31126
31153 31186 31161 31169 31177
31187 31289 31212 31237 31262
31290 31324 31298 31306 31314
31325 31363 31334 31343 31352
31364 31494 31396 31428 31460
31495 31655 31535 31575 31615
31656 31712 31670 31684 31698
31713 31736 31718 31723 31728
31737 31756 31741 31745 31749
31757 31784 31763 31769 31775
31785 31811 31791 31797 31803
31812 31836 31818 31824 31830
31837 31861 31843 31849 31855
31862 32066 31913 31964 32015
32067 32181 32095 32123 32151
32182 32307 32213 32244 32275
32308 32453 32344 32380 32416
32454 32633 32498 32542 32586
32634 32885 32696 32758 32820
32886 32930 32897 32908 32919
32931 32998 32947 32963 32979
32999 33045 33010 33021 33032
33046 33063 33050 33054 33058
33064 33090 33070 33076 33082
33091 33145 33104 33117 33130
33146 33180 33154 33162 33170
33181 33205 33187 33193 33199
33206 33224 33210 33214 33218
33225 33264 33234 33243 33252
33265 33286 33270 33275 33280
33287 33322 33295 33303 33311
33323 33443 33353 33383 33413
33444 33489 33455 33466 33477
33490 33584 33513 33536 33559
33585 33634 33597 33609 33621
33635 33772 33669 33703 33737
33773 33896 33803 33833 33863
33897 33926 33904 33911 33918
33927 33959 33935 33943 33951
33960 33998 33969 33978 33987
33999 34038 34008 34017 34026
34039 34349 34116 34193 34270
34350 34396 34361 34372 34383
34397 34422 34403 34409 34415
34423 34445 34428 34433 34438
34446 34481 34454 34462 34470
34482 34501 34486 34490 34494
34502 34558 34516 34530 34544
34559 34592 34567 34575 34583
34593 34628 34601 34609 34617
34629 34690 34644 34659 34674
34691 34716 34697 34703 34709
34717 34756 34726 34735 34744
34757 34790 34765 34773 34781
34791 34814 34796 34801 34806
34815 34832 34819 34823 34827
34833 34862 34840 34847 34854
34863 35017 34901 34939 34977
35018 35047 35025 35032 35039
35048 35071 35053 35058 35063
35072 35105 35080 35088 35096
35106 35130 35112 35118 35124
35131 35164 35139 35147 35155
35165 35199 35173 35181 35189
35200 35226 35206 35212 35218
35227 35243 35231 35235 35239
35244 35270 35250 35256 35262
35271 35376 35297 35323 35349
35377 35397 35382 35387 35392
35398 35482 35419 35440 35461
35483 35509 35489 35495 35501
35510 35529 35514 35518 35522
35530 35582 35543 35556 35569
35583 35617 35591 35599 35607
35618 35637 35622 35626 35630
35638 35654 35642 35646 35650
35655 35673 35659 35663 35667
35674 35692 35678 35682 35686
35693 35722 35700 35707 35714
35723 35810 35744 35765 35786
35811 35837 35817 35823 35829
35838 35894 35852 35866 35880
35895 35942 35906 35917 35928
35943 35985 35953 35963 35973
35986 36009 35991 35996 36001
36010 36055 36021 36032 36043
36056 36088 36064 36072 36080
36089 36151 36104 36119 36134
36152 36181 36159 36166 36173
36182 36243 36197 36212 36227
36244 36413 36286 36328 36370
36414 36541 36445 36476 36507
36542 36585 36552 36562 36572
36586 36618 36594 36602 36610
36619 36694 36637 36655 36673
36695 36783 36717 36739 36761
36784 36857 36802 36820 36838
36858 36902 36869 36880 36891
36903 36941 36912 36921 36930
36942 36978 36951 36960 36969
36979 37019 36989 36999 37009
37020 37072 37033 37046 37059
37073 37133 37088 37103 37118
37134 37340 37185 37236 37287
37341 37421 37361 37381 37401
37422 37819 37521 37620 37719
37820 37845 37826 37832 37838
37846 37884 37855 37864 37873
37885 37913 37892 37899 37906
37914 37934 37919 37924 37929
37935 37964 37942 37949 37956
37965 37991 37971 37977 37983
37992 38010 37996 38000 38004
38011 38114 38036 38061 38086
38115 38143 38122 38129 38136
38144 38187 38154 38164 38174
38188 38245 38202 38216 38230
38246 38332 38267 38288 38309
38333 38381 38345 38357 38369
38382 38414 38390 38398 38406
38415 38439 38421 38427 38433
38440 38466 38446 38452 38458
38467 38499 38475 38483 38491
38500 38551 38512 38524 38536
38552 38609 38566 38580 38594
38610 38673 38625 38640 38655
38674 38800 38705 38736 38767
38801 38872 38818 38835 38852
38873 38923 38885 38897 38909
38924 39008 38945 38966 38987
39009 39025 39013 39017 39021
39026 39047 39031 39036 39041
39048 39095 39059 39070 39081
39096 39133 39105 39114 39123
39134 39214 39154 39174 39194
39215 39274 39229 39243 39257
39275 39323 39287 39299 39311
39324 39355 39331 39338 39345
39356 39381 39362 39368 39374
39382 39402 39387 39392 39397
39403 39426 39408 39413 39418
39427 39450 39432 39437 39442
39451 39494 39461 39471 39481
39495 39566 39512 39529 39546
39567 39608 39577 39587 39597
39609 39704 39632 39655 39678
39705 39856 39742 39779 39816
39857 39876 39861 39865 39869
39877 39914 39886 39895 39904
39915 39947 39923 39931 39939
39948 39975 39954 39960 39966
39976 40002 39982 39988 39994
40003 40023 40008 40013 40018
40024 40047 40029 40034 40039
40048 40076 40055 40062 40069
40077 40113 40086 40095 40104
40114 40144 40121 40128 40135
40145 40394 40207 40269 40331
40395 40793 40494 40593 40692
40794 40877 40814 40834 40854
40878 40954 40897 40916 40935
40955 41094 40989 41023 41057
41095 41176 41115 41135 41155
41177 41584 41278 41379 41480
41585 41730 41621 41657 41693
41731 41872 41766 41801 41836
41873 41964 41895 41917 41939
41965 42144 42009 42053 42097
42145 42228 42165 42185 42205
42229 42318 42251 42273 42295
42319 42371 42332 42345 42358
42372 42470 42396 42420 42444
42471 42805 42554 42637 42720
42806 43194 42903 43000 43097
43195 43265 43212 43229 43246
43266 43456 43313 43360 43407
43457 43483 43463 43469 43475
43484 43564 43504 43524 43544
43565 43631 43581 43597 43613
43632 43712 43652 43672 43692
43713 43771 43727 43741 43755
43772 43837 43788 43804 43820
43838 44109 43905 43972 44039
44110 44285 44153 44196 44239
44286 44605 44365 44444 44523
44606 44791 44652 44698 44744
44792 44847 44805 44818 44831
44848 45096 44885 44922 45072
45097 45162 45113 45129 45145
45163 45254 45185 45207 45229
45255 45309 45268 45281 45294
45310 45356 45321 45332 45343
45357 45417 45372 45387 45402
45418 45546 45450 45482 45514
45547 45607 45562 45577 45592
45608 45926 45687 45766 45845
45927 46003 45946 45965 45984
46004 46151 46040 46076 46112
46152 46192 46162 46172 46182
46193 46232 46202 46211 46220
46233 46269 46242 46251 46260
46270 46380 46297 46324 46351
46381 46414 46389 46397 46405
46415 46498 46435 46455 46475
46499 46534 46507 46515 46523
46535 46607 46553 46571 46589
46608 46731 46638 46668 46698
46732 46810 46751 46770 46789
46811 47036 46867 46923 46979
47037 47326 47109 47181 47253
47327 47606 47396 47465 47534
47607 47682 47625 47643 47661
47683 47770 47704 47725 47746
47771 47851 47791 47811 47831
47852 47887 47860 47868 47876
47888 47924 47897 47906 47915
47925 47956 47932 47939 47946
47957 47973 47961 47965 47969
47974 47995 47979 47984 47989
47996 48045 48008 48020 48032
48046 48067 48051 48056 48061
48068 48143 48086 48104 48122
48144 48171 48150 48156 48162
48172 48504 48255 48338 48421
48505 48598 48528 48551 48574
48599 48668 48616 48633 48650
48669 48770 48694 48719 48744
48771 48817 48782 48793 48804
48818 48885 48834 48850 48866
48886 48943 48900 48914 48928
48944 49032 48966 48988 49010
49033 49218 49079 49125 49171
49219 49375 49258 49297 49336
49376 49444 49393 49410 49427
49445 49496 49457 49469 49481
49497 49550 49510 49523 49536
49551 49688 49585 49619 49653
49689 49752 49704 49719 49734
49753 49943 49800 49847 49894
49944 50060 49973 50002 50031
50061 50140 50080 50099 50118
50141 50213 50159 50177 50195
50214 50314 50239 50264 50289
50315 50374 50329 50343 50357
50375 50481 50401 50427 50453
50482 50543 50497 50512 50527
50544 50763 50598 50652 50706
50764 50881 50793 50822 50851
50882 51118 50941 51000 51059
51119 51221 51144 51169 51194
51222 51282 51237 51252 51267
51283 51425 51318 51353 51388
51426 51578 51464 51502 51540
51579 51646 51595 51611 51627
51647 51701 51660 51673 51686
51702 51787 51723 51744 51765
51788 51895 51814 51840 51866
51896 51979 51916 51936 51956
51980 52096 52009 52038 52067
52097 52178 52117 52137 52157
52179 52242 52194 52209 52224
52243 52366 52273 52303 52333
52367 52577 52419 52471 52523
52578 52645 52594 52610 52626
52646 52696 52658 52670 52682
52697 52780 52717 52737 52757
52781 52899 52810 52839 52868
52900 52924 52906 52912 52918
52925 52961 52934 52943 52952
52962 53006 52973 52984 52995
53007 53027 53012 53017 53022
53028 53047 53032 53036 53040
53048 53070 53053 53058 53063
53071 53102 53078 53085 53092
53103 53133 53110 53117 53124
53134 53163 53141 53148 53155
53164 53212 53176 53188 53200
53213 53257 53224 53235 53246
53258 53313 53271 53284 53297
53314 53348 53322 53330 53338
53349 53385 53358 53367 53376
53386 53429 53396 53406 53416
53430 53465 53438 53446 53454
53466 53530 53482 53498 53514
53531 53578 53542 53553 53564
53579 53602 53584 53589 53594
53603 53680 53622 53641 53660
53681 53741 53696 53711 53726
53742 53830 53764 53786 53808
53831 53872 53841 53851 53861
53873 53948 53891 53909 53927
53949 54003 53962 53975 53988
54004 54062 54018 54032 54046
54063 54170 54089 54115 54141
54171 54235 54187 54203 54219
54236 54285 54248 54260 54272
54286 54799 54414 54542 54670
54800 54840 54810 54820 54830
54841 54997 54880 54919 54958
54998 55020 55003 55008 55013
55021 55037 55025 55029 55033
55038 55084 55049 55060 55071
55085 55224 55119 55153 55187
55225 55273 55237 55249 55261
55274 55339 55290 55306 55322
55340 55393 55353 55366 55379
55394 55429 55402 55410 55418
55430 55622 55478 55526 55574
55623 55859 55682 55741 55800
55860 56035 55903 55946 55989
56036 56100 56052 56068 56084
56101 56223 56131 56161 56191
56224 56283 56238 56252 56266
56284 56301 56288 56292 56296
56302 56339 56311 56320 56329
56340 56370 56347 56354 56361
56371 56396 56377 56383 56389
56397 56435 56406 56415 56424
56436 56470 56444 56452 56460
56471 56490 56475 56479 56483
56491 56522 56498 56505 56512
56523 56554 56530 56537 56544
56555 56580 56561 56567 56573
56581 56598 56585 56589 56593
56599 56636 56608 56617 56626
56637 56733 56661 56685 56709
56734 56794 56749 56764 56779
56795 56886 56817 56839 56861
56887 56931 56898 56909 56920
56932 56996 56948 56964 56980
56997 57042 57008 57019 57030
57043 57070 57049 57055 57061
57071 57103 57079 57087 57095
57104 57150 57115 57126 57137
57151 57186 57159 57167 57175
57187 57224 57196 57205 57214
57225 57247 57230 57235 57240
57248 57318 57265 57282 57299
57319 57367 57331 57343 57355
57368 57418 57380 57392 57404
57419 57482 57434 57449 57464
57483 57534 57495 57507 57519
57535 57592 57549 57563 57577
57593 57613 57598 57603 57608
57614 57661 57625 57636 57647
57662 57697 57670 57678 57686
57698 57732 57706 57714 57722
57733 57862 57765 57797 57829
57863 57885 57868 57873 57878
57886 57984 57910 57934 57958
57985 58032 57996 58007 58018
58033 58073 58043 58053 58063
58074 58107 58082 58090 58098
58108 58129 58113 58118 58123
58130 58147 58134 58138 58142
58148 58175 58154 58160 58166
58176 58205 58183 58190 58197
58206 58256 58218 58230 58242
58257 58297 58267 58277 58287
58298 58344 58309 58320 58331
58345 58381 58354 58363 58372
58382 58421 58391 58400 58409
58422 58456 58430 58438 58446
58457 58480 58462 58467 58472
58481 58506 58487 58493 58499
58507 58527 58512 58517 58522
58528 58562 58536 58544 58552
58563 58616 58576 58589 58602
58617 58643 58623 58629 58635
58644 58731 58665 58686 58707
58732 58757 58738 58744 58750
58758 58782 58764 58770 58776
58783 58864 58803 58823 58843
58865 58887 58870 58875 58880
58888 58911 58893 58898 58903
58912 58947 58920 58928 58936
58948 58965 58952 58956 58960
58966 58983 58970 58974 58978
58984 59011 58990 58996 59002
59012 59055 59022 59032 59042
59056 59141 59077 59098 59119
59142 59160 59146 59150 59154
59161 59179 59165 59169 59173
59180 59199 59184 59188 59192
59200 59246 59211 59222 59233
59247 59273 59253 59259 59265
59274 59298 59280 59286 59292
59299 59316 59303 59307 59311
59317 59352 59325 59333 59341
59353 59385 59361 59369 59377
59386 59411 59392 59398 59404
59412 59473 59427 59442 59457
59474 59522 59486 59498 59510
59523 59557 59531 59539 59547
59558 59949 59655 59752 59849
59950 59976 59956 59962 59968
59977 60012 59982 59987 60009
60013 60057 60024 60035 60046
60058 60600 60193 60328 60463
60601 60685 60622 60643 60664
60686 60775 60708 60730 60752
60776 60869 60799 60822 60845
60870 60924 60883 60896 60909
60925 60959 60933 60941 60949
60960 61072 60988 61016 61044
61073 61097 61079 61085 61091
61098 61116 61102 61106 61110
61117 61156 61126 61135 61144
61157 61237 61177 61197 61217
61238 61288 61250 61262 61274
61289 61340 61301 61313 61325
61341 61357 61345 61349 61353
61358 61375 61362 61366 61370
61376 61492 61405 61434 61463
61493 61580 61514 61535 61556
61581 61696 61609 61637 61665
61697 61759 61712 61727 61742
61760 61904 61796 61832 61868
61905 62190 61976 62047 62118
62191 62233 62201 62211 62221
62234 62342 62261 62288 62315
62343 62427 62364 62385 62406
62428 62472 62439 62450 62461
62473 62507 62481 62489 62497
62508 62607 62532 62556 62580
62608 62663 62621 62634 62647
62664 62801 62698 62732 62766
62802 62903 62827 62852 62877
62904 63218 62982 63060 63138
63219 63304 63240 63261 63282
63305 63387 63325 63345 63365
63388 63552 63429 63470 63511
63553 63651 63577 63601 63625
63652 63735 63672 63692 63712
63736 63787 63748 63760 63772
63788 64182 63886 63984 64082
64183 64213 64190 64197 64204
64214 64255 64224 64234 64244
64256 64427 64298 64340 64382
64428 64627 64477 64526 64575
64628 64658 64635 64642 64649
64659 64723 64675 64691 64707
64724 64756 64732 64740 64748
64757 65138 64852 64947 65042
65139 65256 65168 65197 65226
65257 65287 65264 65271 65278
65288 65347 65302 65316 65330
65348 65375 65354 65360 65366
65376 65462 65397 65418 65439
65463 65846 65558 65653 65748
65847 65880 65855 65863 65871
65881 65900 65885 65889 65893
65901 65994 65924 65947 65970
65995 66040 66006 66017 66028
66041 66065 66047 66053 66059
66066 66085 66070 66074 66078
66086 66190 66112 66138 66164
66191 66250 66205 66219 66233
66251 66319 66268 66285 66302
66320 66404 66341 66362 66383
66405 66440 66413 66421 66429
66441 66457 66445 66449 66453
66458 66496 66467 66476 66485
66497 66533 66506 66515 66524
66534 66581 66545 66556 66567
66582 66804 66637 66692 66747
66805 66919 66833 66861 66889
66920 66952 66928 66936 66944
66953 66983 66960 66967 66974
66984 67027 66994 67004 67014
67028 67065 67037 67046 67055
67066 67083 67070 67074 67078
67084 67100 67088 67092 67096
67101 67120 67105 67109 67113
67121 67160 67130 67139 67148
67161 67184 67166 67171 67176
67185 67204 67189 67193 67197
67205 67257 67218 67231 67244
67258 67279 67263 67268 67273
67280 67346 67296 67312 67328
67347 67364 67351 67355 67359
67365 67402 67374 67383 67392
67403 67511 67430 67457 67484
67512 67540 67519 67526 67533
67541 67574 67549 67557 67565
67575 67626 67587 67599 67611
67627 67645 67631 67635 67639
67646 67669 67651 67656 67661
67670 67695 67676 67682 67688
67696 67716 67701 67706 67711
67717 67735 67721 67725 67729
67736 67752 67740 67744 67748
67753 67771 67757 67761 67765
67772 67848 67791 67810 67829
67849 67967 67878 67907 67936
67968 68200 68026 68084 68142
68201 68270 68218 68235 68252
68271 68371 68296 68321 68346
68372 68418 68383 68394 68405
68419 68466 68430 68441 68452
68467 68596 68499 68531 68563
68597 68676 68616 68635 68654
68677 68695 68681 68685 68689
68696 68729 68704 68712 68720
68730 68766 68739 68748 68757
68767 68804 68776 68785 68794
68805 68830 68811 68817 68823
68831 68892 68846 68861 68876
68893 68964 68910 68927 68944
68965 69006 68975 68985 68995
69007 69027 69012 69017 69022
69028 69093 69044 69060 69076
69094 69122 69101 69108 69115
69123 69310 69169 69215 69261
69311 69388 69330 69349 69368
69389 69458 69406 69423 69440
69459 69477 69463 69467 69471
69478 69512 69486 69494 69502
69513 69560 69524 69535 69546
69561 69707 69597 69633 69669
69708 69748 69718 69728 69738
69749 69793 69760 69771 69782
69794 69812 69798 69802 69806
69813 69842 69820 69827 69834
69843 69871 69850 69857 69864
69872 69893 69877 69882 69887
69894 69935 69904 69914 69924
69936 69952 69940 69944 69948
69953 69973 69958 69963 69968
69974 70008 69982 69990 69998
70009 70103 70032 70055 70078
70104 70184 70124 70144 70164
70185 70269 70206 70227 70248
70270 70334 70286 70302 70318
70335 70384 70347 70359 70371
70385 70426 70395 70405 70415
70427 72239 70880 71333 71786
72240 72296 72254 72268 72282
72297 72381 72318 72339 72360
72382 72478 72406 72430 72454
72479 72560 72499 72519 72539
72561 72627 72577 72593 72609
72628 72691 72643 72658 72673
72692 72728 72701 72710 72719
72729 72884 72767 72805 72843
72885 72921 72894 72903 72912
72922 72940 72926 72930 72934
72941 72969 72948 72955 72962
72970 72990 72975 72980 72985
72991 73010 72995 72999 73003
73011 73057 73022 73033 73044
73058 73126 73075 73092 73109
73127 73395 73194 73261 73328
73396 73457 73411 73426 73441
73458 73499 73468 73478 73488
73500 73692 73548 73596 73644
73693 73739 73704 73715 73726
73740 73802 73755 73770 73785
73803 73871 73820 73837 73854
73872 74063 73919 73966 74013
74064 74232 74106 74148 74190
74233 74312 74252 74271 74290
74313 74451 74347 74381 74415
74452 74520 74469 74486 74503
74521 74585 74537 74553 74569
74586 74646 74601 74616 74631
74647 75035 74735 74823 75024
75036 75155 75065 75094 75123
75156 75458 75231 75306 75381
75459 77668 76011 76563 77115
77669 77818 77706 77743 77780
77819 77920 77844 77869 77894
77921 78043 77951 77981 78011
78044 78212 78086 78128 78170
78213 78472 78277 78341 78405
78473 78534 78488 78503 78518
78535 78604 78552 78569 78586
78605 78665 78620 78635 78650
78666 78727 78681 78696 78711
78728 78775 78739 78750 78761
78776 78922 78812 78848 78884
78923 79020 78947 78971 78995
79021 79097 79040 79059 79078
79098 79192 79121 79144 79167
79193 79239 79204 79215 79226
79240 79343 79265 79290 79315
79344 79517 79387 79430 79473
79518 79587 79535 79552 79569
79588 79639 79600 79612 79624
79640 79714 79658 79676 79694
79715 79757 79725 79735 79745
79758 79786 79765 79772 79779
79787 79823 79796 79805 79814
79824 79876 79837 79850 79863
79877 79956 79896 79915 79934
79957 80010 79970 79983 79996
80011 80305 80084 80157 80230
80306 80344 80315 80324 80333
80345 80375 80352 80359 80366
80376 80536 80416 80456 80496
80537 80632 80560 80583 80606
80633 80684 80645 80657 80669
80685 80709 80691 80697 80703
80710 80801 80732 80754 80776
80802 80824 80807 80812 80817
80825 80881 80839 80853 80867
80882 81007 80913 80944 80975
81008 81104 81032 81056 81080
81105 81128 81110 81115 81120
81129 81199 81146 81163 81180
81200 81242 81210 81220 81230
81243 81298 81256 81269 81282
81299 81402 81324 81349 81374
81403 81514 81430 81457 81484
81515 81548 81523 81531 81539
81549 81640 81571 81593 81615
81641 81787 81677 81713 81749
81788 81849 81803 81818 81833
81850 82030 81895 81940 81985
82031 82077 82042 82053 82064
82078 82220 82113 82148 82183
82221 82383 82261 82301 82341
82384 82502 82413 82442 82471
82503 82710 82554 82605 82656
82711 82763 82724 82737 82750
82764 82868 82790 82816 82842
82869 82901 82877 82885 82893
82902 82929 82908 82914 82920
82930 82956 82936 82942 82948
82957 83059 82982 83007 83032
83060 83132 83078 83096 83114
83133 83193 83148 83163 83178
83194 83260 83210 83226 83242
83261 83357 83285 83309 83333
83358 83437 83377 83396 83415
83438 83477 83447 83456 83465
83478 83578 83503 83528 83553
83579 83734 83617 83655 83693
83735 83796 83750 83765 83780
83797 83871 83815 83833 83851
83872 83955 83892 83912 83932
83956 83999 83966 83976 83986
84000 84110 84027 84054 84081
84111 84262 84148 84185 84222
84263 84373 84290 84317 84344
84374 84456 84394 84414 84434
84457 84522 84473 84489 84505
84523 84599 84542 84561 84580
84600 84640 84610 84620 84630
84641 84693 84654 84667 84680
84694 84790 84718 84742 84766
84791 84809 84795 84799 84803
84810 84857 84821 84832 84843
84858 84951 84881 84904 84927
84952 85097 84988 85024 85060
85098 85262 85139 85180 85221
85263 85458 85311 85359 85407
85459 85648 85506 85553 85600
85649 85722 85667 85685 85703
85723 85759 85732 85741 85750
85760 85863 85785 85810 85835
85864 85921 85878 85892 85906
85922 85973 85934 85946 85958
85974 86043 85991 86008 86025
86044 86215 86086 86128 86170
86216 86236 86221 86226 86231
86237 86268 86244 86251 86258
86269 86337 86286 86303 86320
86338 86417 86357 86376 86395
86418 86527 86445 86472 86499
86528 86590 86543 86558 86573
86591 86737 86627 86663 86699
86738 86871 86771 86804 86837
86872 86997 86903 86934 86965
86998 87090 87021 87044 87067
87091 87158 87107 87123 87139
87159 87202 87169 87179 87189
87203 87230 87209 87215 87221
87231 87270 87240 87249 87258
87271 87329 87285 87299 87313
87330 87396 87346 87362 87378
87397 87433 87406 87415 87424
87434 87486 87447 87460 87473
87487 87573 87508 87529 87550
87574 87723 87611 87648 87685
87724 87740 87728 87732 87736
87741 87799 87755 87769 87783
87800 87968 87842 87884 87926
87969 87988 87973 87977 87981
87989 88033 88000 88011 88022
88034 88054 88039 88044 88049
88055 88072 88059 88063 88067
88073 88110 88082 88091 88100
88111 88146 88119 88127 88135
88147 88175 88154 88161 88168
88176 88208 88184 88192 88200
88209 88239 88216 88223 88230
88240 88264 88246 88252 88258
88265 88290 88271 88277 88283
88291 88370 88310 88329 88348
88371 88411 88381 88391 88401
88412 88446 88420 88428 88436
88447 88485 88456 88465 88474
88486 88527 88496 88506 88516
88528 88580 88541 88554 88567
88581 88638 88595 88609 88623
88639 88681 88649 88659 88669
88682 88738 88696 88710 88724
88739 88836 88763 88787 88811
88837 88897 88852 88867 88882
88898 88936 88907 88916 88925
88937 89060 88967 88997 89027
89061 89099 89070 89079 89088
89100 89151 89112 89124 89136
89152 89188 89161 89170 89179
89189 89242 89202 89215 89228
89243 89283 89253 89263 89273
89284 89354 89301 89318 89335
89355 89398 89365 89375 89385
89399 89465 89415 89431 89447
89466 89689 89521 89576 89631
89690 89849 89729 89768 89807
89850 89905 89863 89876 89889
89906 89990 89927 89948 89969
89991 90030 89993 89995 90021
90031 90081 90043 90055 90067
90082 90182 90107 90132 90157
90183 90238 90196 90209 90222
90239 90253 90242 90245 90248
90254 90267 90257 90260 90263
90268 90291 90273 90278 90283
90292 90903 90444 90596 90748
90904 90959 90917 90930 90943
90960 91009 90972 90984 90996
91010 91083 91028 91046 91064
91084 91137 91097 91110 91123
91138 91209 91155 91172 91189
91210 91304 91233 91256 91279
91305 91343 91314 91323 91332
91344 91404 91359 91374 91389
91405 91490 91426 91447 91468
91491 91543 91504 91517 91530
91544 91602 91558 91572 91586
91603 91673 91620 91637 91654
91674 91756 91694 91714 91734
91757 91820 91772 91787 91802
91821 91905 91842 91863 91884
91906 92065 91945 91984 92023
92066 92145 92085 92104 92123
92146 92177 92153 92160 92167
92178 92236 92192 92206 92220
92237 92323 92258 92279 92300
92324 92565 92384 92444 92504
92566 92763 92615 92664 92713
92764 92803 92773 92782 92791
92804 92914 92831 92858 92885
92915 93016 92940 92965 92990
93017 93064 93028 93039 93050
93065 93118 93078 93091 93104
93119 93194 93137 93155 93173
93195 93296 93220 93245 93270
93297 93360 93312 93327 93342
93361 93392 93368 93375 93382
93393 93438 93404 93415 93426
93439 93532 93462 93485 93508
93533 93603 93550 93567 93584
93604 93692 93626 93648 93670
93693 93739 93704 93715 93726
93740 93804 93756 93772 93788
93805 93917 93833 93861 93889
93918 94018 93943 93968 93993
94019 94113 94042 94065 94088
94114 94192 94133 94152 94171
94193 94259 94209 94225 94241
94260 94373 94288 94316 94344
94374 94595 94429 94484 94539
94596 94669 94614 94632 94650
94670 94726 94684 94698 94712
94727 94819 94750 94773 94796
94820 94873 94833 94846 94859
94874 95068 94922 94970 95018
95069 95167 95093 95117 95141
95168 95231 95183 95198 95213
95232 95313 95252 95272 95292
95314 95343 95321 95328 95335
95344 95421 95363 95382 95401
95422 95470 95434 95446 95458
95471 95503 95479 95487 95495
95504 95570 95520 95536 95552
95571 95610 95580 95589 95598
95611 95648 95620 95629 95638
95649 95678 95656 95663 95670
95679 95770 95701 95723 95745
95771 95821 95783 95795 95807
95822 95913 95844 95866 95888
95914 95990 95933 95952 95971
95991 96025 95999 96007 96015
96026 96065 96035 96044 96053
96066 96084 96070 96074 96078
96085 96111 96091 96097 96103
96112 96137 96118 96124 96130
96138 96165 96144 96150 96156
96166 96205 96175 96184 96193
96206 96232 96212 96218 96224
96233 96252 96237 96241 96245
96253 96284 96260 96267 96274
96285 96302 96289 96293 96297
96303 96326 96308 96313 96318
96327 96348 96332 96337 96342
96349 96381 96357 96365 96373
96382 96402 96387 96392 96397
96403 96421 96407 96411 96415
96422 96450 96429 96436 96443
96451 96483 96459 96467 96475
96484 96503 96488 96492 96496
96504 96529 96510 96516 96522
96530 96550 96535 96540 96545
96551 96572 96556 96561 96566
96573 96589 96577 96581 96585
96590 96606 96594 96598 96602
96607 96627 96612 96617 96622
96628 96650 96633 96638 96643
96651 96695 96662 96673 96684
96696 96749 96709 96722 96735
96750 96782 96758 96766 96774
96783 96800 96787 96791 96795
96801 96907 96827 96853 96879
96908 96926 96912 96916 96920
96927 97026 96951 96975 96999
97027 97043 97031 97035 97039
97044 97067 97049 97054 97059
97068 97093 97074 97080 97086
97094 97134 97104 97114 97124
97135 97165 97142 97149 97156
97166 97213 97177 97188 97199
97214 97242 97221 97228 97235
97243 97260 97247 97251 97255
97261 97277 97265 97269 97273
97278 97316 97287 97296 97305
97317 97349 97325 97333 97341
97350 97369 97354 97358 97362
97370 97423 97383 97396 97409
97424 97490 97440 97456 97472
97491 97510 97495 97499 97503
97511 97535 97517 97523 97529
97536 97558 97541 97546 97551
97559 97575 97563 97567 97571
97576 97604 97583 97590 97597
97605 97621 97609 97613 97617
97622 97640 97626 97630 97634
97641 97665 97647 97653 97659
97666 97690 97672 97678 97684
97691 97726 97699 97707 97715
97727 97793 97743 97759 97775
97794 97830 97803 97812 97821
97831 97850 97835 97839 97843
97851 97881 97858 97865 97872
97882 97904 97887 97892 97897
97905 97939 97913 97921 97929
97940 97959 97944 97948 97952
97960 98021 97975 97990 98005
98022 98071 98034 98046 98058
98072 98096 98078 98084 98090
98097 98138 98107 98117 98127
98139 98181 98149 98159 98169
98182 98202 98187 98192 98197
98203 98231 98210 98217 98224
98232 98258 98238 98244 98250
98259 98277 98263 98267 98271
98278 98335 98292 98306 98320
98336 98384 98348 98360 98372
98385 98405 98390 98395 98400
98406 98425 98410 98414 98418
98426 98462 98435 98444 98453
98463 98482 98467 98471 98475
98483 98507 98489 98495 98501
98508 98551 98518 98528 98538
98552 98574 98557 98562 98567
98575 98599 98581 98587 98593
98600 98804 98651 98702 98753
98805 98822 98809 98813 98817
98823 98850 98829 98835 98841
98851 98868 98855 98859 98863
98869 98896 98875 98881 98887
98897 98913 98901 98905 98909
98914 98939 98920 98926 98932
98940 99052 98968 98996 99024
99053 99075 99058 99063 99068
99076 99119 99086 99096 99106
99120 99139 99124 99128 99132
99140 99157 99144 99148 99152
99158 99172 99161 99164 99167
99173 99198 99179 99185 99191
99199 99217 99203 99207 99211
99218 99245 99224 99230 99236
99246 99269 99251 99256 99261
99270 99292 99275 99280 99285
99293 99374 99313 99333 99353
99375 99426 99387 99399 99411
99427 99444 99431 99435 99439
99445 99478 99453 99461 99469
99479 99521 99489 99499 99509
99522 99539 99526 99530 99534
99540 99576 99549 99558 99567
99577 99599 99582 99587 99592
99600 99637 99609 99618 99627
99638 99669 99645 99652 99659
99670 99721 99682 99694 99706
99722 99743 99727 99732 99737
99744 99762 99748 99752 99756
99763 99782 99767 99771 99775
99783 99808 99789 99795 99801
99809 99835 99815 99821 99827
99836 99852 99840 99844 99848
99853 99871 99857 99861 99865
99872 99924 99885 99898 99911
99925 99949 99931 99937 99943
99950 99971 99955 99960 99965
99972 99990 99976 99980 99984
99991 100010 99995 99999 100003
100011 100036 100017 100023 100029
100037 100146 100064 100091 100118
100147 100229 100167 100187 100207
100230 100272 100240 100250 100260
100273 100311 100282 100291 100300
100312 100358 100323 100334 100345
100359 100378 100363 100367 100371
100379 100420 100389 100399 100409
100421 100445 100427 100433 100439
100446 100501 100459 100472 100485
100502 100580 100521 100540 100559
100581 100639 100595 100609 100623
100640 100856 100694 100748 100802
100857 100968 100884 100911 100938
100969 101198 101026 101083 101140
101199 101384 101245 101291 101337
101385 101448 101400 101415 101430
101449 101474 101455 101461 101467
101475 101515 101485 101495 101505
101516 101558 101526 101536 101546
101559 101582 101564 101569 101574
101583 101699 101612 101641 101670
101700 101840 101735 101770 101805
101841 101891 101853 101865 101877
101892 102098 101943 101994 102045
102099 102218 102128 102157 102186
102219 102550 102301 102383 102465
102551 102636 102572 102593 102614
102637 102826 102684 102731 102778
102827 102929 102852 102877 102902
102930 102967 102939 102948 102957
102968 103134 103009 103050 103091
103135 103355 103190 103245 103300
103356 103511 103394 103432 103470
103512 103590 103531 103550 103569
103591 103704 103619 103647 103675
103705 103987 103775 103845 103915
103988 104127 104022 104056 104090
104128 104176 104140 104152 104164
104177 104271 104200 104223 104246
104272 104466 104320 104368 104416
104467 104640 104510 104553 104596
104641 104813 104684 104727 104770
104814 104857 104824 104834 104844
104858 104888 104865 104872 104879
104889 104913 104895 104901 104907
104914 104940 104920 104926 104932
104941 104970 104948 104955 104962
104971 104991 104976 104981 104986
104992 105098 104993 104994 105072
105099 105814 105277 105455 105633
105815 105837 105820 105825 105830
105838 105875 105847 105856 105865
105876 105947 105893 105910 105927
105948 105981 105956 105964 105972
105982 106014 105990 105998 106006
106015 106123 106042 106069 106096
106124 106210 106145 106166 106187
106211 106715 106337 106463 106589
106716 106816 106741 106766 106791
106817 106905 106839 106861 106883
106906 107007 106931 106956 106981
107008 107091 107028 107048 107068
107092 107168 107111 107130 107149
107169 107194 107175 107181 107187
107195 107329 107228 107261 107294
107330 107361 107337 107344 107351
107362 107390 107369 107376 107383
107391 107462 107408 107425 107442
107463 107486 107468 107473 107478
107487 107524 107496 107505 107514
107525 107596 107542 107559 107576
107597 107639 107607 107617 107627
107640 107692 107653 107666 107679
107693 107724 107700 107707 107714
107725 107749 107731 107737 107743
107750 107795 107761 107772 107783
107796 107835 107805 107814 107823
107836 107941 107862 107888 107914
107942 107963 107947 107952 107957
107964 107981 107968 107972 107976
107982 108033 107994 108006 108018
108034 108069 108042 108050 108058
108070 108124 108083 108096 108109
108125 108148 108130 108135 108140
108149 108207 108163 108177 108191
108208 108256 108220 108232 108244
108257 108357 108282 108307 108332
108358 108399 108368 108378 108388
108400 108458 108414 108428 108442
108459 108491 108467 108475 108483
108492 108540 108504 108516 108528
108541 108645 108567 108593 108619
108646 108674 108653 108660 108667
108675 108764 108697 108719 108741
108765 108785 108770 108775 108780
108786 108831 108797 108808 108819
108832 108920 108854 108876 108898
108921 109007 108942 108963 108984
109008 109566 109147 109286 109425
109567 109663 109591 109615 109639
109664 109736 109682 109700 109718
109737 109811 109755 109773 109791
109812 109938 109843 109874 109905
109939 110256 110018 110097 110176
110257 110294 110266 110275 110284
110295 110401 110321 110347 110373
110402 110631 110459 110516 110573
110632 110710 110651 110670 110689
110711 110790 110730 110749 110768
110791 110973 110836 110881 110926
110974 111295 111054 111134 111214
111296 111417 111326 111356 111386
111418 111640 111473 111528 111583
111641 111715 111659 111677 111695
111716 111810 111739 111762 111785
111811 112012 111861 111911 111961
112013 112192 112057 112101 112145
112193 112318 112224 112255 112286
112319 112402 112339 112359 112379
112403 112445 112413 112423 112433
112446 112501 112459 112472 112485
112502 112552 112514 112526 112538
112553 112630 112572 112591 112610
112631 112794 112671 112711 112751
112795 112865 112812 112829 112846
112866 112974 112893 112920 112947
112975 113033 112989 113003 113017
113034 113146 113062 113090 113118
113147 113241 113170 113193 113216
113242 113392 113279 113316 113353
113393 113551 113432 113471 113510
113552 113644 113575 113598 113621
113645 113748 113670 113695 113720
113749 113818 113766 113783 113800
113819 113938 113848 113877 113906
113939 114110 113981 114023 114065
114111 114257 114147 114183 114219
114258 114331 114276 114294 114312
114332 114384 114345 114358 114371
114385 114408 114390 114395 114400
114409 114469 114424 114439 114454
114470 114497 114476 114482 114488
114498 114671 114541 114584 114627
114672 114989 114751 114830 114909
114990 115033 115000 115010 115020
115034 115053 115038 115042 115046
115054 115075 115059 115064 115069
115076 115093 115080 115084 115088
115094 115113 115098 115102 115106
115114 115131 115118 115122 115126
115132 115149 115136 115140 115144
115150 115180 115157 115164 115171
115181 115208 115187 115193 115199
115209 115239 115216 115223 115230
115240 115289 115252 115264 115276
115290 115333 115300 115310 115320
115334 115401 115350 115366 115382
115402 115432 115409 115416 115423
115433 115453 115438 115443 115448
115454 115502 115466 115478 115490
115503 115526 115508 115513 115518
115527 115544 115531 115535 115539
115545 115567 115550 115555 115560
115568 115584 115572 115576 115580
115585 115609 115591 115597 115603
115610 115635 115616 115622 115628
115636 115686 115648 115660 115672
115687 115706 115691 115695 115699
115707 115743 115716 115725 115734
115744 116060 115823 115902 115981
116061 116157 116085 116109 116133
116158 116209 116170 116182 116194
116210 116260 116222 116234 116246
116261 116508 116322 116383 116444
116509 116623 116537 116565 116593
116624 116678 116637 116650 116663
116679 116774 116702 116725 116748
116775 116931 116814 116853 116892
116932 116990 116946 116960 116974
116991 117202 117043 117095 117147
117203 117693 117325 117447 117569
117694 117795 117719 117744 117769
117796 117841 117807 117818 117829
117842 117887 117853 117864 117875
117888 118116 117945 118002 118059
118117 118264 118153 118189 118225
118265 118304 118274 118283 118292
118305 118355 118317 118329 118341
118356 118395 118365 118374 118383
118396 118476 118416 118436 118456
118477 118505 118484 118491 118498
118506 118534 118513 118520 118527
118535 118553 118539 118543 118547
118554 118590 118563 118572 118581
118591 118681 118613 118635 118657
118682 118743 118697 118712 118727
118744 118793 118756 118768 118780
118794 118860 118810 118826 118842
118861 118902 118871 118881 118891
118903 118965 118918 118933 118948
118966 119021 118979 118992 119005
119022 119054 119030 119038 119046
119055 119095 119065 119075 119085
119096 119155 119110 119124 119138
119156 119331 119199 119242 119285
119332 119353 119337 119342 119347
119354 119370 119358 119362 119366
119371 119388 119375 119379 119383
119389 119408 119393 119397 119401
119409 119430 119414 119419 119424
119431 119457 119437 119443 119449
119458 119507 119470 119482 119494
119508 119537 119515 119522 119529
119538 119593 119551 119564 119577
119594 119629 119602 119610 119618
119630 119691 119645 119660 119675
119692 119765 119710 119728 119746
119766 119791 119772 119778 119784
119792 119872 119812 119832 119852
119873 119895 119878 119883 119888
119896 119942 119907 119918 119929
119943 119980 119952 119961 119970
119981 120004 119985 119989 120003
120005 120032 120011 120017 120023
120033 120118 120054 120075 120096
120119 120159 120129 120139 120149
120160 120196 120169 120178 120187
120197 120223 120203 120209 120215
120224 120242 120228 120232 120236
120243 120264 120248 120253 120258
120265 120325 120280 120295 120310
120326 120354 120333 120340 120347
120355 120379 120361 120367 120373
120380 120396 120384 120388 120392
120397 120413 120401 120405 120409
120414 120478 120430 120446 120462
120479 120505 120485 120491 120497
120506 120538 120514 120522 120530
120539 120641 120564 120589 120614
120642 120661 120646 120650 120654
120662 120679 120666 120670 120674
120680 120705 120686 120692 120698
120706 120724 120710 120714 120718
120725 120745 120730 120735 120740
120746 120838 120769 120792 120815
120839 120865 120845 120851 120857
120866 120882 120870 120874 120878
120883 120903 120888 120893 120898
120904 120950 120915 120926 120937
120951 120973 120956 120961 120966
120974 121013 120983 120992 121001
121014 121104 121036 121058 121080
121105 121128 121110 121115 121120
121129 121183 121142 121155 121168
121184 121277 121207 121230 121253
121278 121344 121294 121310 121326
121345 121365 121350 121355 121360
121366 121407 121376 121386 121396
121408 121432 121414 121420 121426
121433 121449 121437 121441 121445
121450 121467 121454 121458 121462
121468 121754 121539 121610 121681
121755 121775 121760 121765 121770
121776 121793 121780 121784 121788
121794 121812 121798 121802 121806
121813 121836 121818 121823 121828
121837 121853 121841 121845 121849
121854 121880 121860 121866 121872
121881 121900 121885 121889 121893
121901 121923 121906 121911 121916
121924 121952 121931 121938 121945
121953 121989 121962 121971 121980
121990 122082 122013 122036 122059
122083 122102 122087 122091 122095
122103 122130 122109 122115 122121
122131 122148 122135 122139 122143
122149 122188 122158 122167 122176
122189 122213 122195 122201 122207
122214 122237 122219 122224 122229
122238 122279 122248 122258 122268
122280 122324 122291 122302 122313
122325 122393 122342 122359 122376
122394 122468 122412 122430 122448
122469 122603 122502 122535 122568
122604 122668 122620 122636 122652
122669 122721 122682 122695 122708
122722 122746 122728 122734 122740
122747 122812 122763 122779 122795
122813 123053 122873 122933 122993
123054 123141 123075 123096 123117
123142 123212 123159 123176 123193
123213 123339 123244 123275 123306
123340 123388 123352 123364 123376
123389 123422 123397 123405 123413
123423 123541 123452 123481 123510
123542 123613 123559 123576 123593
123614 123642 123621 123628 123635
123643 123677 123651 123659 123667
123678 123725 123689 123700 123711
123726 123783 123740 123754 123768
123784 123807 123789 123794 123799
123808 123909 123833 123858 123883
123910 124029 123939 123968 123997
124030 124046 124034 124038 124042
124047 124100 124060 124073 124086
124101 124164 124116 124131 124146
124165 124209 124176 124187 124198
124210 124364 124248 124286 124324
124365 124439 124383 124401 124419
124440 124476 124449 124458 124467
124477 124533 124491 124505 124519
124534 124602 124551 124568 124585
124603 124632 124610 124617 124624
124633 124667 124641 124649 124657
124668 124690 124673 124678 124683
124691 124737 124702 124713 124724
124738 124780 124748 124758 124768
124781 124913 124814 124847 124880
124914 124949 124922 124930 124938
124950 125123 124993 125036 125079
125124 125169 125135 125146 125157
125170 125359 125217 125264 125311
125360 125407 125371 125382 125393
125408 125494 125429 125450 125471
125495 125712 125549 125603 125657
125713 125768 125726 125739 125752
125769 125882 125797 125825 125853
125883 125935 125896 125909 125922
125936 125971 125944 125952 125960
125972 126061 125994 126016 126038
126062 126083 126067 126072 126077
126084 126137 126097 126110 126123
126138 126184 126149 126160 126171
126185 126272 126206 126227 126248
126273 126332 126287 126301 126315
126333 126408 126351 126369 126387
126409 126497 126431 126453 126475
126498 126579 126518 126538 126558
126580 126707 126611 126642 126673
126708 126802 126731 126754 126777
126803 126844 126813 126823 126833
126845 126919 126863 126881 126899
126920 126947 126926 126932 126938
126948 127019 126965 126982 126999
127020 127061 127030 127040 127050
127062 127118 127076 127090 127104
127119 127216 127143 127167 127191
127217 127297 127237 127257 127277
127298 127370 127316 127334 127352
127371 127405 127379 127387 127395
127406 127511 127432 127458 127484
127512 127536 127518 127524 127530
127537 127658 127567 127597 127627
127659 127707 127671 127683 127695
127708 127732 127714 127720 127726
127733 127762 127740 127747 127754
127763 127914 127800 127837 127874
127915 128023 127942 127969 127996
128024 128129 128050 128076 128102
128130 128229 128154 128178 128202
128230 128269 128239 128248 128257
128270 128441 128312 128354 128396
128442 128476 128450 128458 128466
128477 128634 128516 128555 128594
128635 128664 128642 128649 128656
128665 128724 128679 128693 128707
128725 128773 128737 128749 128761
128774 128830 128788 128802 128816
128831 128902 128848 128865 128882
128903 128973 128920 128937 128954
128974 128995 128979 128984 128989
128996 129049 129009 129022 129035
129050 129089 129059 129068 129077
129090 129113 129095 129100 129105
129114 129208 129137 129160 129183
129209 129253 129220 129231 129242
129254 129344 129276 129298 129320
129345 129559 129398 129451 129504
129560 129595 129568 129576 129584
129596 129731 129629 129662 129695
129732 129814 129752 129772 129792
129815 129994 129859 129903 129947
129995 130031 130004 130013 130022
130032 130081 130044 130056 130068
130082 130134 130095 130108 130121
130135 130242 130161 130187 130213
130243 130275 130251 130259 130267
130276 130410 130309 130342 130375
130411 130469 130425 130439 130453
130470 130616 130506 130542 130578
130617 130691 130635 130653 130671
130692 130711 130696 130700 130704
130712 130729 130716 130720 130724
130730 130771 130740 130750 130760
130772 130823 130784 130796 130808
130824 130861 130833 130842 130851
130862 130926 130878 130894 130910
130927 130972 130938 130949 130960
130973 131002 130980 130987 130994
131003 131131 131035 131067 131099
131132 131165 131140 131148 131156
131166 131303 131200 131234 131268
131304 131495 131351 131398 131445
131496 131540 131507 131518 131529
131541 131591 131553 131565 131577
131592 132007 131695 131798 131901
132008 133058 132270 132532 132794
133059 133216 133098 133137 133176
133217 133275 133231 133245 133259
133276 133338 133291 133306 133321
133339 133479 133374 133409 133444
133480 133514 133488 133496 133504
133515 133537 133520 133525 133530
133538 133604 133554 133570 133586
133605 133780 133648 133691 133734
133781 133838 133795 133809 133823
133839 133889 133851 133863 133875
133890 133939 133902 133914 133926
133940 134017 133959 133978 133997
134018 134118 134043 134068 134093
134119 134204 134140 134161 134182
134205 134333 134237 134269 134301
134334 134403 134351 134368 134385
134404 134433 134411 134418 134425
134434 134509 134452 134470 134488
134510 134557 134521 134532 134543
134558 134711 134596 134634 134672
134712 134754 134722 134732 134742
134755 134808 134768 134781 134794
134809 134861 134822 134835 134848
134862 134889 134868 134874 134880
134890 135107 134917 134944 135078
135108 135182 135126 135144 135162
135183 135292 135210 135237 135264
135293 135472 135337 135381 135425
135473 135705 135531 135589 135647
135706 136128 135811 135916 136021
136129 136475 136215 136301 136387
136476 136712 136535 136594 136653
136713 136920 136764 136815 136866
136921 137034 136949 136977 137005
137035 137156 137065 137095 137125
137157 137250 137180 137203 137226
137251 137490 137310 137369 137428
137491 137561 137508 137525 137542
137562 137625 137577 137592 137607
137626 137663 137635 137644 137653
137664 137682 137668 137672 137676
137683 137737 137696 137709 137722
137738 137775 137747 137756 137765
137776 137900 137807 137838 137869
137901 137979 137920 137939 137958
137980 138423 138090 138200 138310
138424 138480 138438 138452 138466
138481 138599 138510 138539 138568
138600 138702 138625 138650 138675
138703 138762 138717 138731 138745
138763 138789 138769 138775 138781
138790 138858 138807 138824 138841
138859 138882 138864 138869 138874
138883 138933 138895 138907 138919
138934 139056 138964 138994 139024
139057 139123 139073 139089 139105
139124 139214 139146 139168 139190
139215 139422 139266 139317 139368
139423 139577 139461 139499 139537
139578 139906 139660 139742 139824
139907 139979 139925 139943 139961
139980 140076 140004 140028 140052
140077 140211 140110 140143 140176
140212 140397 140258 140304 140350
140398 140493 140421 140444 140467
140494 140747 140557 140620 140683
140748 140844 140772 140796 140820
140845 140907 140860 140875 140890
140908 141026 140937 140966 140995
141027 141189 141067 141107 141147
141190 141245 141203 141216 141229
141246 141313 141262 141278 141294
141314 141663 141401 141488 141575
141664 141716 141677 141690 141703
141717 141792 141735 141753 141771
141793 141857 141809 141825 141841
141858 142089 141915 141972 142029
142090 142153 142105 142120 142135
142154 142248 142177 142200 142223
142249 142309 142264 142279 142294
142310 143702 142658 143006 143354
143703 143966 143768 143833 143898
143967 144074 143993 144019 144045
144075 144162 144096 144117 144138
144163 144229 144179 144195 144211
144230 144407 144274 144318 144362
144408 144630 144463 144518 144573
144631 144647 144635 144639 144643
144648 144671 144653 144658 144663
144672 144729 144686 144700 144714
144730 144759 144737 144744 144751
144760 144799 144769 144778 144787
144800 144831 144807 144814 144821
144832 144882 144844 144856 144868
144883 145019 144917 144951 144985
145020 145072 145033 145046 145059
145073 145095 145078 145083 145088
145096 145118 145101 145106 145111
145119 145174 145132 145145 145158
145175 145222 145186 145197 145208
145223 145326 145248 145273 145298
145327 145361 145335 145343 145351
145362 145530 145404 145446 145488
145531 145753 145586 145641 145696
145754 145777 145759 145764 145769
145778 145832 145791 145804 145817
145833 145923 145855 145877 145899
145924 146013 145946 145968 145990
146014 146086 146032 146050 146068
146087 146183 146111 146135 146159
146184 146232 146196 146208 146220
146233 146307 146251 146269 146287
146308 146373 146324 146340 146356
146374 146420 146385 146396 146407
146421 146440 146425 146429 146433
146441 146507 146457 146473 146489
146508 146528 146513 146518 146523
146529 146561 146537 146545 146553
146562 146782 146617 146672 146727
146783 146849 146799 146815 146831
146850 146980 146882 146914 146946
146981 147057 147000 147019 147038
147058 147165 147084 147110 147136
147166 147217 147178 147190 147202
147218 147268 147230 147242 147254
147269 147427 147308 147347 147386
147428 147528 147453 147478 147503
147529 147610 147549 147569 147589
147611 147720 147638 147665 147692
147721 147794 147739 147757 147775
147795 147882 147816 147837 147858
147883 147909 147889 147895 147901
147910 147929 147914 147918 147922
147930 147995 147946 147962 147978
147996 148025 148003 148010 148017
148026 148097 148043 148060 148077
148098 148215 148127 148156 148185
148216 148264 148228 148240 148252
148265 148303 148274 148283 148292
148304 148439 148337 148370 148403
148440 148507 148456 148472 148488
148508 148582 148526 148544 148562
148583 148606 148588 148593 148598
148607 148650 148617 148627 148637
148651 148716 148667 148683 148699
148717 148875 148756 148795 148834
148876 148949 148894 148912 148930
148950 148992 148960 148970 148980
148993 149068 149011 149029 149047
149069 149101 149077 149085 149093
149102 149163 149117 149132 149147
149164 149182 149168 149172 149176
149183 149248 149199 149215 149231
149249 149263 149252 149255 149258
149264 149276 149267 149270 149273
149277 149306 149284 149291 149298
149307 149382 149325 149343 149361
149383 149588 149434 149485 149536
149589 149666 149608 149627 149646
149667 149689 149672 149677 149682
149690 149729 149699 149708 149717
149730 149748 149734 149738 149742
149749 149824 149767 149785 149803
149825 149890 149841 149857 149873
149891 149982 149913 149935 149957
149983 150008 149987 149991 150006
150009 150025 150013 150017 150021
150026 150051 150032 150038 150044
150052 150095 150062 150072 150082
150096 150120 150102 150108 150114
150121 150250 150153 150185 150217
150251 150341 150273 150295 150317
150342 150465 150372 150402 150432
150466 150550 150487 150508 150529
150551 150581 150558 150565 150572
150582 150602 150587 150592 150597
150603 150633 150610 150617 150624
150634 150650 150638 150642 150646
150651 150713 150666 150681 150696
150714 150739 150720 150726 150732
150740 150766 150746 150752 150758
150767 150793 150773 150779 150785
150794 150856 150809 150824 150839
150857 150875 150861 150865 150869
150876 150924 150888 150900 150912
150925 150974 150937 150949 150961
150975 151048 150993 151011 151029
151049 151065 151053 151057 151061
151066 151083 151070 151074 151078
151084 151115 151091 151098 151105
151116 151138 151121 151126 151131
151139 151249 151166 151193 151220
151250 151298 151262 151274 151286
151299 151319 151304 151309 151314
151320 151353 151328 151336 151344
151354 151370 151358 151362 151366
151371 151402 151378 151385 151392
151403 151420 151407 151411 151415
151421 151464 151431 151441 151451
151465 151510 151476 151487 151498
151511 151530 151515 151519 151523
151531 151574 151541 151551 151561
151575 151625 151587 151599 151611
151626 151644 151630 151634 151638
151645 151661 151649 151653 151657
151662 151678 151666 151670 151674
151679 151709 151686 151693 151700
151710 151736 151716 151722 151728
151737 151792 151750 151763 151776
151793 151830 151802 151811 151820
151831 151894 151846 151861 151876
151895 151964 151912 151929 151946
151965 152066 151990 152015 152040
152067 152115 152079 152091 152103
152116 152151 152124 152132 152140
152152 152179 152158 152164 152170
152180 152288 152207 152234 152261
152289 152305 152293 152297 152301
152306 152391 152327 152348 152369
152392 152459 152408 152424 152440
152460 152476 152464 152468 152472
152477 152516 152486 152495 152504
152517 152547 152524 152531 152538
152548 152564 152552 152556 152560
152565 152593 152572 152579 152586
152594 152613 152598 152602 152606
152614 152661 152625 152636 152647
152662 152679 152666 152670 152674
152680 152698 152684 152688 152692
152699 152717 152703 152707 152711
152718 152737 152722 152726 152730
152738 152759 152743 152748 152753
152760 152789 152767 152774 152781
152790 152811 152795 152800 152805
152812 152836 152818 152824 152830
152837 152866 152844 152851 152858
152867 152884 152871 152875 152879
152885 152903 152889 152893 152897
152904 152923 152908 152912 152916
152924 152940 152928 152932 152936
152941 152987 152952 152963 152974
152988 153011 152993 152998 153003
153012 153070 153026 153040 153054
153071 153089 153075 153079 153083
153090 153126 153099 153108 153117
153127 153211 153148 153169 153190
153212 153269 153226 153240 153254
153270 153294 153276 153282 153288
153295 153331 153304 153313 153322
153332 153395 153347 153362 153377
153396 153479 153416 153436 153456
153480 153556 153499 153518 153537
153557 153838 153627 153697 153767
153839 153888 153851 153863 153875
153889 153990 153914 153939 153964
153991 154035 154002 154013 154024
154036 154068 154044 154052 154060
154069 154114 154080 154091 154102
154115 154146 154122 154129 154136
154147 154188 154157 154167 154177
154189 154207 154193 154197 154201
154208 154227 154212 154216 154220
154228 154247 154232 154236 154240
154248 154280 154256 154264 154272
154281 154304 154286 154291 154296
154305 154343 154314 154323 154332
154344 154362 154348 154352 154356
154363 154394 154370 154377 154384
154395 154412 154399 154403 154407
154413 154432 154417 154421 154425
154433 154450 154437 154441 154445
154451 154500 154463 154475 154487
154501 154526 154507 154513 154519
154527 154888 154617 154707 154797
154889 154905 154893 154897 154901
154906 154933 154912 154918 154924
154934 154953 154938 154942 154946
154954 155049 154977 155000 155023
155050 155064 155053 155056 155059
155065 155104 155074 155083 155092
155105 155156 155117 155129 155141
155157 155188 155164 155171 155178
155189 155207 155193 155197 155201
155208 155226 155212 155216 155220
155227 155243 155231 155235 155239
155244 155271 155250 155256 155262
155272 155297 155278 155284 155290
155298 155354 155312 155326 155340
155355 155455 155380 155405 155430
155456 155523 155472 155488 155504
155524 155632 155551 155578 155605
155633 155734 155658 155683 155708
155735 155785 155747 155759 155771
155786 155857 155803 155820 155837
155858 155909 155870 155882 155894
155910 156039 155942 155974 156006
156040 156230 156087 156134 156181
156231 156332 156256 156281 156306
156333 156471 156367 156401 156435
156472 156587 156500 156528 156556
156588 156728 156623 156658 156693
156729 156876 156765 156801 156837
156877 157051 156920 156963 157006
157052 157121 157069 157086 157103
157122 157140 157126 157130 157134
157141 157164 157146 157151 157156
157165 157184 157169 157173 157177
157185 157201 157189 157193 157197
157202 157235 157210 157218 157226
157236 157267 157243 157250 157257
157268 157295 157274 157280 157286
157296 157318 157301 157306 157311
157319 157355 157328 157337 157346
157356 157428 157374 157392 157410
157429 157589 157469 157509 157549
157590 157658 157607 157624 157641
157659 157801 157694 157729 157764
157802 158329 157933 158064 158195
158330 158421 158352 158374 158396
158422 158578 158461 158500 158539
158579 158656 158598 158617 158636
158657 158705 158669 158681 158693
158706 159027 158786 158866 158946
159028 159518 159150 159272 159394
159519 159720 159569 159619 159669
159721 159787 159737 159753 159769
159788 159883 159811 159834 159857
159884 160066 159929 159974 160019
160067 160151 160088 160109 160130
160152 160279 160183 160214 160245
160280 160402 160310 160340 160370
160403 160836 160511 160619 160727
160837 160887 160849 160861 160873
160888 160967 160907 160926 160945
160968 161038 160985 161002 161019
161039 161162 161069 161099 161129
161163 161222 161177 161191 161205
161223 161334 161250 161277 161304
161335 161421 161356 161377 161398
161422 161611 161469 161516 161563
161612 161768 161651 161690 161729
161769 161837 161786 161803 161820
161838 161911 161856 161874 161892
161912 162047 161945 161978 162011
162048 162196 162085 162122 162159
162197 162633 162306 162415 162524
162634 162779 162670 162706 162742
162780 162887 162806 162832 162858
162888 162959 162905 162922 162939
162960 163130 163002 163044 163086
163131 163408 163200 163269 163338
163409 163501 163432 163455 163478
163502 163673 163544 163586 163628
163674 163781 163700 163726 163752
163782 163966 163828 163874 163920
163967 164155 164014 164061 164108
164156 164270 164184 164212 164240
164271 164417 164307 164343 164379
164418 164535 164447 164476 164505
164536 164719 164581 164626 164671
164720 164902 164765 164810 164855
164903 165024 164927 164951 165018
165025 165075 165037 165049 165061
165076 165136 165091 165106 165121
165137 165228 165159 165181 165203
165229 165382 165267 165305 165343
165383 165931 165520 165657 165794
165932 166050 165961 165990 166019
166051 166072 166056 166061 166066
166073 166224 166110 166147 166184
166225 166350 166256 166287 166318
166351 166482 166383 166415 166447
166483 166554 166500 166517 166534
166555 166629 166573 166591 166609
166630 174360 168562 170494 172426
