0 419 104 208 312
420 759 504 588 672
760 781 765 770 775
782 1256 900 1018 1136
1257 1375 1286 1315 1344
1376 1463 1397 1418 1439
1464 1483 1468 1472 1476
1484 1571 1505 1526 1547
1572 1611 1581 1590 1599
1612 1708 1636 1660 1684
1709 2026 1788 1867 1946
2027 2077 2039 2051 2063
2078 2262 2124 2170 2216
2263 2588 2344 2425 2506
2589 2867 2658 2727 2796
2868 3056 2915 2962 3009
3057 3226 3099 3141 3183
3227 3254 3233 3239 3245
3255 3283 3262 3269 3276
3284 3301 3288 3292 3296
3302 3394 3325 3348 3371
3395 3419 3401 3407 3413
3420 3443 3425 3430 3435
3444 3463 3448 3452 3456
3464 3581 3493 3522 3551
3582 3615 3590 3598 3606
3616 3658 3626 3636 3646
3659 3817 3698 3737 3776
3818 4370 3956 4094 4232
4371 4472 4396 4421 4446
4473 4690 4527 4581 4635
4691 4766 4709 4727 4745
4767 4929 4807 4847 4887
4930 5004 4948 4966 4984
5005 5153 5042 5079 5116
5154 5568 5257 5360 5463
5569 5875 5645 5721 5797
5876 5939 5891 5906 5921
5940 6092 5978 6016 6054
6093 6262 6135 6177 6219
6263 6448 6309 6355 6401
6449 6724 6517 6585 6653
6725 6938 6778 6831 6884
6939 7114 6982 7025 7068
7115 7154 7124 7133 7142
7155 7212 7169 7183 7197
7213 7302 7235 7257 7279
7303 7454 7340 7377 7414
7455 7544 7477 7499 7521
7545 7780 7603 7661 7719
7781 8039 7845 7909 7973
8040 8162 8070 8100 8130
8163 8659 8287 8411 8535
8660 8936 8729 8798 8867
8937 9047 8964 8991 9018
9048 9104 9062 9076 9090
9105 9139 9113 9121 9129
9140 9192 9153 9166 9179
9193 9306 9221 9249 9277
9307 9490 9352 9397 9442
9491 9628 9525 9559 9593
9629 9824 9677 9725 9773
9825 9880 9838 9851 9864
9881 9970 9903 9925 9947
9971 10274 10046 10121 10196
10275 10315 10285 10295 10305
10316 10332 10320 10324 10328
10333 10353 10338 10343 10348
10354 10422 10371 10388 10405
10423 10439 10427 10431 10435
10440 10469 10447 10454 10461
10470 10491 10475 10480 10485
10492 10518 10498 10504 10510
10519 10559 10529 10539 10549
10560 10625 10576 10592 10608
10626 10763 10660 10694 10728
10764 10912 10801 10838 10875
10913 11095 10958 11003 11048
11096 11484 11193 11290 11387
11485 11675 11532 11579 11626
11676 11932 11740 11804 11868
11933 12032 11957 11981 12005
12033 12136 12058 12083 12108
12137 12299 12177 12217 12257
12300 12866 12441 12582 12723
12867 13340 12985 13103 13221
13341 13407 13357 13373 13389
13408 13773 13499 13590 13681
13774 13917 13809 13844 13879
13918 13985 13934 13950 13966
13986 14261 14054 14122 14190
14262 14361 14286 14310 14334
14362 14618 14426 14490 14554
14619 14695 14638 14657 14676
14696 14860 14737 14778 14819
14861 14968 14887 14913 14939
14969 15145 14976 14983 15108
15146 15229 15166 15186 15206
15230 15345 15258 15286 15314
15346 15435 15368 15390 15412
15436 15742 15512 15588 15664
15743 15959 15797 15851 15905
15960 16183 16015 16070 16125
16184 16342 16223 16262 16301
16343 16511 16385 16427 16469
16512 17141 16669 16826 16983
17142 17490 17229 17316 17403
17491 17661 17533 17575 17617
17662 17887 17718 17774 17830
17888 17998 17915 17942 17969
17999 18122 18029 18059 18089
18123 18210 18144 18165 18186
18211 18372 18251 18291 18331
18373 18633 18438 18503 18568
18634 18682 18646 18658 18670
18683 18780 18707 18731 18755
18781 18870 18803 18825 18847
18871 18940 18888 18905 18922
18941 19029 18963 18985 19007
19030 19617 19176 19322 19468
19618 19768 19655 19692 19729
19769 19870 19794 19819 19844
19871 20185 19949 20027 20105
20186 20261 20204 20222 20240
20262 20323 20277 20292 20307
20324 20685 20414 20504 20594
20686 21024 20770 20854 20938
21025 21127 21050 21075 21100
21128 21203 21146 21164 21182
21204 21333 21236 21268 21300
21334 21419 21355 21376 21397
21420 21506 21441 21462 21483
21507 21688 21552 21597 21642
21689 22116 21795 21901 22007
22117 22236 22146 22175 22204
22237 22321 22258 22279 22300
22322 22417 22345 22368 22391
22418 22462 22429 22440 22451
22463 22505 22473 22483 22493
22506 22901 22604 22702 22800
22902 22970 22919 22936 22953
22971 23115 23007 23043 23079
23116 23320 23167 23218 23269
23321 23357 23330 23339 23348
23358 23560 23408 23458 23508
23561 23608 23572 23583 23594
23609 23660 23621 23633 23645
23661 24031 23753 23845 23937
24032 24540 24159 24286 24413
24541 24665 24572 24603 24634
24666 24994 24748 24830 24912
24995 25140 25031 25067 25103
25141 25395 25204 25267 25330
25396 25506 25423 25450 25477
25507 25659 25545 25583 25621
25660 25703 25670 25680 25690
25704 25810 25730 25756 25782
25811 25881 25828 25845 25862
25882 25939 25896 25910 25924
25940 25985 25951 25962 25973
25986 26259 26054 26122 26190
26260 26312 26273 26286 26299
26313 26369 26327 26341 26355
26370 26445 26388 26406 26424
26446 26546 26471 26496 26521
26547 26621 26565 26583 26601
26622 26711 26644 26666 26688
26712 26867 26750 26788 26826
26868 26987 26897 26926 26955
26988 27052 27004 27020 27036
27053 27990 27287 27521 27755
27991 28074 28011 28031 28051
28075 28241 28116 28157 28198
28242 28311 28259 28276 28293
28312 28375 28327 28342 28357
28376 28413 28385 28394 28403
28414 28535 28444 28474 28504
28536 28610 28554 28572 28590
28611 28694 28631 28651 28671
28695 28808 28723 28751 28779
28809 28961 28847 28885 28923
28962 29088 28993 29024 29055
29089 29124 29097 29105 29113
29125 29393 29192 29259 29326
29394 29461 29410 29426 29442
29462 29601 29496 29530 29564
29602 29659 29616 29630 29644
29660 29745 29681 29702 29723
29746 29833 29767 29788 29809
29834 29979 29870 29906 29942
29980 30044 29984 29988 30033
30045 30158 30073 30101 30129
30159 30483 30240 30321 30402
30484 30576 30507 30530 30553
30577 30644 30593 30609 30625
30645 31009 30736 30827 30918
31010 31237 31066 31122 31178
31238 31332 31261 31284 31307
31333 31445 31361 31389 31417
31446 31577 31478 31510 31542
31578 31628 31590 31602 31614
31629 31760 31661 31693 31725
31761 31834 31779 31797 31815
31835 32027 31883 31931 31979
32028 32117 32050 32072 32094
32118 32212 32141 32164 32187
32213 32317 32239 32265 32291
32318 32460 32353 32388 32423
32461 32543 32481 32501 32521
32544 32629 32565 32586 32607
32630 32705 32648 32666 32684
32706 32769 32721 32736 32751
32770 32815 32781 32792 32803
32816 32964 32853 32890 32927
32965 33002 32974 32983 32992
33003 33163 33043 33083 33123
33164 33225 33179 33194 33209
33226 33343 33255 33284 33313
33344 33379 33352 33360 33368
33380 33959 33524 33668 33812
33960 34010 33972 33984 33996
34011 34191 34056 34101 34146
34192 34591 34291 34390 34489
34592 34707 34620 34648 34676
34708 34844 34742 34776 34810
34845 34957 34873 34901 34929
34958 34992 34966 34974 34982
34993 35021 35000 35007 35014
35022 35073 35034 35046 35058
35074 35136 35089 35104 35119
35137 35332 35185 35233 35281
35333 35441 35360 35387 35414
35442 35640 35491 35540 35589
35641 35697 35655 35669 35683
35698 35770 35716 35734 35752
35771 35863 35794 35817 35840
35864 35932 35881 35898 35915
35933 35967 35941 35949 35957
35968 36009 35978 35988 35998
36010 36133 36040 36070 36100
36134 36227 36157 36180 36203
36228 36285 36242 36256 36270
36286 36355 36303 36320 36337
36356 36427 36373 36390 36407
36428 36501 36446 36464 36482
36502 36552 36514 36526 36538
36553 36589 36562 36571 36580
36590 36796 36641 36692 36743
36797 37198 36897 36997 37097
37199 37586 37295 37391 37487
37587 37755 37629 37671 37713
37756 38106 37843 37930 38017
38107 38302 38155 38203 38251
38303 38788 38424 38545 38666
38789 38845 38803 38817 38831
38846 38898 38859 38872 38885
38899 38974 38917 38935 38953
38975 39017 38985 38995 39005
39018 39108 39040 39062 39084
39109 39198 39131 39153 39175
39199 39478 39268 39337 39406
39479 39585 39505 39531 39557
39586 39724 39620 39654 39688
39725 39862 39759 39793 39827
39863 39908 39874 39885 39896
39909 40083 39952 39995 40038
40084 40151 40100 40116 40132
40152 40192 40162 40172 40182
40193 40287 40216 40239 40262
40288 40747 40402 40516 40630
40748 40828 40768 40788 40808
40829 40953 40860 40891 40922
40954 41086 40987 41020 41053
41087 41135 41099 41111 41123
41136 41166 41143 41150 41157
41167 41245 41186 41205 41224
41246 41297 41258 41270 41282
41298 41661 41388 41478 41568
41662 41690 41669 41676 41683
41691 41802 41718 41745 41772
41803 41844 41813 41823 41833
41845 41925 41865 41885 41905
41926 41969 41936 41946 41956
41970 42003 41978 41986 41994
42004 42213 42056 42108 42160
42214 42260 42225 42236 42247
42261 42293 42269 42277 42285
42294 42742 42406 42518 42630
42743 43090 42829 42915 43001
43091 43203 43119 43147 43175
43204 43253 43216 43228 43240
43254 43368 43282 43310 43338
43369 43427 43383 43397 43411
43428 43587 43467 43506 43545
43588 43712 43619 43650 43681
43713 43937 43769 43825 43881
43938 44255 44017 44096 44175
44256 44423 44297 44338 44379
44424 44525 44449 44474 44499
44526 44591 44542 44558 44574
44592 44611 44596 44600 44604
44612 44726 44640 44668 44696
44727 45075 44795 44863 45054
45076 45172 45100 45124 45148
45173 45391 45227 45281 45335
45392 45601 45444 45496 45548
45602 45687 45623 45644 45665
45688 46038 45775 45862 45949
46039 46347 46116 46193 46270
46348 46487 46382 46416 46450
46488 46637 46525 46562 46599
46638 46725 46659 46680 46701
46726 46837 46753 46780 46807
46838 46947 46865 46892 46919
46948 47110 46988 47028 47068
47111 47893 47306 47501 47696
47894 48044 47931 47968 48005
48045 48080 48053 48061 48069
48081 48117 48090 48099 48108
48118 48361 48178 48238 48298
48362 48474 48390 48418 48446
48475 48602 48506 48537 48568
48603 48642 48612 48621 48630
48643 48700 48657 48671 48685
48701 48771 48718 48735 48752
48772 48914 48807 48842 48877
48915 48965 48927 48939 48951
48966 49027 48981 48996 49011
49028 49122 49051 49074 49097
49123 49183 49138 49153 49168
49184 49258 49202 49220 49238
49259 49372 49287 49315 49343
49373 49447 49391 49409 49427
49448 49558 49475 49502 49529
49559 49692 49592 49625 49658
49693 49923 49750 49807 49864
49924 49992 49941 49958 49975
49993 50038 50004 50015 50026
50039 50094 50052 50065 50078
50095 50220 50126 50157 50188
50221 50316 50244 50267 50290
50317 50602 50388 50459 50530
50603 50763 50643 50683 50723
50764 50822 50778 50792 50806
50823 50949 50854 50885 50916
50950 51033 50970 50990 51010
51034 51120 51055 51076 51097
51121 51204 51141 51161 51181
51205 51426 51260 51315 51370
51427 51509 51447 51467 51487
51510 51685 51553 51596 51639
51686 51753 51702 51718 51734
51754 51881 51785 51816 51847
51882 52706 52088 52294 52500
52707 52988 52777 52847 52917
52989 53410 53094 53199 53304
53411 53598 53457 53503 53549
53599 53747 53636 53673 53710
53748 54022 53816 53884 53952
54023 54199 54067 54111 54155
54200 54261 54215 54230 54245
54262 54297 54270 54278 54286
54298 54350 54311 54324 54337
54351 54832 54471 54591 54711
54833 54919 54854 54875 54896
54920 55017 54944 54968 54992
55018 55210 55066 55114 55162
55211 55415 55262 55313 55364
55416 55674 55480 55544 55608
55675 55857 55720 55765 55810
55858 55904 55869 55880 55891
55905 55983 55924 55943 55962
55984 56015 55991 55998 56005
56016 56070 56029 56042 56055
56071 56115 56082 56093 56104
56116 56189 56134 56152 56170
56190 56769 56334 56478 56622
56770 57159 56867 56964 57061
57160 57516 57249 57338 57427
57517 57544 57523 57529 57535
57545 57572 57551 57557 57563
57573 57683 57600 57627 57654
57684 58027 57769 57854 57939
58028 58134 58054 58080 58106
58135 58216 58155 58175 58195
58217 58262 58228 58239 58250
58263 58316 58276 58289 58302
58317 58359 58327 58337 58347
58360 58421 58375 58390 58405
58422 58465 58432 58442 58452
58466 58618 58504 58542 58580
58619 58648 58626 58633 58640
58649 58679 58656 58663 58670
58680 58739 58694 58708 58722
58740 59948 59042 59344 59646
59949 59984 59957 59965 59973
59985 60014 59988 59991 60009
60015 60053 60024 60033 60042
60054 60085 60061 60068 60075
60086 60117 60093 60100 60107
60118 60149 60125 60132 60139
60150 60199 60162 60174 60186
60200 60243 60210 60220 60230
60244 60275 60251 60258 60265
60276 60308 60284 60292 60300
60309 60412 60334 60359 60384
60413 60453 60423 60433 60443
60454 60477 60459 60464 60469
60478 60513 60486 60494 60502
60514 60538 60520 60526 60532
60539 60576 60548 60557 60566
60577 60613 60586 60595 60604
60614 60660 60625 60636 60647
60661 60730 60678 60695 60712
60731 60816 60752 60773 60794
60817 60950 60850 60883 60916
60951 61175 61007 61063 61119
61176 61342 61217 61258 61299
61343 61528 61389 61435 61481
61529 61681 61567 61605 61643
61682 61793 61709 61736 61763
61794 62087 61867 61940 62013
62088 62502 62191 62294 62397
62503 62621 62532 62561 62590
62622 62740 62651 62680 62709
62741 62822 62761 62781 62801
62823 62896 62841 62859 62877
62897 63006 62924 62951 62978
63007 63066 63021 63035 63049
63067 63100 63075 63083 63091
63101 63134 63109 63117 63125
63135 63168 63143 63151 63159
63169 63212 63179 63189 63199
63213 63340 63244 63275 63306
63341 63510 63383 63425 63467
63511 63607 63535 63559 63583
63608 63677 63625 63642 63659
63678 63707 63685 63692 63699
63708 63731 63713 63718 63723
63732 63854 63762 63792 63822
63855 63927 63873 63891 63909
63928 64126 63977 64026 64075
64127 64190 64142 64157 64172
64191 64260 64208 64225 64242
64261 64316 64274 64287 64300
64317 64615 64391 64465 64539
64616 64713 64640 64664 64688
64714 65113 64813 64912 65011
65114 65201 65135 65156 65177
65202 65443 65262 65322 65382
65444 65531 65465 65486 65507
65532 65606 65550 65568 65586
65607 65672 65623 65639 65655
65673 65799 65704 65735 65766
65800 65866 65816 65832 65848
65867 65990 65897 65927 65957
65991 66190 66040 66089 66138
66191 66243 66204 66217 66230
66244 66510 66310 66376 66442
66511 66792 66581 66651 66721
66793 67161 66885 66977 67069
67162 67188 67168 67174 67180
67189 67216 67195 67201 67207
67217 67630 67320 67423 67526
67631 67729 67655 67679 67703
67730 67841 67757 67784 67811
67842 68062 67897 67952 68007
68063 68184 68093 68123 68153
68185 68535 68272 68359 68446
68536 68888 68624 68712 68800
68889 68962 68907 68925 68943
68963 69211 69025 69087 69149
69212 69274 69227 69242 69257
69275 69331 69289 69303 69317
69332 69401 69349 69366 69383
69402 69699 69476 69550 69624
69700 69773 69718 69736 69754
69774 69848 69792 69810 69828
69849 70166 69928 70007 70086
70167 70270 70192 70217 70242
70271 70374 70296 70321 70346
70375 70635 70440 70505 70570
70636 70686 70648 70660 70672
70687 70899 70740 70793 70846
70900 70956 70914 70928 70942
70957 71091 70990 71023 71056
71092 71266 71135 71178 71221
71267 71330 71282 71297 71312
71331 71437 71357 71383 71409
71438 71480 71448 71458 71468
71481 71594 71509 71537 71565
71595 71648 71608 71621 71634
71649 71761 71677 71705 71733
71762 71825 71777 71792 71807
71826 71917 71848 71870 71892
71918 71996 71937 71956 71975
71997 72073 72016 72035 72054
72074 72189 72102 72130 72158
72190 72292 72215 72240 72265
72293 72411 72322 72351 72380
72412 72480 72429 72446 72463
72481 72636 72519 72557 72595
72637 72751 72665 72693 72721
72752 73353 72902 73052 73202
73354 73427 73372 73390 73408
73428 73476 73440 73452 73464
73477 73574 73501 73525 73549
73575 73631 73589 73603 73617
73632 73825 73680 73728 73776
73826 73876 73838 73850 73862
73877 74324 73988 74099 74210
74325 74607 74395 74465 74535
74608 74797 74655 74702 74749
74798 75030 74848 74898 75021
75031 75078 75042 75053 75064
75079 75159 75099 75119 75139
75160 75266 75186 75212 75238
75267 75340 75285 75303 75321
75341 75447 75367 75393 75419
75448 75521 75466 75484 75502
75522 75609 75543 75564 75585
75610 75665 75623 75636 75649
75666 75712 75677 75688 75699
75713 75872 75752 75791 75830
75873 75967 75896 75919 75942
75968 76110 76003 76038 76073
76111 76468 76200 76289 76378
76469 76601 76502 76535 76568
76602 76745 76637 76672 76707
76746 77214 76863 76980 77097
77215 77301 77236 77257 77278
77302 77499 77351 77400 77449
77500 77635 77533 77566 77599
77636 77814 77680 77724 77768
77815 77916 77840 77865 77890
77917 78000 77937 77957 77977
78001 78107 78027 78053 78079
78108 78410 78183 78258 78333
78411 78490 78430 78449 78468
78491 78836 78577 78663 78749
78837 79170 78920 79003 79086
79171 79259 79193 79215 79237
79260 79372 79288 79316 79344
79373 79552 79417 79461 79505
79553 79764 79605 79657 79709
79765 79921 79804 79843 79882
79922 80002 79942 79962 79982
80003 80220 80057 80111 80165
80221 80310 80243 80265 80287
80311 80512 80361 80411 80461
80513 80884 80605 80697 80789
80885 81309 80991 81097 81203
81310 81523 81363 81416 81469
81524 81648 81555 81586 81617
81649 81939 81721 81793 81865
81940 82031 81962 81984 82006
82032 82111 82051 82070 82089
82112 82167 82125 82138 82151
82168 82239 82185 82202 82219
82240 82304 82256 82272 82288
82305 82384 82324 82343 82362
82385 82515 82417 82449 82481
82516 82782 82582 82648 82714
82783 82836 82796 82809 82822
82837 82975 82871 82905 82939
82976 83018 82986 82996 83006
83019 83143 83050 83081 83112
83144 83239 83167 83190 83213
83240 83306 83256 83272 83288
83307 83370 83322 83337 83352
83371 83544 83414 83457 83500
83545 83592 83556 83567 83578
83593 83739 83629 83665 83701
83740 83895 83778 83816 83854
83896 83938 83906 83916 83926
83939 84053 83967 83995 84023
84054 84102 84066 84078 84090
84103 84255 84141 84179 84217
84256 84383 84287 84318 84349
84384 84498 84412 84440 84468
84499 84655 84538 84577 84616
84656 84789 84689 84722 84755
84790 85067 84859 84928 84997
85068 85160 85091 85114 85137
85161 85217 85175 85189 85203
85218 85264 85229 85240 85251
85265 85348 85285 85305 85325
85349 85405 85363 85377 85391
85406 85498 85429 85452 85475
85499 85536 85508 85517 85526
85537 85649 85565 85593 85621
85650 85706 85664 85678 85692
85707 85728 85712 85717 85722
85729 85754 85735 85741 85747
85755 85913 85794 85833 85872
85914 86067 85952 85990 86028
86068 86247 86112 86156 86200
86248 86449 86298 86348 86398
86450 86543 86473 86496 86519
86544 86692 86581 86618 86655
86693 86786 86716 86739 86762
86787 86865 86806 86825 86844
86866 87014 86903 86940 86977
87015 87123 87042 87069 87096
87124 87308 87170 87216 87262
87309 87464 87347 87385 87423
87465 87542 87484 87503 87522
87543 87735 87591 87639 87687
87736 87797 87751 87766 87781
87798 87867 87815 87832 87849
87868 87978 87895 87922 87949
87979 88171 88027 88075 88123
88172 88524 88260 88348 88436
88525 88566 88535 88545 88555
88567 88846 88636 88705 88774
88847 89094 88908 88969 89030
89095 89496 89195 89295 89395
89497 89698 89547 89597 89647
89699 89716 89703 89707 89711
89717 89738 89722 89727 89732
89739 90005 89804 89869 90003
90006 90124 90035 90064 90093
90125 90240 90153 90181 90209
90241 91339 90515 90789 91063
91340 91456 91369 91398 91427
91457 91603 91493 91529 91565
91604 91700 91628 91652 91676
91701 91859 91740 91779 91818
91860 91925 91876 91892 91908
91926 92154 91983 92040 92097
92155 92231 92174 92193 92212
92232 92519 92303 92374 92445
92520 92686 92561 92602 92643
92687 92783 92711 92735 92759
92784 93097 92862 92940 93018
93098 93334 93157 93216 93275
93335 93716 93430 93525 93620
93717 93882 93758 93799 93840
93883 94016 93916 93949 93982
94017 94409 94115 94213 94311
94410 94557 94446 94482 94518
94558 94665 94584 94610 94636
94666 94916 94728 94790 94852
94917 95072 94955 94993 95031
95073 95751 95242 95411 95580
95752 95974 95807 95862 95917
95975 96795 96180 96385 96590
96796 98828 97304 97812 98320
98829 98910 98849 98869 98889
98911 99309 99010 99109 99208
99310 99857 99446 99582 99718
99858 100023 99899 99940 99981
100024 100383 100113 100202 100291
100384 100511 100415 100446 100477
100512 100611 100536 100560 100584
100612 100772 100652 100692 100732
100773 100815 100783 100793 100803
100816 101005 100863 100910 100957
101006 101315 101083 101160 101237
101316 101451 101349 101382 101415
101452 101523 101469 101486 101503
101524 102655 101806 102088 102370
102656 103158 102781 102906 103031
103159 103199 103169 103179 103189
103200 103273 103218 103236 103254
103274 103495 103329 103384 103439
103496 103917 103601 103706 103811
103918 103977 103932 103946 103960
103978 104062 103999 104020 104041
104063 104144 104083 104103 104123
104145 104280 104178 104211 104244
104281 104316 104289 104297 104305
104317 104439 104347 104377 104407
104440 104886 104551 104662 104773
104887 105075 104915 104943 105054
105076 105140 105092 105108 105124
105141 105263 105171 105201 105231
105264 105348 105285 105306 105327
105349 105578 105406 105463 105520
105579 105757 105623 105667 105711
105758 105980 105813 105868 105923
105981 106180 106030 106079 106128
106181 106240 106195 106209 106223
106241 106388 106277 106313 106349
106389 106442 106402 106415 106428
106443 106572 106475 106507 106539
106573 106625 106586 106599 106612
106626 106688 106641 106656 106671
106689 106807 106718 106747 106776
106808 106873 106824 106840 106856
106874 106950 106893 106912 106931
106951 107056 106977 107003 107029
107057 107484 107163 107269 107375
107485 108592 107761 108037 108313
108593 108778 108639 108685 108731
108779 108924 108815 108851 108887
108925 109033 108952 108979 109006
109034 109123 109056 109078 109100
109124 109189 109140 109156 109172
109190 109324 109223 109256 109289
109325 109604 109394 109463 109532
109605 109796 109652 109699 109746
109797 109833 109806 109815 109824
109834 109982 109871 109908 109945
109983 110165 110028 110073 110118
110166 110588 110271 110376 110481
110589 110871 110659 110729 110799
110872 110973 110897 110922 110947
110974 111027 110987 111000 111013
111028 111102 111046 111064 111082
111103 111166 111118 111133 111148
111167 111333 111208 111249 111290
111334 111369 111342 111350 111358
111370 111793 111475 111580 111685
111794 112131 111878 111962 112046
112132 112250 112161 112190 112219
112251 112281 112258 112265 112272
112282 112317 112290 112298 112306
112318 112425 112344 112370 112396
112426 112561 112459 112492 112525
112562 112640 112581 112600 112619
112641 112761 112671 112701 112731
112762 113169 112863 112964 113065
113170 113224 113183 113196 113209
113225 113333 113252 113279 113306
113334 113786 113447 113560 113673
113787 113831 113798 113809 113820
113832 113866 113840 113848 113856
113867 113917 113879 113891 113903
113918 113975 113932 113946 113960
113976 114182 114027 114078 114129
114183 114246 114198 114213 114228
114247 114615 114339 114431 114523
114616 114698 114636 114656 114676
114699 114758 114713 114727 114741
114759 114851 114782 114805 114828
114852 114922 114869 114886 114903
114923 115042 114952 114981 115010
115043 115097 115056 115069 115082
115098 115163 115114 115130 115146
115164 115249 115185 115206 115227
115250 115342 115273 115296 115319
115343 115542 115392 115441 115490
115543 115603 115558 115573 115588
115604 115663 115618 115632 115646
115664 115723 115678 115692 115706
115724 115783 115738 115752 115766
115784 115874 115806 115828 115850
115875 116070 115923 115971 116019
116071 116190 116100 116129 116158
116191 116270 116210 116229 116248
116271 116335 116287 116303 116319
116336 116418 116356 116376 116396
116419 116552 116452 116485 116518
116553 116790 116612 116671 116730
116791 116997 116842 116893 116944
116998 117166 117040 117082 117124
117167 117317 117204 117241 117278
117318 117444 117349 117380 117411
117445 117660 117498 117551 117604
117661 117866 117712 117763 117814
117867 117907 117877 117887 117897
117908 118009 117933 117958 117983
118010 118335 118091 118172 118253
118336 118644 118413 118490 118567
118645 119197 118783 118921 119059
119198 119274 119217 119236 119255
119275 119349 119293 119311 119329
119350 119404 119363 119376 119389
119405 119477 119423 119441 119459
119478 119583 119504 119530 119556
119584 119604 119589 119594 119599
119605 119658 119618 119631 119644
119659 119728 119676 119693 119710
119729 119907 119773 119817 119861
119908 120052 119930 119952 120039
120053 120132 120072 120091 120110
120133 120230 120157 120181 120205
120231 120422 120278 120325 120372
120423 120583 120463 120503 120543
120584 120684 120609 120634 120659
120685 120756 120702 120719 120736
120757 120876 120786 120815 120844
120877 120970 120900 120923 120946
120971 121201 121028 121085 121142
121202 121257 121215 121228 121241
121258 121360 121283 121308 121333
121361 121422 121376 121391 121406
121423 121670 121484 121545 121606
121671 121751 121691 121711 121731
121752 121861 121779 121806 121833
121862 122030 121904 121946 121988
122031 122162 122063 122095 122127
122163 122441 122232 122301 122370
122442 123459 122696 122950 123204
123460 123634 123503 123546 123589
123635 123714 123654 123673 123692
123715 123942 123771 123827 123883
123943 124103 123983 124023 124063
124104 124193 124126 124148 124170
124194 124330 124228 124262 124296
124331 124463 124364 124397 124430
124464 124518 124477 124490 124503
124519 124636 124548 124577 124606
124637 124731 124660 124683 124706
124732 124857 124763 124794 124825
124858 124942 124879 124900 124921
124943 125417 125061 125179 125297
125418 125554 125452 125486 125520
125555 125725 125597 125639 125681
125726 125888 125766 125806 125846
125889 125937 125901 125913 125925
125938 125971 125946 125954 125962
125972 126356 126068 126164 126260
126357 126378 126362 126367 126372
126379 126479 126404 126429 126454
126480 126531 126492 126504 126516
126532 126703 126574 126616 126658
126704 126786 126724 126744 126764
126787 126834 126798 126809 126820
126835 126880 126846 126857 126868
126881 126924 126891 126901 126911
126925 126966 126935 126945 126955
126967 127008 126977 126987 126997
127009 127050 127019 127029 127039
127051 127088 127060 127069 127078
127089 127130 127099 127109 127119
127131 127170 127140 127149 127158
127171 127208 127180 127189 127198
127209 127236 127215 127221 127227
127237 127262 127243 127249 127255
127263 127290 127269 127275 127281
127291 127312 127296 127301 127306
127313 127332 127317 127321 127325
127333 127350 127337 127341 127345
127351 127380 127358 127365 127372
127381 127402 127386 127391 127396
127403 127420 127407 127411 127415
127421 127438 127425 127429 127433
127439 127456 127443 127447 127451
127457 127474 127461 127465 127469
127475 127492 127479 127483 127487
127493 127633 127528 127563 127598
127634 127728 127657 127680 127703
127729 127950 127784 127839 127894
127951 128140 127998 128045 128092
128141 128200 128155 128169 128183
128201 129033 128409 128617 128825
129034 129174 129069 129104 129139
129175 129237 129190 129205 129220
129238 129294 129252 129266 129280
129295 129370 129313 129331 129349
129371 129596 129427 129483 129539
129597 129881 129668 129739 129810
129882 130000 129911 129940 129969
130001 130168 130042 130083 130124
130169 130246 130188 130207 130226
130247 130320 130265 130283 130301
130321 130986 130487 130653 130819
130987 131100 131015 131043 131071
131101 131290 131148 131195 131242
131291 131386 131314 131337 131360
131387 131723 131471 131555 131639
131724 131822 131748 131772 131796
131823 131900 131842 131861 131880
131901 132009 131928 131955 131982
132010 132070 132025 132040 132055
132071 132196 132102 132133 132164
132197 132292 132220 132243 132266
132293 132337 132304 132315 132326
132338 132377 132347 132356 132365
132378 132425 132389 132400 132411
132426 132470 132437 132448 132459
132471 132527 132485 132499 132513
132528 132600 132546 132564 132582
132601 132715 132629 132657 132685
132716 132820 132742 132768 132794
132821 132908 132842 132863 132884
132909 133031 132939 132969 132999
133032 133058 133038 133044 133050
133059 133090 133066 133073 133080
133091 133145 133104 133117 133130
133146 133176 133153 133160 133167
133177 133210 133185 133193 133201
133211 133273 133226 133241 133256
133274 133594 133354 133434 133514
133595 133694 133619 133643 133667
133695 133914 133749 133803 133857
133915 134126 133967 134019 134071
134127 134273 134163 134199 134235
134274 134386 134302 134330 134358
134387 134814 134493 134599 134705
134815 135391 134861 134907 135291
135392 135744 135480 135568 135656
135745 136044 135819 135893 135967
136045 136062 136049 136053 136057
136063 136080 136067 136071 136075
136081 136098 136085 136089 136093
136099 136118 136103 136107 136111
136119 136178 136133 136147 136161
136179 136334 136217 136255 136293
136335 136407 136353 136371 136389
136408 136438 136415 136422 136429
136439 136469 136446 136453 136460
136470 136501 136477 136484 136491
136502 136529 136508 136514 136520
136530 136559 136537 136544 136551
136560 136602 136570 136580 136590
136603 136860 136667 136731 136795
136861 137008 136897 136933 136969
137009 137143 137042 137075 137108
137144 137455 137221 137298 137375
137456 137686 137513 137570 137627
137687 138006 137766 137845 137924
138007 138165 138046 138085 138124
138166 138294 138198 138230 138262
138295 138468 138338 138381 138424
138469 138594 138500 138531 138562
138595 138728 138628 138661 138694
138729 138955 138785 138841 138897
138956 139201 139017 139078 139139
139202 139476 139270 139338 139406
139477 139645 139519 139561 139603
139646 139799 139684 139722 139760
139800 139893 139823 139846 139869
139894 139971 139913 139932 139951
139972 140605 140130 140288 140446
140606 140777 140648 140690 140732
140778 140902 140809 140840 140871
140903 141015 140931 140959 140987
141016 141265 141078 141140 141202
141266 141453 141312 141358 141404
141454 141688 141512 141570 141628
141689 141723 141697 141705 141713
141724 141801 141743 141762 141781
141802 142150 141889 141976 142063
142151 142354 142201 142251 142301
142355 142436 142375 142395 142415
142437 142504 142453 142469 142485
142505 142604 142529 142553 142577
142605 148103 143979 145353 146727
