0 1646 411 822 1233
1647 1686 1656 1665 1674
1687 1716 1694 1701 1708
1717 2696 1961 2205 2449
2697 2936 2756 2815 2874
2937 3080 2972 3007 3042
3081 3200 3110 3139 3168
3201 3344 3236 3271 3306
3345 3606 3410 3475 3540
3607 3870 3672 3737 3802
3871 4418 4007 4143 4279
4419 4457 4428 4437 4446
4458 4532 4476 4494 4512
4533 5167 4691 4849 5007
5168 5423 5231 5294 5357
5424 5593 5466 5508 5550
5594 5746 5632 5670 5708
5747 6060 5825 5903 5981
6061 7083 6316 6571 6826
7084 7489 7185 7286 7387
7490 7813 7570 7650 7730
7814 8522 7991 8168 8345
8523 8740 8577 8631 8685
8741 9163 8846 8951 9056
9164 10182 9418 9672 9926
10183 11802 10587 10991 11395
11803 11986 11848 11893 11938
11987 12105 12016 12045 12074
12106 12154 12118 12130 12142
12155 12237 12175 12195 12215
12238 13674 12597 12956 13315
13675 13705 13682 13689 13696
13706 13916 13758 13810 13862
13917 13939 13922 13927 13932
13940 14008 13957 13974 13991
14009 14032 14014 14019 14024
14033 14128 14056 14079 14102
14129 14176 14140 14151 14162
14177 14248 14194 14211 14228
14249 14445 14298 14347 14396
14446 14502 14460 14474 14488
14503 14792 14575 14647 14719
14793 14922 14825 14857 14889
14923 15148 14942 14961 15111
15149 15229 15169 15189 15209
15230 15278 15242 15254 15266
15279 15320 15289 15299 15309
15321 15386 15337 15353 15369
15387 15439 15400 15413 15426
15440 15513 15458 15476 15494
15514 15749 15572 15630 15688
15750 15803 15763 15776 15789
15804 15869 15820 15836 15852
15870 16034 15911 15952 15993
16035 16284 16097 16159 16221
16285 16405 16315 16345 16375
16406 16501 16429 16452 16475
16502 16595 16525 16548 16571
16596 16862 16662 16728 16794
16863 17123 16928 16993 17058
17124 17238 17152 17180 17208
17239 17441 17289 17339 17389
17442 17587 17478 17514 17550
17588 17664 17607 17626 17645
17665 17887 17720 17775 17830
17888 18175 17959 18030 18101
18176 18338 18216 18256 18296
18339 18411 18357 18375 18393
18412 18457 18423 18434 18445
18458 18498 18468 18478 18488
18499 18739 18559 18619 18679
18740 18810 18757 18774 18791
18811 19041 18868 18925 18982
19042 19242 19092 19142 19192
19243 19294 19255 19267 19279
19295 19887 19443 19591 19739
19888 20451 20028 20168 20308
20452 20606 20490 20528 20566
20607 20705 20631 20655 20679
20706 20758 20719 20732 20745
20759 20876 20788 20817 20846
20877 20954 20896 20915 20934
20955 21023 20972 20989 21006
21024 21057 21032 21040 21048
21058 21161 21083 21108 21133
21162 21429 21228 21294 21360
21430 21464 21438 21446 21454
21465 21508 21475 21485 21495
21509 21587 21528 21547 21566
21588 21648 21603 21618 21633
21649 22102 21762 21875 21988
22103 22452 22190 22277 22364
22453 22780 22534 22615 22696
22781 22904 22811 22841 22871
22905 22998 22928 22951 22974
22999 23046 23010 23021 23032
23047 23077 23054 23061 23068
23078 23344 23144 23210 23276
23345 23928 23490 23635 23780
23929 24151 23984 24039 24094
24152 24210 24166 24180 24194
24211 24634 24316 24421 24526
24635 24786 24672 24709 24746
24787 25235 24899 25011 25123
25236 25252 25240 25244 25248
25253 25271 25257 25261 25265
25272 25289 25276 25280 25284
25290 25318 25297 25304 25311
25319 25351 25327 25335 25343
25352 25760 25454 25556 25658
25761 26487 25942 26123 26304
26488 26954 26604 26720 26836
26955 27018 26970 26985 27000
27019 27229 27071 27123 27175
27230 27318 27252 27274 27296
27319 27555 27378 27437 27496
27556 28155 27705 27854 28003
28156 28594 28265 28374 28483
28595 28710 28623 28651 28679
28711 28852 28746 28781 28816
28853 29041 28900 28947 28994
29042 29239 29091 29140 29189
29240 29314 29258 29276 29294
29315 29382 29331 29347 29363
29383 29717 29466 29549 29632
29718 30045 29788 29858 30033
30046 30528 30166 30286 30406
30529 30632 30554 30579 30604
30633 30759 30664 30695 30726
30760 30910 30797 30834 30871
30911 31054 30946 30981 31016
31055 31124 31072 31089 31106
31125 31180 31138 31151 31164
31181 31270 31203 31225 31247
31271 31324 31284 31297 31310
31325 31403 31344 31363 31382
31404 31476 31422 31440 31458
31477 31548 31494 31511 31528
31549 31604 31562 31575 31588
31605 31837 31663 31721 31779
31838 31956 31867 31896 31925
31957 32108 31994 32031 32068
32109 32222 32137 32165 32193
32223 32272 32235 32247 32259
32273 32379 32299 32325 32351
32380 32587 32431 32482 32533
32588 32674 32609 32630 32651
32675 32715 32685 32695 32705
32716 32776 32731 32746 32761
32777 32849 32795 32813 32831
32850 32908 32864 32878 32892
32909 33004 32932 32955 32978
33005 33074 33022 33039 33056
33075 33136 33090 33105 33120
33137 33207 33154 33171 33188
33208 33232 33214 33220 33226
33233 33289 33247 33261 33275
33290 33310 33295 33300 33305
33311 33328 33315 33319 33323
33329 33357 33336 33343 33350
33358 33380 33363 33368 33373
33381 33467 33402 33423 33444
33468 33520 33481 33494 33507
33521 33623 33546 33571 33596
33624 33683 33638 33652 33666
33684 33728 33695 33706 33717
33729 33792 33744 33759 33774
33793 33813 33798 33803 33808
33814 33905 33836 33858 33880
33906 33946 33916 33926 33936
33947 33972 33953 33959 33965
33973 34009 33982 33991 34000
34010 34054 34021 34032 34043
34055 34133 34074 34093 34112
34134 34189 34147 34160 34173
34190 34218 34197 34204 34211
34219 34350 34251 34283 34315
34351 35144 34549 34747 34945
35145 35266 35175 35205 35235
35267 35453 35313 35359 35405
35454 35810 35543 35632 35721
35811 36179 35903 35995 36087
36180 36710 36312 36444 36576
36711 37301 36858 37005 37152
37302 37577 37370 37438 37506
37578 37635 37592 37606 37620
37636 37770 37669 37702 37735
37771 37811 37781 37791 37801
37812 37874 37827 37842 37857
37875 38030 37913 37951 37989
38031 38220 38078 38125 38172
38221 38429 38273 38325 38377
38430 38566 38464 38498 38532
38567 38671 38593 38619 38645
38672 39784 38950 39228 39506
39785 40028 39845 39905 39965
40029 40276 40090 40151 40212
40277 40335 40291 40305 40319
40336 40385 40348 40360 40372
40386 40480 40409 40432 40455
40481 40670 40528 40575 40622
40671 40777 40697 40723 40749
40778 40832 40791 40804 40817
40833 40919 40854 40875 40896
40920 41103 40965 41010 41055
41104 41270 41145 41186 41227
41271 41287 41275 41279 41283
41288 41304 41292 41296 41300
41305 41421 41334 41363 41392
41422 41464 41432 41442 41452
41465 41478 41468 41471 41474
41479 41533 41492 41505 41518
41534 41605 41551 41568 41585
41606 41693 41627 41648 41669
41694 41808 41722 41750 41778
41809 42104 41882 41955 42028
42105 42210 42131 42157 42183
42211 42264 42224 42237 42250
42265 42338 42283 42301 42319
42339 42445 42365 42391 42417
42446 42513 42462 42478 42494
42514 42721 42565 42616 42667
42722 42938 42776 42830 42884
42939 42998 42953 42967 42981
42999 43046 43010 43021 43032
43047 43146 43071 43095 43119
43147 43264 43176 43205 43234
43265 43316 43277 43289 43301
43317 43385 43334 43351 43368
43386 43516 43418 43450 43482
43517 43715 43566 43615 43664
43716 43835 43745 43774 43803
43836 43985 43873 43910 43947
43986 44128 44021 44056 44091
44129 44177 44141 44153 44165
44178 45812 44383 44588 45609
45813 45880 45829 45845 45861
45881 45947 45897 45913 45929
45948 46092 45984 46020 46056
46093 46260 46134 46175 46216
46261 46314 46274 46287 46300
46315 46445 46347 46379 46411
46446 46573 46477 46508 46539
46574 46680 46600 46626 46652
46681 46758 46700 46719 46738
46759 46813 46772 46785 46798
46814 46943 46846 46878 46910
46944 47131 46990 47036 47082
47132 47346 47185 47238 47291
47347 47382 47355 47363 47371
47383 47406 47388 47393 47398
47407 47433 47413 47419 47425
47434 47458 47440 47446 47452
47459 47981 47589 47719 47849
47982 48090 48009 48036 48063
48091 48277 48137 48183 48229
48278 48355 48297 48316 48335
48356 48439 48376 48396 48416
48440 48476 48449 48458 48467
48477 48495 48481 48485 48489
48496 48521 48502 48508 48514
48522 48590 48539 48556 48573
48591 48877 48662 48733 48804
48878 48969 48900 48922 48944
48970 49069 48994 49018 49042
49070 49311 49130 49190 49250
49312 49327 49315 49318 49321
49328 49365 49337 49346 49355
49366 49402 49375 49384 49393
49403 49437 49411 49419 49427
49438 49744 49514 49590 49666
49745 49834 49767 49789 49811
49835 49863 49842 49849 49856
49864 49921 49878 49892 49906
49922 49973 49934 49946 49958
49974 50069 49997 50020 50043
50070 50210 50105 50140 50175
50211 50249 50220 50229 50238
50250 50302 50263 50276 50289
50303 50530 50359 50415 50471
50531 50627 50555 50579 50603
50628 50880 50691 50754 50817
50881 50925 50892 50903 50914
50926 51101 50969 51012 51055
51102 51374 51170 51238 51306
51375 51651 51444 51513 51582
51652 52186 51785 51918 52051
52187 52447 52252 52317 52382
52448 52558 52475 52502 52529
52559 52589 52566 52573 52580
52590 52664 52608 52626 52644
52665 52724 52679 52693 52707
52725 52781 52739 52753 52767
52782 52847 52798 52814 52830
52848 52916 52865 52882 52899
52917 52963 52928 52939 52950
52964 53025 52979 52994 53009
53026 53063 53035 53044 53053
53064 53149 53085 53106 53127
53150 53312 53190 53230 53270
53313 53620 53389 53465 53541
53621 53781 53661 53701 53741
53782 53889 53808 53834 53860
53890 53944 53903 53916 53929
53945 54166 54000 54055 54110
54167 54185 54171 54175 54179
54186 54255 54203 54220 54237
54256 54317 54271 54286 54301
54318 54377 54332 54346 54360
54378 55247 54595 54812 55029
55248 55328 55268 55288 55308
55329 55373 55340 55351 55362
55374 55467 55397 55420 55443
55468 55520 55481 55494 55507
55521 55599 55540 55559 55578
55600 55644 55611 55622 55633
55645 55687 55655 55665 55675
55688 55815 55719 55750 55781
55816 55898 55836 55856 55876
55899 55964 55915 55931 55947
55965 56034 55982 55999 56016
56035 56218 56080 56125 56170
56219 56347 56251 56283 56315
56348 56583 56406 56464 56522
56584 56635 56596 56608 56620
56636 56764 56668 56700 56732
56765 56864 56789 56813 56837
56865 56977 56893 56921 56949
56978 57073 57001 57024 57047
57074 57127 57087 57100 57113
57128 57224 57152 57176 57200
57225 57517 57298 57371 57444
57518 57670 57556 57594 57632
57671 57725 57684 57697 57710
57726 57944 57780 57834 57888
57945 58117 57988 58031 58074
58118 58633 58246 58374 58502
58634 58755 58664 58694 58724
58756 59117 58846 58936 59026
59118 59327 59170 59222 59274
59328 59661 59411 59494 59577
59662 59746 59683 59704 59725
59747 59861 59775 59803 59831
59862 59920 59876 59890 59904
59921 60054 59940 59959 60039
60055 60104 60067 60079 60091
60105 60590 60226 60347 60468
60591 60644 60604 60617 60630
60645 60730 60666 60687 60708
60731 60900 60773 60815 60857
60901 60983 60921 60941 60961
60984 61508 61115 61246 61377
61509 61704 61557 61605 61653
61705 61958 61768 61831 61894
61959 62086 61990 62021 62052
62087 62609 62217 62347 62477
62610 62662 62623 62636 62649
62663 62831 62705 62747 62789
62832 62909 62851 62870 62889
62910 63031 62940 62970 63000
63032 63352 63112 63192 63272
63353 63457 63379 63405 63431
63458 63656 63507 63556 63605
63657 63771 63685 63713 63741
63772 64119 63858 63944 64030
64120 65043 64350 64580 64810
65044 65176 65077 65110 65143
65177 65219 65187 65197 65207
65220 65419 65269 65318 65367
65420 65612 65468 65516 65564
65613 65846 65671 65729 65787
65847 65895 65859 65871 65883
65896 66023 65927 65958 65989
66024 67038 66277 66530 66783
67039 67291 67102 67165 67228
67292 67826 67425 67558 67691
67827 68223 67926 68025 68124
68224 68376 68262 68300 68338
68377 68798 68482 68587 68692
68799 68815 68803 68807 68811
68816 68908 68839 68862 68885
68909 69349 69019 69129 69239
69350 69385 69358 69366 69374
69386 69687 69461 69536 69611
69688 69767 69707 69726 69745
69768 69906 69802 69836 69870
69907 70012 69933 69959 69985
70013 70216 70063 70113 70163
70217 70263 70228 70239 70250
70264 70494 70321 70378 70435
70495 70743 70557 70619 70681
70744 71206 70859 70974 71089
71207 71292 71228 71249 71270
71293 71319 71299 71305 71311
71320 71437 71349 71378 71407
71438 71466 71445 71452 71459
71467 71599 71500 71533 71566
71600 71665 71616 71632 71648
71666 71741 71684 71702 71720
71742 71760 71746 71750 71754
71761 71785 71767 71773 71779
71786 71829 71796 71806 71816
71830 71914 71851 71872 71893
71915 72003 71937 71959 71981
72004 72073 72021 72038 72055
72074 72386 72152 72230 72308
72387 72461 72405 72423 72441
72462 72501 72471 72480 72489
72502 72746 72563 72624 72685
72747 72818 72764 72781 72798
72819 72976 72858 72897 72936
72977 73173 73026 73075 73124
73174 73333 73213 73252 73291
73334 73466 73367 73400 73433
73467 73555 73489 73511 73533
73556 73601 73567 73578 73589
73602 73679 73621 73640 73659
73680 73804 73711 73742 73773
73805 74105 73880 73955 74030
74106 74177 74123 74140 74157
74178 74307 74210 74242 74274
74308 74358 74320 74332 74344
74359 74453 74382 74405 74428
74454 74506 74467 74480 74493
74507 74561 74520 74533 74546
74562 74630 74579 74596 74613
74631 74780 74668 74705 74742
74781 74860 74800 74819 74838
74861 74952 74883 74905 74927
74953 75065 74964 74975 75048
75066 75139 75084 75102 75120
75140 75271 75172 75204 75236
75272 75346 75290 75308 75326
75347 75587 75407 75467 75527
75588 75733 75624 75660 75696
75734 75884 75771 75808 75845
75885 76091 75936 75987 76038
76092 76135 76102 76112 76122
76136 76171 76144 76152 76160
76172 76534 76262 76352 76442
76535 76932 76634 76733 76832
76933 76979 76944 76955 76966
76980 77030 76992 77004 77016
77031 77110 77050 77069 77088
77111 77161 77123 77135 77147
77162 77224 77177 77192 77207
77225 77314 77247 77269 77291
77315 77389 77333 77351 77369
77390 77483 77413 77436 77459
77484 77558 77502 77520 77538
77559 77577 77563 77567 77571
77578 77600 77583 77588 77593
77601 77678 77620 77639 77658
77679 77930 77741 77803 77865
77931 78061 77963 77995 78027
78062 78181 78091 78120 78149
78182 78338 78221 78260 78299
78339 78357 78343 78347 78351
78358 78540 78403 78448 78493
78541 78639 78565 78589 78613
78640 78708 78657 78674 78691
78709 78844 78742 78775 78808
78845 78976 78877 78909 78941
78977 79115 79011 79045 79079
79116 79176 79131 79146 79161
79177 79422 79238 79299 79360
79423 79474 79435 79447 79459
79475 79518 79485 79495 79505
79519 79578 79533 79547 79561
79579 79616 79588 79597 79606
79617 79650 79625 79633 79641
79651 79691 79661 79671 79681
79692 79767 79710 79728 79746
79768 80153 79864 79960 80056
80154 80297 80189 80224 80259
80298 80418 80328 80358 80388
80419 80593 80462 80505 80548
80594 80681 80615 80636 80657
80682 81164 80802 80922 81042
81165 81297 81198 81231 81264
81298 81349 81310 81322 81334
81350 81454 81376 81402 81428
81455 81580 81486 81517 81548
81581 81623 81591 81601 81611
81624 81751 81655 81686 81717
81752 81832 81772 81792 81812
81833 81944 81860 81887 81914
81945 81994 81957 81969 81981
81995 82221 82051 82107 82163
82222 82323 82247 82272 82297
82324 82588 82390 82456 82522
82589 82725 82623 82657 82691
82726 82811 82747 82768 82789
82812 82897 82833 82854 82875
82898 83164 82964 83030 83096
83165 83343 83209 83253 83297
83344 83392 83356 83368 83380
83393 83471 83412 83431 83450
83472 83987 83600 83728 83856
83988 84191 84038 84088 84138
84192 84346 84230 84268 84306
84347 84677 84429 84511 84593
84678 84727 84690 84702 84714
84728 84856 84760 84792 84824
84857 84901 84868 84879 84890
84902 84943 84912 84922 84932
84944 85010 84960 84976 84992
85011 85245 85069 85127 85185
85246 85370 85277 85308 85339
85371 85612 85431 85491 85551
85613 85838 85669 85725 85781
85839 86668 86046 86253 86460
86669 87170 86794 86919 87044
87171 87568 87270 87369 87468
87569 87699 87601 87633 87665
87700 87723 87705 87710 87715
87724 87840 87753 87782 87811
87841 87864 87846 87851 87856
87865 87886 87870 87875 87880
87887 87919 87895 87903 87911
87920 87958 87929 87938 87947
87959 88091 87992 88025 88058
88092 88144 88105 88118 88131
88145 88170 88151 88157 88163
88171 88276 88197 88223 88249
88277 88332 88290 88303 88316
88333 88420 88354 88375 88396
88421 88456 88429 88437 88445
88457 88694 88516 88575 88634
88695 88797 88720 88745 88770
88798 88842 88809 88820 88831
88843 89195 88931 89019 89107
89196 89215 89200 89204 89208
89216 89253 89225 89234 89243
89254 89299 89265 89276 89287
89300 89339 89309 89318 89327
89340 89420 89360 89380 89400
89421 89482 89436 89451 89466
89483 89533 89495 89507 89519
89534 89621 89555 89576 89597
89622 89684 89637 89652 89667
89685 89737 89698 89711 89724
89738 89787 89750 89762 89774
89788 89830 89798 89808 89818
89831 89941 89858 89885 89912
89942 90239 89956 89970 90177
90240 90295 90253 90266 90279
90296 90574 90365 90434 90503
90575 90700 90606 90637 90668
90701 90863 90741 90781 90821
90864 90923 90878 90892 90906
90924 90942 90928 90932 90936
90943 91447 91069 91195 91321
91448 91801 91536 91624 91712
91802 93173 92144 92486 92828
93174 93685 93301 93428 93555
93686 93759 93704 93722 93740
93760 93943 93805 93850 93895
93944 94033 93966 93988 94010
94034 94116 94054 94074 94094
94117 94253 94151 94185 94219
94254 94308 94267 94280 94293
94309 94362 94322 94335 94348
94363 94411 94375 94387 94399
94412 94680 94479 94546 94613
94681 94892 94733 94785 94837
94893 95211 94972 95051 95130
95212 95314 95237 95262 95287
95315 95831 95444 95573 95702
95832 96048 95886 95940 95994
96049 96153 96075 96101 96127
96154 96226 96172 96190 96208
96227 96639 96330 96433 96536
96640 96696 96654 96668 96682
96697 96783 96718 96739 96760
96784 96829 96795 96806 96817
96830 96866 96839 96848 96857
96867 96898 96874 96881 96888
96899 96920 96904 96909 96914
96921 96952 96928 96935 96942
96953 97083 96985 97017 97049
97084 97154 97101 97118 97135
97155 97199 97166 97177 97188
97200 97349 97237 97274 97311
97350 97401 97362 97374 97386
97402 97574 97445 97488 97531
97575 98056 97695 97815 97935
98057 98162 98083 98109 98135
98163 98286 98193 98223 98253
98287 98361 98305 98323 98341
98362 98423 98377 98392 98407
98424 98525 98449 98474 98499
98526 98563 98535 98544 98553
98564 98614 98576 98588 98600
98615 98633 98619 98623 98627
98634 98705 98651 98668 98685
98706 98787 98726 98746 98766
98788 99212 98894 99000 99106
99213 99307 99236 99259 99282
99308 99377 99325 99342 99359
99378 99478 99403 99428 99453
99479 99575 99503 99527 99551
99576 99715 99610 99644 99678
99716 99775 99730 99744 99758
99776 99856 99796 99816 99836
99857 99941 99878 99899 99920
99942 99994 99955 99968 99981
99995 100033 100004 100013 100022
100034 100088 100047 100060 100073
100089 100140 100101 100113 100125
100141 100272 100173 100205 100237
100273 100355 100293 100313 100333
100356 100491 100389 100422 100455
100492 100543 100504 100516 100528
100544 100661 100573 100602 100631
100662 100718 100676 100690 100704
100719 100847 100751 100783 100815
100848 100883 100856 100864 100872
100884 100944 100899 100914 100929
100945 100990 100956 100967 100978
100991 101060 101008 101025 101042
101061 101189 101093 101125 101157
101190 101255 101206 101222 101238
101256 101332 101275 101294 101313
101333 101418 101354 101375 101396
101419 101544 101450 101481 101512
101545 101660 101573 101601 101629
101661 101937 101730 101799 101868
101938 102001 101953 101968 101983
102002 102086 102023 102044 102065
102087 102252 102128 102169 102210
102253 102312 102267 102281 102295
102313 102372 102327 102341 102355
102373 102432 102387 102401 102415
102433 102518 102454 102475 102496
102519 102575 102533 102547 102561
102576 102691 102604 102632 102660
102692 102780 102714 102736 102758
102781 102889 102808 102835 102862
102890 102944 102903 102916 102929
102945 103066 102975 103005 103035
103067 103132 103083 103099 103115
103133 103266 103166 103199 103232
103267 103308 103277 103287 103297
103309 103350 103319 103329 103339
103351 103389 103360 103369 103378
103390 103442 103403 103416 103429
103443 103499 103457 103471 103485
103500 103649 103537 103574 103611
103650 103752 103675 103700 103725
103753 103902 103790 103827 103864
103903 104003 103928 103953 103978
104004 104065 104019 104034 104049
104066 104200 104099 104132 104165
104201 104298 104225 104249 104273
104299 104363 104315 104331 104347
104364 104399 104372 104380 104388
104400 104465 104416 104432 104448
104466 104671 104517 104568 104619
104672 104735 104687 104702 104717
104736 104841 104762 104788 104814
104842 104969 104873 104904 104935
104970 105018 104977 104984 105012
105019 105131 105047 105075 105103
105132 105254 105162 105192 105222
105255 105374 105284 105313 105342
105375 105425 105387 105399 105411
105426 105679 105489 105552 105615
105680 105781 105705 105730 105755
105782 105840 105796 105810 105824
105841 105866 105847 105853 105859
105867 105954 105888 105909 105930
105955 106204 106017 106079 106141
106205 106506 106280 106355 106430
106507 106756 106569 106631 106693
106757 107360 106907 107057 107207
107361 107520 107400 107439 107478
107521 107622 107546 107571 107596
107623 107860 107682 107741 107800
107861 107926 107877 107893 107909
107927 107967 107937 107947 107957
107968 108017 107980 107992 108004
108018 108071 108031 108044 108057
108072 108203 108104 108136 108168
108204 108485 108274 108344 108414
108486 108683 108535 108584 108633
108684 108835 108721 108758 108795
108836 109180 108922 109008 109094
109181 109769 109328 109475 109622
109770 109812 109780 109790 109800
109813 109941 109845 109877 109909
109942 109979 109951 109960 109969
109980 110105 110011 110042 110073
110106 110186 110126 110146 110166
110187 110229 110197 110207 110217
110230 110257 110236 110242 110248
110258 110362 110284 110310 110336
110363 110439 110382 110401 110420
110440 110477 110449 110458 110467
110478 110500 110483 110488 110493
110501 110559 110515 110529 110543
110560 110642 110580 110600 110620
110643 110699 110657 110671 110685
110700 110855 110738 110776 110814
110856 111292 110965 111074 111183
111293 111451 111332 111371 111410
111452 111567 111480 111508 111536
111568 111633 111584 111600 111616
111634 111726 111657 111680 111703
111727 111877 111764 111801 111838
111878 111964 111899 111920 111941
111965 112154 112012 112059 112106
112155 112246 112177 112199 112221
112247 112307 112262 112277 112292
112308 112445 112342 112376 112410
112446 112503 112460 112474 112488
112504 112603 112528 112552 112576
112604 112677 112622 112640 112658
112678 112741 112693 112708 112723
112742 112885 112777 112812 112847
112886 113035 112923 112960 112997
113036 113140 113062 113088 113114
113141 113237 113165 113189 113213
113238 113304 113254 113270 113286
113305 113454 113342 113379 113416
113455 113685 113512 113569 113626
113686 113724 113695 113704 113713
113725 113894 113767 113809 113851
113895 113926 113902 113909 113916
113927 113964 113936 113945 113954
113965 113999 113973 113981 113989
114000 114097 114024 114048 114072
114098 114237 114132 114166 114200
114238 114303 114254 114270 114286
114304 114371 114320 114336 114352
114372 114656 114443 114514 114585
114657 114719 114672 114687 114702
114720 114823 114745 114770 114795
114824 115136 114902 114980 115058
115137 115306 115179 115221 115263
115307 115532 115363 115419 115475
115533 115617 115554 115575 115596
115618 115645 115624 115630 115636
115646 115679 115654 115662 115670
115680 116039 115769 115858 115947
116040 116214 116083 116126 116169
116215 116269 116228 116241 116254
116270 116659 116367 116464 116561
116660 117023 116750 116840 116930
117024 117169 117060 117096 117132
117170 117263 117193 117216 117239
117264 117491 117320 117376 117432
117492 117808 117571 117650 117729
117809 117942 117842 117875 117908
117943 118034 117965 117987 118009
118035 118291 118099 118163 118227
118292 118489 118341 118390 118439
118490 118547 118504 118518 118532
118548 118684 118582 118616 118650
118685 118830 118721 118757 118793
118831 118890 118845 118859 118873
118891 119045 118929 118967 119005
119046 119302 119110 119174 119238
119303 119497 119351 119399 119447
119498 119693 119546 119594 119642
119694 119741 119705 119716 119727
119742 119779 119751 119760 119769
119780 119816 119789 119798 119807
119817 119949 119850 119883 119916
119950 120158 119962 119974 120117
120159 120232 120177 120195 120213
120233 120369 120267 120301 120335
120370 120425 120383 120396 120409
120426 120466 120436 120446 120456
120467 120527 120482 120497 120512
120528 120592 120544 120560 120576
120593 120740 120629 120665 120701
120741 120931 120788 120835 120882
120932 121150 120986 121040 121094
121151 121322 121193 121235 121277
121323 121386 121338 121353 121368
121387 121438 121399 121411 121423
121439 121587 121476 121513 121550
121588 121729 121623 121658 121693
121730 121808 121749 121768 121787
121809 121860 121821 121833 121845
121861 121953 121884 121907 121930
121954 122169 122007 122060 122113
122170 122246 122189 122208 122227
122247 122297 122259 122271 122283
122298 122344 122309 122320 122331
122345 122673 122427 122509 122591
122674 123101 122780 122886 122992
123102 123956 123315 123528 123741
123957 124071 123985 124013 124041
124072 124303 124129 124186 124243
124304 124526 124359 124414 124469
124527 124634 124553 124579 124605
124635 124706 124652 124669 124686
124707 124753 124718 124729 124740
124754 124806 124767 124780 124793
124807 124923 124836 124865 124894
124924 125018 124947 124970 124993
125019 125047 125026 125033 125040
125048 125265 125102 125156 125210
125266 125305 125275 125284 125293
125306 125393 125327 125348 125369
125394 125450 125408 125422 125436
125451 125633 125496 125541 125586
125634 125879 125695 125756 125817
125880 125986 125906 125932 125958
125987 126026 125996 126005 126014
126027 126118 126049 126071 126093
126119 126226 126145 126171 126197
126227 126773 126363 126499 126635
126774 126860 126795 126816 126837
126861 126916 126874 126887 126900
126917 127086 126959 127001 127043
127087 127135 127099 127111 127123
127136 127224 127158 127180 127202
127225 127286 127240 127255 127270
127287 127478 127334 127381 127428
127479 127587 127506 127533 127560
127588 127641 127601 127614 127627
127642 127907 127708 127774 127840
127908 127950 127918 127928 127938
127951 128010 127965 127979 127993
128011 128037 128017 128023 128029
128038 128161 128068 128098 128128
128162 128223 128177 128192 128207
128224 128294 128241 128258 128275
128295 128368 128313 128331 128349
128369 128407 128378 128387 128396
128408 128453 128419 128430 128441
128454 128493 128463 128472 128481
128494 128512 128498 128502 128506
128513 128586 128531 128549 128567
128587 128621 128595 128603 128611
128622 128755 128655 128688 128721
128756 128892 128790 128824 128858
128893 128930 128902 128911 128920
128931 129161 128988 129045 129102
129162 129209 129173 129184 129195
129210 129599 129307 129404 129501
129600 130223 129755 129910 130065
130224 130333 130251 130278 130305
130334 130428 130357 130380 130403
130429 130478 130441 130453 130465
130479 130633 130517 130555 130593
130634 130673 130643 130652 130661
130674 130707 130682 130690 130698
130708 130914 130759 130810 130861
130915 131021 130941 130967 130993
131022 131217 131070 131118 131166
131218 131312 131241 131264 131287
131313 131518 131364 131415 131466
131519 131612 131542 131565 131588
131613 131788 131656 131699 131742
131789 131853 131805 131821 131837
131854 132014 131894 131934 131974
132015 132096 132035 132055 132075
132097 132226 132129 132161 132193
132227 132288 132242 132257 132272
132289 132378 132311 132333 132355
132379 132541 132419 132459 132499
132542 132626 132563 132584 132605
132627 132750 132657 132687 132717
132751 132875 132782 132813 132844
132876 132996 132906 132936 132966
132997 133098 133022 133047 133072
133099 133163 133115 133131 133147
133164 133473 133241 133318 133395
133474 134311 133683 133892 134101
134312 134382 134329 134346 134363
134383 134665 134453 134523 134593
134666 134715 134678 134690 134702
134716 134872 134755 134794 134833
134873 134945 134891 134909 134927
134946 135134 134959 134972 135099
135135 135261 135166 135197 135228
135262 135367 135288 135314 135340
135368 135469 135393 135418 135443
135470 135628 135509 135548 135587
135629 135678 135641 135653 135665
135679 135912 135737 135795 135853
135913 136000 135934 135955 135976
136001 136188 136047 136093 136139
136189 136249 136204 136219 136234
136250 136361 136277 136304 136331
136362 136416 136375 136388 136401
136417 136473 136431 136445 136459
136474 136526 136487 136500 136513
136527 136556 136534 136541 136548
136557 136626 136574 136591 136608
136627 136678 136639 136651 136663
136679 136847 136721 136763 136805
136848 136977 136880 136912 136944
136978 137101 137008 137038 137068
137102 137196 137125 137148 137171
137197 137247 137209 137221 137233
137248 137297 137260 137272 137284
137298 137386 137320 137342 137364
137387 137456 137404 137421 137438
137457 137580 137487 137517 137547
137581 137665 137602 137623 137644
137666 137879 137719 137772 137825
137880 137968 137902 137924 137946
137969 138017 137981 137993 138005
138018 138182 138059 138100 138141
138183 138322 138217 138251 138285
138323 138413 138345 138367 138389
138414 138461 138425 138436 138447
138462 138569 138488 138514 138540
138570 138683 138598 138626 138654
138684 138784 138709 138734 138759
138785 138851 138801 138817 138833
138852 138900 138864 138876 138888
138901 138972 138918 138935 138952
138973 139011 138982 138991 139000
139012 139149 139046 139080 139114
139150 139283 139183 139216 139249
139284 139392 139311 139338 139365
139393 139658 139459 139525 139591
139659 139755 139683 139707 139731
139756 139855 139780 139804 139828
139856 139934 139875 139894 139913
139935 140060 139966 139997 140028
140061 140169 140088 140115 140142
140170 140196 140176 140182 140188
140197 140347 140234 140271 140308
140348 140623 140416 140484 140552
140624 140715 140646 140668 140690
140716 140852 140750 140784 140818
140853 140914 140868 140883 140898
140915 140987 140933 140951 140969
140988 141026 140997 141006 141015
141027 141075 141039 141051 141063
141076 141136 141091 141106 141121
141137 141164 141143 141149 141155
141165 141314 141202 141239 141276
141315 141467 141353 141391 141429
141468 141741 141536 141604 141672
141742 142149 141843 141944 142045
142150 142212 142165 142180 142195
142213 142384 142255 142297 142339
142385 142448 142400 142415 142430
142449 142543 142472 142495 142518
142544 142607 142559 142574 142589
142608 142749 142643 142678 142713
142750 142806 142764 142778 142792
142807 142923 142836 142865 142894
142924 142981 142938 142952 142966
142982 143170 143029 143076 143123
143171 143396 143227 143283 143339
143397 143508 143424 143451 143478
143509 143560 143521 143533 143545
143561 143817 143625 143689 143753
143818 144409 143965 144112 144259
144410 144488 144429 144448 144467
144489 144583 144512 144535 144558
144584 144657 144602 144620 144638
144658 144724 144674 144690 144706
144725 144839 144753 144781 144809
144840 144984 144876 144912 144948
144985 145052 145001 145017 145033
145053 145090 145062 145071 145080
145091 145121 145098 145105 145112
145122 145178 145136 145150 145164
145179 145291 145207 145235 145263
145292 145349 145306 145320 145334
145350 145378 145357 145364 145371
145379 145405 145385 145391 145397
145406 145464 145420 145434 145448
145465 145509 145476 145487 145498
145510 145543 145518 145526 145534
145544 145721 145588 145632 145676
145722 145893 145764 145806 145848
145894 145949 145907 145920 145933
145950 146011 145965 145980 145995
146012 146048 146021 146030 146039
146049 146164 146077 146105 146133
146165 146214 146177 146189 146201
146215 146299 146236 146257 146278
146300 146338 146309 146318 146327
146339 146387 146351 146363 146375
146388 146431 146398 146408 146418
146432 146484 146445 146458 146471
146485 146549 146501 146517 146533
146550 146690 146585 146620 146655
146691 146868 146735 146779 146823
146869 146925 146883 146897 146911
146926 146998 146944 146962 146980
146999 147049 147011 147023 147035
147050 147106 147064 147078 147092
147107 147368 147172 147237 147302
147369 147413 147380 147391 147402
147414 147545 147446 147478 147510
147546 147809 147611 147676 147741
147810 147972 147850 147890 147930
147973 148008 147981 147989 147997
148009 148134 148040 148071 148102
148135 148276 148170 148205 148240
148277 148345 148294 148311 148328
148346 148389 148356 148366 148376
148390 148588 148439 148488 148537
148589 148664 148607 148625 148643
148665 148740 148683 148701 148719
148741 148830 148763 148785 148807
148831 148873 148841 148851 148861
148874 148917 148884 148894 148904
148918 148969 148930 148942 148954
148970 149044 148988 149006 149024
149045 149178 149078 149111 149144
149179 149260 149199 149219 149239
149261 149333 149279 149297 149315
149334 149480 149370 149406 149442
149481 149504 149486 149491 149496
149505 149554 149517 149529 149541
149555 149685 149587 149619 149651
149686 149757 149703 149720 149737
149758 149819 149773 149788 149803
149820 150038 149864 149908 150027
150039 150090 150051 150063 150075
150091 150173 150111 150131 150151
150174 150269 150197 150220 150243
150270 150292 150275 150280 150285
150293 150322 150300 150307 150314
150323 150423 150348 150373 150398
150424 150445 150429 150434 150439
150446 150692 150507 150568 150629
150693 150718 150699 150705 150711
150719 150742 150724 150729 150734
150743 150784 150753 150763 150773
150785 150820 150793 150801 150809
150821 150854 150829 150837 150845
150855 150894 150864 150873 150882
150895 150959 150911 150927 150943
150960 151186 151016 151072 151128
151187 151309 151217 151247 151277
151310 151370 151325 151340 151355
151371 151413 151381 151391 151401
151414 151550 151448 151482 151516
151551 151625 151569 151587 151605
151626 151692 151642 151658 151674
151693 151766 151711 151729 151747
151767 151813 151778 151789 151800
151814 151904 151836 151858 151880
151905 151998 151928 151951 151974
151999 152105 152025 152051 152077
152106 152257 152143 152180 152217
152258 152465 152309 152360 152411
152466 152505 152475 152484 152493
152506 152580 152524 152542 152560
152581 152637 152595 152609 152623
152638 152728 152660 152682 152704
152729 152788 152743 152757 152771
152789 152839 152801 152813 152825
152840 152931 152862 152884 152906
152932 153005 152950 152968 152986
153006 153129 153036 153066 153096
153130 153219 153152 153174 153196
153220 153287 153236 153252 153268
153288 153329 153298 153308 153318
153330 153370 153340 153350 153360
153371 153533 153411 153451 153491
153534 153657 153564 153594 153624
153658 153732 153676 153694 153712
153733 153961 153790 153847 153904
153962 154003 153972 153982 153992
154004 154143 154038 154072 154106
154144 154360 154198 154252 154306
154361 154417 154375 154389 154403
154418 154447 154425 154432 154439
154448 154487 154457 154466 154475
154488 154526 154497 154506 154515
154527 154576 154539 154551 154563
154577 154624 154588 154599 154610
154625 154666 154635 154645 154655
154667 154779 154695 154723 154751
154780 154852 154798 154816 154834
154853 154914 154868 154883 154898
154915 154932 154919 154923 154927
154933 154964 154940 154947 154954
154965 155048 154985 155005 155025
155049 155379 155131 155213 155295
155380 155484 155406 155432 155458
155485 155630 155521 155557 155593
155631 155693 155646 155661 155676
155694 155759 155710 155726 155742
155760 155885 155791 155822 155853
155886 155983 155910 155934 155958
155984 156097 156012 156040 156068
156098 156194 156122 156146 156170
156195 156270 156213 156231 156249
156271 156358 156292 156313 156334
156359 156377 156363 156367 156371
156378 156483 156404 156430 156456
156484 156515 156491 156498 156505
156516 156540 156522 156528 156534
156541 156576 156549 156557 156565
156577 156632 156590 156603 156616
156633 156945 156711 156789 156867
156946 157056 156973 157000 157027
157057 157133 157076 157095 157114
157134 157247 157162 157190 157218
157248 157365 157277 157306 157335
157366 157538 157409 157452 157495
157539 157595 157553 157567 157581
157596 157819 157651 157706 157761
157820 157929 157847 157874 157901
157930 158064 157963 157996 158029
158065 158285 158120 158175 158230
158286 158478 158334 158382 158430
158479 158514 158487 158495 158503
158515 158654 158549 158583 158617
158655 158698 158665 158675 158685
158699 158808 158726 158753 158780
158809 158845 158818 158827 158836
158846 158925 158865 158884 158903
158926 159044 158955 158984 159013
159045 159179 159078 159111 159144
159180 159354 159223 159266 159309
159355 159425 159372 159389 159406
159426 159480 159439 159452 159465
159481 159554 159499 159517 159535
159555 159628 159573 159591 159609
159629 159687 159643 159657 159671
159688 159757 159705 159722 159739
159758 159795 159767 159776 159785
159796 159826 159803 159810 159817
159827 159845 159831 159835 159839
159846 159870 159852 159858 159864
159871 159895 159877 159883 159889
159896 159934 159905 159914 159923
159935 159961 159941 159947 159953
159962 160013 159974 159986 159998
160014 160050 160023 160032 160041
160051 160107 160065 160079 160093
160108 160198 160130 160152 160174
160199 160277 160218 160237 160256
160278 160521 160338 160398 160458
160522 160563 160532 160542 160552
160564 160655 160586 160608 160630
160656 160739 160676 160696 160716
160740 160874 160773 160806 160839
160875 160918 160885 160895 160905
160919 160964 160930 160941 160952
160965 161007 160975 160985 160995
161008 161103 161031 161054 161077
161104 161166 161119 161134 161149
161167 161442 161235 161303 161371
161443 161843 161543 161643 161743
161844 162254 161946 162048 162150
162255 162346 162277 162299 162321
162347 162891 162483 162619 162755
162892 162939 162903 162914 162925
162940 163140 162990 163040 163090
163141 163247 163167 163193 163219
163248 163317 163265 163282 163299
163318 163474 163357 163396 163435
163475 163894 163579 163683 163787
163895 163987 163918 163941 163964
163988 164113 164019 164050 164081
164114 164276 164154 164194 164234
164277 164328 164289 164301 164313
164329 164495 164370 164411 164452
164496 164580 164517 164538 164559
164581 164726 164617 164653 164689
164727 164905 164771 164815 164859
164906 165064 164929 164952 165048
165065 165296 165122 165179 165236
165297 165378 165317 165337 165357
165379 165451 165397 165415 165433
165452 165553 165477 165502 165527
165554 165785 165611 165668 165725
165786 165984 165835 165884 165933
165985 166129 166021 166057 166093
166130 166330 166180 166230 166280
166331 166371 166341 166351 166361
166372 166488 166401 166430 166459
166489 166725 166548 166607 166666
166726 166809 166746 166766 166786
166810 166837 166816 166822 166828
166838 166872 166846 166854 166862
166873 167048 166916 166959 167002
167049 167291 167109 167169 167229
167292 167326 167300 167308 167316
167327 167403 167346 167365 167384
167404 167449 167415 167426 167437
167450 167499 167462 167474 167486
167500 167535 167508 167516 167524
167536 167654 167565 167594 167623
167655 167781 167686 167717 167748
167782 167844 167797 167812 167827
167845 167888 167855 167865 167875
167889 167932 167899 167909 167919
167933 167963 167940 167947 167954
167964 167999 167972 167980 167988
168000 168033 168008 168016 168024
168034 168122 168056 168078 168100
168123 168220 168147 168171 168195
168221 168246 168227 168233 168239
168247 168313 168263 168279 168295
168314 168368 168327 168340 168353
168369 168433 168385 168401 168417
168434 168470 168443 168452 168461
168471 168527 168485 168499 168513
168528 168583 168541 168554 168567
168584 168656 168602 168620 168638
168657 168734 168676 168695 168714
168735 168760 168741 168747 168753
168761 168933 168804 168847 168890
168934 168994 168949 168964 168979
168995 169054 169009 169023 169037
169055 169108 169068 169081 169094
169109 169134 169115 169121 169127
169135 169172 169144 169153 169162
169173 169262 169195 169217 169239
169263 169330 169279 169295 169311
169331 169357 169337 169343 169349
169358 169402 169369 169380 169391
169403 169456 169416 169429 169442
169457 169545 169479 169501 169523
169546 169574 169553 169560 169567
169575 169639 169591 169607 169623
169640 169667 169646 169652 169658
169668 169702 169676 169684 169692
169703 169726 169708 169713 169718
169727 169750 169732 169737 169742
169751 169799 169763 169775 169787
169800 169820 169805 169810 169815
169821 170213 169919 170017 170115
170214 170289 170232 170250 170268
170290 170385 170313 170336 170359
170386 170459 170404 170422 170440
170460 170527 170476 170492 170508
170528 170571 170538 170548 170558
170572 170610 170581 170590 170599
170611 170640 170618 170625 170632
170641 170685 170652 170663 170674
170686 170721 170694 170702 170710
170722 170739 170726 170730 170734
170740 170773 170748 170756 170764
170774 170793 170778 170782 170786
170794 170848 170807 170820 170833
170849 170868 170853 170857 170861
170869 171005 170903 170937 170971
171006 171075 171023 171040 171057
171076 171170 171099 171122 171145
171171 171227 171185 171199 171213
171228 171436 171280 171332 171384
171437 171500 171452 171467 171482
171501 171657 171540 171579 171618
171658 171738 171678 171698 171718
171739 171813 171757 171775 171793
171814 171959 171850 171886 171922
171960 172014 171973 171986 171999
172015 172251 172074 172133 172192
172252 172316 172268 172284 172300
172317 172434 172346 172375 172404
172435 172511 172454 172473 172492
172512 172603 172534 172556 172578
172604 172775 172646 172688 172730
172776 172919 172811 172846 172881
172920 173329 173022 173124 173226
173330 173487 173369 173408 173447
173488 173554 173504 173520 173536
173555 173623 173572 173589 173606
173624 173784 173664 173704 173744
173785 173816 173792 173799 173806
173817 173940 173847 173877 173907
173941 174004 173956 173971 173986
174005 174118 174033 174061 174089
174119 174277 174158 174197 174236
174278 174330 174291 174304 174317
174331 174419 174353 174375 174397
174420 174476 174434 174448 174462
174477 174547 174494 174511 174528
174548 174596 174560 174572 174584
174597 174759 174637 174677 174717
174760 174836 174779 174798 174817
174837 174888 174849 174861 174873
174889 174909 174894 174899 174904
174910 175025 174938 174966 174994
175026 175128 175051 175076 175101
175129 175264 175162 175195 175228
175265 175316 175277 175289 175301
175317 175424 175343 175369 175395
175425 175559 175458 175491 175524
175560 175766 175611 175662 175713
175767 176072 175843 175919 175995
176073 176212 176107 176141 176175
176213 176312 176237 176261 176285
176313 176395 176333 176353 176373
176396 176473 176415 176434 176453
176474 176505 176481 176488 176495
176506 176599 176529 176552 176575
176600 176665 176616 176632 176648
176666 176725 176680 176694 176708
176726 176761 176734 176742 176750
176762 176887 176793 176824 176855
176888 177056 176930 176972 177014
177057 177109 177070 177083 177096
177110 177326 177164 177218 177272
177327 177433 177353 177379 177405
177434 177545 177461 177488 177515
177546 177897 177633 177720 177807
177898 178281 177993 178088 178183
178282 178508 178338 178394 178450
178509 178666 178548 178587 178626
178667 178719 178680 178693 178706
178720 178813 178743 178766 178789
178814 178924 178841 178868 178895
178925 179092 178966 179007 179048
179093 179223 179125 179157 179189
179224 179275 179236 179248 179260
179276 179355 179295 179314 179333
179356 179462 179382 179408 179434
179463 179563 179488 179513 179538
179564 179664 179589 179614 179639
179665 179895 179722 179779 179836
179896 180002 179921 179946 180000
180003 180123 180033 180063 180093
180124 180206 180144 180164 180184
180207 180359 180245 180283 180321
180360 180573 180413 180466 180519
180574 180743 180616 180658 180700
180744 180882 180778 180812 180846
180883 180978 180906 180929 180952
180979 181206 181035 181091 181147
181207 181304 181231 181255 181279
181305 181406 181330 181355 181380
181407 181508 181432 181457 181482
181509 181625 181538 181567 181596
181626 181703 181645 181664 181683
181704 181812 181731 181758 181785
181813 181856 181823 181833 181843
181857 181925 181874 181891 181908
181926 182104 181970 182014 182058
182105 182157 182118 182131 182144
182158 182239 182178 182198 182218
182240 182551 182317 182394 182471
182552 182609 182566 182580 182594
182610 182655 182621 182632 182643
182656 182790 182689 182722 182755
182791 182896 182817 182843 182869
182897 183174 182966 183035 183104
183175 183228 183188 183201 183214
183229 183762 183362 183495 183628
183763 183964 183813 183863 183913
183965 184028 183980 183995 184010
184029 184113 184050 184071 184092
184114 184178 184130 184146 184162
184179 184306 184210 184241 184272
184307 184364 184321 184335 184349
184365 184611 184426 184487 184548
184612 184899 184683 184754 184825
184900 185131 184957 185014 185071
185132 185225 185155 185178 185201
185226 185369 185261 185296 185331
185370 185424 185383 185396 185409
185425 185635 185477 185529 185581
185636 185733 185660 185684 185708
185734 185788 185747 185760 185773
185789 185842 185802 185815 185828
185843 185938 185866 185889 185912
185939 186104 185980 186021 186062
186105 186324 186159 186213 186267
186325 186418 186348 186371 186394
186419 186546 186450 186481 186512
186547 186594 186558 186569 186580
186595 186741 186631 186667 186703
186742 187697 186980 187218 187456
187698 188124 187804 187910 188016
188125 188482 188214 188303 188392
188483 188545 188498 188513 188528
188546 188601 188559 188572 188585
188602 188656 188615 188628 188641
188657 188680 188662 188667 188672
188681 188712 188688 188695 188702
188713 188741 188720 188727 188734
188742 188809 188758 188774 188790
188810 188883 188828 188846 188864
188884 189043 188923 188962 189001
189044 189125 189064 189084 189104
189126 189151 189132 189138 189144
189152 189226 189170 189188 189206
189227 189422 189275 189323 189371
189423 189462 189432 189441 189450
189463 189518 189476 189489 189502
189519 189633 189547 189575 189603
189634 190141 189760 189886 190012
190142 190258 190171 190200 190229
190259 190391 190292 190325 190358
190392 190464 190410 190428 190446
190465 190533 190482 190499 190516
190534 190601 190550 190566 190582
190602 190657 190615 190628 190641
190658 190714 190672 190686 190700
190715 190762 190726 190737 190748
190763 190949 190809 190855 190901
190950 192012 191215 191480 191745
192013 192189 192057 192101 192145
192190 192439 192252 192314 192376
192440 192488 192452 192464 192476
192489 192591 192514 192539 192564
192592 192647 192605 192618 192631
192648 192707 192662 192676 192690
192708 192761 192721 192734 192747
192762 192807 192773 192784 192795
192808 192877 192825 192842 192859
192878 192967 192900 192922 192944
192968 193011 192978 192988 192998
193012 193129 193041 193070 193099
193130 193325 193178 193226 193274
193326 193417 193348 193370 193392
193418 193497 193437 193456 193475
193498 193856 193587 193676 193765
193857 194216 193946 194035 194124
194217 194363 194253 194289 194325
194364 194456 194387 194410 194433
194457 194610 194495 194533 194571
194611 194713 194636 194661 194686
194714 194898 194760 194806 194852
194899 195015 194924 194949 195009
195016 195167 195053 195090 195127
195168 195299 195200 195232 195264
195300 195501 195350 195400 195450
195502 195563 195517 195532 195547
195564 195842 195633 195702 195771
195843 195960 195872 195901 195930
195961 196271 196038 196115 196192
196272 196666 196370 196468 196566
196667 196838 196709 196751 196793
196839 197169 196921 197003 197085
197170 197307 197204 197238 197272
197308 197450 197343 197378 197413
197451 197515 197467 197483 197499
197516 197680 197557 197598 197639
197681 197699 197685 197689 197693
197700 197811 197727 197754 197781
197812 197851 197821 197830 197839
197852 197923 197869 197886 197903
197924 197976 197937 197950 197963
197977 198018 197987 197997 198007
198019 198126 198045 198071 198097
198127 198169 198137 198147 198157
198170 198209 198179 198188 198197
198210 198241 198217 198224 198231
198242 198262 198247 198252 198257
198263 198555 198336 198409 198482
198556 198840 198627 198698 198769
198841 199057 198895 198949 199003
199058 199076 199062 199066 199070
199077 199123 199088 199099 199110
199124 199246 199154 199184 199214
199247 199311 199263 199279 199295
199312 199455 199347 199382 199417
199456 199564 199483 199510 199537
199565 199778 199618 199671 199724
199779 200043 199845 199911 199977
200044 200571 200175 200306 200437
200572 200924 200660 200748 200836
200925 201020 200948 200971 200994
201021 201044 201026 201031 201036
201045 201092 201056 201067 201078
201093 201267 201136 201179 201222
201268 201490 201323 201378 201433
201491 201567 201510 201529 201548
201568 201643 201586 201604 201622
201644 202062 201748 201852 201956
202063 202114 202075 202087 202099
202115 202210 202138 202161 202184
202211 202426 202264 202317 202370
202427 202512 202448 202469 202490
202513 202541 202520 202527 202534
202542 202568 202548 202554 202560
202569 202587 202573 202577 202581
202588 202617 202595 202602 202609
202618 202779 202658 202698 202738
202780 202966 202826 202872 202918
202967 203162 203015 203063 203111
203163 203300 203197 203231 203265
203301 203457 203340 203379 203418
203458 203541 203478 203498 203518
203542 203644 203567 203592 203617
203645 203683 203654 203663 203672
203684 203943 203748 203812 203876
203944 204048 203970 203996 204022
204049 204101 204062 204075 204088
204102 204187 204123 204144 204165
204188 204262 204206 204224 204242
204263 204485 204318 204373 204428
204486 204742 204550 204614 204678
204743 204918 204786 204829 204872
204919 205152 204977 205035 205093
205153 205179 205159 205165 205171
205180 205398 205234 205288 205342
205399 205562 205439 205479 205519
205563 205629 205579 205595 205611
205630 205721 205652 205674 205696
205722 205764 205732 205742 205752
205765 205907 205800 205835 205870
205908 205971 205923 205938 205953
205972 206129 206011 206050 206089
206130 206184 206143 206156 206169
206185 206643 206299 206413 206527
206644 206918 206712 206780 206848
206919 206968 206931 206943 206955
206969 207014 206980 206991 207002
207015 207044 207022 207029 207036
207045 207061 207049 207053 207057
207062 207082 207067 207072 207077
207083 207101 207087 207091 207095
207102 207130 207109 207116 207123
207131 207157 207137 207143 207149
207158 207185 207164 207170 207176
207186 207209 207191 207196 207201
207210 207264 207223 207236 207249
207265 207331 207281 207297 207313
207332 207430 207356 207380 207404
207431 207691 207496 207561 207626
207692 207762 207709 207726 207743
207763 207939 207807 207851 207895
207940 207962 207945 207950 207955
207963 207994 207970 207977 207984
207995 208017 208000 208005 208010
208018 208054 208027 208036 208045
208055 208088 208063 208071 208079
208089 208122 208097 208105 208113
208123 208148 208129 208135 208141
208149 208168 208153 208157 208161
208169 208186 208173 208177 208181
208187 208323 208221 208255 208289
208324 208355 208331 208338 208345
208356 208450 208379 208402 208425
208451 208500 208463 208475 208487
208501 209833 208834 209167 209500
209834 210635 209875 209916 210474
210636 210936 210711 210786 210861
210937 211105 210979 211021 211063
211106 211748 211266 211426 211586
211749 211833 211770 211791 211812
211834 211951 211863 211892 211921
211952 212149 212001 212050 212099
212150 212302 212188 212226 212264
212303 212315 212306 212309 212312
212316 212350 212324 212332 212340
212351 212377 212357 212363 212369
212378 212399 212383 212388 212393
212400 212585 212446 212492 212538
212586 212618 212594 212602 212610
212619 212924 212695 212771 212847
212925 212960 212933 212941 212949
212961 213044 212981 213001 213021
213045 213101 213059 213073 213087
213102 213137 213110 213118 213126
213138 213182 213149 213160 213171
213183 213284 213208 213233 213258
213285 213361 213304 213323 213342
213362 213467 213388 213414 213440
213468 213661 213516 213564 213612
213662 213703 213672 213682 213692
213704 213750 213715 213726 213737
213751 213781 213758 213765 213772
213782 213823 213792 213802 213812
213824 213893 213841 213858 213875
213894 213941 213905 213916 213927
213942 213991 213954 213966 213978
213992 214085 214015 214038 214061
214086 214135 214098 214110 214122
214136 214221 214157 214178 214199
214222 214265 214232 214242 214252
214266 214307 214276 214286 214296
214308 214361 214321 214334 214347
214362 214424 214377 214392 214407
214425 214485 214440 214455 214470
214486 214538 214499 214512 214525
214539 214584 214550 214561 214572
214585 214637 214598 214611 214624
214638 214714 214657 214676 214695
214715 214796 214735 214755 214775
214797 214946 214834 214871 214908
214947 214980 214955 214963 214971
214981 215007 214987 214993 214999
215008 215221 215061 215114 215167
215222 215509 215293 215364 215435
215510 215580 215527 215544 215561
215581 215634 215594 215607 215620
215635 215664 215642 215649 215656
215665 215702 215674 215683 215692
215703 215760 215717 215731 215745
215761 215872 215788 215815 215842
215873 215898 215879 215885 215891
215899 215995 215923 215947 215971
215996 216071 216014 216032 216050
216072 216127 216085 216098 216111
216128 216191 216143 216158 216173
216192 216329 216226 216260 216294
216330 216417 216351 216372 216393
216418 216545 216449 216480 216511
216546 216875 216628 216710 216792
216876 216907 216883 216890 216897
216908 216932 216914 216920 216926
216933 217138 216984 217035 217086
217139 217349 217191 217243 217295
217350 217453 217375 217400 217425
217454 217600 217490 217526 217562
217601 217744 217636 217671 217706
217745 217807 217760 217775 217790
217808 218045 217867 217926 217985
218046 218239 218094 218142 218190
218240 218408 218282 218324 218366
218409 218467 218423 218437 218451
218468 218496 218475 218482 218489
218497 218528 218504 218511 218518
218529 218657 218561 218593 218625
218658 218844 218704 218750 218796
218845 218898 218858 218871 218884
218899 218962 218914 218929 218944
218963 219017 218976 218989 219002
219018 219081 219033 219048 219063
219082 219111 219089 219096 219103
219112 219359 219173 219234 219295
219360 219413 219373 219386 219399
219414 219501 219435 219456 219477
219502 219542 219512 219522 219532
219543 219656 219571 219599 219627
219657 220057 219757 219857 219957
220058 220506 220170 220282 220394
220507 220690 220552 220597 220642
220691 220886 220739 220787 220835
220887 221175 220959 221031 221103
221176 221382 221227 221278 221329
221383 221588 221434 221485 221536
221589 221672 221609 221629 221649
221673 221737 221689 221705 221721
221738 221953 221791 221844 221897
221954 221991 221963 221972 221981
221992 222036 222003 222014 222025
222037 222104 222053 222069 222085
222105 222155 222117 222129 222141
222156 222193 222165 222174 222183
222194 222250 222208 222222 222236
222251 222309 222265 222279 222293
222310 222336 222316 222322 222328
222337 222396 222351 222365 222379
222397 222433 222406 222415 222424
222434 222466 222442 222450 222458
222467 222505 222476 222485 222494
222506 222554 222518 222530 222542
222555 222647 222578 222601 222624
222648 222708 222663 222678 222693
222709 222739 222716 222723 222730
222740 222765 222746 222752 222758
222766 222798 222774 222782 222790
222799 222847 222811 222823 222835
222848 222892 222859 222870 222881
222893 222969 222912 222931 222950
222970 222998 222977 222984 222991
222999 223063 223015 223031 223047
223064 223113 223076 223088 223100
223114 223410 223188 223262 223336
223411 223434 223416 223421 223426
223435 223463 223442 223449 223456
223464 223486 223469 223474 223479
223487 223670 223532 223577 223622
223671 223789 223700 223729 223758
223790 223947 223829 223868 223907
223948 224017 223965 223982 223999
224018 224121 224043 224068 224093
224122 224152 224129 224136 224143
224153 224227 224171 224189 224207
224228 224299 224245 224262 224279
224300 224387 224321 224342 224363
224388 224704 224467 224546 224625
224705 224832 224736 224767 224798
224833 224857 224839 224845 224851
224858 224881 224863 224868 224873
224882 224899 224886 224890 224894
224900 224962 224915 224930 224945
224963 225347 224972 224981 225258
225348 225396 225360 225372 225384
225397 225437 225407 225417 225427
225438 225494 225452 225466 225480
225495 226086 225642 225789 225936
226087 226359 226155 226223 226291
226360 226589 226417 226474 226531
226590 226746 226629 226668 226707
226747 226804 226761 226775 226789
226805 226823 226809 226813 226817
226824 227031 226875 226926 226977
227032 227115 227052 227072 227092
227116 227423 227192 227268 227344
227424 227445 227429 227434 227439
227446 227462 227450 227454 227458
227463 227491 227470 227477 227484
227492 227567 227510 227528 227546
227568 227605 227577 227586 227595
227606 227745 227640 227674 227708
227746 227866 227776 227806 227836
227867 228030 227907 227947 227987
228031 228316 228102 228173 228244
228317 228359 228327 228337 228347
228360 228534 228403 228446 228489
228535 228568 228543 228551 228559
228569 228787 228623 228677 228731
228788 228903 228816 228844 228872
228904 229155 228966 229028 229090
229156 229222 229172 229188 229204
229223 229380 229262 229301 229340
229381 229418 229390 229399 229408
229419 229480 229434 229449 229464
229481 229541 229496 229511 229526
229542 229695 229580 229618 229656
229696 229814 229725 229754 229783
229815 230345 229947 230079 230211
230346 230514 230388 230430 230472
230515 230696 230560 230605 230650
230697 231109 230800 230903 231006
231110 231145 231118 231126 231134
231146 231190 231157 231168 231179
231191 231270 231210 231229 231248
231271 231383 231299 231327 231355
231384 231476 231407 231430 231453
231477 231647 231519 231561 231603
231648 231781 231681 231714 231747
231782 231992 231834 231886 231938
231993 232236 232053 232113 232173
232237 232763 232368 232499 232630
232764 232871 232790 232816 232842
232872 232993 232902 232932 232962
232994 233123 233026 233058 233090
233124 233297 233167 233210 233253
233298 233651 233386 233474 233562
233652 233721 233669 233686 233703
233722 233986 233788 233854 233920
233987 234821 234195 234403 234611
234822 235469 234983 235144 235305
235470 236726 235784 236098 236412
236727 236758 236734 236741 236748
236759 236797 236768 236777 236786
236798 236957 236837 236876 236915
236958 237043 236979 237000 237021
237044 237242 237093 237142 237191
237243 237304 237258 237273 237288
237305 238203 237529 237753 237977
238204 238696 238327 238450 238573
238697 239300 238847 238997 239147
239301 239760 239415 239529 239643
239761 239779 239765 239769 239773
239780 239828 239792 239804 239816
239829 239851 239834 239839 239844
239852 239883 239859 239866 239873
239884 239901 239888 239892 239896
239902 239955 239915 239928 239941
239956 240151 239966 239976 240111
240152 240285 240185 240218 240251
240286 240533 240347 240408 240469
240534 240715 240579 240624 240669
240716 240830 240744 240772 240800
240831 240849 240835 240839 240843
240850 240866 240854 240858 240862
240867 240968 240892 240917 240942
240969 241025 240983 240997 241011
241026 241096 241043 241060 241077
241097 241122 241103 241109 241115
241123 241148 241129 241135 241141
241149 241169 241154 241159 241164
241170 241226 241184 241198 241212
241227 241262 241235 241243 241251
241263 241282 241267 241271 241275
241283 241341 241297 241311 241325
241342 241385 241352 241362 241372
241386 241429 241396 241406 241416
241430 241524 241453 241476 241499
241525 241603 241544 241563 241582
241604 241620 241608 241612 241616
241621 241673 241634 241647 241660
241674 241746 241692 241710 241728
241747 241798 241759 241771 241783
241799 241835 241808 241817 241826
241836 241898 241851 241866 241881
241899 241976 241918 241937 241956
241977 242033 241991 242005 242019
242034 242117 242054 242074 242094
242118 242148 242125 242132 242139
242149 242284 242182 242215 242248
242285 242484 242334 242383 242432
242485 242545 242500 242515 242530
242546 242593 242557 242568 242579
242594 242635 242604 242614 242624
242636 242872 242695 242754 242813
242873 242927 242886 242899 242912
242928 242978 242940 242952 242964
242979 242999 242984 242989 242994
243000 243039 243009 243018 243027
243040 243077 243049 243058 243067
243078 243360 243148 243218 243288
243361 243409 243373 243385 243397
243410 243435 243416 243422 243428
243436 243531 243459 243482 243505
243532 243630 243556 243580 243604
243631 243756 243662 243693 243724
243757 243777 243762 243767 243772
243778 243835 243792 243806 243820
243836 243864 243843 243850 243857
243865 243912 243876 243887 243898
243913 243933 243918 243923 243928
243934 243960 243940 243946 243952
243961 243980 243965 243969 243973
243981 244102 244011 244041 244071
244103 244213 244130 244157 244184
244214 244314 244239 244264 244289
244315 244528 244368 244421 244474
244529 244844 244607 244685 244763
244845 244877 244853 244861 244869
244878 245367 245000 245122 245244
245368 245702 245451 245534 245617
245703 245787 245724 245745 245766
245788 245833 245799 245810 245821
245834 245972 245868 245902 245936
245973 246104 246005 246037 246069
246105 246203 246129 246153 246177
246204 246295 246226 246248 246270
246296 246428 246329 246362 246395
246429 246652 246484 246539 246594
246653 246796 246688 246723 246758
246797 246864 246813 246829 246845
246865 246890 246871 246877 246883
246891 246946 246904 246917 246930
246947 256547 248960 250973 256158
