0 54 13 26 39
55 520 171 287 403
521 2020 895 1269 1643
2021 2677 2185 2349 2513
2678 3432 2866 3054 3242
3433 3535 3458 3483 3508
3536 3840 3612 3688 3764
3841 3904 3856 3871 3886
3905 4192 3976 4047 4118
4193 4263 4210 4227 4244
4264 4294 4271 4278 4285
4295 4311 4299 4303 4307
4312 4445 4345 4378 4411
4446 4582 4480 4514 4548
4583 4630 4594 4605 4616
4631 4670 4640 4649 4658
4671 4777 4697 4723 4749
4778 4818 4788 4798 4808
4819 4866 4830 4841 4852
4867 4935 4884 4901 4918
4936 4991 4949 4962 4975
4992 5090 5016 5040 5064
5091 5128 5100 5109 5118
5129 5171 5139 5149 5159
5172 5252 5192 5212 5232
5253 5296 5263 5273 5283
5297 5320 5302 5307 5312
5321 5373 5334 5347 5360
5374 5429 5387 5400 5413
5430 5516 5451 5472 5493
5517 5611 5540 5563 5586
5612 5646 5620 5628 5636
5647 5824 5691 5735 5779
5825 5994 5867 5909 5951
5995 6331 6079 6163 6247
6332 6427 6355 6378 6401
6428 6626 6477 6526 6575
6627 6743 6656 6685 6714
6744 6801 6758 6772 6786
6802 6854 6815 6828 6841
6855 6912 6869 6883 6897
6913 7006 6936 6959 6982
7007 7203 7056 7105 7154
7204 7332 7236 7268 7300
7333 7470 7367 7401 7435
7471 7571 7496 7521 7546
7572 7615 7582 7592 7602
7616 7880 7682 7748 7814
7881 7956 7899 7917 7935
7957 8233 8026 8095 8164
8234 8358 8265 8296 8327
8359 8400 8369 8379 8389
8401 8490 8423 8445 8467
8491 8524 8499 8507 8515
8525 8587 8540 8555 8570
8588 8635 8599 8610 8621
8636 8690 8649 8662 8675
8691 8756 8707 8723 8739
8757 9158 8857 8957 9057
9159 9572 9262 9365 9468
9573 9716 9608 9643 9678
9717 9820 9742 9767 9792
9821 9860 9830 9839 9848
9861 9922 9876 9891 9906
9923 10181 9987 10051 10115
10182 10789 10333 10484 10635
10790 11297 10916 11042 11168
11298 11390 11321 11344 11367
11391 11437 11402 11413 11424
11438 11488 11450 11462 11474
11489 11510 11494 11499 11504
11511 11712 11561 11611 11661
11713 11760 11724 11735 11746
11761 11911 11798 11835 11872
11912 11951 11921 11930 11939
11952 11997 11963 11974 11985
11998 12084 12019 12040 12061
12085 12133 12097 12109 12121
12134 12197 12149 12164 12179
12198 12280 12218 12238 12258
12281 12335 12294 12307 12320
12336 12367 12343 12350 12357
12368 12438 12385 12402 12419
12439 12499 12454 12469 12484
12500 12633 12533 12566 12599
12634 12795 12674 12714 12754
12796 13809 13049 13302 13555
13810 13875 13826 13842 13858
13876 13932 13890 13904 13918
13933 14172 13992 14051 14110
14173 14200 14179 14185 14191
14201 14244 14211 14221 14231
14245 14268 14250 14255 14260
14269 14314 14280 14291 14302
14315 14335 14320 14325 14330
14336 14376 14346 14356 14366
14377 14408 14384 14391 14398
14409 14432 14414 14419 14424
14433 14523 14455 14477 14499
14524 14583 14538 14552 14566
14584 14632 14596 14608 14620
14633 14737 14659 14685 14711
14738 14793 14751 14764 14777
14794 14847 14807 14820 14833
14848 14890 14858 14868 14878
14891 14925 14899 14907 14915
14926 15050 14944 14962 15036
15051 15157 15077 15103 15129
15158 15256 15182 15206 15230
15257 15301 15268 15279 15290
15302 15368 15318 15334 15350
15369 15385 15373 15377 15381
15386 15427 15396 15406 15416
15428 15464 15437 15446 15455
15465 15524 15479 15493 15507
15525 15560 15533 15541 15549
15561 15617 15575 15589 15603
15618 15649 15625 15632 15639
15650 15711 15665 15680 15695
15712 15829 15741 15770 15799
15830 15891 15845 15860 15875
15892 15934 15902 15912 15922
15935 15995 15950 15965 15980
15996 16108 16024 16052 16080
16109 16132 16114 16119 16124
16133 16167 16141 16149 16157
16168 16204 16177 16186 16195
16205 16312 16231 16257 16283
16313 16447 16346 16379 16412
16448 16496 16460 16472 16484
16497 16536 16506 16515 16524
16537 16581 16548 16559 16570
16582 16645 16597 16612 16627
16646 16752 16672 16698 16724
16753 17391 16912 17071 17230
17392 17780 17489 17586 17683
17781 17819 17790 17799 17808
17820 17864 17831 17842 17853
17865 18124 17929 17993 18057
18125 18189 18141 18157 18173
18190 18241 18202 18214 18226
18242 18364 18272 18302 18332
18365 18493 18397 18429 18461
18494 18554 18509 18524 18539
18555 18582 18561 18567 18573
18583 18607 18589 18595 18601
18608 18639 18615 18622 18629
18640 18656 18644 18648 18652
18657 18683 18663 18669 18675
18684 18816 18717 18750 18783
18817 18976 18856 18895 18934
18977 19049 18995 19013 19031
19050 19091 19060 19070 19080
19092 19242 19129 19166 19203
19243 19295 19256 19269 19282
19296 19377 19316 19336 19356
19378 19441 19393 19408 19423
19442 19639 19491 19540 19589
19640 19661 19645 19650 19655
19662 19687 19668 19674 19680
19688 19713 19694 19700 19706
19714 19749 19722 19730 19738
19750 19829 19769 19788 19807
19830 20031 19880 19930 19980
20032 20103 20049 20066 20083
20104 20128 20110 20116 20122
20129 20265 20163 20197 20231
20266 20341 20284 20302 20320
20342 20467 20373 20404 20435
20468 20559 20490 20512 20534
20560 20604 20571 20582 20593
20605 20743 20639 20673 20707
20744 21075 20826 20908 20990
21076 21320 21137 21198 21259
21321 21499 21365 21409 21453
21500 21590 21522 21544 21566
21591 21764 21634 21677 21720
21765 21839 21783 21801 21819
21840 21943 21865 21890 21915
21944 21984 21954 21964 21974
21985 22024 21994 22003 22012
22025 22064 22034 22043 22052
22065 22103 22074 22083 22092
22104 22157 22117 22130 22143
22158 22217 22172 22186 22200
22218 22298 22238 22258 22278
22299 22477 22343 22387 22431
22478 22605 22509 22540 22571
22606 22703 22630 22654 22678
22704 22790 22725 22746 22767
22791 23047 22855 22919 22983
23048 23086 23057 23066 23075
23087 23215 23119 23151 23183
23216 23288 23234 23252 23270
23289 23320 23296 23303 23310
23321 23348 23327 23333 23339
23349 23370 23354 23359 23364
23371 23400 23378 23385 23392
23401 23441 23411 23421 23431
23442 23465 23447 23452 23457
23466 23514 23478 23490 23502
23515 23795 23585 23655 23725
23796 23870 23814 23832 23850
23871 23914 23881 23891 23901
23915 23993 23934 23953 23972
23994 24020 24000 24006 24012
24021 24093 24039 24057 24075
24094 24138 24105 24116 24127
24139 24300 24179 24219 24259
24301 24401 24326 24351 24376
24402 24429 24408 24414 24420
24430 24650 24485 24540 24595
24651 24759 24678 24705 24732
24760 24789 24767 24774 24781
24790 24844 24803 24816 24829
24845 24888 24855 24865 24875
24889 24991 24914 24939 24964
24992 25117 25023 25054 25085
25118 25221 25143 25168 25193
25222 25535 25300 25378 25456
25536 25572 25545 25554 25563
25573 25695 25603 25633 25663
25696 25809 25724 25752 25780
25810 25852 25820 25830 25840
25853 26049 25902 25951 26000
26050 26092 26060 26070 26080
26093 26133 26103 26113 26123
26134 26219 26155 26176 26197
26220 26332 26248 26276 26304
26333 26380 26344 26355 26366
26381 26449 26398 26415 26432
26450 26483 26458 26466 26474
26484 26569 26505 26526 26547
26570 26707 26604 26638 26672
26708 26768 26723 26738 26753
26769 26799 26776 26783 26790
26800 26846 26811 26822 26833
26847 26920 26865 26883 26901
26921 27049 26953 26985 27017
27050 27095 27061 27072 27083
27096 27345 27158 27220 27282
27346 27418 27364 27382 27400
27419 27504 27440 27461 27482
27505 27596 27527 27549 27571
27597 27662 27613 27629 27645
27663 27697 27671 27679 27687
27698 27780 27718 27738 27758
27781 27853 27799 27817 27835
27854 27885 27861 27868 27875
27886 27965 27905 27924 27943
27966 28036 27983 28000 28017
28037 28105 28054 28071 28088
28106 28207 28131 28156 28181
28208 28293 28229 28250 28271
28294 28342 28306 28318 28330
28343 28400 28357 28371 28385
28401 28502 28426 28451 28476
28503 28573 28520 28537 28554
28574 28736 28614 28654 28694
28737 28778 28747 28757 28767
28779 28815 28788 28797 28806
28816 28840 28822 28828 28834
28841 28865 28847 28853 28859
28866 28891 28872 28878 28884
28892 29089 28941 28990 29039
29090 29170 29110 29130 29150
29171 29216 29182 29193 29204
29217 29326 29244 29271 29298
29327 29528 29377 29427 29477
29529 29633 29555 29581 29607
29634 29704 29651 29668 29685
29705 29779 29723 29741 29759
29780 29871 29802 29824 29846
29872 29918 29883 29894 29905
29919 29965 29930 29941 29952
29966 30015 29974 29982 30009
30016 30115 30040 30064 30088
30116 30140 30122 30128 30134
30141 30188 30152 30163 30174
30189 30408 30243 30297 30351
30409 30503 30432 30455 30478
30504 30592 30526 30548 30570
30593 30673 30613 30633 30653
30674 30762 30696 30718 30740
30763 30794 30770 30777 30784
30795 30905 30822 30849 30876
30906 30987 30926 30946 30966
30988 31066 31007 31026 31045
31067 31117 31079 31091 31103
31118 31184 31134 31150 31166
31185 31242 31199 31213 31227
31243 31327 31264 31285 31306
31328 31418 31350 31372 31394
31419 31594 31462 31505 31548
31595 31626 31602 31609 31616
31627 31647 31632 31637 31642
31648 31683 31656 31664 31672
31684 31750 31700 31716 31732
31751 31790 31760 31769 31778
31791 31837 31802 31813 31824
31838 31896 31852 31866 31880
31897 32025 31929 31961 31993
32026 32063 32035 32044 32053
32064 32103 32073 32082 32091
32104 32321 32158 32212 32266
32322 32424 32347 32372 32397
32425 32482 32439 32453 32467
32483 32639 32522 32561 32600
32640 32680 32650 32660 32670
32681 32755 32699 32717 32735
32756 32787 32763 32770 32777
32788 32814 32794 32800 32806
32815 32894 32834 32853 32872
32895 32929 32903 32911 32919
32930 32984 32943 32956 32969
32985 33031 32996 33007 33018
33032 33173 33067 33102 33137
33174 33239 33190 33206 33222
33240 33270 33247 33254 33261
33271 33306 33279 33287 33295
33307 33431 33338 33369 33400
33432 33458 33438 33444 33450
33459 33479 33464 33469 33474
33480 33506 33486 33492 33498
33507 33587 33527 33547 33567
33588 33644 33602 33616 33630
33645 33720 33663 33681 33699
33721 33850 33753 33785 33817
33851 33965 33879 33907 33935
33966 34217 34028 34090 34152
34218 34306 34240 34262 34284
34307 34719 34410 34513 34616
34720 35010 34792 34864 34936
35011 35118 35037 35063 35089
35119 35186 35135 35151 35167
35187 35336 35224 35261 35298
35337 35454 35366 35395 35424
35455 35553 35479 35503 35527
35554 35658 35580 35606 35632
35659 35697 35668 35677 35686
35698 35755 35712 35726 35740
35756 35818 35771 35786 35801
35819 35869 35831 35843 35855
35870 35924 35883 35896 35909
35925 35966 35935 35945 35955
35967 36020 35980 35993 36006
36021 36341 36101 36181 36261
36342 36428 36363 36384 36405
36429 36477 36441 36453 36465
36478 36545 36494 36510 36526
36546 36744 36595 36644 36693
36745 36916 36787 36829 36871
36917 36959 36927 36937 36947
36960 37092 36993 37026 37059
37093 37337 37154 37215 37276
37338 37371 37346 37354 37362
37372 37447 37390 37408 37426
37448 37559 37475 37502 37529
37560 37617 37574 37588 37602
37618 37663 37629 37640 37651
37664 37709 37675 37686 37697
37710 38678 37952 38194 38436
38679 38746 38695 38711 38727
38747 38914 38788 38829 38870
38915 38953 38924 38933 38942
38954 39050 38978 39002 39026
39051 39157 39077 39103 39129
39158 39568 39260 39362 39464
39569 39664 39592 39615 39638
39665 39820 39703 39741 39779
39821 40097 39890 39959 40028
40098 40147 40110 40122 40134
40148 40231 40168 40188 40208
40232 40270 40241 40250 40259
40271 40360 40293 40315 40337
40361 40428 40377 40393 40409
40429 40490 40444 40459 40474
40491 40592 40516 40541 40566
40593 40658 40609 40625 40641
40659 40703 40670 40681 40692
40704 40749 40715 40726 40737
40750 40827 40769 40788 40807
40828 40868 40838 40848 40858
40869 40945 40888 40907 40926
40946 41101 40984 41022 41060
41102 41291 41149 41196 41243
41292 41377 41313 41334 41355
41378 41568 41425 41472 41519
41569 41614 41580 41591 41602
41615 41683 41632 41649 41666
41684 41770 41705 41726 41747
41771 41804 41779 41787 41795
41805 41846 41815 41825 41835
41847 41912 41863 41879 41895
41913 41970 41927 41941 41955
41971 42067 41995 42019 42043
42068 42120 42081 42094 42107
42121 42193 42139 42157 42175
42194 42365 42236 42278 42320
42366 42445 42385 42404 42423
42446 42568 42476 42506 42536
42569 42743 42612 42655 42698
42744 43007 42809 42874 42939
43008 43089 43028 43048 43068
43090 43118 43097 43104 43111
43119 43223 43145 43171 43197
43224 43442 43278 43332 43386
43443 43485 43453 43463 43473
43486 43560 43504 43522 43540
43561 43657 43585 43609 43633
43658 43774 43687 43716 43745
43775 44017 43835 43895 43955
44018 44067 44030 44042 44054
44068 44180 44096 44124 44152
44181 44288 44207 44233 44259
44289 44344 44302 44315 44328
44345 44429 44366 44387 44408
44430 44475 44441 44452 44463
44476 44517 44486 44496 44506
44518 44570 44531 44544 44557
44571 44604 44579 44587 44595
44605 44636 44612 44619 44626
44637 44658 44642 44647 44652
44659 44772 44687 44715 44743
44773 44802 44780 44787 44794
44803 44875 44821 44839 44857
44876 44904 44883 44890 44897
44905 44977 44923 44941 44959
44978 45022 44983 44988 45015
45023 45094 45040 45057 45074
45095 45199 45121 45147 45173
45200 45318 45229 45258 45287
45319 45358 45328 45337 45346
45359 45436 45378 45397 45416
45437 45497 45452 45467 45482
45498 45584 45519 45540 45561
45585 45681 45609 45633 45657
45682 45741 45696 45710 45724
45742 45815 45760 45778 45796
45816 46018 45866 45916 45966
46019 46090 46036 46053 46070
46091 46270 46135 46179 46223
46271 46336 46287 46303 46319
46337 46374 46346 46355 46364
46375 46534 46414 46453 46492
46535 46623 46557 46579 46601
46624 46688 46640 46656 46672
46689 46741 46702 46715 46728
46742 46821 46761 46780 46799
46822 46852 46829 46836 46843
46853 46891 46862 46871 46880
46892 46926 46900 46908 46916
46927 47038 46954 46981 47008
47039 47093 47052 47065 47078
47094 47136 47104 47114 47124
47137 47175 47146 47155 47164
47176 47257 47196 47216 47236
47258 47334 47277 47296 47315
47335 47389 47348 47361 47374
47390 47437 47401 47412 47423
47438 47666 47495 47552 47609
47667 47717 47679 47691 47703
47718 47807 47740 47762 47784
47808 47988 47853 47898 47943
47989 48210 48044 48099 48154
48211 48300 48233 48255 48277
48301 48416 48329 48357 48385
48417 48597 48462 48507 48552
48598 48637 48607 48616 48625
48638 48725 48659 48680 48701
48726 48838 48754 48782 48810
48839 48951 48867 48895 48923
48952 49027 48970 48988 49006
49028 49137 49055 49082 49109
49138 49290 49176 49214 49252
49291 49333 49301 49311 49321
49334 49454 49364 49394 49424
49455 49752 49529 49603 49677
49753 49839 49774 49795 49816
49840 49865 49846 49852 49858
49866 49923 49880 49894 49908
49924 49976 49937 49950 49963
49977 50058 49997 50017 50037
50059 50191 50092 50125 50158
50192 50259 50208 50224 50240
50260 50331 50277 50294 50311
50332 50363 50339 50346 50353
50364 50390 50370 50376 50382
50391 50434 50401 50411 50421
50435 50492 50449 50463 50477
50493 50558 50509 50525 50541
50559 50854 50632 50705 50778
50855 50875 50860 50865 50870
50876 50919 50886 50896 50906
50920 50945 50926 50932 50938
50946 50993 50957 50968 50979
50994 51028 51002 51010 51018
51029 51097 51046 51063 51080
51098 51210 51126 51154 51182
51211 51330 51240 51269 51298
51331 51656 51412 51493 51574
51657 51678 51662 51667 51672
51679 51715 51688 51697 51706
51716 51733 51720 51724 51728
51734 51753 51738 51742 51746
51754 51771 51758 51762 51766
51772 51809 51781 51790 51799
51810 51840 51817 51824 51831
51841 51891 51853 51865 51877
51892 51952 51907 51922 51937
51953 51998 51964 51975 51986
51999 52030 52006 52013 52020
52031 52102 52048 52065 52082
52103 52162 52117 52131 52145
52163 52219 52177 52191 52205
52220 52314 52243 52266 52289
52315 52352 52324 52333 52342
52353 52429 52372 52391 52410
52430 52466 52439 52448 52457
52467 52555 52489 52511 52533
52556 52595 52565 52574 52583
52596 52653 52610 52624 52638
52654 52733 52673 52692 52711
52734 52810 52753 52772 52791
52811 52884 52829 52847 52865
52885 52920 52893 52901 52909
52921 52981 52936 52951 52966
52982 53042 52997 53012 53027
53043 53094 53055 53067 53079
53095 53168 53113 53131 53149
53169 53237 53186 53203 53220
53238 53340 53263 53288 53313
53341 53530 53388 53435 53482
53531 53576 53542 53553 53564
53577 53617 53587 53597 53607
53618 53658 53628 53638 53648
53659 53699 53669 53679 53689
53700 53761 53715 53730 53745
53762 53806 53773 53784 53795
53807 53874 53823 53839 53855
53875 53912 53884 53893 53902
53913 54046 53946 53979 54012
54047 54099 54060 54073 54086
54100 54217 54129 54158 54187
54218 54243 54224 54230 54236
54244 54321 54263 54282 54301
54322 54398 54341 54360 54379
54399 54510 54426 54453 54480
54511 54559 54523 54535 54547
54560 54609 54572 54584 54596
54610 54675 54626 54642 54658
54676 54732 54690 54704 54718
54733 54808 54751 54769 54787
54809 54892 54829 54849 54869
54893 55010 54922 54951 54980
55011 55197 55057 55103 55149
55198 55234 55207 55216 55225
55235 55303 55252 55269 55286
55304 55352 55316 55328 55340
55353 55401 55365 55377 55389
55402 55428 55408 55414 55420
55429 55481 55442 55455 55468
55482 55541 55496 55510 55524
55542 55632 55564 55586 55608
55633 55650 55637 55641 55645
55651 55734 55671 55691 55711
55735 55811 55754 55773 55792
55812 55977 55853 55894 55935
55978 56147 56020 56062 56104
56148 56217 56165 56182 56199
56218 56338 56248 56278 56308
56339 56391 56352 56365 56378
56392 56476 56413 56434 56455
56477 56737 56542 56607 56672
56738 56820 56758 56778 56798
56821 56894 56839 56857 56875
56895 57046 56932 56969 57006
57047 57088 57057 57067 57077
57089 57145 57103 57117 57131
57146 57358 57199 57252 57305
57359 57417 57373 57387 57401
57418 57495 57437 57456 57475
57496 57593 57520 57544 57568
57594 57787 57642 57690 57738
57788 57836 57800 57812 57824
57837 57935 57861 57885 57909
57936 57996 57951 57966 57981
57997 58206 58049 58101 58153
58207 58299 58230 58253 58276
58300 58341 58310 58320 58330
58342 58375 58350 58358 58366
58376 58409 58384 58392 58400
58410 58447 58419 58428 58437
58448 58514 58464 58480 58496
58515 58595 58535 58555 58575
58596 58619 58601 58606 58611
58620 58658 58629 58638 58647
58659 58691 58667 58675 58683
58692 58793 58717 58742 58767
58794 58889 58817 58840 58863
58890 58957 58906 58922 58938
58958 59152 59006 59054 59102
59153 59178 59159 59165 59171
59179 59224 59190 59201 59212
59225 59278 59238 59251 59264
59279 59336 59293 59307 59321
59337 59386 59349 59361 59373
59387 59539 59425 59463 59501
59540 59609 59557 59574 59591
59610 59667 59624 59638 59652
59668 59713 59679 59690 59701
59714 59797 59734 59754 59774
59798 59881 59818 59838 59858
59882 59917 59890 59898 59906
59918 59970 59931 59944 59957
59971 60022 59978 59985 60015
60023 60081 60037 60051 60065
60082 60180 60106 60130 60154
60181 60233 60194 60207 60220
60234 60330 60258 60282 60306
60331 60402 60348 60365 60382
60403 60417 60406 60409 60412
60418 60442 60424 60430 60436
60443 60780 60527 60611 60695
60781 60876 60804 60827 60850
60877 60966 60899 60921 60943
60967 61013 60978 60989 61000
61014 61057 61024 61034 61044
61058 61129 61075 61092 61109
61130 61193 61145 61160 61175
61194 61220 61200 61206 61212
61221 61272 61233 61245 61257
61273 61313 61283 61293 61303
61314 61366 61327 61340 61353
61367 61387 61372 61377 61382
61388 61404 61392 61396 61400
61405 61437 61413 61421 61429
61438 61480 61448 61458 61468
61481 61557 61500 61519 61538
61558 61650 61581 61604 61627
61651 61704 61664 61677 61690
61705 61749 61716 61727 61738
61750 61862 61778 61806 61834
61863 61923 61878 61893 61908
61924 61943 61928 61932 61936
61944 61982 61953 61962 61971
61983 62047 61999 62015 62031
62048 62099 62060 62072 62084
62100 62122 62105 62110 62115
62123 62157 62131 62139 62147
62158 62229 62175 62192 62209
62230 62353 62260 62290 62320
62354 62413 62368 62382 62396
62414 62479 62430 62446 62462
62480 62710 62537 62594 62651
62711 62827 62740 62769 62798
62828 62889 62843 62858 62873
62890 63044 62928 62966 63004
63045 63083 63054 63063 63072
63084 63140 63098 63112 63126
63141 63185 63152 63163 63174
63186 63264 63205 63224 63243
63265 63294 63272 63279 63286
63295 63337 63305 63315 63325
63338 63376 63347 63356 63365
63377 63427 63389 63401 63413
63428 63657 63485 63542 63599
63658 63770 63686 63714 63742
63771 63836 63787 63803 63819
63837 63886 63849 63861 63873
63887 63931 63898 63909 63920
63932 63980 63944 63956 63968
63981 64022 63991 64001 64011
64023 64072 64035 64047 64059
64073 64132 64087 64101 64115
64133 64179 64144 64155 64166
64180 64218 64189 64198 64207
64219 64325 64245 64271 64297
64326 64377 64338 64350 64362
64378 64430 64391 64404 64417
64431 64544 64459 64487 64515
64545 64623 64564 64583 64602
64624 64659 64632 64640 64648
64660 64744 64681 64702 64723
64745 64840 64768 64791 64814
64841 64948 64867 64893 64919
64949 65001 64962 64975 64988
65002 65041 65011 65020 65029
65042 65157 65070 65098 65126
65158 65208 65170 65182 65194
65209 65259 65221 65233 65245
65260 65321 65275 65290 65305
65322 65411 65344 65366 65388
65412 65486 65430 65448 65466
65487 65572 65508 65529 65550
65573 65650 65592 65611 65630
65651 65687 65660 65669 65678
65688 65729 65698 65708 65718
65730 65799 65747 65764 65781
65800 65827 65806 65812 65818
65828 65906 65847 65866 65885
65907 65977 65924 65941 65958
65978 66015 65987 65996 66005
66016 66193 66060 66104 66148
66194 66232 66203 66212 66221
66233 66348 66261 66289 66317
66349 66517 66391 66433 66475
66518 66587 66535 66552 66569
66588 66664 66607 66626 66645
66665 66743 66684 66703 66722
66744 66769 66750 66756 66762
66770 66794 66776 66782 66788
66795 66846 66807 66819 66831
66847 66883 66856 66865 66874
66884 66952 66901 66918 66935
66953 66978 66959 66965 66971
66979 67036 66993 67007 67021
67037 67096 67051 67065 67079
67097 67134 67106 67115 67124
67135 67233 67159 67183 67207
67234 67262 67241 67248 67255
67263 67294 67270 67277 67284
67295 67331 67304 67313 67322
67332 67351 67336 67340 67344
67352 67371 67356 67360 67364
67372 67424 67385 67398 67411
67425 67461 67434 67443 67452
67462 67481 67466 67470 67474
67482 67533 67494 67506 67518
67534 67608 67552 67570 67588
67609 67622 67612 67615 67618
67623 67636 67626 67629 67632
67637 67707 67654 67671 67688
67708 67751 67718 67728 67738
67752 67769 67756 67760 67764
67770 67792 67775 67780 67785
67793 67837 67804 67815 67826
67838 67883 67849 67860 67871
67884 67920 67893 67902 67911
67921 67945 67927 67933 67939
67946 67992 67957 67968 67979
67993 68026 68001 68009 68017
68027 68043 68031 68035 68039
68044 68060 68048 68052 68056
68061 68115 68074 68087 68100
68116 68186 68133 68150 68167
68187 68239 68200 68213 68226
68240 68345 68266 68292 68318
68346 68396 68358 68370 68382
68397 68418 68402 68407 68412
68419 68499 68439 68459 68479
68500 68627 68531 68562 68593
68628 68655 68634 68640 68646
68656 68680 68662 68668 68674
68681 68733 68694 68707 68720
68734 68829 68757 68780 68803
68830 68901 68847 68864 68881
68902 68919 68906 68910 68914
68920 68963 68930 68940 68950
68964 68985 68969 68974 68979
68986 69081 69009 69032 69055
69082 69186 69108 69134 69160
69187 69297 69214 69241 69268
69298 69372 69316 69334 69352
69373 69406 69381 69389 69397
69407 69449 69417 69427 69437
69450 69492 69460 69470 69480
69493 69527 69501 69509 69517
69528 69567 69537 69546 69555
69568 69604 69577 69586 69595
69605 69640 69613 69621 69629
69641 69703 69656 69671 69686
69704 69736 69712 69720 69728
69737 69781 69748 69759 69770
69782 69860 69801 69820 69839
69861 69900 69870 69879 69888
69901 69969 69918 69935 69952
69970 70041 69987 70004 70021
70042 70129 70063 70084 70105
70130 70319 70177 70224 70271
70320 70456 70354 70388 70422
70457 70511 70470 70483 70496
70512 70568 70526 70540 70554
70569 70624 70582 70595 70608
70625 70696 70642 70659 70676
70697 70749 70710 70723 70736
70750 70963 70803 70856 70909
70964 71024 70979 70994 71009
71025 71046 71030 71035 71040
71047 71078 71054 71061 71068
71079 71098 71083 71087 71091
71099 71148 71111 71123 71135
71149 71222 71167 71185 71203
71223 71275 71236 71249 71262
71276 71313 71285 71294 71303
71314 71364 71326 71338 71350
71365 71420 71378 71391 71404
71421 71508 71442 71463 71484
71509 71527 71513 71517 71521
71528 71552 71534 71540 71546
71553 71576 71558 71563 71568
71577 71600 71582 71587 71592
71601 71622 71606 71611 71616
71623 71659 71632 71641 71650
71660 71689 71667 71674 71681
71690 71714 71696 71702 71708
71715 71749 71723 71731 71739
71750 71771 71755 71760 71765
71772 71790 71776 71780 71784
71791 71812 71796 71801 71806
71813 71861 71825 71837 71849
71862 71939 71881 71900 71919
71940 72479 72074 72208 72342
72480 72518 72489 72498 72507
72519 72659 72554 72589 72624
72660 72698 72669 72678 72687
72699 72777 72718 72737 72756
72778 72820 72788 72798 72808
72821 72857 72830 72839 72848
72858 72922 72874 72890 72906
72923 72954 72930 72937 72944
72955 73125 72997 73039 73081
73126 73160 73134 73142 73150
73161 73293 73194 73227 73260
73294 73381 73315 73336 73357
73382 73500 73411 73440 73469
73501 73571 73518 73535 73552
73572 73685 73600 73628 73656
73686 73852 73727 73768 73809
73853 73916 73868 73883 73898
73917 74012 73940 73963 73986
74013 74195 74058 74103 74148
74196 74246 74208 74220 74232
74247 74466 74301 74355 74409
74467 74710 74527 74587 74647
74711 74760 74723 74735 74747
74761 74819 74775 74789 74803
74820 74926 74846 74872 74898
74927 75133 74945 74963 75099
75134 75743 75286 75438 75590
75744 75892 75781 75818 75855
75893 76092 75942 75991 76040
76093 76265 76136 76179 76222
76266 76387 76296 76326 76356
76388 76469 76408 76428 76448
76470 76773 76545 76620 76695
76774 76796 76779 76784 76789
76797 76821 76803 76809 76815
76822 76874 76835 76848 76861
76875 76963 76897 76919 76941
76964 77003 76973 76982 76991
77004 77055 77016 77028 77040
77056 77116 77071 77086 77101
77117 77161 77128 77139 77150
77162 77201 77171 77180 77189
77202 77288 77223 77244 77265
77289 77372 77309 77329 77349
77373 77463 77395 77417 77439
77464 77516 77477 77490 77503
77517 77569 77530 77543 77556
77570 77594 77576 77582 77588
77595 77654 77609 77623 77637
77655 77743 77677 77699 77721
77744 77809 77760 77776 77792
77810 77866 77824 77838 77852
77867 77910 77877 77887 77897
77911 77989 77930 77949 77968
77990 78055 78006 78022 78038
78056 78101 78067 78078 78089
78102 78202 78127 78152 78177
78203 78260 78217 78231 78245
78261 78313 78274 78287 78300
78314 78382 78331 78348 78365
78383 78424 78393 78403 78413
78425 78467 78435 78445 78455
78468 78532 78484 78500 78516
78533 78567 78541 78549 78557
78568 78624 78582 78596 78610
78625 78694 78642 78659 78676
78695 78837 78730 78765 78800
78838 78942 78864 78890 78916
78943 78998 78956 78969 78982
78999 79104 79025 79051 79077
79105 79145 79115 79125 79135
79146 79187 79156 79166 79176
79188 79219 79195 79202 79209
79220 79300 79240 79260 79280
79301 79343 79311 79321 79331
79344 79377 79352 79360 79368
79378 79434 79392 79406 79420
79435 79447 79438 79441 79444
79448 79612 79489 79530 79571
79613 79697 79634 79655 79676
79698 79755 79712 79726 79740
79756 79837 79776 79796 79816
79838 79885 79849 79860 79871
79886 79922 79895 79904 79913
79923 79952 79930 79937 79944
79953 80142 80000 80047 80094
80143 80166 80148 80153 80158
80167 80232 80183 80199 80215
80233 80265 80241 80249 80257
80266 80302 80275 80284 80293
80303 80329 80309 80315 80321
80330 80357 80336 80342 80348
80358 80386 80365 80372 80379
80387 80410 80392 80397 80402
80411 80473 80426 80441 80456
80474 80499 80480 80486 80492
80500 80540 80510 80520 80530
80541 80622 80561 80581 80601
80623 80669 80634 80645 80656
80670 80709 80679 80688 80697
80710 80744 80718 80726 80734
80745 80832 80766 80787 80808
80833 80964 80865 80897 80929
80965 80994 80972 80979 80986
80995 81031 81004 81013 81022
81032 81072 81042 81052 81062
81073 81112 81082 81091 81100
81113 81148 81121 81129 81137
81149 81235 81170 81191 81212
81236 81261 81242 81248 81254
81262 81289 81268 81274 81280
81290 81364 81308 81326 81344
81365 81392 81371 81377 81383
81393 81455 81408 81423 81438
81456 81480 81462 81468 81474
81481 81521 81491 81501 81511
81522 81597 81540 81558 81576
81598 81625 81604 81610 81616
81626 81690 81642 81658 81674
81691 81714 81696 81701 81706
81715 81767 81728 81741 81754
81768 81825 81782 81796 81810
81826 81853 81832 81838 81844
81854 81938 81875 81896 81917
81939 81985 81950 81961 81972
81986 82008 81991 81996 82001
82009 82040 82016 82023 82030
82041 82063 82046 82051 82056
82064 82080 82068 82072 82076
82081 82107 82087 82093 82099
82108 82142 82116 82124 82132
82143 82167 82149 82155 82161
82168 82243 82186 82204 82222
82244 82277 82252 82260 82268
82278 82320 82288 82298 82308
82321 82341 82326 82331 82336
82342 82361 82346 82350 82354
82362 82387 82368 82374 82380
82388 82422 82396 82404 82412
82423 82505 82443 82463 82483
82506 82537 82513 82520 82527
82538 82583 82549 82560 82571
82584 82672 82606 82628 82650
82673 82726 82686 82699 82712
82727 82753 82733 82739 82745
82754 82777 82759 82764 82769
82778 82806 82785 82792 82799
82807 82867 82822 82837 82852
82868 82898 82875 82882 82889
82899 83093 82947 82995 83043
83094 83167 83112 83130 83148
83168 83204 83177 83186 83195
83205 83295 83227 83249 83271
83296 83315 83300 83304 83308
83316 83336 83321 83326 83331
83337 83363 83343 83349 83355
83364 83382 83368 83372 83376
83383 83424 83393 83403 83413
83425 83482 83439 83453 83467
83483 83562 83502 83521 83540
83563 83611 83575 83587 83599
83612 83650 83621 83630 83639
83651 83730 83670 83689 83708
83731 83818 83752 83773 83794
83819 83864 83830 83841 83852
83865 83927 83880 83895 83910
83928 83952 83934 83940 83946
83953 84022 83970 83987 84004
84023 84158 84056 84089 84122
84159 84204 84170 84181 84192
84205 84251 84216 84227 84238
84252 84279 84258 84264 84270
84280 84305 84286 84292 84298
84306 84323 84310 84314 84318
84324 84346 84329 84334 84339
84347 84383 84356 84365 84374
84384 84417 84392 84400 84408
84418 84439 84423 84428 84433
84440 84453 84443 84446 84449
84454 84525 84471 84488 84505
84526 84677 84563 84600 84637
84678 84759 84698 84718 84738
84760 84790 84767 84774 84781
84791 84821 84798 84805 84812
84822 84864 84832 84842 84852
84865 84890 84871 84877 84883
84891 84932 84901 84911 84921
84933 84961 84940 84947 84954
84962 85013 84974 84986 84998
85014 85038 85020 85026 85032
85039 85065 85045 85051 85057
85066 85102 85075 85084 85093
85103 85123 85108 85113 85118
85124 85142 85128 85132 85136
85143 85163 85148 85153 85158
85164 85192 85171 85178 85185
85193 85221 85200 85207 85214
85222 85247 85228 85234 85240
85248 85272 85254 85260 85266
85273 85295 85278 85283 85288
85296 85325 85303 85310 85317
85326 85359 85334 85342 85350
85360 85406 85371 85382 85393
85407 85438 85414 85421 85428
85439 85467 85446 85453 85460
85468 85511 85478 85488 85498
85512 85530 85516 85520 85524
85531 85550 85535 85539 85543
85551 85573 85556 85561 85566
85574 85619 85585 85596 85607
85620 85655 85628 85636 85644
85656 85740 85677 85698 85719
85741 85901 85781 85821 85861
85902 85941 85911 85920 85929
85942 85998 85956 85970 85984
85999 86042 86009 86019 86029
86043 86087 86054 86065 86076
86088 86149 86103 86118 86133
86150 86252 86175 86200 86225
86253 86334 86273 86293 86313
86335 86385 86347 86359 86371
86386 86429 86396 86406 86416
86430 86453 86435 86440 86445
86454 86488 86462 86470 86478
86489 86520 86496 86503 86510
86521 86559 86530 86539 86548
86560 86596 86569 86578 86587
86597 86686 86619 86641 86663
86687 86715 86694 86701 86708
86716 86760 86727 86738 86749
86761 86777 86765 86769 86773
86778 86828 86790 86802 86814
86829 86850 86834 86839 86844
86851 86875 86857 86863 86869
86876 86931 86889 86902 86915
86932 86954 86937 86942 86947
86955 86980 86961 86967 86973
86981 87029 86993 87005 87017
87030 87078 87042 87054 87066
87079 87111 87087 87095 87103
87112 87138 87118 87124 87130
87139 87168 87146 87153 87160
87169 87208 87178 87187 87196
87209 87263 87222 87235 87248
87264 87336 87282 87300 87318
87337 87375 87346 87355 87364
87376 87397 87381 87386 87391
87398 87432 87406 87414 87422
87433 87503 87450 87467 87484
87504 87532 87511 87518 87525
87533 87549 87537 87541 87545
87550 87576 87556 87562 87568
87577 87596 87581 87585 87589
87597 87615 87601 87605 87609
87616 87647 87623 87630 87637
87648 87681 87656 87664 87672
87682 87703 87687 87692 87697
87704 87725 87709 87714 87719
87726 87752 87732 87738 87744
87753 87771 87757 87761 87765
87772 87794 87777 87782 87787
87795 87847 87808 87821 87834
87848 87875 87854 87860 87866
87876 87949 87894 87912 87930
87950 87980 87957 87964 87971
87981 88018 87990 87999 88008
88019 88070 88031 88043 88055
88071 88126 88084 88097 88110
88127 88143 88131 88135 88139
88144 88247 88169 88194 88219
88248 88290 88258 88268 88278
88291 88380 88313 88335 88357
88381 88450 88398 88415 88432
88451 88495 88462 88473 88484
88496 88620 88527 88558 88589
88621 88666 88632 88643 88654
88667 88739 88685 88703 88721
88740 88889 88777 88814 88851
88890 88976 88911 88932 88953
88977 89171 89025 89073 89121
89172 89190 89176 89180 89184
89191 89344 89229 89267 89305
89345 89370 89351 89357 89363
89371 89476 89397 89423 89449
89477 89493 89481 89485 89489
89494 89511 89498 89502 89506
89512 89533 89517 89522 89527
89534 89626 89557 89580 89603
89627 89944 89706 89785 89864
89945 89965 89950 89955 89960
89966 90023 89974 89982 90015
90024 90152 90056 90088 90120
90153 90266 90181 90209 90237
90267 90331 90283 90299 90315
90332 90558 90388 90444 90500
90559 90697 90593 90627 90661
90698 90752 90711 90724 90737
90753 90776 90758 90763 90768
90777 90805 90784 90791 90798
90806 90861 90819 90832 90845
90862 90911 90874 90886 90898
90912 90974 90927 90942 90957
90975 91018 90985 90995 91005
91019 91106 91040 91061 91082
91107 91265 91146 91185 91224
91266 91363 91290 91314 91338
91364 91460 91388 91412 91436
91461 91535 91479 91497 91515
91536 91573 91545 91554 91563
91574 91633 91588 91602 91616
91634 91684 91646 91658 91670
91685 91721 91694 91703 91712
91722 91774 91735 91748 91761
91775 91888 91803 91831 91859
91889 91997 91916 91943 91970
91998 92061 92013 92028 92043
92062 92122 92077 92092 92107
92123 92227 92149 92175 92201
92228 92404 92272 92316 92360
92405 92443 92414 92423 92432
92444 92545 92469 92494 92519
92546 92582 92555 92564 92573
92583 92654 92600 92617 92634
92655 92736 92675 92695 92715
92737 92775 92746 92755 92764
92776 92820 92787 92798 92809
92821 92850 92828 92835 92842
92851 92883 92859 92867 92875
92884 92964 92904 92924 92944
92965 93014 92977 92989 93001
93015 93174 93054 93093 93132
93175 93274 93199 93223 93247
93275 93331 93289 93303 93317
93332 93355 93337 93342 93347
93356 93386 93363 93370 93377
93387 93425 93396 93405 93414
93426 93457 93433 93440 93447
93458 93537 93477 93496 93515
93538 93564 93544 93550 93556
93565 93609 93576 93587 93598
93610 93682 93628 93646 93664
93683 93733 93695 93707 93719
93734 93778 93745 93756 93767
93779 93808 93786 93793 93800
93809 93830 93814 93819 93824
93831 93853 93836 93841 93846
93854 93918 93870 93886 93902
93919 93975 93933 93947 93961
93976 94009 93984 93992 94000
94010 94066 94024 94038 94052
94067 94199 94100 94133 94166
94200 94304 94226 94252 94278
94305 94324 94309 94313 94317
94325 94359 94333 94341 94349
94360 94392 94368 94376 94384
94393 94424 94400 94407 94414
94425 94454 94432 94439 94446
94455 94512 94469 94483 94497
94513 94541 94520 94527 94534
94542 94577 94550 94558 94566
94578 94613 94586 94594 94602
94614 94660 94625 94636 94647
94661 94883 94716 94771 94826
94884 94924 94894 94904 94914
94925 95102 94969 95013 95057
95103 95199 95127 95151 95175
95200 95239 95209 95218 95227
95240 95292 95253 95266 95279
95293 95382 95315 95337 95359
95383 95403 95388 95393 95398
95404 95422 95408 95412 95416
95423 95503 95443 95463 95483
95504 95540 95513 95522 95531
95541 95565 95547 95553 95559
95566 95589 95571 95576 95581
95590 95609 95594 95598 95602
95610 95678 95627 95644 95661
95679 95935 95743 95807 95871
95936 96038 95961 95986 96011
96039 96085 96050 96061 96072
96086 96161 96104 96122 96140
96162 96376 96215 96268 96321
96377 96424 96388 96399 96410
96425 96473 96437 96449 96461
96474 96723 96536 96598 96660
96724 96772 96736 96748 96760
96773 96838 96789 96805 96821
96839 96881 96849 96859 96869
96882 97211 96964 97046 97128
97212 97338 97243 97274 97305
97339 97465 97370 97401 97432
97466 97510 97477 97488 97499
97511 97591 97531 97551 97571
97592 97662 97609 97626 97643
97663 97773 97690 97717 97744
97774 97896 97804 97834 97864
97897 97944 97908 97919 97930
97945 98047 97970 97995 98020
98048 98139 98070 98092 98114
98140 98365 98196 98252 98308
98366 98447 98386 98406 98426
98448 98518 98465 98482 98499
98519 98569 98531 98543 98555
98570 98627 98584 98598 98612
98628 98677 98640 98652 98664
98678 98731 98691 98704 98717
98732 98807 98750 98768 98786
98808 98908 98833 98858 98883
98909 98988 98928 98947 98966
98989 99133 99025 99061 99097
99134 99206 99152 99170 99188
99207 99274 99223 99239 99255
99275 99359 99296 99317 99338
99360 99427 99376 99392 99408
99428 99506 99447 99466 99485
99507 99611 99533 99559 99585
99612 99709 99636 99660 99684
99710 99779 99727 99744 99761
99780 99804 99786 99792 99798
99805 99888 99825 99845 99865
99889 99946 99903 99917 99931
99947 100140 99995 100043 100091
100141 100177 100150 100159 100168
100178 100230 100191 100204 100217
100231 100277 100242 100253 100264
100278 100369 100300 100322 100344
100370 100567 100419 100468 100517
100568 100724 100607 100646 100685
100725 100772 100736 100747 100758
100773 100877 100799 100825 100851
100878 100951 100896 100914 100932
100952 101192 101012 101072 101132
101193 101336 101228 101263 101298
101337 101425 101359 101381 101403
101426 101577 101463 101500 101537
101578 101644 101594 101610 101626
101645 101732 101666 101687 101708
101733 101884 101770 101807 101844
101885 102014 101917 101949 101981
102015 102139 102046 102077 102108
102140 102221 102160 102180 102200
102222 102311 102244 102266 102288
102312 102362 102324 102336 102348
102363 102579 102417 102471 102525
102580 102703 102610 102640 102670
102704 102914 102756 102808 102860
102915 103165 102977 103039 103101
103166 103289 103196 103226 103256
103290 103342 103303 103316 103329
103343 103391 103355 103367 103379
103392 103472 103412 103432 103452
103473 103580 103499 103525 103551
103581 103634 103594 103607 103620
103635 103679 103646 103657 103668
103680 103752 103698 103716 103734
103753 103798 103764 103775 103786
103799 103892 103822 103845 103868
103893 104104 103945 103997 104049
104105 104229 104136 104167 104198
104230 104272 104240 104250 104260
104273 104343 104290 104307 104324
104344 104403 104358 104372 104386
104404 104551 104440 104476 104512
104552 104657 104578 104604 104630
104658 104901 104718 104778 104838
104902 104932 104909 104916 104923
104933 104975 104943 104953 104963
104976 105295 104981 104986 105219
105296 105370 105314 105332 105350
105371 105410 105380 105389 105398
105411 105820 105513 105615 105717
105821 105894 105839 105857 105875
105895 106123 105952 106009 106066
106124 106181 106138 106152 106166
106182 106334 106220 106258 106296
106335 106414 106354 106373 106392
106415 106550 106448 106481 106514
106551 106654 106576 106601 106626
106655 106699 106666 106677 106688
106700 106774 106718 106736 106754
106775 106888 106803 106831 106859
106889 107035 106925 106961 106997
107036 107108 107054 107072 107090
107109 107165 107123 107137 107151
107166 107224 107180 107194 107208
107225 107415 107272 107319 107366
107416 107715 107490 107564 107638
107716 107787 107733 107750 107767
107788 107852 107804 107820 107836
107853 107917 107869 107885 107901
107918 107986 107935 107952 107969
107987 108177 108034 108081 108128
108178 108328 108215 108252 108289
108329 108544 108382 108435 108488
108545 108610 108561 108577 108593
108611 108684 108629 108647 108665
108685 108728 108695 108705 108715
108729 108760 108736 108743 108750
108761 108783 108766 108771 108776
108784 108808 108790 108796 108802
108809 108845 108818 108827 108836
108846 108891 108857 108868 108879
108892 109044 108930 108968 109006
109045 109262 109099 109153 109207
109263 109323 109278 109293 109308
109324 109430 109350 109376 109402
109431 109476 109442 109453 109464
109477 109517 109487 109497 109507
109518 109731 109571 109624 109677
109732 109914 109777 109822 109867
109915 110082 109956 109997 110038
110083 110187 110109 110135 110161
110188 110256 110205 110222 110239
110257 110302 110268 110279 110290
110303 110356 110316 110329 110342
110357 110481 110388 110419 110450
110482 110659 110526 110570 110614
110660 110866 110711 110762 110813
110867 110891 110873 110879 110885
110892 111015 110922 110952 110982
111016 111061 111027 111038 111049
111062 111097 111070 111078 111086
111098 111153 111111 111124 111137
111154 111200 111165 111176 111187
111201 111243 111211 111221 111231
111244 111306 111259 111274 111289
111307 112202 111530 111753 111976
112203 112492 112275 112347 112419
112493 112565 112511 112529 112547
112566 112653 112587 112608 112629
112654 112893 112713 112772 112831
112894 113100 112945 112996 113047
113101 113189 113123 113145 113167
113190 113222 113198 113206 113214
113223 113284 113238 113253 113268
113285 113325 113295 113305 113315
113326 113380 113339 113352 113365
113381 113674 113454 113527 113600
113675 113738 113690 113705 113720
113739 113790 113751 113763 113775
113791 113859 113808 113825 113842
113860 113928 113877 113894 113911
113929 114036 113955 113981 114007
114037 114098 114052 114067 114082
114099 114160 114114 114129 114144
114161 114290 114193 114225 114257
114291 114340 114303 114315 114327
114341 114401 114356 114371 114386
114402 114547 114438 114474 114510
114548 114637 114570 114592 114614
114638 114698 114653 114668 114683
114699 114848 114736 114773 114810
114849 114915 114865 114881 114897
114916 114973 114930 114944 114958
114974 115019 114985 114996 115007
115020 115092 115038 115056 115074
115093 115116 115098 115103 115108
115117 115183 115133 115149 115165
115184 115380 115233 115282 115331
115381 115453 115399 115417 115435
115454 115471 115458 115462 115466
115472 115493 115477 115482 115487
115494 115524 115501 115508 115515
115525 115542 115529 115533 115537
115543 115562 115547 115551 115555
115563 115634 115580 115597 115614
115635 115672 115644 115653 115662
115673 115709 115682 115691 115700
115710 115764 115723 115736 115749
115765 115825 115780 115795 115810
115826 115864 115835 115844 115853
115865 115903 115874 115883 115892
115904 116020 115933 115962 115991
116021 116090 116038 116055 116072
116091 116182 116113 116135 116157
116183 116231 116195 116207 116219
116232 116292 116247 116262 116277
116293 116381 116315 116337 116359
116382 116416 116390 116398 116406
116417 116440 116422 116427 116432
116441 116516 116459 116477 116495
116517 116595 116536 116555 116574
116596 116670 116614 116632 116650
116671 116711 116681 116691 116701
116712 116742 116719 116726 116733
116743 116766 116748 116753 116758
116767 116802 116775 116783 116791
116803 116847 116814 116825 116836
116848 116876 116855 116862 116869
116877 116893 116881 116885 116889
116894 116910 116898 116902 116906
116911 116927 116915 116919 116923
116928 116950 116933 116938 116943
116951 116981 116958 116965 116972
116982 117012 116989 116996 117003
117013 117043 117020 117027 117034
117044 117066 117049 117054 117059
117067 117086 117071 117075 117079
117087 117108 117092 117097 117102
117109 117165 117123 117137 117151
117166 117183 117170 117174 117178
117184 117203 117188 117192 117196
117204 117230 117210 117216 117222
117231 117251 117236 117241 117246
117252 117337 117273 117294 117315
117338 117354 117342 117346 117350
117355 117376 117360 117365 117370
117377 117411 117385 117393 117401
117412 117430 117416 117420 117424
117431 117837 117532 117633 117734
117838 117965 117869 117900 117931
117966 118024 117980 117994 118008
118025 118067 118035 118045 118055
118068 118170 118093 118118 118143
118171 118187 118175 118179 118183
118188 118235 118199 118210 118221
118236 118304 118253 118270 118287
118305 118361 118319 118333 118347
118362 118387 118368 118374 118380
118388 118428 118398 118408 118418
118429 118455 118435 118441 118447
118456 118487 118463 118470 118477
118488 118519 118495 118502 118509
118520 118615 118543 118566 118589
118616 118648 118624 118632 118640
118649 118672 118654 118659 118664
118673 118706 118681 118689 118697
118707 118746 118716 118725 118734
118747 118765 118751 118755 118759
118766 118799 118774 118782 118790
118800 118821 118805 118810 118815
118822 118878 118836 118850 118864
118879 118936 118893 118907 118921
118937 118961 118943 118949 118955
118962 119000 118971 118980 118989
119001 119025 119007 119013 119019
119026 119050 119032 119038 119044
119051 119071 119056 119061 119066
119072 119107 119080 119088 119096
119108 119137 119115 119122 119129
119138 119156 119142 119146 119150
119157 119174 119161 119165 119169
119175 119194 119179 119183 119187
119195 119213 119199 119203 119207
119214 119250 119223 119232 119241
119251 119267 119255 119259 119263
119268 119293 119274 119280 119286
119294 119310 119298 119302 119306
119311 119327 119315 119319 119323
119328 119369 119338 119348 119358
119370 119399 119377 119384 119391
119400 119419 119404 119408 119412
119420 119436 119424 119428 119432
119437 119479 119447 119457 119467
119480 119507 119486 119492 119498
119508 119541 119516 119524 119532
119542 119558 119546 119550 119554
119559 119580 119564 119569 119574
119581 119600 119585 119589 119593
119601 119620 119605 119609 119613
119621 119641 119626 119631 119636
119642 119662 119647 119652 119657
119663 119679 119667 119671 119675
119680 119698 119684 119688 119692
119699 119721 119704 119709 119714
119722 119741 119726 119730 119734
119742 119759 119746 119750 119754
119760 119792 119768 119776 119784
119793 119811 119797 119801 119805
119812 119831 119816 119820 119824
119832 119855 119837 119842 119847
119856 119900 119867 119878 119889
119901 119949 119913 119925 119937
119950 119970 119955 119960 119965
119971 120003 119978 119985 120000
120004 120029 120010 120016 120022
120030 120052 120035 120040 120045
120053 120078 120059 120065 120071
120079 120130 120091 120103 120115
120131 120147 120135 120139 120143
120148 120165 120152 120156 120160
120166 120187 120171 120176 120181
120188 120214 120194 120200 120206
120215 120238 120220 120225 120230
120239 120260 120244 120249 120254
120261 120278 120265 120269 120273
120279 120321 120289 120299 120309
120322 120338 120326 120330 120334
120339 120372 120347 120355 120363
120373 120390 120377 120381 120385
120391 120413 120396 120401 120406
120414 120452 120423 120432 120441
120453 120469 120457 120461 120465
120470 120511 120480 120490 120500
120512 120529 120516 120520 120524
120530 120570 120540 120550 120560
120571 120622 120583 120595 120607
120623 120667 120634 120645 120656
120668 120702 120676 120684 120692
120703 120719 120707 120711 120715
120720 120737 120724 120728 120732
120738 120754 120742 120746 120750
120755 120773 120759 120763 120767
120774 120800 120780 120786 120792
120801 120817 120805 120809 120813
120818 120841 120823 120828 120833
120842 120896 120855 120868 120881
120897 120941 120908 120919 120930
120942 121001 120956 120970 120984
121002 121033 121009 121016 121023
121034 121057 121039 121044 121049
121058 121076 121062 121066 121070
121077 121105 121084 121091 121098
121106 121126 121111 121116 121121
121127 121149 121132 121137 121142
121150 121166 121154 121158 121162
121167 121338 121209 121251 121293
121339 121385 121350 121361 121372
121386 121402 121390 121394 121398
121403 121431 121410 121417 121424
121432 121459 121438 121444 121450
121460 121689 121517 121574 121631
121690 121709 121694 121698 121702
121710 121735 121716 121722 121728
121736 121766 121743 121750 121757
121767 121783 121771 121775 121779
121784 121822 121793 121802 121811
121823 121852 121830 121837 121844
121853 121876 121858 121863 121868
121877 121906 121884 121891 121898
121907 122255 121994 122081 122168
122256 122490 122314 122372 122430
122491 122546 122504 122517 122530
122547 122598 122559 122571 122583
122599 122660 122614 122629 122644
122661 122788 122692 122723 122754
122789 122838 122801 122813 122825
122839 123017 122883 122927 122971
123018 123142 123049 123080 123111
123143 123180 123152 123161 123170
123181 123448 123247 123313 123379
123449 123480 123456 123463 123470
123481 123522 123491 123501 123511
123523 123590 123539 123555 123571
123591 123733 123626 123661 123696
123734 124036 123809 123884 123959
124037 124201 124078 124119 124160
124202 124283 124222 124242 124262
124284 124385 124309 124334 124359
124386 124590 124437 124488 124539
124591 124818 124647 124703 124759
124819 124870 124831 124843 124855
124871 125015 124907 124943 124979
125016 125110 125039 125062 125085
125111 125169 125125 125139 125153
125170 125235 125186 125202 125218
125236 125254 125240 125244 125248
125255 125320 125271 125287 125303
125321 125350 125328 125335 125342
125351 125413 125366 125381 125396
125414 125462 125426 125438 125450
125463 125505 125473 125483 125493
125506 125535 125513 125520 125527
125536 125621 125557 125578 125599
125622 125709 125643 125664 125685
125710 125749 125719 125728 125737
125750 125795 125761 125772 125783
125796 125839 125806 125816 125826
125840 125935 125863 125886 125909
125936 126043 125962 125988 126014
126044 126148 126070 126096 126122
126149 126193 126160 126171 126182
126194 126240 126205 126216 126227
126241 126350 126268 126295 126322
126351 126403 126364 126377 126390
126404 126463 126418 126432 126446
126464 126548 126485 126506 126527
126549 126618 126566 126583 126600
126619 126682 126634 126649 126664
126683 126819 126717 126751 126785
126820 126881 126835 126850 126865
126882 126910 126889 126896 126903
126911 126941 126918 126925 126932
126942 126973 126949 126956 126963
126974 127038 126990 127006 127022
127039 127106 127055 127071 127087
127107 127196 127129 127151 127173
127197 127279 127217 127237 127257
127280 127324 127291 127302 127313
127325 127395 127342 127359 127376
127396 127448 127409 127422 127435
127449 127493 127460 127471 127482
127494 127556 127509 127524 127539
127557 127590 127565 127573 127581
127591 127662 127608 127625 127642
127663 127703 127673 127683 127693
127704 127733 127711 127718 127725
127734 127769 127742 127750 127758
127770 127918 127807 127844 127881
127919 127966 127930 127941 127952
127967 128005 127976 127985 127994
128006 128084 128025 128044 128063
128085 128139 128098 128111 128124
128140 128204 128156 128172 128188
128205 128284 128224 128243 128262
128285 128311 128291 128297 128303
128312 128334 128317 128322 128327
128335 128354 128339 128343 128347
128355 128407 128368 128381 128394
128408 128431 128413 128418 128423
128432 128459 128438 128444 128450
128460 128505 128471 128482 128493
128506 128542 128515 128524 128533
128543 128574 128550 128557 128564
128575 128642 128591 128607 128623
128643 128715 128661 128679 128697
128716 128758 128726 128736 128746
128759 128823 128775 128791 128807
128824 128855 128831 128838 128845
128856 128898 128866 128876 128886
128899 128930 128906 128913 128920
128931 129034 128956 128981 129006
129035 129120 129056 129077 129098
129121 129137 129125 129129 129133
129138 129169 129145 129152 129159
129170 129242 129188 129206 129224
129243 129290 129254 129265 129276
129291 129314 129296 129301 129306
129315 129350 129323 129331 129339
129351 129375 129357 129363 129369
129376 129416 129386 129396 129406
129417 129489 129435 129453 129471
129490 129524 129498 129506 129514
129525 129716 129572 129619 129666
129717 129786 129734 129751 129768
129787 129843 129801 129815 129829
129844 129875 129851 129858 129865
129876 129911 129884 129892 129900
129912 130028 129941 129970 129999
130029 130045 130033 130037 130041
130046 130085 130055 130064 130073
130086 130123 130095 130104 130113
130124 130149 130130 130136 130142
130150 130173 130155 130160 130165
130174 130267 130197 130220 130243
130268 130314 130279 130290 130301
130315 130360 130326 130337 130348
130361 130412 130373 130385 130397
130413 130453 130423 130433 130443
130454 130488 130462 130470 130478
130489 130567 130508 130527 130546
130568 131022 130681 130794 130907
131023 131090 131039 131055 131071
131091 131136 131102 131113 131124
131137 131174 131146 131155 131164
131175 131234 131189 131203 131217
131235 131262 131241 131247 131253
131263 131293 131270 131277 131284
131294 131349 131307 131320 131333
131350 131392 131360 131370 131380
131393 131433 131403 131413 131423
131434 131562 131466 131498 131530
131563 131696 131596 131629 131662
131697 131766 131714 131731 131748
131767 132102 131850 131933 132016
132103 132408 132179 132255 132331
132409 132460 132421 132433 132445
132461 132872 132563 132665 132767
132873 132981 132900 132927 132954
132982 133114 133015 133048 133081
133115 133549 133223 133331 133439
133550 133587 133559 133568 133577
133588 133686 133612 133636 133660
133687 133953 133753 133819 133885
133954 134006 133967 133980 133993
134007 134238 134064 134121 134178
134239 134358 134268 134297 134326
134359 134436 134378 134397 134416
134437 134511 134455 134473 134491
134512 134561 134524 134536 134548
134562 134619 134576 134590 134604
134620 134728 134647 134674 134701
134729 135068 134796 134863 135051
135069 135194 135100 135131 135162
135195 135259 135211 135227 135243
135260 135738 135379 135498 135617
135739 135905 135780 135821 135862
135906 135969 135921 135936 135951
135970 136471 136095 136220 136345
136472 136568 136496 136520 136544
136569 136733 136610 136651 136692
136734 136790 136748 136762 136776
136791 136829 136800 136809 136818
136830 136878 136842 136854 136866
136879 136919 136889 136899 136909
136920 137223 136995 137070 137145
137224 137270 137235 137246 137257
137271 137303 137279 137287 137295
137304 137382 137323 137342 137361
137383 137438 137396 137409 137422
137439 137535 137463 137487 137511
137536 137588 137549 137562 137575
137589 137775 137635 137681 137727
137776 137846 137793 137810 137827
137847 137982 137880 137913 137946
137983 138080 138007 138031 138055
138081 138151 138098 138115 138132
138152 138304 138190 138228 138266
138305 138371 138321 138337 138353
138372 138457 138393 138414 138435
138458 138485 138464 138470 138476
138486 138620 138519 138552 138585
138621 138642 138626 138631 138636
138643 138703 138658 138673 138688
138704 138754 138716 138728 138740
138755 138812 138769 138783 138797
138813 139022 138865 138917 138969
139023 139110 139044 139065 139086
139111 139194 139131 139151 139171
139195 139279 139216 139237 139258
139280 139335 139293 139306 139319
139336 139400 139352 139368 139384
139401 139514 139429 139457 139485
139515 139553 139524 139533 139542
139554 139599 139565 139576 139587
139600 139812 139653 139706 139759
139813 139835 139818 139823 139828
139836 139880 139847 139858 139869
139881 139953 139899 139917 139935
139954 139993 139963 139972 139981
139994 140021 140000 140006 140012
140022 140039 140026 140030 140034
140040 140075 140048 140056 140064
140076 140096 140081 140086 140091
140097 140147 140109 140121 140133
140148 140233 140169 140190 140211
140234 140283 140246 140258 140270
140284 140307 140289 140294 140299
140308 140347 140317 140326 140335
140348 140409 140363 140378 140393
140410 140459 140422 140434 140446
140460 140492 140468 140476 140484
140493 140547 140506 140519 140532
140548 140590 140558 140568 140578
140591 140685 140614 140637 140660
140686 140728 140696 140706 140716
140729 140763 140737 140745 140753
140764 140816 140777 140790 140803
140817 140835 140821 140825 140829
140836 140888 140849 140862 140875
140889 140922 140897 140905 140913
140923 141013 140945 140967 140989
141014 141072 141028 141042 141056
141073 141123 141085 141097 141109
141124 141417 141197 141270 141343
141418 141465 141429 141440 141451
141466 141536 141483 141500 141517
141537 141800 141602 141667 141732
141801 141834 141809 141817 141825
141835 141871 141844 141853 141862
141872 142129 141936 142000 142064
142130 142168 142139 142148 142157
142169 142284 142197 142225 142253
142285 142380 142308 142331 142354
142381 142475 142404 142427 142450
142476 142529 142489 142502 142515
142530 142558 142537 142544 142551
142559 142628 142576 142593 142610
142629 142694 142645 142661 142677
142695 142748 142708 142721 142734
142749 143007 142813 142877 142941
143008 143046 143017 143026 143035
143047 143101 143060 143073 143086
143102 143204 143127 143152 143177
143205 143247 143215 143225 143235
143248 143334 143269 143290 143311
143335 143484 143372 143409 143446
143485 143529 143496 143507 143518
143530 143611 143550 143570 143590
143612 143706 143635 143658 143681
143707 143743 143716 143725 143734
143744 143807 143759 143774 143789
143808 143906 143832 143856 143880
143907 143991 143928 143949 143970
143992 144028 144001 144010 144019
144029 144076 144040 144051 144062
144077 144114 144086 144095 144104
144115 144233 144144 144173 144202
144234 144269 144242 144250 144258
144270 144400 144302 144334 144366
144401 144918 144530 144659 144788
144919 145012 144942 144965 144988
145013 145061 145025 145037 145049
145062 145199 145096 145130 145164
145200 145218 145204 145208 145212
145219 145312 145242 145265 145288
145313 145347 145321 145329 145337
145348 145559 145400 145452 145504
145560 145603 145570 145580 145590
145604 145780 145648 145692 145736
145781 145820 145790 145799 145808
145821 145889 145838 145855 145872
145890 145952 145905 145920 145935
145953 146285 146036 146119 146202
146286 146331 146297 146308 146319
146332 146429 146356 146380 146404
146430 146521 146452 146474 146496
146522 146589 146538 146554 146570
146590 146625 146598 146606 146614
146626 146952 146707 146788 146869
146953 147033 146973 146993 147013
147034 147051 147038 147042 147046
147052 147575 147182 147312 147442
147576 147692 147605 147634 147663
147693 147725 147701 147709 147717
147726 147981 147789 147852 147915
147982 148069 148003 148024 148045
148070 148115 148081 148092 148103
148116 148233 148145 148174 148203
148234 148298 148250 148266 148282
148299 148349 148311 148323 148335
148350 148503 148388 148426 148464
148504 148583 148523 148542 148561
148584 148623 148593 148602 148611
148624 148692 148641 148658 148675
148693 148842 148730 148767 148804
148843 148914 148860 148877 148894
148915 149035 148945 148975 149005
149036 149134 149060 149084 149108
149135 149200 149151 149167 149183
149201 149239 149210 149219 149228
149240 149442 149290 149340 149390
149443 149483 149453 149463 149473
149484 149504 149489 149494 149499
149505 149523 149509 149513 149517
149524 149584 149539 149554 149569
149585 149716 149617 149649 149681
149717 149768 149729 149741 149753
149769 149917 149806 149843 149880
149918 149979 149933 149948 149963
149980 150112 149984 149988 150084
150113 150192 150132 150151 150170
150193 150250 150207 150221 150235
150251 150391 150286 150321 150356
150392 150414 150397 150402 150407
150415 150454 150424 150433 150442
150455 150639 150501 150547 150593
150640 150691 150652 150664 150676
150692 150881 150739 150786 150833
150882 150945 150897 150912 150927
150946 151001 150959 150972 150985
151002 151153 151039 151076 151113
151154 151244 151176 151198 151220
151245 151275 151252 151259 151266
151276 151300 151282 151288 151294
151301 151335 151309 151317 151325
151336 151434 151360 151384 151408
151435 151517 151455 151475 151495
151518 152261 151703 151888 152073
152262 152289 152268 152274 152280
152290 152345 152303 152316 152329
152346 152417 152363 152380 152397
152418 152501 152438 152458 152478
152502 152633 152534 152566 152598
152634 152726 152657 152680 152703
152727 152780 152740 152753 152766
152781 152838 152795 152809 152823
152839 152912 152857 152875 152893
152913 153010 152937 152961 152985
153011 153156 153047 153083 153119
153157 153192 153165 153173 153181
153193 153320 153224 153255 153286
153321 153360 153330 153339 153348
153361 153456 153384 153407 153430
153457 153514 153471 153485 153499
153515 153566 153527 153539 153551
153567 153612 153578 153589 153600
153613 153727 153641 153669 153697
153728 153764 153737 153746 153755
153765 153812 153776 153787 153798
153813 153869 153827 153841 153855
153870 153922 153883 153896 153909
153923 154116 153971 154019 154067
154117 154290 154160 154203 154246
154291 154345 154304 154317 154330
154346 154618 154414 154482 154550
154619 154667 154631 154643 154655
154668 154706 154677 154686 154695
154707 154753 154718 154729 154740
154754 154793 154763 154772 154781
154794 154875 154814 154834 154854
154876 154993 154905 154934 154963
154994 155272 155063 155132 155201
155273 155415 155308 155343 155378
155416 155464 155428 155440 155452
155465 155908 155575 155685 155795
155909 155946 155918 155927 155936
155947 155982 155955 155963 155971
155983 156021 155992 156001 156010
156022 156348 156103 156184 156265
156349 156404 156362 156375 156388
156405 156435 156412 156419 156426
156436 156456 156441 156446 156451
156457 156512 156470 156483 156496
156513 156693 156558 156603 156648
156694 156760 156710 156726 156742
156761 156790 156768 156775 156782
156791 156820 156798 156805 156812
156821 156850 156828 156835 156842
156851 156910 156865 156879 156893
156911 156950 156920 156929 156938
156951 156980 156958 156965 156972
156981 157018 156990 156999 157008
157019 157108 157041 157063 157085
157109 157198 157131 157153 157175
157199 157246 157210 157221 157232
157247 157356 157274 157301 157328
157357 157392 157365 157373 157381
157393 157415 157398 157403 157408
157416 157477 157431 157446 157461
157478 157501 157483 157488 157493
157502 157526 157508 157514 157520
157527 157568 157537 157547 157557
157569 157585 157573 157577 157581
157586 157639 157599 157612 157625
157640 157824 157686 157732 157778
157825 157920 157848 157871 157894
157921 158000 157940 157959 157978
158001 158093 158024 158047 158070
158094 158160 158110 158126 158142
158161 158198 158170 158179 158188
158199 158285 158220 158241 158262
158286 158369 158306 158326 158346
158370 158424 158383 158396 158409
158425 158449 158431 158437 158443
158450 158503 158463 158476 158489
158504 158566 158519 158534 158549
158567 158608 158577 158587 158597
158609 158665 158623 158637 158651
158666 158720 158679 158692 158705
158721 158829 158748 158775 158802
158830 158867 158839 158848 158857
158868 158916 158880 158892 158904
158917 159019 158942 158967 158992
159020 159096 159039 159058 159077
159097 159146 159109 159121 159133
159147 159267 159177 159207 159237
159268 159355 159289 159310 159331
159356 159405 159368 159380 159392
159406 159468 159421 159436 159451
159469 159544 159487 159505 159523
159545 159586 159555 159565 159575
159587 159707 159617 159647 159677
159708 159772 159724 159740 159756
159773 160011 159832 159891 159950
160012 160139 160043 160074 160105
160140 160242 160165 160190 160215
160243 160285 160253 160263 160273
160286 160324 160295 160304 160313
160325 160369 160336 160347 160358
160370 160410 160380 160390 160400
160411 160544 160444 160477 160510
160545 160662 160574 160603 160632
160663 160768 160689 160715 160741
160769 160814 160780 160791 160802
160815 160849 160823 160831 160839
160850 160889 160859 160868 160877
160890 160929 160899 160908 160917
160930 160983 160943 160956 160969
160984 161102 161013 161042 161071
161103 161143 161113 161123 161133
161144 161208 161160 161176 161192
161209 161274 161225 161241 161257
161275 161335 161290 161305 161320
161336 161415 161355 161374 161393
161416 161492 161435 161454 161473
161493 161527 161501 161509 161517
161528 161578 161540 161552 161564
161579 161642 161594 161609 161624
161643 161679 161652 161661 161670
161680 161718 161689 161698 161707
161719 161771 161732 161745 161758
161772 161811 161781 161790 161799
161812 162024 161865 161918 161971
162025 162058 162033 162041 162049
162059 162139 162079 162099 162119
162140 162194 162153 162166 162179
162195 162265 162212 162229 162246
162266 162327 162281 162296 162311
162328 162376 162340 162352 162364
162377 162416 162386 162395 162404
162417 162482 162433 162449 162465
162483 162518 162491 162499 162507
162519 162569 162531 162543 162555
162570 162601 162577 162584 162591
162602 162623 162607 162612 162617
162624 162647 162629 162634 162639
162648 162675 162654 162660 162666
162676 162705 162683 162690 162697
162706 162733 162712 162718 162724
162734 162761 162740 162746 162752
162762 162792 162769 162776 162783
162793 162849 162807 162821 162835
162850 162885 162858 162866 162874
162886 162954 162903 162920 162937
162955 162993 162964 162973 162982
162994 163055 163009 163024 163039
163056 163167 163083 163110 163137
163168 163196 163175 163182 163189
163197 163241 163208 163219 163230
163242 163274 163250 163258 163266
163275 163308 163283 163291 163299
163309 163334 163315 163321 163327
163335 163390 163348 163361 163374
163391 163445 163404 163417 163430
163446 163522 163465 163484 163503
163523 163603 163543 163563 163583
163604 163716 163632 163660 163688
163717 163761 163728 163739 163750
163762 163798 163771 163780 163789
163799 163822 163804 163809 163814
163823 163855 163831 163839 163847
163856 163993 163890 163924 163958
163994 164146 164032 164070 164108
164147 164192 164158 164169 164180
164193 164254 164208 164223 164238
164255 164375 164285 164315 164345
164376 164431 164389 164402 164415
164432 164484 164445 164458 164471
164485 164592 164511 164537 164563
164593 164661 164610 164627 164644
164662 164762 164687 164712 164737
164763 164887 164794 164825 164856
164888 164982 164911 164934 164957
164983 165037 164987 164991 165027
165038 165068 165045 165052 165059
165069 165147 165088 165107 165126
165148 165435 165219 165290 165361
165436 165498 165451 165466 165481
165499 165606 165525 165551 165577
165607 165722 165635 165663 165691
165723 165865 165758 165793 165828
165866 165948 165886 165906 165926
165949 166018 165966 165983 166000
166019 166073 166032 166045 166058
166074 166126 166087 166100 166113
166127 166228 166152 166177 166202
166229 166278 166241 166253 166265
166279 166410 166311 166343 166375
166411 166552 166446 166481 166516
166553 166646 166576 166599 166622
166647 166815 166689 166731 166773
166816 166991 166859 166902 166945
166992 167076 167013 167034 167055
167077 167241 167118 167159 167200
167242 167394 167280 167318 167356
167395 167461 167411 167427 167443
167462 167592 167494 167526 167558
167593 167677 167614 167635 167656
167678 167729 167690 167702 167714
167730 167774 167741 167752 167763
167775 167891 167804 167833 167862
167892 167947 167905 167918 167931
167948 168012 167964 167980 167996
168013 168136 168043 168073 168103
168137 168184 168148 168159 168170
168185 168272 168206 168227 168248
168273 168412 168307 168341 168375
168413 168518 168439 168465 168491
168519 168596 168538 168557 168576
168597 168807 168649 168701 168753
168808 168900 168831 168854 168877
168901 168949 168913 168925 168937
168950 169066 168979 169008 169037
169067 169102 169075 169083 169091
169103 169241 169137 169171 169205
169242 169385 169277 169312 169347
169386 169430 169397 169408 169419
169431 169526 169454 169477 169500
169527 169576 169539 169551 169563
169577 169698 169607 169637 169667
169699 169767 169716 169733 169750
169768 169878 169795 169822 169849
169879 169922 169889 169899 169909
169923 169998 169941 169959 169977
169999 170035 170008 170017 170026
170036 170128 170059 170082 170105
170129 170185 170143 170157 170171
170186 170258 170204 170222 170240
170259 170309 170271 170283 170295
170310 170381 170327 170344 170361
170382 170432 170394 170406 170418
170433 170494 170448 170463 170478
170495 170559 170511 170527 170543
170560 170632 170578 170596 170614
170633 170658 170639 170645 170651
170659 170742 170679 170699 170719
170743 170810 170759 170775 170791
170811 170849 170820 170829 170838
170850 170896 170861 170872 170883
170897 170958 170912 170927 170942
170959 170986 170965 170971 170977
170987 171127 171022 171057 171092
171128 171163 171136 171144 171152
171164 171276 171192 171220 171248
171277 171327 171289 171301 171313
171328 171359 171335 171342 171349
171360 171385 171366 171372 171378
171386 171512 171417 171448 171479
171513 171626 171541 171569 171597
171627 171720 171650 171673 171696
171721 171779 171735 171749 171763
171780 171833 171793 171806 171819
171834 171859 171840 171846 171852
171860 171886 171866 171872 171878
171887 171973 171908 171929 171950
171974 172000 171980 171986 171992
172001 172042 172011 172021 172031
172043 172124 172063 172083 172103
172125 172157 172133 172141 172149
172158 172214 172172 172186 172200
172215 172233 172219 172223 172227
172234 172263 172241 172248 172255
172264 172311 172275 172286 172297
172312 172354 172322 172332 172342
172355 172386 172362 172369 172376
172387 172434 172398 172409 172420
172435 172478 172445 172455 172465
172479 172520 172489 172499 172509
172521 172572 172533 172545 172557
172573 172640 172589 172605 172621
172641 172693 172654 172667 172680
172694 172725 172701 172708 172715
172726 172757 172733 172740 172747
172758 172788 172765 172772 172779
172789 172835 172800 172811 172822
172836 172884 172848 172860 172872
172885 173030 172921 172957 172993
173031 173079 173043 173055 173067
173080 173116 173089 173098 173107
173117 173204 173138 173159 173180
173205 173236 173212 173219 173226
173237 173288 173249 173261 173273
173289 173332 173299 173309 173319
173333 173371 173342 173351 173360
173372 173404 173380 173388 173396
173405 173428 173410 173415 173420
173429 173462 173437 173445 173453
173463 173504 173473 173483 173493
173505 173521 173509 173513 173517
173522 173540 173526 173530 173534
173541 173564 173546 173551 173556
173565 173612 173576 173587 173598
173613 173649 173622 173631 173640
173650 173696 173661 173672 173683
173697 173754 173711 173725 173739
173755 173781 173761 173767 173773
173782 173801 173786 173790 173794
173802 173829 173808 173814 173820
173830 173852 173835 173840 173845
173853 173889 173862 173871 173880
173890 173909 173894 173898 173902
173910 173937 173916 173922 173928
173938 174103 173979 174020 174061
174104 174127 174109 174114 174119
174128 174150 174133 174138 174143
174151 174198 174162 174173 174184
174199 174235 174208 174217 174226
174236 174269 174244 174252 174260
174270 174290 174275 174280 174285
174291 174353 174306 174321 174336
174354 174392 174363 174372 174381
174393 174436 174403 174413 174423
174437 174463 174443 174449 174455
174464 174486 174469 174474 174479
174487 174529 174497 174507 174517
174530 174575 174541 174552 174563
174576 174615 174585 174594 174603
174616 174635 174620 174624 174628
174636 174691 174649 174662 174675
174692 174856 174733 174774 174815
174857 174899 174867 174877 174887
174900 174921 174905 174910 174915
174922 174953 174929 174936 174943
174954 174986 174962 174970 174978
174987 175030 174997 175007 175017
175031 175068 175040 175049 175058
175069 175098 175076 175083 175090
175099 175115 175103 175107 175111
175116 175132 175120 175124 175128
175133 175169 175142 175151 175160
175170 175223 175183 175196 175209
175224 175274 175236 175248 175260
175275 175341 175291 175307 175323
175342 175397 175355 175368 175381
175398 175484 175419 175440 175461
175485 175530 175496 175507 175518
175531 175565 175539 175547 175555
175566 175609 175576 175586 175596
175610 175658 175622 175634 175646
175659 175715 175673 175687 175701
175716 175750 175724 175732 175740
175751 175833 175771 175791 175811
175834 175922 175856 175878 175900
175923 175957 175931 175939 175947
175958 175978 175963 175968 175973
175979 176024 175990 176001 176012
176025 176052 176031 176037 176043
176053 176074 176058 176063 176068
176075 176092 176079 176083 176087
176093 176123 176100 176107 176114
176124 176150 176130 176136 176142
176151 176194 176161 176171 176181
176195 176212 176199 176203 176207
176213 176234 176218 176223 176228
176235 176268 176243 176251 176259
176269 176307 176278 176287 176296
176308 176346 176317 176326 176335
176347 176383 176356 176365 176374
176384 176416 176392 176400 176408
176417 176474 176431 176445 176459
176475 176494 176479 176483 176487
176495 176524 176502 176509 176516
176525 176542 176529 176533 176537
176543 176580 176552 176561 176570
176581 176624 176591 176601 176611
176625 176668 176635 176645 176655
176669 176749 176689 176709 176729
176750 176779 176757 176764 176771
176780 176898 176809 176838 176867
176899 176939 176909 176919 176929
176940 176958 176944 176948 176952
176959 176998 176968 176977 176986
176999 177107 177026 177053 177080
177108 177149 177118 177128 177138
177150 177171 177155 177160 177165
177172 177205 177180 177188 177196
177206 177224 177210 177214 177218
177225 177262 177234 177243 177252
177263 177389 177294 177325 177356
177390 177433 177400 177410 177420
177434 177479 177445 177456 177467
177480 177519 177489 177498 177507
177520 177603 177540 177560 177580
177604 177738 177637 177670 177703
177739 177797 177753 177767 177781
177798 177831 177806 177814 177822
177832 177891 177846 177860 177874
177892 177929 177901 177910 177919
177930 177988 177944 177958 177972
177989 178010 177994 177999 178004
178011 178084 178029 178047 178065
178085 178101 178089 178093 178097
178102 178123 178107 178112 178117
178124 178174 178136 178148 178160
178175 178195 178180 178185 178190
178196 178217 178201 178206 178211
178218 178282 178234 178250 178266
178283 178353 178300 178317 178334
178354 178421 178370 178386 178402
178422 178455 178430 178438 178446
178456 178535 178475 178494 178513
178536 178558 178541 178546 178551
178559 178609 178571 178583 178595
178610 178637 178616 178622 178628
178638 178659 178643 178648 178653
178660 178688 178667 178674 178681
178689 178710 178694 178699 178704
178711 178738 178717 178723 178729
178739 178774 178747 178755 178763
178775 178797 178780 178785 178790
178798 178855 178812 178826 178840
178856 178905 178868 178880 178892
178906 178949 178916 178926 178936
178950 178973 178955 178960 178965
178974 179001 178980 178986 178992
179002 179032 179009 179016 179023
179033 179075 179043 179053 179063
179076 179099 179081 179086 179091
179100 179154 179113 179126 179139
179155 179211 179169 179183 179197
179212 179267 179225 179238 179251
179268 179324 179282 179296 179310
179325 179354 179332 179339 179346
179355 179383 179362 179369 179376
179384 179416 179392 179400 179408
179417 179466 179429 179441 179453
179467 179496 179474 179481 179488
179497 179519 179502 179507 179512
179520 179579 179534 179548 179562
179580 179609 179587 179594 179601
179610 179644 179618 179626 179634
179645 179691 179656 179667 179678
179692 179727 179700 179708 179716
179728 179766 179737 179746 179755
179767 179799 179775 179783 179791
179800 179820 179805 179810 179815
179821 179841 179826 179831 179836
179842 179911 179859 179876 179893
179912 179952 179922 179932 179942
179953 180020 179964 179975 180015
180021 180099 180040 180059 180078
180100 180132 180108 180116 180124
180133 180160 180139 180145 180151
180161 180223 180176 180191 180206
180224 180244 180229 180234 180239
180245 180333 180267 180289 180311
180334 180406 180352 180370 180388
180407 180425 180411 180415 180419
180426 180499 180444 180462 180480
180500 180513 180503 180506 180509
180514 180578 180530 180546 180562
180579 180615 180588 180597 180606
180616 180742 180647 180678 180709
180743 180777 180751 180759 180767
180778 180827 180790 180802 180814
180828 180889 180843 180858 180873
180890 180909 180894 180898 180902
180910 180936 180916 180922 180928
180937 181005 180954 180971 180988
181006 181105 181030 181054 181078
181106 181167 181121 181136 181151
181168 181218 181180 181192 181204
181219 181253 181227 181235 181243
181254 181285 181261 181268 181275
181286 181308 181291 181296 181301
181309 181359 181321 181333 181345
181360 181395 181368 181376 181384
181396 181455 181410 181424 181438
181456 181500 181467 181478 181489
181501 181620 181530 181559 181588
181621 181820 181670 181719 181768
181821 181863 181831 181841 181851
181864 181967 181889 181914 181939
181968 182056 181990 182012 182034
182057 182101 182068 182079 182090
182102 182153 182114 182126 182138
182154 182234 182174 182194 182214
182235 182299 182251 182267 182283
182300 182357 182314 182328 182342
182358 182393 182366 182374 182382
182394 182452 182408 182422 182436
182453 182475 182458 182463 182468
182476 182504 182483 182490 182497
182505 182552 182516 182527 182538
182553 182697 182589 182625 182661
182698 182828 182730 182762 182794
182829 182913 182850 182871 182892
182914 182933 182918 182922 182926
182934 183067 182967 183000 183033
183068 183199 183100 183132 183164
183200 183277 183219 183238 183257
183278 183295 183282 183286 183290
183296 183324 183303 183310 183317
183325 183397 183343 183361 183379
183398 183433 183406 183414 183422
183434 183506 183452 183470 183488
183507 183553 183518 183529 183540
183554 183664 183581 183608 183635
183665 183783 183694 183723 183752
183784 183883 183808 183832 183856
183884 183987 183909 183934 183959
183988 184029 183998 184008 184018
184030 184075 184041 184052 184063
184076 184157 184096 184116 184136
184158 184347 184205 184252 184299
184348 184553 184399 184450 184501
184554 184610 184568 184582 184596
184611 184644 184619 184627 184635
184645 184665 184650 184655 184660
184666 184988 184746 184826 184906
184989 185166 185033 185077 185121
185167 185257 185189 185211 185233
185258 185340 185278 185298 185318
185341 185452 185368 185395 185422
185453 185503 185465 185477 185489
185504 185621 185533 185562 185591
185622 185929 185698 185774 185850
185930 186033 185955 185980 186005
186034 186084 186046 186058 186070
186085 186151 186101 186117 186133
186152 186226 186170 186188 186206
186227 186318 186249 186271 186293
186319 186396 186338 186357 186376
186397 186465 186414 186431 186448
186466 186493 186472 186478 186484
186494 186528 186502 186510 186518
186529 186607 186548 186567 186586
186608 186693 186629 186650 186671
186694 186744 186706 186718 186730
186745 186787 186755 186765 186775
186788 186830 186798 186808 186818
186831 186885 186844 186857 186870
186886 186921 186894 186902 186910
186922 187060 186956 186990 187024
187061 187096 187069 187077 187085
187097 187144 187108 187119 187130
187145 187189 187156 187167 187178
187190 187219 187197 187204 187211
187220 187273 187233 187246 187259
187274 187380 187300 187326 187352
187381 187413 187389 187397 187405
187414 187443 187421 187428 187435
187444 187460 187448 187452 187456
187461 187511 187473 187485 187497
187512 187551 187521 187530 187539
187552 187577 187558 187564 187570
187578 187631 187591 187604 187617
187632 187649 187636 187640 187644
187650 187671 187655 187660 187665
187672 187696 187678 187684 187690
187697 187715 187701 187705 187709
187716 187743 187722 187728 187734
187744 187775 187751 187758 187765
187776 187802 187782 187788 187794
187803 187827 187809 187815 187821
187828 187846 187832 187836 187840
187847 187876 187854 187861 187868
187877 187903 187883 187889 187895
187904 187934 187911 187918 187925
187935 187974 187944 187953 187962
187975 188072 187999 188023 188047
188073 188138 188089 188105 188121
188139 188249 188166 188193 188220
188250 188271 188255 188260 188265
188272 188321 188284 188296 188308
188322 188380 188336 188350 188364
188381 188407 188387 188393 188399
188408 188451 188418 188428 188438
188452 188523 188469 188486 188503
188524 188552 188531 188538 188545
188553 188614 188568 188583 188598
188615 188666 188627 188639 188651
188667 188705 188676 188685 188694
188706 188723 188710 188714 188718
188724 188764 188734 188744 188754
188765 188795 188772 188779 188786
188796 188834 188805 188814 188823
188835 188926 188857 188879 188901
188927 189004 188946 188965 188984
189005 189098 189028 189051 189074
189099 189121 189104 189109 189114
189122 189206 189143 189164 189185
189207 189254 189218 189229 189240
189255 189283 189262 189269 189276
189284 189322 189293 189302 189311
189323 189340 189327 189331 189335
189341 189407 189357 189373 189389
189408 189425 189412 189416 189420
189426 189449 189431 189436 189441
189450 189486 189459 189468 189477
189487 189513 189493 189499 189505
189514 189552 189523 189532 189541
189553 189615 189568 189583 189598
189616 189673 189630 189644 189658
189674 189702 189681 189688 189695
189703 189736 189711 189719 189727
189737 189790 189750 189763 189776
189791 189894 189816 189841 189866
189895 189931 189904 189913 189922
189932 189966 189940 189948 189956
189967 190014 189978 189989 190000
190015 190035 190020 190025 190030
190036 190052 190040 190044 190048
190053 190069 190057 190061 190065
190070 190086 190074 190078 190082
190087 190132 190098 190109 190120
190133 190151 190137 190141 190145
190152 190224 190170 190188 190206
190225 190385 190265 190305 190345
190386 190417 190393 190400 190407
190418 190450 190426 190434 190442
190451 190480 190458 190465 190472
190481 190547 190497 190513 190529
190548 190565 190552 190556 190560
190566 190645 190585 190604 190623
190646 190814 190688 190730 190772
190815 190908 190838 190861 190884
190909 190945 190918 190927 190936
190946 190988 190956 190966 190976
190989 191063 191007 191025 191043
191064 191151 191085 191106 191127
191152 191251 191176 191200 191224
191252 191301 191264 191276 191288
191302 191399 191326 191350 191374
191400 191442 191410 191420 191430
191443 191520 191462 191481 191500
191521 191563 191531 191541 191551
191564 191615 191576 191588 191600
191616 191666 191628 191640 191652
191667 191719 191680 191693 191706
191720 191784 191736 191752 191768
191785 191843 191799 191813 191827
191844 191986 191879 191914 191949
191987 192089 192012 192037 192062
192090 192202 192118 192146 192174
192203 192299 192227 192251 192275
192300 192416 192329 192358 192387
192417 192478 192432 192447 192462
192479 192538 192493 192507 192521
192539 192642 192564 192589 192614
192643 192718 192661 192679 192697
192719 192810 192741 192763 192785
192811 192897 192832 192853 192874
192898 192962 192914 192930 192946
192963 193060 192987 193011 193035
193061 193136 193079 193097 193115
193137 193246 193164 193191 193218
193247 193322 193265 193283 193301
193323 193545 193378 193433 193488
193546 193647 193571 193596 193621
193648 193704 193662 193676 193690
193705 193796 193727 193749 193771
193797 194121 193878 193959 194040
194122 194158 194131 194140 194149
194159 194250 194181 194203 194225
194251 194362 194278 194305 194332
194363 194427 194379 194395 194411
194428 194628 194478 194528 194578
194629 194757 194661 194693 194725
194758 194830 194776 194794 194812
194831 194918 194852 194873 194894
194919 194995 194938 194957 194976
194996 195137 194996 194996 195102
195138 195285 195174 195210 195246
195286 195413 195317 195348 195379
195414 208295 198634 201854 205074
