0 1285 321 642 963
1286 1795 1413 1540 1667
1796 2397 1946 2096 2246
2398 2501 2423 2448 2473
2502 2560 2516 2530 2544
2561 2979 2665 2769 2873
2980 3053 2998 3016 3034
3054 3167 3082 3110 3138
3168 3250 3188 3208 3228
3251 3821 3393 3535 3677
3822 3870 3834 3846 3858
3871 4014 3906 3941 3976
4015 4085 4032 4049 4066
4086 4193 4112 4138 4164
4194 4282 4216 4238 4260
4283 4370 4304 4325 4346
4371 4521 4408 4445 4482
4522 4862 4607 4692 4777
4863 4937 4881 4899 4917
4938 5903 5179 5420 5661
5904 5979 5922 5940 5958
5980 6320 6065 6150 6235
6321 6378 6335 6349 6363
6379 6616 6438 6497 6556
6617 6644 6623 6629 6635
6645 6669 6651 6657 6663
6670 6690 6675 6680 6685
6691 6731 6701 6711 6721
6732 6780 6744 6756 6768
6781 6812 6788 6795 6802
6813 6844 6820 6827 6834
6845 6917 6863 6881 6899
6918 6953 6926 6934 6942
6954 6993 6963 6972 6981
6994 7015 6999 7004 7009
7016 7038 7021 7026 7031
7039 7065 7045 7051 7057
7066 7094 7073 7080 7087
7095 7163 7112 7129 7146
7164 7195 7171 7178 7185
7196 7221 7202 7208 7214
7222 7409 7268 7314 7360
7410 7470 7425 7440 7455
7471 7572 7496 7521 7546
7573 7639 7589 7605 7621
7640 7802 7680 7720 7760
7803 7831 7810 7817 7824
7832 7862 7839 7846 7853
7863 7973 7890 7917 7944
7974 8120 8010 8046 8082
8121 8166 8132 8143 8154
8167 8255 8189 8211 8233
8256 8316 8271 8286 8301
8317 8466 8354 8391 8428
8467 8518 8479 8491 8503
8519 8582 8534 8549 8564
8583 8659 8602 8621 8640
8660 8697 8669 8678 8687
8698 8716 8702 8706 8710
8717 8750 8725 8733 8741
8751 8827 8770 8789 8808
8828 9051 8883 8938 8993
9052 9136 9073 9094 9115
9137 9242 9163 9189 9215
9243 9279 9252 9261 9270
9280 9413 9313 9346 9379
9414 9438 9420 9426 9432
9439 9507 9456 9473 9490
9508 9536 9515 9522 9529
9537 9610 9555 9573 9591
9611 9667 9625 9639 9653
9668 9706 9677 9686 9695
9707 9783 9726 9745 9764
9784 9801 9788 9792 9796
9802 9828 9808 9814 9820
9829 9966 9863 9897 9931
9967 10003 9976 9985 9994
10004 10035 10011 10018 10025
10036 10239 10086 10136 10186
10240 10275 10248 10256 10264
10276 10324 10288 10300 10312
10325 10359 10333 10341 10349
10360 10383 10365 10370 10375
10384 10439 10397 10410 10423
10440 10466 10446 10452 10458
10467 10488 10472 10477 10482
10489 10512 10494 10499 10504
10513 10556 10523 10533 10543
10557 10592 10565 10573 10581
10593 10614 10598 10603 10608
10615 10641 10621 10627 10633
10642 10678 10651 10660 10669
10679 10709 10686 10693 10700
10710 10731 10715 10720 10725
10732 10761 10739 10746 10753
10762 10781 10766 10770 10774
10782 10800 10786 10790 10794
10801 10834 10809 10817 10825
10835 10851 10839 10843 10847
10852 10877 10858 10864 10870
10878 10894 10882 10886 10890
10895 10927 10903 10911 10919
10928 10944 10932 10936 10940
10945 10962 10949 10953 10957
10963 10979 10967 10971 10975
10980 11028 10992 11004 11016
11029 11063 11037 11045 11053
11064 11089 11070 11076 11082
11090 11120 11097 11104 11111
11121 11191 11138 11155 11172
11192 11236 11203 11214 11225
11237 11293 11251 11265 11279
11294 11344 11306 11318 11330
11345 11386 11355 11365 11375
11387 11412 11393 11399 11405
11413 11446 11421 11429 11437
11447 11471 11453 11459 11465
11472 11503 11479 11486 11493
11504 11535 11511 11518 11525
11536 11571 11544 11552 11560
11572 11602 11579 11586 11593
11603 11629 11609 11615 11621
11630 11658 11637 11644 11651
11659 11693 11667 11675 11683
11694 11737 11704 11714 11724
11738 11781 11748 11758 11768
11782 11803 11787 11792 11797
11804 11853 11816 11828 11840
11854 11895 11864 11874 11884
11896 11918 11901 11906 11911
11919 11938 11923 11927 11931
11939 11968 11946 11953 11960
11969 11999 11976 11983 11990
12000 12016 12004 12008 12012
12017 12035 12021 12025 12029
12036 12074 12045 12054 12063
12075 12103 12082 12089 12096
12104 12128 12110 12116 12122
12129 12147 12133 12137 12141
12148 12238 12170 12192 12214
12239 12296 12253 12267 12281
12297 12338 12307 12317 12327
12339 12391 12352 12365 12378
12392 12444 12405 12418 12431
12445 12476 12452 12459 12466
12477 12503 12483 12489 12495
12504 12528 12510 12516 12522
12529 12550 12534 12539 12544
12551 12569 12555 12559 12563
12570 12589 12574 12578 12582
12590 12628 12599 12608 12617
12629 12645 12633 12637 12641
12646 12669 12651 12656 12661
12670 12696 12676 12682 12688
12697 12735 12706 12715 12724
12736 12760 12742 12748 12754
12761 12784 12766 12771 12776
12785 12838 12798 12811 12824
12839 12859 12844 12849 12854
12860 12878 12864 12868 12872
12879 12931 12892 12905 12918
12932 12955 12937 12942 12947
12956 12974 12960 12964 12968
12975 12992 12979 12983 12987
12993 13018 12999 13005 13011
13019 13061 13029 13039 13049
13062 13782 13242 13422 13602
13783 13816 13791 13799 13807
13817 14704 14038 14259 14480
14705 15066 14778 14851 15048
15067 15133 15083 15099 15115
15134 15261 15165 15196 15227
15262 15326 15278 15294 15310
15327 15413 15348 15369 15390
15414 15468 15427 15440 15453
15469 15523 15482 15495 15508
15524 15555 15531 15538 15545
15556 15585 15563 15570 15577
15586 15869 15656 15726 15796
15870 15950 15890 15910 15930
15951 16128 15995 16039 16083
16129 16410 16199 16269 16339
16411 16478 16427 16443 16459
16479 16505 16485 16491 16497
16506 16918 16609 16712 16815
16919 17084 16960 17001 17042
17085 17159 17103 17121 17139
17160 17365 17211 17262 17313
17366 17447 17386 17406 17426
17448 17512 17464 17480 17496
17513 17628 17541 17569 17597
17629 17843 17682 17735 17788
17844 18115 17911 17978 18045
18116 18218 18141 18166 18191
18219 18411 18267 18315 18363
18412 18579 18453 18494 18535
18580 18623 18590 18600 18610
18624 18671 18635 18646 18657
18672 18721 18684 18696 18708
18722 18818 18746 18770 18794
18819 18842 18824 18829 18834
18843 18882 18852 18861 18870
18883 18913 18890 18897 18904
18914 18939 18920 18926 18932
18940 19020 18960 18980 19000
19021 19068 19032 19043 19054
19069 19123 19082 19095 19108
19124 19188 19140 19156 19172
19189 19258 19206 19223 19240
19259 19337 19278 19297 19316
19338 19396 19352 19366 19380
19397 19436 19406 19415 19424
19437 19464 19443 19449 19455
19465 19518 19478 19491 19504
19519 19553 19527 19535 19543
19554 19589 19562 19570 19578
19590 19645 19603 19616 19629
19646 19684 19655 19664 19673
19685 19719 19693 19701 19709
19720 19749 19727 19734 19741
19750 19782 19758 19766 19774
19783 19819 19792 19801 19810
19820 19868 19832 19844 19856
19869 20059 19916 19963 20010
20060 20092 20068 20076 20084
20093 20110 20097 20101 20105
20111 20147 20120 20129 20138
20148 20181 20156 20164 20172
20182 20247 20198 20214 20230
20248 20281 20256 20264 20272
20282 20334 20295 20308 20321
20335 20383 20347 20359 20371
20384 20441 20398 20412 20426
20442 20477 20450 20458 20466
20478 20651 20521 20564 20607
20652 20702 20664 20676 20688
20703 20820 20732 20761 20790
20821 20846 20827 20833 20839
20847 20951 20873 20899 20925
20952 20998 20963 20974 20985
20999 21023 21005 21011 21017
21024 21047 21029 21034 21039
21048 21117 21065 21082 21099
21118 21161 21128 21138 21148
21162 21200 21171 21180 21189
21201 21574 21294 21387 21480
21575 21626 21587 21599 21611
21627 21881 21690 21753 21816
21882 21951 21899 21916 21933
21952 22069 21981 22010 22039
22070 22120 22082 22094 22106
22121 22295 22164 22207 22250
22296 22325 22303 22310 22317
22326 22344 22330 22334 22338
22345 22414 22362 22379 22396
22415 22546 22447 22479 22511
22547 22581 22555 22563 22571
22582 22626 22593 22604 22615
22627 22667 22637 22647 22657
22668 22718 22680 22692 22704
22719 22909 22766 22813 22860
22910 22966 22924 22938 22952
22967 22993 22973 22979 22985
22994 23062 23011 23028 23045
23063 23120 23077 23091 23105
23121 23235 23149 23177 23205
23236 23295 23250 23264 23278
23296 23366 23313 23330 23347
23367 23583 23421 23475 23529
23584 23675 23606 23628 23650
23676 23784 23703 23730 23757
23785 23834 23797 23809 23821
23835 23874 23844 23853 23862
23875 24093 23929 23983 24037
24094 24187 24117 24140 24163
24188 24281 24211 24234 24257
24282 24913 24439 24596 24753
24914 24969 24927 24940 24953
24970 25003 24978 24986 24994
25004 25416 25107 25210 25313
25417 25459 25427 25437 25447
25460 25510 25472 25484 25496
25511 25567 25525 25539 25553
25568 25610 25578 25588 25598
25611 25654 25621 25631 25641
25655 25691 25664 25673 25682
25692 25720 25699 25706 25713
25721 25820 25745 25769 25793
25821 25863 25831 25841 25851
25864 25914 25876 25888 25900
25915 25978 25930 25945 25960
25979 26049 25996 26013 26030
26050 26092 26060 26070 26080
26093 26234 26128 26163 26198
26235 26295 26250 26265 26280
26296 26411 26324 26352 26380
26412 26498 26433 26454 26475
26499 26585 26520 26541 26562
26586 26639 26599 26612 26625
26640 26765 26671 26702 26733
26766 26840 26784 26802 26820
26841 26916 26859 26877 26895
26917 27038 26947 26977 27007
27039 27127 27061 27083 27105
27128 27233 27154 27180 27206
27234 27404 27276 27318 27360
27405 27529 27436 27467 27498
27530 27679 27567 27604 27641
27680 27782 27705 27730 27755
27783 27836 27796 27809 27822
27837 27912 27855 27873 27891
27913 28007 27936 27959 27982
28008 28146 28042 28076 28110
28147 28198 28159 28171 28183
28199 28372 28242 28285 28328
28373 28420 28384 28395 28406
28421 28538 28450 28479 28508
28539 28639 28564 28589 28614
28640 28691 28652 28664 28676
28692 28780 28714 28736 28758
28781 28871 28803 28825 28847
28872 28919 28883 28894 28905
28920 29111 28967 29014 29061
29112 29156 29123 29134 29145
29157 29521 29248 29339 29430
29522 29606 29543 29564 29585
29607 29694 29628 29649 29670
29695 29743 29707 29719 29731
29744 29773 29751 29758 29765
29774 29846 29792 29810 29828
29847 29954 29873 29899 29925
29955 30028 29966 29977 30021
30029 30219 30076 30123 30170
30220 30274 30233 30246 30259
30275 30362 30296 30317 30338
30363 30395 30371 30379 30387
30396 30425 30403 30410 30417
30426 30490 30442 30458 30474
30491 30666 30534 30577 30620
30667 30804 30701 30735 30769
30805 30888 30825 30845 30865
30889 30957 30906 30923 30940
30958 31146 31005 31052 31099
31147 31188 31157 31167 31177
31189 31250 31204 31219 31234
31251 31446 31299 31347 31395
31447 31526 31466 31485 31504
31527 31828 31602 31677 31752
31829 31906 31848 31867 31886
31907 32206 31981 32055 32129
32207 32242 32215 32223 32231
32243 32425 32288 32333 32378
32426 32468 32436 32446 32456
32469 32526 32483 32497 32511
32527 32554 32533 32539 32545
32555 32611 32569 32583 32597
32612 32629 32616 32620 32624
32630 32685 32643 32656 32669
32686 32747 32701 32716 32731
32748 32776 32755 32762 32769
32777 32853 32796 32815 32834
32854 32935 32874 32894 32914
32936 32978 32946 32956 32966
32979 33063 33000 33021 33042
33064 33089 33070 33076 33082
33090 33148 33104 33118 33132
33149 33207 33163 33177 33191
33208 33342 33241 33274 33307
33343 33413 33360 33377 33394
33414 33471 33428 33442 33456
33472 33573 33497 33522 33547
33574 33625 33586 33598 33610
33626 33697 33643 33660 33677
33698 33762 33714 33730 33746
33763 34089 33844 33925 34006
34090 34180 34112 34134 34156
34181 34257 34200 34219 34238
34258 34358 34283 34308 34333
34359 34531 34402 34445 34488
34532 34558 34538 34544 34550
34559 34581 34564 34569 34574
34582 34670 34604 34626 34648
34671 34725 34684 34697 34710
34726 34788 34741 34756 34771
34789 34924 34822 34855 34888
34925 35018 34948 34971 34994
35019 35076 35033 35047 35061
35077 35116 35086 35095 35104
35117 35182 35133 35149 35165
35183 35201 35187 35191 35195
35202 35235 35210 35218 35226
35236 35263 35242 35248 35254
35264 35351 35285 35306 35327
35352 35377 35358 35364 35370
35378 35457 35397 35416 35435
35458 35481 35463 35468 35473
35482 35789 35558 35634 35710
35790 36294 35916 36042 36168
36295 36375 36315 36335 36355
36376 36463 36397 36418 36439
36464 37411 36700 36936 37172
37412 37438 37418 37424 37430
37439 37477 37448 37457 37466
37478 37531 37491 37504 37517
37532 37581 37544 37556 37568
37582 37700 37611 37640 37669
37701 37758 37715 37729 37743
37759 37850 37781 37803 37825
37851 37914 37866 37881 37896
37915 38152 37974 38033 38092
38153 38236 38173 38193 38213
38237 38730 38360 38483 38606
38731 38788 38745 38759 38773
38789 38897 38816 38843 38870
38898 39191 38971 39044 39117
39192 39294 39217 39242 39267
39295 39411 39324 39353 39382
39412 39434 39417 39422 39427
39435 39456 39440 39445 39450
39457 39499 39467 39477 39487
39500 39514 39503 39506 39509
39515 39554 39524 39533 39542
39555 39612 39569 39583 39597
39613 39691 39632 39651 39670
39692 39768 39711 39730 39749
39769 39808 39778 39787 39796
39809 39908 39833 39857 39881
39909 39945 39918 39927 39936
39946 40028 39966 39986 40006
40029 40089 40044 40059 40074
40090 40146 40104 40118 40132
40147 40217 40164 40181 40198
40218 40256 40227 40236 40245
40257 40296 40266 40275 40284
40297 40349 40310 40323 40336
40350 40417 40366 40382 40398
40418 40470 40431 40444 40457
40471 40556 40492 40513 40534
40557 40686 40589 40621 40653
40687 40750 40702 40717 40732
40751 40840 40773 40795 40817
40841 40870 40848 40855 40862
40871 40891 40876 40881 40886
40892 40914 40897 40902 40907
40915 40943 40922 40929 40936
40944 41088 40980 41016 41052
41089 41161 41107 41125 41143
41162 41309 41198 41234 41270
41310 41366 41324 41338 41352
41367 41404 41376 41385 41394
41405 41486 41425 41445 41465
41487 41527 41497 41507 41517
41528 41642 41556 41584 41612
41643 41672 41650 41657 41664
41673 41698 41679 41685 41691
41699 41730 41706 41713 41720
41731 41890 41770 41809 41848
41891 41953 41906 41921 41936
41954 41997 41964 41974 41984
41998 42048 42010 42022 42034
42049 42072 42054 42059 42064
42073 42113 42083 42093 42103
42114 42201 42135 42156 42177
42202 42237 42210 42218 42226
42238 42272 42246 42254 42262
42273 42337 42289 42305 42321
42338 42390 42351 42364 42377
42391 42428 42400 42409 42418
42429 42452 42434 42439 42444
42453 42523 42470 42487 42504
42524 42554 42531 42538 42545
42555 42694 42589 42623 42657
42695 42732 42704 42713 42722
42733 42793 42748 42763 42778
42794 42948 42832 42870 42908
42949 42993 42960 42971 42982
42994 43044 43006 43018 43030
43045 43132 43066 43087 43108
43133 43230 43157 43181 43205
43231 43390 43270 43309 43348
43391 43485 43414 43437 43460
43486 43546 43501 43516 43531
43547 43599 43560 43573 43586
43600 43684 43621 43642 43663
43685 43718 43693 43701 43709
43719 43847 43751 43783 43815
43848 43879 43855 43862 43869
43880 43939 43894 43908 43922
43940 43993 43953 43966 43979
43994 44029 44002 44010 44018
44030 44062 44038 44046 44054
44063 44119 44077 44091 44105
44120 44244 44151 44182 44213
44245 44276 44252 44259 44266
44277 44296 44281 44285 44289
44297 44386 44319 44341 44363
44387 44455 44404 44421 44438
44456 44533 44475 44494 44513
44534 44629 44557 44580 44603
44630 44720 44652 44674 44696
44721 44777 44735 44749 44763
44778 44826 44790 44802 44814
44827 44852 44833 44839 44845
44853 44902 44865 44877 44889
44903 45075 44927 44951 45054
45076 45202 45107 45138 45169
45203 45260 45217 45231 45245
45261 45330 45278 45295 45312
45331 45385 45344 45357 45370
45386 45438 45399 45412 45425
45439 45490 45451 45463 45475
45491 45567 45510 45529 45548
45568 45607 45577 45586 45595
45608 45669 45623 45638 45653
45670 45727 45684 45698 45712
45728 45776 45740 45752 45764
45777 45803 45783 45789 45795
45804 45840 45813 45822 45831
45841 45892 45853 45865 45877
45893 45941 45905 45917 45929
45942 45995 45955 45968 45981
45996 46032 46005 46014 46023
46033 46061 46040 46047 46054
46062 46084 46067 46072 46077
46085 46212 46116 46147 46178
46213 46251 46222 46231 46240
46252 46340 46274 46296 46318
46341 46391 46353 46365 46377
46392 46448 46406 46420 46434
46449 46473 46455 46461 46467
46474 46509 46482 46490 46498
46510 46555 46521 46532 46543
46556 46641 46577 46598 46619
46642 46825 46687 46732 46777
46826 46873 46837 46848 46859
46874 47193 46953 47032 47111
47194 47538 47280 47366 47452
47539 47583 47550 47561 47572
47584 47797 47637 47690 47743
47798 47924 47829 47860 47891
47925 47971 47936 47947 47958
47972 48384 48075 48178 48281
48385 48652 48451 48517 48583
48653 48705 48666 48679 48692
48706 48814 48733 48760 48787
48815 49094 48884 48953 49022
49095 49148 49108 49121 49134
49149 49422 49217 49285 49353
49423 49463 49433 49443 49453
49464 49571 49490 49516 49542
49572 49624 49585 49598 49611
49625 49686 49640 49655 49670
49687 49734 49698 49709 49720
49735 49768 49743 49751 49759
49769 49817 49781 49793 49805
49818 49986 49860 49902 49944
49987 50070 50007 50027 50047
50071 50244 50114 50157 50200
50245 50361 50274 50303 50332
50362 50506 50398 50434 50470
50507 50558 50519 50531 50543
50559 50620 50574 50589 50604
50621 50716 50644 50667 50690
50717 50860 50752 50787 50822
50861 50884 50866 50871 50876
50885 50952 50901 50917 50933
50953 51080 50984 51015 51046
51081 51240 51120 51159 51198
51241 51327 51262 51283 51304
51328 51391 51343 51358 51373
51392 51435 51402 51412 51422
51436 51509 51454 51472 51490
51510 51552 51520 51530 51540
51553 51604 51565 51577 51589
51605 51691 51626 51647 51668
51692 51751 51706 51720 51734
51752 51793 51762 51772 51782
51794 51951 51833 51872 51911
51952 52083 51984 52016 52048
52084 52257 52127 52170 52213
52258 52326 52275 52292 52309
52327 52363 52336 52345 52354
52364 52406 52374 52384 52394
52407 52511 52433 52459 52485
52512 52550 52521 52530 52539
52551 52659 52578 52605 52632
52660 52740 52680 52700 52720
52741 52807 52757 52773 52789
52808 52867 52822 52836 52850
52868 52959 52890 52912 52934
52960 52993 52968 52976 52984
52994 53054 53009 53024 53039
53055 53137 53075 53095 53115
53138 53247 53165 53192 53219
53248 53302 53261 53274 53287
53303 53379 53322 53341 53360
53380 53456 53399 53418 53437
53457 53571 53485 53513 53541
53572 53615 53582 53592 53602
53616 53669 53629 53642 53655
53670 53689 53674 53678 53682
53690 53721 53697 53704 53711
53722 53851 53754 53786 53818
53852 53974 53882 53912 53942
53975 54015 53985 53995 54005
54016 54074 54030 54044 54058
54075 54305 54132 54189 54246
54306 54435 54338 54370 54402
54436 54506 54453 54470 54487
54507 54581 54525 54543 54561
54582 54718 54616 54650 54684
54719 54792 54737 54755 54773
54793 54883 54815 54837 54859
54884 54952 54901 54918 54935
54953 55018 54969 54985 55001
55019 55180 55059 55099 55139
55181 55248 55197 55213 55229
55249 55290 55259 55269 55279
55291 55333 55301 55311 55321
55334 55383 55346 55358 55370
55384 55440 55398 55412 55426
55441 55503 55456 55471 55486
55504 55573 55521 55538 55555
55574 55642 55591 55608 55625
55643 55731 55665 55687 55709
55732 55817 55753 55774 55795
55818 55851 55826 55834 55842
55852 55875 55857 55862 55867
55876 55912 55885 55894 55903
55913 55954 55923 55933 55943
55955 55999 55966 55977 55988
56000 56030 56007 56014 56021
56031 56087 56045 56059 56073
56088 56143 56101 56114 56127
56144 56175 56151 56158 56165
56176 56200 56182 56188 56194
56201 56233 56209 56217 56225
56234 56271 56243 56252 56261
56272 56288 56276 56280 56284
56289 56342 56302 56315 56328
56343 56377 56351 56359 56367
56378 56417 56387 56396 56405
56418 56448 56425 56432 56439
56449 56481 56457 56465 56473
56482 56521 56491 56500 56509
56522 56600 56541 56560 56579
56601 56633 56609 56617 56625
56634 56697 56649 56664 56679
56698 56753 56711 56724 56737
56754 56828 56772 56790 56808
56829 56933 56855 56881 56907
56934 57777 57144 57354 57564
57778 57842 57794 57810 57826
57843 57989 57879 57915 57951
57990 58061 58007 58024 58041
58062 58211 58099 58136 58173
58212 58273 58227 58242 58257
58274 58320 58285 58296 58307
58321 58439 58350 58379 58408
58440 58919 58559 58678 58797
58920 59127 58971 59022 59073
59128 59160 59136 59144 59152
59161 59256 59184 59207 59230
59257 59404 59293 59329 59365
59405 59442 59414 59423 59432
59443 59475 59451 59459 59467
59476 59595 59505 59534 59563
59596 59694 59620 59644 59668
59695 59717 59700 59705 59710
59718 59769 59730 59742 59754
59770 59911 59805 59840 59875
59912 60053 59933 59954 60039
60054 60120 60070 60086 60102
60121 60362 60181 60241 60301
60363 60523 60403 60443 60483
60524 60731 60575 60626 60677
60732 60817 60753 60774 60795
60818 61242 60924 61030 61136
61243 61560 61322 61401 61480
61561 62548 61807 62053 62299
62549 62929 62644 62739 62834
62930 62985 62943 62956 62969
62986 63027 62996 63006 63016
63028 63095 63044 63060 63076
63096 63421 63177 63258 63339
63422 63480 63436 63450 63464
63481 63677 63530 63579 63628
63678 63727 63690 63702 63714
63728 63776 63740 63752 63764
63777 63872 63800 63823 63846
63873 63959 63894 63915 63936
63960 64329 64052 64144 64236
64330 64388 64344 64358 64372
64389 64443 64402 64415 64428
64444 64507 64459 64474 64489
64508 64570 64523 64538 64553
64571 64627 64585 64599 64613
64628 64708 64648 64668 64688
64709 64727 64713 64717 64721
64728 65520 64926 65124 65322
65521 65569 65533 65545 65557
65570 65756 65616 65662 65708
65757 65783 65763 65769 65775
65784 65846 65799 65814 65829
65847 65942 65870 65893 65916
65943 66327 66039 66135 66231
66328 66357 66335 66342 66349
66358 66611 66421 66484 66547
66612 66694 66632 66652 66672
66695 66911 66749 66803 66857
66912 67120 66964 67016 67068
67121 67649 67253 67385 67517
67650 67886 67709 67768 67827
67887 67904 67891 67895 67899
67905 67932 67911 67917 67923
67933 67956 67938 67943 67948
67957 67981 67963 67969 67975
67982 68035 67995 68008 68021
68036 68150 68064 68092 68120
68151 68551 68251 68351 68451
68552 69435 68772 68992 69212
69436 69565 69468 69500 69532
69566 69597 69573 69580 69587
69598 69719 69628 69658 69688
69720 69827 69746 69772 69798
69828 69870 69838 69848 69858
69871 69910 69880 69889 69898
69911 69935 69917 69923 69929
69936 69962 69942 69948 69954
69963 70006 69973 69983 69993
70007 70030 70012 70017 70022
70031 70095 70047 70063 70079
70096 70146 70108 70120 70132
70147 70198 70159 70171 70183
70199 70259 70214 70229 70244
70260 70335 70278 70296 70314
70336 70372 70345 70354 70363
70373 70514 70408 70443 70478
70515 70540 70521 70527 70533
70541 70569 70548 70555 70562
70570 70665 70593 70616 70639
70666 70693 70672 70678 70684
70694 70713 70698 70702 70706
70714 70732 70718 70722 70726
70733 70752 70737 70741 70745
70753 70866 70781 70809 70837
70867 70895 70874 70881 70888
70896 70922 70902 70908 70914
70923 70971 70935 70947 70959
70972 71009 70981 70990 70999
71010 71046 71019 71028 71037
71047 71081 71055 71063 71071
71082 71205 71112 71142 71172
71206 71238 71214 71222 71230
71239 71280 71249 71259 71269
71281 71328 71292 71303 71314
71329 71359 71336 71343 71350
71360 71387 71366 71372 71378
71388 71410 71393 71398 71403
71411 71444 71419 71427 71435
71445 71463 71449 71453 71457
71464 71501 71473 71482 71491
71502 71533 71509 71516 71523
71534 71555 71539 71544 71549
71556 71598 71566 71576 71586
71599 71615 71603 71607 71611
71616 71646 71623 71630 71637
71647 71727 71667 71687 71707
71728 71782 71741 71754 71767
71783 71807 71789 71795 71801
71808 71839 71815 71822 71829
71840 71858 71844 71848 71852
71859 71888 71866 71873 71880
71889 71936 71900 71911 71922
71937 71966 71944 71951 71958
71967 71986 71971 71975 71979
71987 72030 71997 72007 72017
72031 72054 72036 72041 72046
72055 72083 72062 72069 72076
72084 72103 72088 72092 72096
72104 72140 72113 72122 72131
72141 72184 72151 72161 72171
72185 72223 72194 72203 72212
72224 72318 72247 72270 72293
72319 72357 72328 72337 72346
72358 72400 72368 72378 72388
72401 72424 72406 72411 72416
72425 72453 72432 72439 72446
72454 72492 72463 72472 72481
72493 72522 72500 72507 72514
72523 72539 72527 72531 72535
72540 72557 72544 72548 72552
72558 72588 72565 72572 72579
72589 72691 72614 72639 72664
72692 72718 72698 72704 72710
72719 72739 72724 72729 72734
72740 72786 72751 72762 72773
72787 72848 72802 72817 72832
72849 72908 72863 72877 72891
72909 72988 72928 72947 72966
72989 73014 72995 73001 73007
73015 73079 73031 73047 73063
73080 73159 73099 73118 73137
73160 73200 73170 73180 73190
73201 73269 73218 73235 73252
73270 73334 73286 73302 73318
73335 73392 73349 73363 73377
73393 73423 73400 73407 73414
73424 73456 73432 73440 73448
73457 73562 73483 73509 73535
73563 73598 73571 73579 73587
73599 73700 73624 73649 73674
73701 73735 73709 73717 73725
73736 73825 73758 73780 73802
73826 73854 73833 73840 73847
73855 73890 73863 73871 73879
73891 73950 73905 73919 73933
73951 74101 73988 74025 74062
74102 74286 74148 74194 74240
74287 74337 74299 74311 74323
74338 74391 74351 74364 74377
74392 74447 74405 74418 74431
74448 74546 74472 74496 74520
74547 74598 74559 74571 74583
74599 74632 74607 74615 74623
74633 74665 74641 74649 74657
74666 74794 74698 74730 74762
74795 74826 74802 74809 74816
74827 74855 74834 74841 74848
74856 74899 74866 74876 74886
74900 74944 74911 74922 74933
74945 74976 74952 74959 74966
74977 75004 74982 74987 75003
75005 75039 75013 75021 75029
75040 75156 75069 75098 75127
75157 75185 75164 75171 75178
75186 75205 75190 75194 75198
75206 75235 75213 75220 75227
75236 75263 75242 75248 75254
75264 75291 75270 75276 75282
75292 75314 75297 75302 75307
75315 75340 75321 75327 75333
75341 75367 75347 75353 75359
75368 75431 75383 75398 75413
75432 75506 75450 75468 75486
75507 75542 75515 75523 75531
75543 75571 75550 75557 75564
75572 75589 75576 75580 75584
75590 75628 75599 75608 75617
75629 75648 75633 75637 75641
75649 75702 75662 75675 75688
75703 75725 75708 75713 75718
75726 75864 75760 75794 75828
75865 75940 75883 75901 75919
75941 75982 75951 75961 75971
75983 76056 76001 76019 76037
76057 76090 76065 76073 76081
76091 76165 76109 76127 76145
76166 76254 76188 76210 76232
76255 76293 76264 76273 76282
76294 76374 76314 76334 76354
76375 76422 76386 76397 76408
76423 76525 76448 76473 76498
76526 76582 76540 76554 76568
76583 76613 76590 76597 76604
76614 76663 76626 76638 76650
76664 76745 76684 76704 76724
76746 76778 76754 76762 76770
76779 76804 76785 76791 76797
76805 76853 76817 76829 76841
76854 77050 76903 76952 77001
77051 77132 77071 77091 77111
77133 77207 77151 77169 77187
77208 77294 77229 77250 77271
77295 77329 77303 77311 77319
77330 77540 77382 77434 77486
77541 77610 77558 77575 77592
77611 77751 77646 77681 77716
77752 77781 77759 77766 77773
77782 77954 77825 77868 77911
77955 78057 77980 78005 78030
78058 78106 78070 78082 78094
78107 78147 78117 78127 78137
78148 78221 78166 78184 78202
78222 78280 78236 78250 78264
78281 78328 78292 78303 78314
78329 78384 78342 78355 78368
78385 78432 78396 78407 78418
78433 78476 78443 78453 78463
78477 78499 78482 78487 78492
78500 78538 78509 78518 78527
78539 78613 78557 78575 78593
78614 78643 78621 78628 78635
78644 78687 78654 78664 78674
78688 78783 78711 78734 78757
78784 78821 78793 78802 78811
78822 78883 78837 78852 78867
78884 78915 78891 78898 78905
78916 78951 78924 78932 78940
78952 79124 78995 79038 79081
79125 79270 79161 79197 79233
79271 79334 79286 79301 79316
79335 79386 79347 79359 79371
79387 79426 79396 79405 79414
79427 79494 79443 79459 79475
79495 79537 79505 79515 79525
79538 79575 79547 79556 79565
79576 79605 79583 79590 79597
79606 79645 79615 79624 79633
79646 79691 79657 79668 79679
79692 79858 79733 79774 79815
79859 79911 79872 79885 79898
79912 79967 79925 79938 79951
79968 80031 79983 79998 80013
80032 80104 80050 80068 80086
80105 80126 80110 80115 80120
80127 80201 80145 80163 80181
80202 80280 80221 80240 80259
80281 80369 80303 80325 80347
80370 80417 80381 80392 80403
80418 80448 80425 80432 80439
80449 80526 80468 80487 80506
80527 80580 80540 80553 80566
80581 80685 80607 80633 80659
80686 80738 80699 80712 80725
80739 80807 80756 80773 80790
80808 80861 80821 80834 80847
80862 80927 80878 80894 80910
80928 80997 80945 80962 80979
80998 81060 81013 81028 81043
81061 81100 81070 81079 81088
81101 81137 81110 81119 81128
81138 81181 81148 81158 81168
81182 81262 81202 81222 81242
81263 81408 81299 81335 81371
81409 81452 81419 81429 81439
81453 81555 81478 81503 81528
81556 81631 81574 81592 81610
81632 81684 81645 81658 81671
81685 81780 81708 81731 81754
81781 81925 81817 81853 81889
81926 81974 81938 81950 81962
81975 82040 81991 82007 82023
82041 82135 82064 82087 82110
82136 82187 82148 82160 82172
82188 82242 82201 82214 82227
82243 82292 82255 82267 82279
82293 82357 82309 82325 82341
82358 82448 82380 82402 82424
82449 82646 82498 82547 82596
82647 82741 82670 82693 82716
82742 82825 82762 82782 82802
82826 82861 82834 82842 82850
82862 82929 82878 82894 82910
82930 82961 82937 82944 82951
82962 83044 82982 83002 83022
83045 83120 83063 83081 83099
83121 83169 83133 83145 83157
83170 83215 83181 83192 83203
83216 83270 83229 83242 83255
83271 83303 83279 83287 83295
83304 83365 83319 83334 83349
83366 83415 83378 83390 83402
83416 83490 83434 83452 83470
83491 83533 83501 83511 83521
83534 83613 83553 83572 83591
83614 83648 83622 83630 83638
83649 83786 83683 83717 83751
83787 83825 83796 83805 83814
83826 83871 83837 83848 83859
83872 83936 83888 83904 83920
83937 83968 83944 83951 83958
83969 84272 84044 84119 84194
84273 84302 84280 84287 84294
84303 84338 84311 84319 84327
84339 84363 84345 84351 84357
84364 84391 84370 84376 84382
84392 84751 84481 84570 84659
84752 84790 84761 84770 84779
84791 84959 84833 84875 84917
84960 85028 84977 84994 85011
85029 85092 85044 85059 85074
85093 85176 85113 85133 85153
85177 85233 85191 85205 85219
85234 85284 85246 85258 85270
85285 85312 85291 85297 85303
85313 85357 85324 85335 85346
85358 85416 85372 85386 85400
85417 85467 85429 85441 85453
85468 85510 85478 85488 85498
85511 85552 85521 85531 85541
85553 85589 85562 85571 85580
85590 85623 85598 85606 85614
85624 85668 85635 85646 85657
85669 85711 85679 85689 85699
85712 85753 85722 85732 85742
85754 85801 85765 85776 85787
85802 85845 85812 85822 85832
85846 85874 85853 85860 85867
85875 85899 85881 85887 85893
85900 85937 85909 85918 85927
85938 85975 85947 85956 85965
85976 86102 86007 86038 86069
86103 86119 86107 86111 86115
86120 86136 86124 86128 86132
86137 86157 86142 86147 86152
86158 86181 86163 86168 86173
86182 86209 86188 86194 86200
86210 86228 86214 86218 86222
86229 86253 86235 86241 86247
86254 86277 86259 86264 86269
86278 86336 86292 86306 86320
86337 86383 86348 86359 86370
86384 86401 86388 86392 86396
86402 86457 86415 86428 86441
86458 86489 86465 86472 86479
86490 86534 86501 86512 86523
86535 86554 86539 86543 86547
86555 86580 86561 86567 86573
86581 86608 86587 86593 86599
86609 86625 86613 86617 86621
86626 86650 86632 86638 86644
86651 86680 86658 86665 86672
86681 86719 86690 86699 86708
86720 86758 86729 86738 86747
86759 86799 86769 86779 86789
86800 86841 86810 86820 86830
86842 87010 86884 86926 86968
87011 87071 87026 87041 87056
87072 87226 87110 87148 87186
87227 87300 87245 87263 87281
87301 87317 87305 87309 87313
87318 87342 87324 87330 87336
87343 87361 87347 87351 87355
87362 87406 87373 87384 87395
87407 87472 87423 87439 87455
87473 87548 87491 87509 87527
87549 87671 87579 87609 87639
87672 87909 87731 87790 87849
87910 87964 87923 87936 87949
87965 88004 87974 87983 87992
88005 88035 88012 88019 88026
88036 88109 88054 88072 88090
88110 88135 88116 88122 88128
88136 88161 88142 88148 88154
88162 88190 88169 88176 88183
88191 88209 88195 88199 88203
88210 88242 88218 88226 88234
88243 88262 88247 88251 88255
88263 88319 88277 88291 88305
88320 88355 88328 88336 88344
88356 88418 88371 88386 88401
88419 88446 88425 88431 88437
88447 88486 88456 88465 88474
88487 88507 88492 88497 88502
88508 88528 88513 88518 88523
88529 88893 88620 88711 88802
88894 89077 88939 88984 89029
89078 89159 89098 89118 89138
89160 89218 89174 89188 89202
89219 89247 89226 89233 89240
89248 89281 89256 89264 89272
89282 89298 89286 89290 89294
89299 89331 89307 89315 89323
89332 89352 89337 89342 89347
89353 89376 89358 89363 89368
89377 89408 89384 89391 89398
89409 89433 89415 89421 89427
89434 89494 89449 89464 89479
89495 89533 89504 89513 89522
89534 89580 89545 89556 89567
89581 89617 89590 89599 89608
89618 89698 89638 89658 89678
89699 89731 89707 89715 89723
89732 89755 89737 89742 89747
89756 89803 89767 89778 89789
89804 89833 89811 89818 89825
89834 89852 89838 89842 89846
89853 89891 89862 89871 89880
89892 89919 89898 89904 89910
89920 89948 89927 89934 89941
89949 89992 89959 89969 89979
89993 90019 89994 89995 90012
90020 90049 90027 90034 90041
90050 90066 90054 90058 90062
90067 90112 90078 90089 90100
90113 90136 90118 90123 90128
90137 90167 90144 90151 90158
90168 90191 90173 90178 90183
90192 90234 90202 90212 90222
90235 90255 90240 90245 90250
90256 90277 90261 90266 90271
90278 90303 90284 90290 90296
90304 90331 90310 90316 90322
90332 90349 90336 90340 90344
90350 90367 90354 90358 90362
90368 90391 90373 90378 90383
90392 90421 90399 90406 90413
90422 90454 90430 90438 90446
90455 90491 90464 90473 90482
90492 90523 90499 90506 90513
90524 90569 90535 90546 90557
90570 90701 90602 90634 90666
90702 90752 90714 90726 90738
90753 90815 90768 90783 90798
90816 90847 90823 90830 90837
90848 90950 90873 90898 90923
90951 90984 90959 90967 90975
90985 91013 90992 90999 91006
91014 91076 91029 91044 91059
91077 91095 91081 91085 91089
91096 91142 91107 91118 91129
91143 91159 91147 91151 91155
91160 91197 91169 91178 91187
91198 91248 91210 91222 91234
91249 91267 91253 91257 91261
91268 91295 91274 91280 91286
91296 91338 91306 91316 91326
91339 91385 91350 91361 91372
91386 91412 91392 91398 91404
91413 91461 91425 91437 91449
91462 91488 91468 91474 91480
91489 91518 91496 91503 91510
91519 91537 91523 91527 91531
91538 91555 91542 91546 91550
91556 91574 91560 91564 91568
91575 91593 91579 91583 91587
91594 91636 91604 91614 91624
91637 91661 91643 91649 91655
91662 91680 91666 91670 91674
91681 91708 91687 91693 91699
91709 91731 91714 91719 91724
91732 91756 91738 91744 91750
91757 91776 91761 91765 91769
91777 91818 91787 91797 91807
91819 91856 91828 91837 91846
91857 91876 91861 91865 91869
91877 91936 91891 91905 91919
91937 91990 91950 91963 91976
91991 92016 91997 92003 92009
92017 92042 92023 92029 92035
92043 92130 92064 92085 92106
92131 92149 92135 92139 92143
92150 92193 92160 92170 92180
92194 92213 92198 92202 92206
92214 92269 92227 92240 92253
92270 92306 92279 92288 92297
92307 92396 92329 92351 92373
92397 92427 92404 92411 92418
92428 92462 92436 92444 92452
92463 92511 92475 92487 92499
92512 92559 92523 92534 92545
92560 92590 92567 92574 92581
92591 92641 92603 92615 92627
92642 92675 92650 92658 92666
92676 92703 92682 92688 92694
92704 92722 92708 92712 92716
92723 92739 92727 92731 92735
92740 92771 92747 92754 92761
92772 92810 92781 92790 92799
92811 92850 92820 92829 92838
92851 92885 92859 92867 92875
92886 92909 92891 92896 92901
92910 92949 92919 92928 92937
92950 93051 92975 93000 93025
93052 93077 93058 93064 93070
93078 93128 93090 93102 93114
93129 93147 93133 93137 93141
93148 93255 93174 93200 93226
93256 93315 93270 93284 93298
93316 93349 93324 93332 93340
93350 93389 93359 93368 93377
93390 93417 93396 93402 93408
93418 93451 93426 93434 93442
93452 93487 93460 93468 93476
93488 93517 93495 93502 93509
93518 93542 93524 93530 93536
93543 93597 93556 93569 93582
93598 93657 93612 93626 93640
93658 93774 93687 93716 93745
93775 93825 93787 93799 93811
93826 93882 93840 93854 93868
93883 93920 93892 93901 93910
93921 93979 93935 93949 93963
93980 94006 93986 93992 93998
94007 94050 94017 94027 94037
94051 94084 94059 94067 94075
94085 94138 94098 94111 94124
94139 94201 94154 94169 94184
94202 94228 94208 94214 94220
94229 94259 94236 94243 94250
94260 94292 94268 94276 94284
94293 94363 94310 94327 94344
94364 94392 94371 94378 94385
94393 94445 94406 94419 94432
94446 94490 94457 94468 94479
94491 94528 94500 94509 94518
94529 94570 94539 94549 94559
94571 94643 94589 94607 94625
94644 94720 94663 94682 94701
94721 94738 94725 94729 94733
94739 94759 94744 94749 94754
94760 94780 94765 94770 94775
94781 94914 94814 94847 94880
94915 95033 94944 94973 95002
95034 95070 95043 95052 95061
95071 95145 95089 95107 95125
95146 95179 95154 95162 95170
95180 95207 95186 95192 95198
95208 95237 95215 95222 95229
95238 95311 95256 95274 95292
95312 95342 95319 95326 95333
95343 95406 95358 95373 95388
95407 95461 95420 95433 95446
95462 95483 95467 95472 95477
95484 95536 95497 95510 95523
95537 95593 95551 95565 95579
95594 95745 95631 95668 95705
95746 95783 95755 95764 95773
95784 95862 95803 95822 95841
95863 95920 95877 95891 95905
95921 95973 95934 95947 95960
95974 96059 95995 96016 96037
96060 96086 96066 96072 96078
96087 96112 96093 96099 96105
96113 96151 96122 96131 96140
96152 96174 96157 96162 96167
96175 96194 96179 96183 96187
96195 96220 96201 96207 96213
96221 96252 96228 96235 96242
96253 96281 96260 96267 96274
96282 96308 96288 96294 96300
96309 96328 96313 96317 96321
96329 96346 96333 96337 96341
96347 96407 96362 96377 96392
96408 96438 96415 96422 96429
96439 96497 96453 96467 96481
96498 96658 96538 96578 96618
96659 96714 96672 96685 96698
96715 96806 96737 96759 96781
96807 96854 96818 96829 96840
96855 96907 96868 96881 96894
96908 96946 96917 96926 96935
96947 96978 96954 96961 96968
96979 97033 96992 97005 97018
97034 97057 97039 97044 97049
97058 97145 97079 97100 97121
97146 97301 97184 97222 97260
97302 97559 97366 97430 97494
97560 97616 97574 97588 97602
97617 97674 97631 97645 97659
97675 97778 97700 97725 97750
97779 97804 97785 97791 97797
97805 97829 97811 97817 97823
97830 97856 97836 97842 97848
97857 97884 97863 97869 97875
97885 97913 97892 97899 97906
97914 97937 97919 97924 97929
97938 97960 97943 97948 97953
97961 97980 97965 97969 97973
97981 98012 97988 97995 98002
98013 98034 98018 98023 98028
98035 98092 98049 98063 98077
98093 98135 98103 98113 98123
98136 98283 98172 98208 98244
98284 98323 98293 98302 98311
98324 98384 98339 98354 98369
98385 98421 98394 98403 98412
98422 98463 98432 98442 98452
98464 98516 98477 98490 98503
98517 98550 98525 98533 98541
98551 98576 98557 98563 98569
98577 98637 98592 98607 98622
98638 98665 98644 98650 98656
98666 98712 98677 98688 98699
98713 98746 98721 98729 98737
98747 98776 98754 98761 98768
98777 98814 98786 98795 98804
98815 98857 98825 98835 98845
98858 98930 98876 98894 98912
98931 98963 98939 98947 98955
98964 99025 98979 98994 99009
99026 99071 99037 99048 99059
99072 99194 99102 99132 99162
99195 99232 99204 99213 99222
99233 99291 99247 99261 99275
99292 99344 99305 99318 99331
99345 99377 99353 99361 99369
99378 99423 99389 99400 99411
99424 99466 99434 99444 99454
99467 99531 99483 99499 99515
99532 99646 99560 99588 99616
99647 99697 99659 99671 99683
99698 99768 99715 99732 99749
99769 99817 99781 99793 99805
99818 99875 99832 99846 99860
99876 99927 99888 99900 99912
99928 100021 99951 99974 99997
100022 100125 100047 100072 100097
100126 100255 100158 100190 100222
100256 100323 100272 100288 100304
100324 100462 100358 100392 100426
100463 100531 100480 100497 100514
100532 100550 100536 100540 100544
100551 100578 100557 100563 100569
100579 100630 100591 100603 100615
100631 100663 100639 100647 100655
100664 100704 100674 100684 100694
100705 100735 100712 100719 100726
100736 100754 100740 100744 100748
100755 100792 100764 100773 100782
100793 100813 100798 100803 100808
100814 100838 100820 100826 100832
100839 100914 100857 100875 100893
100915 100977 100930 100945 100960
100978 101089 101005 101032 101059
101090 101181 101112 101134 101156
101182 101199 101186 101190 101194
101200 101227 101206 101212 101218
101228 101283 101241 101254 101267
101284 101305 101289 101294 101299
101306 101390 101327 101348 101369
101391 101440 101403 101415 101427
101441 101506 101457 101473 101489
101507 101574 101523 101539 101555
101575 101632 101589 101603 101617
101633 101682 101645 101657 101669
101683 101714 101690 101697 101704
101715 101740 101721 101727 101733
101741 101776 101749 101757 101765
101777 101813 101786 101795 101804
101814 102049 101872 101930 101988
102050 102076 102056 102062 102068
102077 102093 102081 102085 102089
102094 102140 102105 102116 102127
102141 102181 102151 102161 102171
102182 102215 102190 102198 102206
102216 102252 102225 102234 102243
102253 102273 102258 102263 102268
102274 102314 102284 102294 102304
102315 102372 102329 102343 102357
102373 102410 102382 102391 102400
102411 102462 102423 102435 102447
102463 102579 102492 102521 102550
102580 102628 102592 102604 102616
102629 103464 102837 103045 103253
103465 103576 103492 103519 103546
103577 103690 103605 103633 103661
103691 103825 103724 103757 103790
103826 103862 103835 103844 103853
103863 104254 103960 104057 104154
104255 104330 104273 104291 104309
104331 104436 104357 104383 104409
104437 104466 104444 104451 104458
104467 104516 104479 104491 104503
104517 104549 104525 104533 104541
104550 104703 104588 104626 104664
104704 104882 104748 104792 104836
104883 104973 104905 104927 104949
104974 105021 104980 104986 105015
105022 105047 105028 105034 105040
105048 105107 105062 105076 105090
105108 105234 105139 105170 105201
105235 105305 105252 105269 105286
105306 105514 105358 105410 105462
105515 105549 105523 105531 105539
105550 105594 105561 105572 105583
105595 105612 105599 105603 105607
105613 105631 105617 105621 105625
105632 105668 105641 105650 105659
105669 105750 105689 105709 105729
105751 105794 105761 105771 105781
105795 105826 105802 105809 105816
105827 105857 105834 105841 105848
105858 105889 105865 105872 105879
105890 105923 105898 105906 105914
105924 105958 105932 105940 105948
105959 105991 105967 105975 105983
105992 106009 105996 106000 106004
106010 106029 106014 106018 106022
106030 106056 106036 106042 106048
106057 106148 106079 106101 106123
106149 106196 106160 106171 106182
106197 106234 106206 106215 106224
106235 106257 106240 106245 106250
106258 106275 106262 106266 106270
106276 106301 106282 106288 106294
106302 106324 106307 106312 106317
106325 106389 106341 106357 106373
106390 106456 106406 106422 106438
106457 106484 106463 106469 106475
106485 106512 106491 106497 106503
106513 106547 106521 106529 106537
106548 106591 106558 106568 106578
106592 106622 106599 106606 106613
106623 106766 106658 106693 106728
106767 106882 106795 106823 106851
106883 107027 106919 106955 106991
107028 107058 107035 107042 107049
107059 107088 107066 107073 107080
107089 107151 107104 107119 107134
107152 107191 107161 107170 107179
107192 107238 107203 107214 107225
107239 107271 107247 107255 107263
107272 107427 107310 107348 107386
107428 107471 107438 107448 107458
107472 107526 107485 107498 107511
107527 107553 107533 107539 107545
107554 107736 107599 107644 107689
107737 107757 107742 107747 107752
107758 107789 107765 107772 107779
107790 107904 107818 107846 107874
107905 107940 107913 107921 107929
107941 107988 107952 107963 107974
107989 108016 107995 108001 108007
108017 108035 108021 108025 108029
108036 108053 108040 108044 108048
108054 108070 108058 108062 108066
108071 108147 108090 108109 108128
108148 108191 108158 108168 108178
108192 108272 108212 108232 108252
108273 108307 108281 108289 108297
108308 108329 108313 108318 108323
108330 108365 108338 108346 108354
108366 108397 108373 108380 108387
108398 108467 108415 108432 108449
108468 108528 108483 108498 108513
108529 108711 108574 108619 108664
108712 108731 108716 108720 108724
108732 108882 108769 108806 108843
108883 109108 108939 108995 109051
109109 109179 109126 109143 109160
109180 109224 109191 109202 109213
109225 109262 109234 109243 109252
109263 109328 109279 109295 109311
109329 109378 109341 109353 109365
109379 109591 109432 109485 109538
109592 109634 109602 109612 109622
109635 109724 109657 109679 109701
109725 109755 109732 109739 109746
109756 109803 109767 109778 109789
109804 109864 109819 109834 109849
109865 110082 109919 109973 110027
110083 110119 110092 110101 110110
110120 110165 110131 110142 110153
110166 110291 110197 110228 110259
110292 110362 110309 110326 110343
110363 110426 110378 110393 110408
110427 110667 110487 110547 110607
110668 110716 110680 110692 110704
110717 110786 110734 110751 110768
110787 110865 110806 110825 110844
110866 110926 110881 110896 110911
110927 111003 110946 110965 110984
111004 111136 111037 111070 111103
111137 111209 111155 111173 111191
111210 111283 111228 111246 111264
111284 111422 111318 111352 111386
111423 111470 111434 111445 111456
111471 111742 111538 111605 111672
111743 111779 111752 111761 111770
111780 111831 111792 111804 111816
111832 111887 111845 111858 111871
111888 111965 111907 111926 111945
111966 112001 111974 111982 111990
112002 112019 112006 112010 112014
112020 112113 112043 112066 112089
112114 112194 112134 112154 112174
112195 112240 112206 112217 112228
112241 112353 112269 112297 112325
112354 112387 112362 112370 112378
112388 112422 112396 112404 112412
112423 112448 112429 112435 112441
112449 112482 112457 112465 112473
112483 112586 112508 112533 112558
112587 112711 112618 112649 112680
112712 112752 112722 112732 112742
112753 113008 112816 112879 112942
113009 113064 113022 113035 113048
113065 113143 113084 113103 113122
113144 113193 113156 113168 113180
113194 113493 113268 113342 113416
113494 113545 113506 113518 113530
113546 113731 113592 113638 113684
113732 113785 113745 113758 113771
113786 114003 113840 113894 113948
114004 114057 114017 114030 114043
114058 114317 114122 114186 114250
114318 114725 114419 114520 114621
114726 114771 114737 114748 114759
114772 114832 114787 114802 114817
114833 115378 114969 115105 115241
115379 115443 115395 115411 115427
115444 115708 115510 115576 115642
115709 115759 115721 115733 115745
115760 115812 115773 115786 115799
115813 116000 115859 115905 115951
116001 116067 116017 116033 116049
116068 116282 116121 116174 116227
116283 116345 116298 116313 116328
116346 116402 116360 116374 116388
116403 117111 116580 116757 116934
117112 117336 117168 117224 117280
117337 117472 117370 117403 117436
117473 117764 117545 117617 117689
117765 117809 117776 117787 117798
117810 117859 117822 117834 117846
117860 117922 117875 117890 117905
117923 117944 117928 117933 117938
117945 117988 117955 117965 117975
117989 118044 118002 118015 118028
118045 118087 118055 118065 118075
118088 118138 118100 118112 118124
118139 118347 118191 118243 118295
118348 118397 118360 118372 118384
118398 118623 118454 118510 118566
118624 118663 118633 118642 118651
118664 118860 118713 118762 118811
118861 118882 118866 118871 118876
118883 118908 118889 118895 118901
118909 118928 118913 118917 118921
118929 118973 118940 118951 118962
118974 119022 118986 118998 119010
119023 119062 119032 119041 119050
119063 119088 119069 119075 119081
119089 119120 119096 119103 119110
119121 119193 119139 119157 119175
119194 119211 119198 119202 119206
119212 119231 119216 119220 119224
119232 119281 119244 119256 119268
119282 119304 119287 119292 119297
119305 119331 119311 119317 119323
119332 119355 119337 119342 119347
119356 119372 119360 119364 119368
119373 119404 119380 119387 119394
119405 119463 119419 119433 119447
119464 119495 119471 119478 119485
119496 119530 119504 119512 119520
119531 119554 119536 119541 119546
119555 119621 119571 119587 119603
119622 119662 119632 119642 119652
119663 119700 119672 119681 119690
119701 119760 119715 119729 119743
119761 119825 119777 119793 119809
119826 119871 119837 119848 119859
119872 119971 119896 119920 119944
119972 120005 119978 119984 120003
120006 120031 120012 120018 120024
120032 120050 120036 120040 120044
120051 120089 120060 120069 120078
120090 120117 120096 120102 120108
120118 120153 120126 120134 120142
120154 120187 120162 120170 120178
120188 120218 120195 120202 120209
120219 120277 120233 120247 120261
120278 120374 120302 120326 120350
120375 120408 120383 120391 120399
120409 120452 120419 120429 120439
120453 120531 120472 120491 120510
120532 120581 120544 120556 120568
120582 120643 120597 120612 120627
120644 120720 120663 120682 120701
120721 120745 120727 120733 120739
120746 120790 120757 120768 120779
120791 120832 120801 120811 120821
120833 120861 120840 120847 120854
120862 120959 120886 120910 120934
120960 120987 120966 120972 120978
120988 121006 120992 120996 121000
121007 121034 121013 121019 121025
121035 121069 121043 121051 121059
121070 121116 121081 121092 121103
121117 121187 121134 121151 121168
121188 121231 121198 121208 121218
121232 122126 121455 121678 121901
122127 122227 122152 122177 122202
122228 122310 122248 122268 122288
122311 122382 122328 122345 122362
122383 122488 122409 122435 122461
122489 122532 122499 122509 122519
122533 122575 122543 122553 122563
122576 122597 122581 122586 122591
122598 122632 122606 122614 122622
122633 122710 122652 122671 122690
122711 122755 122722 122733 122744
122756 122787 122763 122770 122777
122788 122833 122799 122810 122821
122834 122863 122841 122848 122855
122864 122909 122875 122886 122897
122910 122966 122924 122938 122952
122967 122999 122975 122983 122991
123000 123061 123015 123030 123045
123062 123123 123077 123092 123107
123124 123172 123136 123148 123160
123173 123212 123182 123191 123200
123213 123252 123222 123231 123240
123253 123296 123263 123273 123283
123297 123349 123310 123323 123336
123350 123373 123355 123360 123365
123374 123594 123429 123484 123539
123595 123703 123622 123649 123676
123704 123735 123711 123718 123725
123736 123799 123751 123766 123781
123800 123906 123826 123852 123878
123907 123956 123919 123931 123943
123957 124012 123970 123983 123996
124013 124045 124021 124029 124037
124046 124099 124059 124072 124085
124100 124139 124109 124118 124127
124140 124245 124166 124192 124218
124246 124277 124253 124260 124267
124278 124323 124289 124300 124311
124324 124456 124357 124390 124423
124457 124495 124466 124475 124484
124496 124532 124505 124514 124523
124533 124572 124542 124551 124560
124573 124617 124584 124595 124606
124618 124674 124632 124646 124660
124675 124718 124685 124695 124705
124719 124799 124739 124759 124779
124800 124848 124812 124824 124836
124849 125018 124891 124933 124975
125019 125271 125082 125145 125208
125272 125300 125279 125286 125293
125301 125325 125307 125313 125319
125326 125346 125331 125336 125341
125347 125371 125353 125359 125365
125372 125395 125377 125382 125387
125396 125417 125401 125406 125411
125418 125445 125424 125430 125436
125446 125462 125450 125454 125458
125463 125483 125468 125473 125478
125484 125535 125496 125508 125520
125536 125560 125542 125548 125554
125561 125609 125573 125585 125597
125610 125639 125617 125624 125631
125640 125659 125644 125648 125652
125660 125682 125665 125670 125675
125683 125719 125692 125701 125710
125720 125750 125727 125734 125741
125751 125773 125756 125761 125766
125774 125798 125780 125786 125792
125799 125832 125807 125815 125823
125833 125888 125846 125859 125872
125889 125916 125895 125901 125907
125917 125951 125925 125933 125941
125952 125977 125958 125964 125970
125978 125999 125983 125988 125993
126000 126018 126004 126008 126012
126019 126062 126029 126039 126049
126063 126142 126082 126101 126120
126143 126160 126147 126151 126155
126161 126178 126165 126169 126173
126179 126245 126195 126211 126227
126246 126292 126257 126268 126279
126293 126311 126297 126301 126305
126312 126342 126319 126326 126333
126343 126382 126352 126361 126370
126383 126402 126387 126391 126395
126403 126423 126408 126413 126418
126424 126469 126435 126446 126457
126470 126488 126474 126478 126482
126489 126512 126494 126499 126504
126513 126572 126527 126541 126555
126573 126620 126584 126595 126606
126621 126678 126635 126649 126663
126679 126784 126705 126731 126757
126785 126829 126796 126807 126818
126830 126918 126852 126874 126896
126919 127124 126970 127021 127072
127125 127178 127138 127151 127164
127179 127623 127290 127401 127512
127624 127954 127706 127788 127870
127955 127998 127965 127975 127985
127999 128245 128060 128121 128182
128246 128280 128254 128262 128270
128281 128558 128350 128419 128488
128559 128659 128584 128609 128634
128660 128810 128697 128734 128771
128811 128861 128823 128835 128847
128862 128925 128877 128892 128907
128926 128961 128934 128942 128950
128962 129459 129086 129210 129334
129460 129501 129470 129480 129490
129502 129562 129517 129532 129547
129563 129618 129576 129589 129602
129619 129713 129642 129665 129688
129714 129780 129730 129746 129762
129781 129833 129794 129807 129820
129834 129901 129850 129866 129882
129902 129934 129910 129918 129926
129935 129971 129944 129953 129962
129972 130002 129979 129986 129993
130003 130137 130036 130069 130102
130138 130166 130145 130152 130159
130167 130271 130193 130219 130245
130272 130330 130286 130300 130314
130331 130385 130344 130357 130370
130386 130440 130399 130412 130425
130441 130491 130453 130465 130477
130492 130550 130506 130520 130534
130551 130613 130566 130581 130596
130614 130649 130622 130630 130638
130650 130704 130663 130676 130689
130705 130739 130713 130721 130729
130740 130779 130749 130758 130767
130780 130825 130791 130802 130813
130826 130864 130835 130844 130853
130865 130900 130873 130881 130889
130901 130946 130912 130923 130934
130947 130980 130955 130963 130971
130981 131010 130988 130995 131002
131011 131059 131023 131035 131047
131060 131108 131072 131084 131096
131109 131129 131114 131119 131124
131130 131189 131144 131158 131172
131190 131206 131194 131198 131202
131207 131229 131212 131217 131222
131230 131267 131239 131248 131257
131268 131304 131277 131286 131295
131305 131335 131312 131319 131326
131336 131362 131342 131348 131354
131363 131380 131367 131371 131375
131381 131413 131389 131397 131405
131414 131430 131418 131422 131426
131431 131451 131436 131441 131446
131452 131474 131457 131462 131467
131475 131501 131481 131487 131493
131502 131534 131510 131518 131526
131535 131564 131542 131549 131556
131565 131596 131572 131579 131586
131597 131616 131601 131605 131609
131617 131670 131630 131643 131656
131671 131723 131684 131697 131710
131724 131742 131728 131732 131736
131743 131762 131747 131751 131755
131763 131782 131767 131771 131775
131783 131809 131789 131795 131801
131810 131834 131816 131822 131828
131835 131866 131842 131849 131856
131867 131931 131883 131899 131915
131932 131962 131939 131946 131953
131963 132006 131973 131983 131993
132007 132051 132018 132029 132040
132052 132086 132060 132068 132076
132087 132136 132099 132111 132123
132137 132154 132141 132145 132149
132155 132171 132159 132163 132167
132172 132217 132183 132194 132205
132218 132266 132230 132242 132254
132267 132309 132277 132287 132297
132310 132343 132318 132326 132334
132344 132364 132349 132354 132359
132365 132429 132381 132397 132413
132430 132461 132437 132444 132451
132462 132490 132469 132476 132483
132491 132531 132501 132511 132521
132532 132572 132542 132552 132562
132573 132616 132583 132593 132603
132617 132643 132623 132629 132635
132644 132667 132649 132654 132659
132668 132692 132674 132680 132686
132693 132711 132697 132701 132705
132712 132736 132718 132724 132730
132737 132753 132741 132745 132749
132754 132783 132761 132768 132775
132784 132848 132800 132816 132832
132849 132874 132855 132861 132867
132875 132896 132880 132885 132890
132897 132947 132909 132921 132933
132948 132970 132953 132958 132963
132971 133013 132981 132991 133001
133014 133046 133022 133030 133038
133047 133065 133051 133055 133059
133066 133095 133073 133080 133087
133096 133119 133101 133106 133111
133120 133158 133129 133138 133147
133159 133215 133173 133187 133201
133216 133251 133224 133232 133240
133252 133269 133256 133260 133264
133270 133304 133278 133286 133294
133305 133334 133312 133319 133326
133335 133355 133340 133345 133350
133356 133422 133372 133388 133404
133423 133455 133431 133439 133447
133456 133473 133460 133464 133468
133474 133495 133479 133484 133489
133496 133522 133502 133508 133514
133523 133545 133528 133533 133538
133546 133568 133551 133556 133561
133569 133585 133573 133577 133581
133586 133603 133590 133594 133598
133604 133625 133609 133614 133619
133626 133646 133631 133636 133641
133647 133689 133657 133667 133677
133690 133788 133714 133738 133762
133789 133817 133796 133803 133810
133818 133882 133834 133850 133866
133883 133986 133908 133933 133958
133987 134022 133995 134003 134011
134023 134053 134030 134037 134044
134054 134086 134062 134070 134078
134087 134109 134092 134097 134102
134110 134139 134117 134124 134131
134140 134165 134146 134152 134158
134166 134195 134173 134180 134187
134196 134212 134200 134204 134208
134213 134231 134217 134221 134225
134232 134249 134236 134240 134244
134250 134299 134262 134274 134286
134300 134339 134309 134318 134327
134340 134364 134346 134352 134358
134365 134398 134373 134381 134389
134399 134423 134405 134411 134417
134424 134444 134429 134434 134439
134445 134474 134452 134459 134466
134475 134502 134481 134487 134493
134503 134533 134510 134517 134524
134534 134554 134539 134544 134549
134555 134591 134564 134573 134582
134592 134609 134596 134600 134604
134610 134648 134619 134628 134637
134649 134670 134654 134659 134664
134671 134687 134675 134679 134683
134688 134735 134699 134710 134721
134736 134758 134741 134746 134751
134759 134775 134763 134767 134771
134776 134806 134783 134790 134797
134807 134826 134811 134815 134819
134827 134843 134831 134835 134839
134844 134872 134851 134858 134865
134873 134898 134879 134885 134891
134899 134935 134908 134917 134926
134936 134958 134941 134946 134951
134959 134980 134964 134969 134974
134981 135008 134985 134989 135006
135009 135034 135015 135021 135027
135035 135053 135039 135043 135047
135054 135075 135059 135064 135069
135076 135092 135080 135084 135088
135093 135132 135102 135111 135120
135133 135189 135147 135161 135175
135190 135219 135197 135204 135211
135220 135261 135230 135240 135250
135262 135311 135274 135286 135298
135312 135339 135318 135324 135330
135340 135384 135351 135362 135373
135385 135406 135390 135395 135400
135407 135427 135412 135417 135422
135428 135479 135440 135452 135464
135480 135537 135494 135508 135522
135538 135647 135565 135592 135619
135648 135690 135658 135668 135678
135691 135761 135708 135725 135742
135762 135796 135770 135778 135786
135797 135946 135834 135871 135908
135947 135983 135956 135965 135974
135984 136019 135992 136000 136008
136020 136051 136027 136034 136041
136052 136104 136065 136078 136091
136105 136137 136113 136121 136129
136138 136155 136142 136146 136150
136156 136185 136163 136170 136177
136186 136208 136191 136196 136201
136209 136240 136216 136223 136230
136241 136260 136245 136249 136253
136261 136289 136268 136275 136282
136290 136317 136296 136302 136308
136318 136335 136322 136326 136330
136336 136359 136341 136346 136351
136360 136405 136371 136382 136393
136406 136430 136412 136418 136424
136431 136471 136441 136451 136461
136472 136542 136489 136506 136523
136543 136581 136552 136561 136570
136582 136628 136593 136604 136615
136629 136682 136642 136655 136668
136683 136701 136687 136691 136695
136702 136761 136716 136730 136744
136762 136790 136769 136776 136783
136791 136849 136805 136819 136833
136850 136892 136860 136870 136880
136893 136909 136897 136901 136905
136910 136962 136923 136936 136949
136963 136981 136967 136971 136975
136982 136998 136986 136990 136994
136999 137074 137017 137035 137053
137075 137106 137082 137089 137096
137107 137153 137118 137129 137140
137154 137175 137159 137164 137169
137176 137226 137188 137200 137212
137227 137246 137231 137235 137239
137247 137308 137262 137277 137292
137309 137354 137320 137331 137342
137355 137385 137362 137369 137376
137386 137452 137402 137418 137434
137453 137483 137460 137467 137474
137484 137503 137488 137492 137496
137504 137545 137514 137524 137534
137546 137622 137565 137584 137603
137623 137642 137627 137631 137635
137643 137666 137648 137653 137658
137667 137764 137691 137715 137739
137765 137781 137769 137773 137777
137782 137885 137807 137832 137857
137886 137946 137901 137916 137931
137947 138266 138026 138105 138184
138267 138339 138285 138303 138321
138340 138412 138358 138376 138394
138413 138449 138422 138431 138440
138450 138487 138459 138468 138477
138488 138527 138497 138506 138515
138528 138554 138534 138540 138546
138555 138587 138563 138571 138579
138588 138605 138592 138596 138600
138606 138636 138613 138620 138627
138637 138674 138646 138655 138664
138675 138723 138687 138699 138711
138724 138759 138732 138740 138748
138760 138795 138768 138776 138784
138796 138827 138803 138810 138817
138828 138855 138834 138840 138846
138856 138887 138863 138870 138877
138888 138906 138892 138896 138900
138907 138935 138914 138921 138928
138936 138954 138940 138944 138948
138955 138972 138959 138963 138967
138973 138989 138977 138981 138985
138990 139012 138995 139000 139005
139013 139033 139018 139023 139028
139034 139059 139040 139046 139052
139060 139092 139068 139076 139084
139093 139119 139099 139105 139111
139120 139179 139134 139148 139162
139180 139218 139189 139198 139207
139219 139258 139228 139237 139246
139259 139312 139272 139285 139298
139313 139341 139320 139327 139334
139342 139361 139346 139350 139354
139362 139380 139366 139370 139374
139381 139413 139389 139397 139405
139414 139449 139422 139430 139438
139450 139470 139455 139460 139465
139471 139498 139477 139483 139489
139499 139522 139504 139509 139514
139523 139543 139528 139533 139538
139544 139560 139548 139552 139556
139561 139593 139569 139577 139585
139594 139630 139603 139612 139621
139631 139649 139635 139639 139643
139650 139718 139667 139684 139701
139719 139774 139732 139745 139758
139775 139795 139780 139785 139790
139796 139816 139801 139806 139811
139817 139850 139825 139833 139841
139851 139868 139855 139859 139863
139869 139888 139873 139877 139881
139889 139925 139898 139907 139916
139926 139942 139930 139934 139938
139943 139969 139949 139955 139961
139970 140008 139979 139988 139997
140009 140037 140016 140023 140030
140038 140060 140043 140048 140053
140061 140083 140066 140071 140076
140084 140140 140098 140112 140126
140141 140181 140151 140161 140171
140182 140212 140189 140196 140203
140213 140235 140218 140223 140228
140236 140259 140241 140246 140251
140260 140300 140270 140280 140290
140301 140320 140305 140309 140313
140321 140368 140332 140343 140354
140369 140429 140384 140399 140414
140430 140452 140435 140440 140445
140453 140470 140457 140461 140465
140471 140508 140480 140489 140498
140509 140530 140514 140519 140524
140531 140559 140538 140545 140552
140560 140576 140564 140568 140572
140577 140668 140599 140621 140643
140669 140743 140687 140705 140723
140744 140782 140753 140762 140771
140783 140801 140787 140791 140795
140802 140910 140829 140856 140883
140911 140930 140915 140919 140923
140931 140952 140936 140941 140946
140953 141083 140985 141017 141049
141084 141216 141117 141150 141183
141217 141299 141237 141257 141277
141300 141378 141319 141338 141357
141379 141442 141394 141409 141424
141443 141580 141477 141511 141545
141581 141694 141609 141637 141665
141695 141786 141717 141739 141761
141787 141822 141795 141803 141811
141823 141894 141840 141857 141874
141895 141957 141910 141925 141940
141958 142046 141980 142002 142024
142047 142092 142058 142069 142080
142093 142194 142118 142143 142168
142195 142338 142230 142265 142300
142339 142488 142376 142413 142450
142489 142633 142525 142561 142597
142634 142720 142655 142676 142697
142721 142972 142783 142845 142907
142973 143036 142988 143003 143018
143037 143100 143052 143067 143082
143101 143135 143109 143117 143125
143136 143291 143174 143212 143250
143292 143363 143309 143326 143343
143364 143969 143515 143666 143817
143970 144425 144083 144196 144309
144426 144452 144432 144438 144444
144453 144637 144499 144545 144591
144638 144714 144657 144676 144695
144715 144855 144750 144785 144820
144856 145172 144935 145014 145093
145173 145279 145199 145225 145251
145280 145364 145301 145322 145343
145365 145420 145378 145391 145404
145421 145448 145427 145433 145439
145449 145487 145458 145467 145476
145488 145567 145507 145526 145545
145568 145603 145576 145584 145592
145604 145645 145614 145624 145634
145646 145724 145665 145684 145703
145725 145812 145746 145767 145788
145813 145850 145822 145831 145840
145851 145911 145866 145881 145896
145912 145958 145923 145934 145945
145959 146174 146012 146065 146118
146175 146238 146190 146205 146220
146239 146502 146304 146369 146434
146503 146602 146527 146551 146575
146603 147065 146718 146833 146948
147066 155208 147799 148532 153906
155209 155240 155216 155223 155230
155241 155277 155250 155259 155268
155278 155568 155350 155422 155494
