0 818 204 408 612
819 1811 1067 1315 1563
1812 2014 1862 1912 1962
2015 2635 2170 2325 2480
2636 2764 2668 2700 2732
2765 3022 2829 2893 2957
3023 3075 3036 3049 3062
3076 3209 3109 3142 3175
3210 3296 3231 3252 3273
3297 3393 3321 3345 3369
3394 3635 3454 3514 3574
3636 3697 3651 3666 3681
3698 3735 3707 3716 3725
3736 3780 3747 3758 3769
3781 3904 3811 3841 3871
3905 4000 3928 3951 3974
4001 4057 4015 4029 4043
4058 4136 4077 4096 4115
4137 4198 4152 4167 4182
4199 4278 4218 4237 4256
4279 4372 4302 4325 4348
4373 4425 4386 4399 4412
4426 4511 4447 4468 4489
4512 4624 4540 4568 4596
4625 4690 4641 4657 4673
4691 4949 4755 4819 4883
4950 5021 4967 4984 5001
5022 5076 5035 5048 5061
5077 5455 5171 5265 5359
5456 5530 5474 5492 5510
5531 5745 5584 5637 5690
5746 5887 5781 5816 5851
5888 6149 5953 6018 6083
6150 6329 6194 6238 6282
6330 6391 6345 6360 6375
6392 6441 6404 6416 6428
6442 6512 6459 6476 6493
6513 6654 6548 6583 6618
6655 6718 6670 6685 6700
6719 6923 6770 6821 6872
6924 6987 6939 6954 6969
6988 7366 7082 7176 7270
7367 7437 7384 7401 7418
7438 7503 7454 7470 7486
7504 7609 7530 7556 7582
7610 7933 7690 7770 7850
7934 8139 7985 8036 8087
8140 8347 8191 8242 8293
8348 8510 8388 8428 8468
8511 8629 8540 8569 8598
8630 8736 8656 8682 8708
8737 8830 8760 8783 8806
8831 8925 8854 8877 8900
8926 9168 8986 9046 9106
9169 9244 9187 9205 9223
9245 9368 9275 9305 9335
9369 9439 9386 9403 9420
9440 9693 9503 9566 9629
9694 9751 9708 9722 9736
9752 13186 10610 11468 12326
13187 14193 13438 13689 13940
14194 14604 14296 14398 14500
14605 14717 14633 14661 14689
14718 14770 14731 14744 14757
14771 14814 14781 14791 14801
14815 15240 14861 14907 15180
15241 15518 15310 15379 15448
15519 16055 15653 15787 15921
16056 16603 16192 16328 16464
16604 16795 16651 16698 16745
16796 17238 16906 17016 17126
17239 17318 17258 17277 17296
17319 17439 17349 17379 17409
17440 17637 17489 17538 17587
17638 17844 17689 17740 17791
17845 17955 17872 17899 17926
17956 18019 17971 17986 18001
18020 18084 18036 18052 18068
18085 18222 18119 18153 18187
18223 18458 18281 18339 18397
18459 18574 18487 18515 18543
18575 18648 18593 18611 18629
18649 18732 18669 18689 18709
18733 18759 18739 18745 18751
18760 18919 18799 18838 18877
18920 18978 18934 18948 18962
18979 19055 18998 19017 19036
19056 19291 19114 19172 19230
19292 19343 19304 19316 19328
19344 19464 19374 19404 19434
19465 19565 19490 19515 19540
19566 19622 19580 19594 19608
19623 19695 19641 19659 19677
19696 19827 19728 19760 19792
19828 19906 19847 19866 19885
19907 19961 19920 19933 19946
19962 20068 19988 20014 20040
20069 20114 20080 20091 20102
20115 20317 20165 20215 20265
20318 20443 20349 20380 20411
20444 20595 20481 20518 20555
20596 20658 20611 20626 20641
20659 20773 20687 20715 20743
20774 20819 20785 20796 20807
20820 20920 20845 20870 20895
20921 21001 20941 20961 20981
21002 21054 21015 21028 21041
21055 21202 21091 21127 21163
21203 21350 21239 21275 21311
21351 21578 21407 21463 21519
21579 21677 21603 21627 21651
21678 21737 21692 21706 21720
21738 21817 21757 21776 21795
21818 21957 21852 21886 21920
21958 22190 22016 22074 22132
22191 22350 22230 22269 22308
22351 22562 22403 22455 22507
22563 22876 22641 22719 22797
22877 23012 22910 22943 22976
23013 24229 23317 23621 23925
24230 24266 24239 24248 24257
24267 24336 24284 24301 24318
24337 24418 24357 24377 24397
24419 24533 24447 24475 24503
24534 24661 24565 24596 24627
24662 24786 24693 24724 24755
24787 24906 24816 24845 24874
24907 24966 24921 24935 24949
24967 25042 24985 25003 25021
25043 25119 25062 25081 25100
25120 25218 25144 25168 25192
25219 25283 25235 25251 25267
25284 25830 25420 25556 25692
25831 25921 25853 25875 25897
25922 25990 25939 25956 25973
25991 26063 26009 26027 26045
26064 26447 26159 26254 26349
26448 26637 26495 26542 26589
26638 26739 26663 26688 26713
26740 26952 26793 26846 26899
26953 26996 26963 26973 26983
26997 27082 27018 27039 27060
27083 27141 27097 27111 27125
27142 27208 27158 27174 27190
27209 27334 27240 27271 27302
27335 27400 27351 27367 27383
27401 27461 27416 27431 27446
27462 27577 27490 27518 27546
27578 27655 27597 27616 27635
27656 27721 27672 27688 27704
27722 27850 27754 27786 27818
27851 28002 27888 27925 27962
28003 28039 28012 28021 28030
28040 28109 28057 28074 28091
28110 28249 28144 28178 28212
28250 28296 28261 28272 28283
28297 28457 28337 28377 28417
28458 28502 28469 28480 28491
28503 28592 28525 28547 28569
28593 28636 28603 28613 28623
28637 28799 28677 28717 28757
28800 28971 28842 28884 28926
28972 29014 28982 28992 29002
29015 29218 29065 29115 29165
29219 29400 29264 29309 29354
29401 29507 29427 29453 29479
29508 29591 29528 29548 29568
29592 29721 29624 29656 29688
29722 29937 29775 29828 29881
29938 30022 29953 29968 30015
30023 30073 30035 30047 30059
30074 30265 30121 30168 30215
30266 30365 30290 30314 30338
30366 30451 30387 30408 30429
30452 30535 30472 30492 30512
30536 30747 30588 30640 30692
30748 30848 30773 30798 30823
30849 30882 30857 30865 30873
30883 30915 30891 30899 30907
30916 30957 30926 30936 30946
30958 31078 30988 31018 31048
31079 31120 31089 31099 31109
31121 31205 31142 31163 31184
31206 31418 31259 31312 31365
31419 31492 31437 31455 31473
31493 31570 31512 31531 31550
31571 31610 31580 31589 31598
31611 31691 31631 31651 31671
31692 31738 31703 31714 31725
31739 31779 31749 31759 31769
31780 31852 31798 31816 31834
31853 31953 31878 31903 31928
31954 32107 31992 32030 32068
32108 32592 32229 32350 32471
32593 32662 32610 32627 32644
32663 32716 32676 32689 32702
32717 32870 32755 32793 32831
32871 32925 32884 32897 32910
32926 33002 32945 32964 32983
33003 33112 33030 33057 33084
33113 33175 33128 33143 33158
33176 33252 33195 33214 33233
33253 33302 33265 33277 33289
33303 33481 33347 33391 33435
33482 33556 33500 33518 33536
33557 34002 33668 33779 33890
34003 34129 34034 34065 34096
34130 34151 34135 34140 34145
34152 34241 34174 34196 34218
34242 34273 34249 34256 34263
34274 34351 34293 34312 34331
34352 34441 34374 34396 34418
34442 34505 34457 34472 34487
34506 34620 34534 34562 34590
34621 34763 34656 34691 34726
34764 34799 34772 34780 34788
34800 34883 34820 34840 34860
34884 34928 34895 34906 34917
34929 34962 34937 34945 34953
34963 34983 34968 34973 34978
34984 35061 35003 35022 35041
35062 35100 35071 35080 35089
35101 35324 35156 35211 35266
35325 35397 35343 35361 35379
35398 35518 35428 35458 35488
35519 36974 35882 36245 36608
36975 37273 37049 37123 37197
37274 37314 37284 37294 37304
37315 37453 37349 37383 37417
37454 37548 37477 37500 37523
37549 37779 37606 37663 37720
37780 37820 37790 37800 37810
37821 38046 37877 37933 37989
38047 38132 38068 38089 38110
38133 38215 38153 38173 38193
38216 38267 38228 38240 38252
38268 38358 38290 38312 38334
38359 38402 38369 38379 38389
38403 38637 38461 38519 38577
38638 38681 38648 38658 38668
38682 38930 38744 38806 38868
38931 39012 38951 38971 38991
39013 39111 39037 39061 39085
39112 39221 39139 39166 39193
39222 39266 39233 39244 39255
39267 39410 39302 39337 39372
39411 39631 39466 39521 39576
39632 39693 39647 39662 39677
39694 39808 39722 39750 39778
39809 39844 39817 39825 39833
39845 39940 39868 39891 39914
39941 40709 40133 40325 40517
40710 40821 40737 40764 40791
40822 40932 40849 40876 40903
40933 41021 40955 40977 40999
41022 41075 41035 41048 41061
41076 41325 41138 41200 41262
41326 41367 41336 41346 41356
41368 41417 41380 41392 41404
41418 41482 41434 41450 41466
41483 41636 41521 41559 41597
41637 41742 41663 41689 41715
41743 41903 41783 41823 41863
41904 42116 41957 42010 42063
42117 42390 42185 42253 42321
42391 42503 42419 42447 42475
42504 42603 42528 42552 42576
42604 42675 42621 42638 42655
42676 42809 42709 42742 42775
42810 42870 42825 42840 42855
42871 43163 42944 43017 43090
43164 43354 43211 43258 43305
43355 43489 43388 43421 43454
43490 43603 43518 43546 43574
43604 43923 43683 43762 43841
43924 44232 44001 44078 44155
44233 44299 44249 44265 44281
44300 44388 44322 44344 44366
44389 44500 44416 44443 44470
44501 44551 44513 44525 44537
44552 44665 44580 44608 44636
44666 44730 44682 44698 44714
44731 44825 44754 44777 44800
44826 45004 44869 44912 45003
45005 45133 45037 45069 45101
45134 45176 45144 45154 45164
45177 45227 45189 45201 45213
45228 45262 45236 45244 45252
45263 45381 45292 45321 45350
45382 45443 45397 45412 45427
45444 45546 45469 45494 45519
45547 45668 45577 45607 45637
45669 45895 45725 45781 45837
45896 45969 45914 45932 45950
45970 46178 46022 46074 46126
46179 46259 46199 46219 46239
46260 46328 46277 46294 46311
46329 46425 46353 46377 46401
46426 46477 46438 46450 46462
46478 46561 46498 46518 46538
46562 46582 46567 46572 46577
46583 46602 46587 46591 46595
46603 46806 46653 46703 46753
46807 46879 46825 46843 46861
46880 47108 46937 46994 47051
47109 47195 47130 47151 47172
47196 47268 47214 47232 47250
47269 47347 47288 47307 47326
47348 47446 47372 47396 47420
47447 47480 47455 47463 47471
47481 47515 47489 47497 47505
47516 47548 47524 47532 47540
47549 47576 47555 47561 47567
47577 47640 47592 47607 47622
47641 47689 47653 47665 47677
47690 47723 47698 47706 47714
47724 47946 47779 47834 47889
47947 48484 48081 48215 48349
48485 48566 48505 48525 48545
48567 48601 48575 48583 48591
48602 48699 48626 48650 48674
48700 49208 48827 48954 49081
49209 49403 49257 49305 49353
49404 49512 49431 49458 49485
49513 49584 49530 49547 49564
49585 49735 49622 49659 49696
49736 49833 49760 49784 49808
49834 49970 49868 49902 49936
49971 50020 49983 49995 50007
50021 50212 50068 50115 50162
50213 50472 50277 50341 50405
50473 50567 50496 50519 50542
50568 50755 50614 50660 50706
50756 50787 50763 50770 50777
50788 50819 50795 50802 50809
50820 51004 50866 50912 50958
51005 51078 51023 51041 51059
51079 51166 51100 51121 51142
51167 51241 51185 51203 51221
51242 51335 51265 51288 51311
51336 51436 51361 51386 51411
51437 51497 51452 51467 51482
51498 51669 51540 51582 51624
51670 51725 51683 51696 51709
51726 51817 51748 51770 51792
51818 52144 51899 51980 52061
52145 52197 52158 52171 52184
52198 52334 52232 52266 52300
52335 52396 52350 52365 52380
52397 52479 52417 52437 52457
52480 52546 52496 52512 52528
52547 52664 52576 52605 52634
52665 52713 52677 52689 52701
52714 52793 52733 52752 52771
52794 52861 52810 52826 52842
52862 52960 52886 52910 52934
52961 53053 52984 53007 53030
53054 53295 53114 53174 53234
53296 53345 53308 53320 53332
53346 53431 53367 53388 53409
53432 53544 53460 53488 53516
53545 53709 53586 53627 53668
53710 53749 53719 53728 53737
53750 53834 53771 53792 53813
53835 53915 53855 53875 53895
53916 53972 53930 53944 53958
53973 54087 54001 54029 54057
54088 54230 54123 54158 54193
54231 54543 54309 54387 54465
54544 54565 54549 54554 54559
54566 54629 54581 54596 54611
54630 54689 54644 54658 54672
54690 54752 54705 54720 54735
54753 54838 54774 54795 54816
54839 56119 55159 55479 55799
56120 56303 56165 56210 56255
56304 56496 56352 56400 56448
56497 56627 56529 56561 56593
56628 56736 56655 56682 56709
56737 57044 56813 56889 56965
57045 57126 57065 57085 57105
57127 57207 57147 57167 57187
57208 57266 57222 57236 57250
57267 57314 57278 57289 57300
57315 57370 57328 57341 57354
57371 57416 57382 57393 57404
57417 57480 57432 57447 57462
57481 57544 57496 57511 57526
57545 57591 57556 57567 57578
57592 57647 57605 57618 57631
57648 57708 57663 57678 57693
57709 57736 57715 57721 57727
57737 57766 57744 57751 57758
57767 57787 57772 57777 57782
57788 57809 57793 57798 57803
57810 57838 57817 57824 57831
57839 57873 57847 57855 57863
57874 57890 57878 57882 57886
57891 57940 57903 57915 57927
57941 57980 57950 57959 57968
57981 58009 57988 57995 58002
58010 58055 58021 58032 58043
58056 58084 58063 58070 58077
58085 58104 58089 58093 58097
58105 58153 58117 58129 58141
58154 58179 58160 58166 58172
58180 58210 58187 58194 58201
58211 58362 58248 58285 58322
58363 58390 58369 58375 58381
58391 58452 58406 58421 58436
58453 58509 58467 58481 58495
58510 58562 58523 58536 58549
58563 58598 58571 58579 58587
58599 58630 58606 58613 58620
58631 58657 58637 58643 58649
58658 58674 58662 58666 58670
58675 58700 58681 58687 58693
58701 58717 58705 58709 58713
58718 58737 58722 58726 58730
58738 58764 58744 58750 58756
58765 58782 58769 58773 58777
58783 58814 58790 58797 58804
58815 58832 58819 58823 58827
58833 58854 58838 58843 58848
58855 58872 58859 58863 58867
58873 58894 58878 58883 58888
58895 58911 58899 58903 58907
58912 58950 58921 58930 58939
58951 58992 58961 58971 58981
58993 59083 59015 59037 59059
59084 59140 59098 59112 59126
59141 59190 59153 59165 59177
59191 59216 59197 59203 59209
59217 59281 59233 59249 59265
59282 59324 59292 59302 59312
59325 59363 59334 59343 59352
59364 59396 59372 59380 59388
59397 59420 59402 59407 59412
59421 59531 59448 59475 59502
59532 59587 59545 59558 59571
59588 59641 59601 59614 59627
59642 59659 59646 59650 59654
59660 59676 59664 59668 59672
59677 59719 59687 59697 59707
59720 59752 59728 59736 59744
59753 59842 59775 59797 59819
59843 59890 59854 59865 59876
59891 59922 59898 59905 59912
59923 59964 59933 59943 59953
59965 60062 59973 59981 60045
60063 60243 60108 60153 60198
60244 60344 60269 60294 60319
60345 60571 60401 60457 60513
60572 60995 60677 60782 60887
60996 61141 61032 61068 61104
61142 61375 61200 61258 61316
61376 61553 61420 61464 61508
61554 61683 61586 61618 61650
61684 61760 61703 61722 61741
61761 61804 61771 61781 61791
61805 61912 61831 61857 61883
61913 62021 61940 61967 61994
62022 62095 62040 62058 62076
62096 62226 62128 62160 62192
62227 62353 62258 62289 62320
62354 62384 62361 62368 62375
62385 62539 62423 62461 62499
62540 62636 62564 62588 62612
62637 62952 62715 62793 62871
62953 63026 62971 62989 63007
63027 63153 63058 63089 63120
63154 63359 63205 63256 63307
63360 63420 63375 63390 63405
63421 63818 63520 63619 63718
63819 63902 63839 63859 63879
63903 64050 63939 63975 64011
64051 64149 64075 64099 64123
64150 64425 64218 64286 64354
64426 64568 64461 64496 64531
64569 64620 64581 64593 64605
64621 64684 64636 64651 64666
64685 64742 64699 64713 64727
64743 64857 64771 64799 64827
64858 65028 64900 64942 64984
65029 65107 65048 65067 65086
65108 65235 65139 65170 65201
65236 65429 65284 65332 65380
65430 65490 65445 65460 65475
65491 65603 65519 65547 65575
65604 65761 65643 65682 65721
65762 65922 65802 65842 65882
65923 66026 65948 65973 65998
66027 66102 66045 66063 66081
66103 66157 66116 66129 66142
66158 66213 66171 66184 66197
66214 66333 66243 66272 66301
66334 66578 66395 66456 66517
66579 66708 66611 66643 66675
66709 66828 66738 66767 66796
66829 67034 66880 66931 66982
67035 67204 67077 67119 67161
67205 67278 67223 67241 67259
67279 67603 67360 67441 67522
67604 67698 67627 67650 67673
67699 67859 67739 67779 67819
67860 68208 67947 68034 68121
68209 68292 68229 68249 68269
68293 68313 68298 68303 68308
68314 68374 68329 68344 68359
68375 68397 68380 68385 68390
68398 68464 68414 68430 68446
68465 68558 68488 68511 68534
68559 68619 68574 68589 68604
68620 68719 68644 68668 68692
68720 68759 68729 68738 68747
68760 68840 68780 68800 68820
68841 68906 68857 68873 68889
68907 69013 68933 68959 68985
69014 69100 69035 69056 69077
69101 69154 69114 69127 69140
69155 69229 69173 69191 69209
69230 69290 69245 69260 69275
69291 69352 69306 69321 69336
69353 69408 69366 69379 69392
69409 69476 69425 69441 69457
69477 69498 69482 69487 69492
69499 69611 69527 69555 69583
69612 69714 69637 69662 69687
69715 69949 69773 69831 69889
69950 70003 69963 69976 69989
70004 70085 70024 70044 70064
70086 70164 70105 70124 70143
70165 70801 70324 70483 70642
70802 71225 70907 71012 71117
71226 71645 71330 71434 71538
71646 71759 71674 71702 71730
71760 71939 71804 71848 71892
71940 72023 71960 71980 72000
72024 72089 72040 72056 72072
72090 72205 72118 72146 72174
72206 72476 72273 72340 72407
72477 72639 72517 72557 72597
72640 72704 72656 72672 72688
72705 72818 72733 72761 72789
72819 72854 72827 72835 72843
72855 73603 73042 73229 73416
73604 74942 73938 74272 74606
74943 75150 74957 74971 75111
75151 75328 75195 75239 75283
75329 75494 75370 75411 75452
75495 75612 75524 75553 75582
75613 75653 75623 75633 75643
75654 75694 75664 75674 75684
75695 75919 75751 75807 75863
75920 76063 75955 75990 76025
76064 76155 76086 76108 76130
76156 76192 76165 76174 76183
76193 76288 76216 76239 76262
76289 76413 76320 76351 76382
76414 76550 76448 76482 76516
76551 76644 76574 76597 76620
76645 76751 76671 76697 76723
76752 76881 76784 76816 76848
76882 77067 76928 76974 77020
77068 77268 77118 77168 77218
77269 77347 77288 77307 77326
77348 77395 77359 77370 77381
77396 77672 77465 77534 77603
77673 78033 77763 77853 77943
78034 78349 78112 78190 78268
78350 78474 78381 78412 78443
78475 78691 78529 78583 78637
78692 78959 78758 78824 78890
78960 79000 78970 78980 78990
79001 79039 79010 79019 79028
79040 79126 79061 79082 79103
79127 79525 79226 79325 79424
79526 79618 79549 79572 79595
79619 79707 79641 79663 79685
79708 80550 79918 80128 80338
80551 80787 80610 80669 80728
80788 81180 80886 80984 81082
81181 81273 81204 81227 81250
81274 81301 81280 81286 81292
81302 81545 81362 81422 81482
81546 81839 81619 81692 81765
81840 82504 82006 82172 82338
82505 82733 82562 82619 82676
82734 82769 82742 82750 82758
82770 82834 82786 82802 82818
82835 82886 82847 82859 82871
82887 83035 82924 82961 82998
83036 83258 83091 83146 83201
83259 83506 83320 83381 83442
83507 84012 83633 83759 83885
84013 84177 84054 84095 84136
84178 84244 84194 84210 84226
84245 84306 84260 84275 84290
84307 84439 84340 84373 84406
84440 84495 84453 84466 84479
84496 84610 84524 84552 84580
84611 84713 84636 84661 84686
84714 85008 84787 84860 84933
85009 85072 85024 85039 85054
85073 85163 85095 85117 85139
85164 85213 85176 85188 85200
85214 85307 85237 85260 85283
85308 85468 85348 85388 85428
85469 85734 85535 85601 85667
85735 85794 85749 85763 85777
85795 85867 85813 85831 85849
85868 85958 85890 85912 85934
85959 86054 85982 86005 86028
86055 86243 86102 86149 86196
86244 86403 86283 86322 86361
86404 86535 86436 86468 86500
86536 86601 86552 86568 86584
86602 86924 86682 86762 86842
86925 87002 86944 86963 86982
87003 87180 87047 87091 87135
87181 87560 87275 87369 87463
87561 87594 87569 87577 87585
87595 87779 87641 87687 87733
87780 87862 87800 87820 87840
87863 87942 87882 87901 87920
87943 88027 87964 87985 88006
88028 88188 88068 88108 88148
88189 88248 88203 88217 88231
88249 88309 88264 88279 88294
88310 88453 88345 88380 88415
88454 88475 88459 88464 88469
88476 88496 88481 88486 88491
88497 88514 88501 88505 88509
88515 88637 88545 88575 88605
88638 89861 88943 89248 89553
89862 90538 89896 89930 90402
90539 90557 90543 90547 90551
90558 90739 90603 90648 90693
90740 90836 90764 90788 90812
90837 91205 90929 91021 91113
91206 91349 91241 91276 91311
91350 91368 91354 91358 91362
91369 91570 91419 91469 91519
91571 91749 91615 91659 91703
91750 92272 91880 92010 92140
92273 92373 92298 92323 92348
92374 92571 92423 92472 92521
92572 92689 92601 92630 92659
92690 92899 92742 92794 92846
92900 92998 92924 92948 92972
92999 93369 93091 93183 93275
93370 93515 93406 93442 93478
93516 93615 93540 93564 93588
93616 93738 93646 93676 93706
93739 93857 93768 93797 93826
93858 94133 93926 93994 94062
94134 94239 94160 94186 94212
94240 94299 94254 94268 94282
94300 94586 94371 94442 94513
94587 94705 94616 94645 94674
94706 94918 94759 94812 94865
94919 95023 94945 94971 94997
95024 95180 95063 95102 95141
95181 95348 95222 95263 95304
95349 95582 95407 95465 95523
95583 95657 95601 95619 95637
95658 95707 95670 95682 95694
95708 95812 95734 95760 95786
95813 95950 95847 95881 95915
95951 95982 95958 95965 95972
95983 96132 96020 96057 96094
96133 96243 96160 96187 96214
96244 96358 96272 96300 96328
96359 96658 96433 96507 96581
96659 96723 96675 96691 96707
96724 96813 96746 96768 96790
96814 96939 96845 96876 96907
96940 97014 96958 96976 96994
97015 97435 97120 97225 97330
97436 97512 97455 97474 97493
97513 97567 97526 97539 97552
97568 97673 97594 97620 97646
97674 97904 97731 97788 97845
97905 98034 97937 97969 98001
98035 98474 98144 98253 98362
98475 98501 98481 98487 98493
98502 98546 98513 98524 98535
98547 98587 98557 98567 98577
98588 98652 98604 98620 98636
98653 98775 98683 98713 98743
98776 98836 98791 98806 98821
98837 98904 98853 98869 98885
98905 98948 98915 98925 98935
98949 99053 98975 99001 99027
99054 99190 99088 99122 99156
99191 99319 99223 99255 99287
99320 99484 99361 99402 99443
99485 99548 99500 99515 99530
99549 99597 99561 99573 99585
99598 99634 99607 99616 99625
99635 99653 99639 99643 99647
99654 99680 99660 99666 99672
99681 99734 99694 99707 99720
99735 99780 99746 99757 99768
99781 99866 99802 99823 99844
99867 99924 99881 99895 99909
99925 99960 99933 99941 99949
99961 100042 99981 100001 100021
100043 100085 100053 100063 100073
100086 100181 100109 100132 100155
100182 100246 100198 100214 100230
100247 100345 100271 100295 100319
100346 100537 100393 100440 100487
100538 100606 100555 100572 100589
100607 100637 100614 100621 100628
100638 100713 100656 100674 100692
100714 100773 100728 100742 100756
100774 100801 100780 100786 100792
100802 100908 100828 100854 100880
100909 101052 100944 100979 101014
101053 101170 101082 101111 101140
101171 101354 101216 101261 101306
101355 102446 101627 101899 102171
102447 102699 102510 102573 102636
102700 102770 102717 102734 102751
102771 102855 102792 102813 102834
102856 102975 102885 102914 102943
102976 103048 102994 103012 103030
103049 103140 103071 103093 103115
103141 103242 103166 103191 103216
103243 103436 103291 103339 103387
103437 103486 103449 103461 103473
103487 103600 103515 103543 103571
103601 103948 103687 103773 103859
103949 104007 103963 103977 103991
104008 104338 104090 104172 104254
104339 104414 104357 104375 104393
104415 104537 104445 104475 104505
104538 104676 104572 104606 104640
104677 104940 104742 104807 104872
104941 105052 104955 104969 105039
105053 105169 105082 105111 105140
105170 105555 105266 105362 105458
105556 105602 105567 105578 105589
105603 106153 105740 105877 106014
106154 106222 106171 106188 106205
106223 106249 106229 106235 106241
106250 106308 106264 106278 106292
106309 106657 106396 106483 106570
106658 106724 106674 106690 106706
106725 107062 106809 106893 106977
107063 107145 107083 107103 107123
107146 107490 107232 107318 107404
107491 107546 107504 107517 107530
107547 107650 107572 107597 107622
107651 107704 107664 107677 107690
107705 107738 107713 107721 107729
107739 107765 107745 107751 107757
107766 107784 107770 107774 107778
107785 107911 107816 107847 107878
107912 107931 107916 107920 107924
107932 108032 107957 107982 108007
108033 108330 108107 108181 108255
108331 108402 108348 108365 108382
108403 108466 108418 108433 108448
108467 108614 108503 108539 108575
108615 108753 108649 108683 108717
108754 108904 108791 108828 108865
108905 109024 108934 108963 108992
109025 109108 109045 109065 109085
109109 109205 109133 109157 109181
109206 109289 109226 109246 109266
109290 109364 109308 109326 109344
109365 109445 109385 109405 109425
109446 109501 109459 109472 109485
109502 109584 109522 109542 109562
109585 109693 109612 109639 109666
109694 110143 109806 109918 110030
110144 110266 110174 110204 110234
110267 110633 110358 110449 110540
110634 110884 110696 110758 110820
110885 110921 110894 110903 110912
110922 111084 110962 111002 111042
111085 111129 111096 111107 111118
111130 111296 111171 111212 111253
111297 112678 111642 111987 112332
112679 112750 112696 112713 112730
112751 112841 112773 112795 112817
112842 112922 112862 112882 112902
112923 112983 112938 112953 112968
112984 113352 113076 113168 113260
113353 113512 113392 113431 113470
113513 113572 113527 113541 113555
113573 113797 113629 113685 113741
113798 113975 113842 113886 113930
113976 114093 114005 114034 114063
114094 114199 114120 114146 114172
114200 114255 114213 114226 114239
114256 114291 114264 114272 114280
114292 114439 114328 114364 114400
114440 114460 114445 114450 114455
114461 114522 114476 114491 114506
114523 114584 114538 114553 114568
114585 114601 114589 114593 114597
114602 114728 114633 114664 114695
114729 114758 114736 114743 114750
114759 114787 114766 114773 114780
114788 114822 114796 114804 114812
114823 114934 114850 114877 114904
114935 115023 114957 114979 115001
115024 115146 115054 115084 115114
115147 115414 115213 115279 115345
115415 115487 115433 115451 115469
115488 115610 115518 115548 115578
115611 115676 115627 115643 115659
115677 115768 115699 115721 115743
115769 115909 115804 115839 115874
115910 115969 115924 115938 115952
115970 116026 115984 115998 116012
116027 116056 116034 116041 116048
116057 116116 116071 116085 116099
116117 116188 116134 116151 116168
116189 116220 116196 116203 116210
116221 116244 116226 116231 116236
116245 116337 116268 116291 116314
116338 116384 116349 116360 116371
116385 116454 116402 116419 116436
116455 116631 116499 116543 116587
116632 116665 116640 116648 116656
116666 116726 116681 116696 116711
116727 116947 116782 116837 116892
116948 116967 116952 116956 116960
116968 117160 117016 117064 117112
117161 117304 117196 117231 117266
117305 117401 117329 117353 117377
117402 117704 117477 117552 117627
117705 118194 117827 117949 118071
118195 118759 118336 118477 118618
118760 118806 118771 118782 118793
118807 118975 118849 118891 118933
118976 119025 118988 119000 119012
119026 119076 119038 119050 119062
119077 119125 119089 119101 119113
119126 119183 119140 119154 119168
119184 119202 119188 119192 119196
119203 119226 119208 119213 119218
119227 119688 119342 119457 119572
119689 119743 119702 119715 119728
119744 119819 119762 119780 119798
119820 119892 119838 119856 119874
119893 120027 119919 119945 120018
120028 120215 120074 120120 120166
120216 120301 120237 120258 120279
120302 120331 120309 120316 120323
120332 120351 120336 120340 120344
120352 120370 120356 120360 120364
120371 120418 120382 120393 120404
120419 120517 120443 120467 120491
120518 120590 120536 120554 120572
120591 120666 120609 120627 120645
120667 120793 120698 120729 120760
120794 120925 120826 120858 120890
120926 120980 120939 120952 120965
120981 121020 120990 120999 121008
121021 121097 121040 121059 121078
121098 121149 121110 121122 121134
121150 121169 121154 121158 121162
121170 121198 121177 121184 121191
121199 121238 121208 121217 121226
121239 121278 121248 121257 121266
121279 121351 121297 121315 121333
121352 121496 121388 121424 121460
121497 121517 121502 121507 121512
121518 121559 121528 121538 121548
121560 121579 121564 121568 121572
121580 121610 121587 121594 121601
121611 121660 121623 121635 121647
121661 121701 121671 121681 121691
121702 121724 121707 121712 121717
121725 121751 121731 121737 121743
121752 121874 121782 121812 121842
121875 121892 121879 121883 121887
121893 121932 121902 121911 121920
121933 121954 121938 121943 121948
121955 121975 121960 121965 121970
121976 122014 121985 121994 122003
122015 122051 122024 122033 122042
122052 122099 122063 122074 122085
122100 122142 122110 122120 122130
122143 122235 122166 122189 122212
122236 122635 122335 122434 122533
122636 122861 122692 122748 122804
122862 122990 122894 122926 122958
122991 123039 123003 123015 123027
123040 123103 123055 123070 123085
123104 123141 123113 123122 123131
123142 123262 123172 123202 123232
123263 123372 123290 123317 123344
123373 123496 123403 123433 123463
123497 123549 123510 123523 123536
123550 123577 123556 123562 123568
123578 123656 123597 123616 123635
123657 123852 123705 123753 123801
123853 123978 123884 123915 123946
123979 124105 124010 124041 124072
124106 124214 124133 124160 124187
124215 124278 124230 124245 124260
124279 124396 124308 124337 124366
124397 124518 124427 124457 124487
124519 124570 124531 124543 124555
124571 124629 124585 124599 124613
124630 124668 124639 124648 124657
124669 124730 124684 124699 124714
124731 124805 124749 124767 124785
124806 124853 124817 124828 124839
124854 124920 124870 124886 124902
124921 124976 124934 124947 124960
124977 125103 125008 125039 125070
125104 125280 125148 125192 125236
125281 125357 125300 125319 125338
125358 125475 125387 125416 125445
125476 125650 125519 125562 125605
125651 125795 125687 125723 125759
125796 125858 125811 125826 125841
125859 125958 125883 125907 125931
125959 127041 126229 126499 126769
127042 127113 127059 127076 127093
127114 127291 127158 127202 127246
127292 127357 127308 127324 127340
127358 127400 127368 127378 127388
127401 127522 127431 127461 127491
127523 127595 127541 127559 127577
127596 127765 127638 127680 127722
127766 128033 127832 127898 127964
128034 128061 128040 128046 128052
128062 128260 128111 128160 128209
128261 128333 128279 128297 128315
128334 128578 128395 128456 128517
128579 128657 128598 128617 128636
128658 128714 128672 128686 128700
128715 128767 128728 128741 128754
128768 128798 128775 128782 128789
128799 128848 128811 128823 128835
128849 128874 128855 128861 128867
128875 128897 128880 128885 128890
128898 128961 128913 128928 128943
128962 129037 128980 128998 129016
129038 129094 129052 129066 129080
129095 129211 129124 129153 129182
129212 129273 129227 129242 129257
129274 129379 129300 129326 129352
129380 129654 129448 129516 129584
129655 129790 129688 129721 129754
129791 129877 129812 129833 129854
129878 130794 130107 130336 130565
130795 131018 130850 130905 130960
131019 131362 131104 131189 131274
131363 131612 131425 131487 131549
131613 131842 131670 131727 131784
131843 131924 131863 131883 131903
131925 131952 131931 131937 131943
131953 131997 131964 131975 131986
131998 132037 132007 132016 132025
132038 132150 132066 132094 132122
132151 132221 132168 132185 132202
132222 132353 132254 132286 132318
132354 132670 132433 132512 132591
132671 132769 132695 132719 132743
132770 132875 132796 132822 132848
132876 133023 132912 132948 132984
133024 133110 133045 133066 133087
133111 133158 133122 133133 133144
133159 133265 133185 133211 133237
133266 133404 133300 133334 133368
133405 133440 133413 133421 133429
133441 133506 133457 133473 133489
133507 133567 133522 133537 133552
133568 133750 133613 133658 133703
133751 133818 133767 133783 133799
133819 133987 133861 133903 133945
133988 134400 134091 134194 134297
134401 134861 134516 134631 134746
134862 135404 134896 134930 135303
135405 135465 135420 135435 135450
135466 135509 135476 135486 135496
135510 135605 135533 135556 135579
135606 135675 135623 135640 135657
135676 135922 135737 135798 135859
135923 136094 135965 136007 136049
136095 136380 136166 136237 136308
136381 136430 136393 136405 136417
136431 136454 136436 136441 136446
136455 136483 136462 136469 136476
136484 136542 136498 136512 136526
136543 136597 136556 136569 136582
136598 136684 136619 136640 136661
136685 136744 136699 136713 136727
136745 136797 136758 136771 136784
136798 136830 136806 136814 136822
136831 136899 136848 136865 136882
136900 136969 136917 136934 136951
136970 137089 136999 137028 137057
137090 137151 137105 137120 137135
137152 137235 137172 137192 137212
137236 137313 137255 137274 137293
137314 137358 137325 137336 137347
137359 137446 137380 137401 137422
137447 137482 137455 137463 137471
137483 137524 137493 137503 137513
137525 137562 137534 137543 137552
137563 137612 137575 137587 137599
137613 137659 137624 137635 137646
137660 137775 137688 137716 137744
137776 137808 137784 137792 137800
137809 137883 137827 137845 137863
137884 138022 137918 137952 137986
138023 138104 138043 138063 138083
138105 138242 138139 138173 138207
138243 138268 138249 138255 138261
138269 138398 138301 138333 138365
138399 138435 138408 138417 138426
138436 138658 138491 138546 138601
138659 138738 138678 138697 138716
138739 138796 138753 138767 138781
138797 138883 138818 138839 138860
138884 139011 138915 138946 138977
139012 139075 139027 139042 139057
139076 139109 139084 139092 139100
139110 139131 139115 139120 139125
139132 139160 139139 139146 139153
139161 139269 139188 139215 139242
139270 139427 139309 139348 139387
139428 139512 139449 139470 139491
139513 139578 139529 139545 139561
139579 140395 139783 139987 140191
140396 140879 140516 140636 140756
140880 141111 140937 140994 141051
141112 141245 141145 141178 141211
141246 141419 141289 141332 141375
141420 141567 141456 141492 141528
141568 141636 141585 141602 141619
141637 141762 141668 141699 141730
141763 141935 141806 141849 141892
141936 142260 142017 142098 142179
142261 142650 142358 142455 142552
142651 142979 142733 142815 142897
142980 143137 143019 143058 143097
143138 144289 143425 143712 143999
144290 144341 144302 144314 144326
144342 144403 144357 144372 144387
144404 144460 144418 144432 144446
144461 144510 144473 144485 144497
144511 144625 144539 144567 144595
144626 144746 144656 144686 144716
144747 144864 144776 144805 144834
144865 144943 144884 144903 144922
144944 145052 144971 144998 145025
145053 145291 145112 145171 145230
145292 145399 145318 145344 145370
145400 145452 145413 145426 145439
145453 145553 145478 145503 145528
145554 145655 145579 145604 145629
145656 146129 145774 145892 146010
146130 146344 146183 146236 146289
146345 146477 146378 146411 146444
146478 146609 146510 146542 146574
146610 146743 146643 146676 146709
146744 146897 146782 146820 146858
146898 147054 146937 146976 147015
147055 147356 147130 147205 147280
147357 147481 147388 147419 147450
147482 147744 147547 147612 147677
147745 147806 147760 147775 147790
147807 147884 147826 147845 147864
147885 147928 147895 147905 147915
147929 148012 147949 147969 147989
148013 148115 148038 148063 148088
148116 148199 148136 148156 148176
148200 148332 148233 148266 148299
148333 148400 148349 148365 148381
148401 148472 148418 148435 148452
148473 148579 148499 148525 148551
148580 148712 148613 148646 148679
148713 148773 148728 148743 148758
148774 148802 148781 148788 148795
148803 148838 148811 148819 148827
148839 148930 148861 148883 148905
148931 148975 148942 148953 148964
148976 149000 148982 148988 148994
149001 149031 149008 149015 149022
149032 149173 149067 149102 149137
149174 149261 149195 149216 149237
149262 149344 149282 149302 149322
149345 149428 149365 149385 149405
149429 149462 149437 149445 149453
149463 149546 149483 149503 149523
149547 149587 149557 149567 149577
149588 149640 149601 149614 149627
149641 149772 149673 149705 149737
149773 149831 149787 149801 149815
149832 149899 149848 149864 149880
149900 149936 149909 149918 149927
149937 149973 149946 149955 149964
149974 150173 149980 149986 150129
150174 150212 150183 150192 150201
150213 150315 150238 150263 150288
150316 150394 150335 150354 150373
150395 150538 150430 150465 150500
150539 150694 150577 150615 150653
150695 150754 150709 150723 150737
150755 150842 150776 150797 150818
150843 150974 150875 150907 150939
150975 151135 151015 151055 151095
151136 151193 151150 151164 151178
151194 151372 151238 151282 151326
151373 151453 151393 151413 151433
151454 151615 151494 151534 151574
151616 151654 151625 151634 151643
151655 151834 151699 151743 151787
151835 151894 151849 151863 151877
151895 151922 151901 151907 151913
151923 151961 151932 151941 151950
151962 152001 151971 151980 151989
152002 152048 152013 152024 152035
152049 152258 152101 152153 152205
152259 152517 152323 152387 152451
152518 153437 152747 152976 153205
153438 153867 153545 153652 153759
153868 154046 153912 153956 154000
154047 154481 154155 154263 154371
154482 154906 154588 154694 154800
154907 154988 154927 154947 154967
154989 155080 155011 155033 155055
155081 155151 155098 155115 155132
155152 156982 155609 156066 156523
156983 157151 157025 157067 157109
157152 157213 157167 157182 157197
157214 157380 157255 157296 157337
157381 157492 157408 157435 157462
157493 157617 157524 157555 157586
157618 157677 157632 157646 157660
157678 157800 157708 157738 157768
157801 157873 157819 157837 157855
157874 157988 157902 157930 157958
157989 158085 158013 158037 158061
158086 158254 158128 158170 158212
158255 158391 158289 158323 158357
158392 158561 158434 158476 158518
158562 158795 158620 158678 158736
158796 159038 158856 158916 158976
159039 159817 159233 159427 159621
159818 159914 159842 159866 159890
159915 160010 159938 159961 159984
160011 160112 160036 160061 160086
160113 160201 160135 160157 160179
160202 160298 160226 160250 160274
160299 160399 160324 160349 160374
160400 160491 160422 160444 160466
160492 160592 160517 160542 160567
160593 160682 160615 160637 160659
160683 160778 160706 160729 160752
160779 160874 160802 160825 160848
160875 160970 160898 160921 160944
160971 165238 161978 162985 165177
