0 265 66 132 198
266 868 416 566 716
869 1048 913 957 1001
1049 1134 1070 1091 1112
1135 1326 1182 1229 1276
1327 1384 1341 1355 1369
1385 1521 1419 1453 1487
1522 1558 1531 1540 1549
1559 1623 1575 1591 1607
1624 1661 1633 1642 1651
1662 1860 1711 1760 1809
1861 1912 1873 1885 1897
1913 1936 1918 1923 1928
1937 1970 1945 1953 1961
1971 2012 1981 1991 2001
2013 2052 2022 2031 2040
2053 2210 2092 2131 2170
2211 2237 2217 2223 2229
2238 2306 2255 2272 2289
2307 2407 2332 2357 2382
2408 2793 2504 2600 2696
2794 2836 2804 2814 2824
2837 2926 2859 2881 2903
2927 3082 2965 3003 3041
3083 3181 3107 3131 3155
3182 3210 3189 3196 3203
3211 3280 3228 3245 3262
3281 3503 3336 3391 3446
3504 3636 3537 3570 3603
3637 3656 3641 3645 3649
3657 3740 3677 3697 3717
3741 3811 3758 3775 3792
3812 3911 3836 3860 3884
3912 4149 3971 4030 4089
4150 4183 4158 4166 4174
4184 4304 4214 4244 4274
4305 4410 4331 4357 4383
4411 4485 4429 4447 4465
4486 4605 4515 4544 4573
4606 4693 4627 4648 4669
4694 4727 4702 4710 4718
4728 4804 4747 4766 4785
4805 4837 4813 4821 4829
4838 4904 4854 4870 4886
4905 4989 4926 4947 4968
4990 5096 5016 5042 5068
5097 5129 5105 5113 5121
5130 5199 5147 5164 5181
5200 5886 5371 5542 5713
5887 5930 5897 5907 5917
5931 6109 5975 6019 6063
6110 6164 6123 6136 6149
6165 6408 6225 6285 6345
6409 6558 6446 6483 6520
6559 6777 6613 6667 6721
6778 6829 6790 6802 6814
6830 6906 6849 6868 6887
6907 7061 6945 6983 7021
7062 7130 7079 7096 7113
7131 7217 7152 7173 7194
7218 7241 7223 7228 7233
7242 7404 7282 7322 7362
7405 7477 7423 7441 7459
7478 7498 7483 7488 7493
7499 7524 7505 7511 7517
7525 7554 7532 7539 7546
7555 7595 7565 7575 7585
7596 7630 7604 7612 7620
7631 7677 7642 7653 7664
7678 7702 7684 7690 7696
7703 7779 7722 7741 7760
7780 7831 7792 7804 7816
7832 7866 7840 7848 7856
7867 7922 7880 7893 7906
7923 7987 7939 7955 7971
7988 8129 8023 8058 8093
8130 8260 8162 8194 8226
8261 8314 8274 8287 8300
8315 8888 8458 8601 8744
8889 9027 8923 8957 8991
9028 9088 9043 9058 9073
9089 9226 9123 9157 9191
9227 9310 9247 9267 9287
9311 9330 9315 9319 9323
9331 9358 9337 9343 9349
9359 9416 9373 9387 9401
9417 9435 9421 9425 9429
9436 9510 9454 9472 9490
9511 9556 9522 9533 9544
9557 9630 9575 9593 9611
9631 9722 9653 9675 9697
9723 9756 9731 9739 9747
9757 9863 9783 9809 9835
9864 9964 9889 9914 9939
9965 10033 9982 9999 10016
10034 10108 10052 10070 10088
10109 10234 10140 10171 10202
10235 10448 10288 10341 10394
10449 10602 10487 10525 10563
10603 10667 10619 10635 10651
10668 10808 10703 10738 10773
10809 10855 10820 10831 10842
10856 10903 10867 10878 10889
10904 11062 10943 10982 11021
11063 11142 11082 11101 11120
11143 11260 11172 11201 11230
11261 11344 11281 11301 11321
11345 11550 11396 11447 11498
11551 11611 11566 11581 11596
11612 11748 11646 11680 11714
11749 11790 11759 11769 11779
11791 11866 11809 11827 11845
11867 12062 11915 11963 12011
12063 12196 12096 12129 12162
12197 12654 12311 12425 12539
12655 13219 12796 12937 13078
13220 13292 13238 13256 13274
13293 13313 13298 13303 13308
13314 13355 13324 13334 13344
13356 13515 13395 13434 13473
13516 13571 13529 13542 13555
13572 13691 13601 13630 13659
13692 13781 13714 13736 13758
13782 13842 13797 13812 13827
13843 13953 13870 13897 13924
13954 14000 13965 13976 13987
14001 14038 14010 14019 14028
14039 14070 14046 14053 14060
14071 14293 14126 14181 14236
14294 14324 14301 14308 14315
14325 14496 14367 14409 14451
14497 14595 14521 14545 14569
14596 14914 14675 14754 14833
14915 15091 14936 14957 15066
15092 15171 15111 15130 15149
15172 15192 15177 15182 15187
15193 15301 15220 15247 15274
15302 15380 15321 15340 15359
15381 15570 15428 15475 15522
15571 15783 15624 15677 15730
15784 15974 15831 15878 15925
15975 16037 15990 16005 16020
16038 16085 16049 16060 16071
16086 16168 16106 16126 16146
16169 16269 16194 16219 16244
16270 16294 16276 16282 16288
16295 16320 16301 16307 16313
16321 16415 16344 16367 16390
16416 16471 16429 16442 16455
16472 16528 16486 16500 16514
16529 16697 16571 16613 16655
16698 16851 16736 16774 16812
16852 16900 16864 16876 16888
16901 16976 16919 16937 16955
16977 17069 17000 17023 17046
17070 17226 17109 17148 17187
17227 17341 17255 17283 17311
17342 17556 17395 17448 17501
17557 17644 17578 17599 17620
17645 17691 17656 17667 17678
17692 17729 17701 17710 17719
17730 17763 17738 17746 17754
17764 17799 17772 17780 17788
17800 17847 17811 17822 17833
17848 17888 17858 17868 17878
17889 17907 17893 17897 17901
17908 17944 17917 17926 17935
17945 18037 17968 17991 18014
18038 18107 18055 18072 18089
18108 18156 18120 18132 18144
18157 18311 18195 18233 18271
18312 18359 18323 18334 18345
18360 18397 18369 18378 18387
18398 18434 18407 18416 18425
18435 18481 18446 18457 18468
18482 18578 18506 18530 18554
18579 18661 18599 18619 18639
18662 18737 18680 18698 18716
18738 18886 18775 18812 18849
18887 18933 18898 18909 18920
18934 18957 18939 18944 18949
18958 18990 18966 18974 18982
18991 19035 19002 19013 19024
19036 19087 19048 19060 19072
19088 19227 19122 19156 19190
19228 19293 19244 19260 19276
19294 19337 19304 19314 19324
19338 19370 19346 19354 19362
19371 19426 19384 19397 19410
19427 19617 19474 19521 19568
19618 19814 19667 19716 19765
19815 19871 19829 19843 19857
19872 19923 19884 19896 19908
19924 20257 20007 20090 20173
20258 20341 20278 20298 20318
20342 20420 20361 20380 20399
20421 20679 20485 20549 20613
20680 20868 20727 20774 20821
20869 20896 20875 20881 20887
20897 21062 20938 20979 21020
21063 21918 21276 21489 21702
21919 21950 21926 21933 21940
21951 21971 21956 21961 21966
21972 22151 22016 22060 22104
22152 22285 22185 22218 22251
22286 22332 22297 22308 22319
22333 22508 22376 22419 22462
22509 22664 22547 22585 22623
22665 22739 22683 22701 22719
22740 22898 22779 22818 22857
22899 23198 22973 23047 23121
23199 23288 23221 23243 23265
23289 23331 23299 23309 23319
23332 23370 23341 23350 23359
23371 23456 23392 23413 23434
23457 23555 23481 23505 23529
23556 23583 23562 23568 23574
23584 23615 23591 23598 23605
23616 23651 23624 23632 23640
23652 23683 23659 23666 23673
23684 23747 23699 23714 23729
23748 23813 23764 23780 23796
23814 23870 23828 23842 23856
23871 23948 23890 23909 23928
23949 23982 23957 23965 23973
23983 24138 24021 24059 24097
24139 24163 24145 24151 24157
24164 24265 24189 24214 24239
24266 24301 24274 24282 24290
24302 24338 24311 24320 24329
24339 24466 24370 24401 24432
24467 24764 24541 24615 24689
24765 24835 24782 24799 24816
24836 25549 25014 25192 25370
25550 25627 25569 25588 25607
25628 25703 25646 25664 25682
25704 25793 25726 25748 25770
25794 25922 25826 25858 25890
25923 26371 26035 26147 26259
26372 26432 26387 26402 26417
26433 26510 26452 26471 26490
26511 26738 26567 26623 26679
26739 26777 26748 26757 26766
26778 26870 26801 26824 26847
26871 26924 26884 26897 26910
26925 26951 26931 26937 26943
26952 26994 26962 26972 26982
26995 27193 27044 27093 27142
27194 27274 27214 27234 27254
27275 27442 27316 27357 27398
27443 27490 27454 27465 27476
27491 27967 27610 27729 27848
27968 28021 27981 27994 28007
28022 28091 28039 28056 28073
28092 28209 28121 28150 28179
28210 28293 28230 28250 28270
28294 28348 28307 28320 28333
28349 28404 28362 28375 28388
28405 28477 28423 28441 28459
28478 28573 28501 28524 28547
28574 28655 28594 28614 28634
28656 28678 28661 28666 28671
28679 28705 28685 28691 28697
28706 28757 28718 28730 28742
28758 28862 28784 28810 28836
28863 28957 28886 28909 28932
28958 29143 29004 29050 29096
29144 29337 29192 29240 29288
29338 29367 29345 29352 29359
29368 29440 29386 29404 29422
29441 29654 29494 29547 29600
29655 29846 29702 29749 29796
29847 29970 29877 29907 29937
29971 30078 29978 29985 30057
30079 30284 30130 30181 30232
30285 30467 30330 30375 30420
30468 30505 30477 30486 30495
30506 30561 30519 30532 30545
30562 30679 30591 30620 30649
30680 30787 30706 30732 30758
30788 30812 30794 30800 30806
30813 31060 30874 30935 30996
31061 31106 31072 31083 31094
31107 31141 31115 31123 31131
31142 31207 31158 31174 31190
31208 31285 31227 31246 31265
31286 31344 31300 31314 31328
31345 31494 31382 31419 31456
31495 31635 31530 31565 31600
31636 31681 31647 31658 31669
31682 31728 31693 31704 31715
31729 31773 31740 31751 31762
31774 31861 31795 31816 31837
31862 31964 31887 31912 31937
31965 32172 32016 32067 32118
32173 32252 32192 32211 32230
32253 32342 32275 32297 32319
32343 32418 32361 32379 32397
32419 32685 32485 32551 32617
32686 32793 32712 32738 32764
32794 32859 32810 32826 32842
32860 32925 32876 32892 32908
32926 32983 32940 32954 32968
32984 33052 33001 33018 33035
33053 33186 33086 33119 33152
33187 33275 33209 33231 33253
33276 33316 33286 33296 33306
33317 33390 33335 33353 33371
33391 33494 33416 33441 33466
33495 33617 33525 33555 33585
33618 33770 33656 33694 33732
33771 33823 33784 33797 33810
33824 33972 33861 33898 33935
33973 34103 34005 34037 34069
34104 34401 34178 34252 34326
34402 34462 34417 34432 34447
34463 34634 34505 34547 34589
34635 34667 34643 34651 34659
34668 34718 34680 34692 34704
34719 34766 34730 34741 34752
34767 34800 34775 34783 34791
34801 34824 34806 34811 34816
34825 34875 34837 34849 34861
34876 34927 34888 34900 34912
34928 34980 34941 34954 34967
34981 35048 34997 35013 35029
35049 35065 35053 35057 35061
35066 35113 35077 35088 35099
35114 35130 35118 35122 35126
35131 35159 35138 35145 35152
35160 35197 35169 35178 35187
35198 35222 35204 35210 35216
35223 35244 35228 35233 35238
35245 35432 35291 35337 35383
35433 35567 35466 35499 35532
35568 35649 35588 35608 35628
35650 35667 35654 35658 35662
35668 35687 35672 35676 35680
35688 35762 35706 35724 35742
35763 35805 35773 35783 35793
35806 35903 35830 35854 35878
35904 35940 35913 35922 35931
35941 35993 35954 35967 35980
35994 36015 35999 36004 36009
36016 36048 36024 36032 36040
36049 36091 36059 36069 36079
36092 36132 36102 36112 36122
36133 36220 36154 36175 36196
36221 36379 36260 36299 36338
36380 36490 36407 36434 36461
36491 36528 36500 36509 36518
36529 36565 36538 36547 36556
36566 36583 36570 36574 36578
36584 36604 36589 36594 36599
36605 36626 36610 36615 36620
36627 36648 36632 36637 36642
36649 36676 36655 36661 36667
36677 36697 36682 36687 36692
36698 36793 36721 36744 36767
36794 36813 36798 36802 36806
36814 36874 36829 36844 36859
36875 36973 36899 36923 36947
36974 37335 37064 37154 37244
37336 37440 37362 37388 37414
37441 37559 37470 37499 37528
37560 37595 37568 37576 37584
37596 37626 37603 37610 37617
37627 37698 37644 37661 37678
37699 37722 37704 37709 37714
37723 37822 37747 37771 37795
37823 37898 37841 37859 37877
37899 37992 37922 37945 37968
37993 38081 38015 38037 38059
38082 38257 38125 38168 38211
38258 38387 38290 38322 38354
38388 38597 38440 38492 38544
38598 38740 38633 38668 38703
38741 38779 38750 38759 38768
38780 38816 38789 38798 38807
38817 38859 38827 38837 38847
38860 38883 38865 38870 38875
38884 38904 38889 38894 38899
38905 38945 38915 38925 38935
38946 38993 38957 38968 38979
38994 39012 38998 39002 39006
39013 39033 39018 39023 39028
39034 39119 39055 39076 39097
39120 39163 39130 39140 39150
39164 39262 39188 39212 39236
39263 39493 39320 39377 39434
39494 39620 39525 39556 39587
39621 39642 39626 39631 39636
39643 39744 39668 39693 39718
39745 39800 39758 39771 39784
39801 39844 39811 39821 39831
39845 39972 39876 39907 39938
39973 40053 39993 40013 40033
40054 40088 40062 40070 40078
40089 40167 40108 40127 40146
40168 40201 40176 40184 40192
40202 40354 40240 40278 40316
40355 40590 40413 40471 40529
40591 40786 40639 40687 40735
40787 40901 40815 40843 40871
40902 40996 40925 40948 40971
40997 41096 41021 41045 41069
41097 41134 41106 41115 41124
41135 41171 41144 41153 41162
41172 41252 41192 41212 41232
41253 41542 41325 41397 41469
41543 41693 41580 41617 41654
41694 41758 41710 41726 41742
41759 41873 41787 41815 41843
41874 42044 41916 41958 42000
42045 42106 42060 42075 42090
42107 42335 42164 42221 42278
42336 42528 42384 42432 42480
42529 42841 42607 42685 42763
42842 42943 42867 42892 42917
42944 43099 42982 43020 43058
43100 43220 43130 43160 43190
43221 43317 43245 43269 43293
43318 43494 43362 43406 43450
43495 43855 43585 43675 43765
43856 43959 43881 43906 43931
43960 44014 43973 43986 43999
44015 44071 44029 44043 44057
44072 44116 44083 44094 44105
44117 44191 44135 44153 44171
44192 44210 44196 44200 44204
44211 44229 44215 44219 44223
44230 44275 44241 44252 44263
44276 44304 44283 44290 44297
44305 44371 44321 44337 44353
44372 44398 44378 44384 44390
44399 44436 44408 44417 44426
44437 44480 44447 44457 44467
44481 44520 44490 44499 44508
44521 44547 44527 44533 44539
44548 44608 44563 44578 44593
44609 44641 44617 44625 44633
44642 44675 44650 44658 44666
44676 44704 44683 44690 44697
44705 44766 44720 44735 44750
44767 44794 44773 44779 44785
44795 44846 44807 44819 44831
44847 44930 44867 44887 44907
44931 44964 44939 44947 44955
44965 45025 44973 44981 45018
45026 45121 45049 45072 45095
45122 45149 45128 45134 45140
45150 45308 45189 45228 45267
45309 45401 45332 45355 45378
45402 45469 45418 45434 45450
45470 45510 45480 45490 45500
45511 45570 45525 45539 45553
45571 45680 45598 45625 45652
45681 45748 45697 45713 45729
45749 45798 45761 45773 45785
45799 45868 45816 45833 45850
45869 45914 45880 45891 45902
45915 45965 45927 45939 45951
45966 46051 45987 46008 46029
46052 46133 46072 46092 46112
46134 46342 46186 46238 46290
46343 46384 46353 46363 46373
46385 46459 46403 46421 46439
46460 46494 46468 46476 46484
46495 46554 46509 46523 46537
46555 46599 46566 46577 46588
46600 46740 46635 46670 46705
46741 47149 46843 46945 47047
47150 47205 47163 47176 47189
47206 47648 47316 47426 47536
47649 47759 47676 47703 47730
47760 47811 47772 47784 47796
47812 47924 47840 47868 47896
47925 47999 47943 47961 47979
48000 48098 48024 48048 48072
48099 48175 48118 48137 48156
48176 48205 48183 48190 48197
48206 48250 48217 48228 48239
48251 48314 48266 48281 48296
48315 48352 48324 48333 48342
48353 48435 48373 48393 48413
48436 48474 48445 48454 48463
48475 48530 48488 48501 48514
48531 48574 48541 48551 48561
48575 48600 48581 48587 48593
48601 48640 48610 48619 48628
48641 48723 48661 48681 48701
48724 48884 48764 48804 48844
48885 48928 48895 48905 48915
48929 49015 48950 48971 48992
49016 49039 49021 49026 49031
49040 49242 49090 49140 49190
49243 49285 49253 49263 49273
49286 49416 49318 49350 49382
49417 49469 49430 49443 49456
49470 49587 49499 49528 49557
49588 49756 49630 49672 49714
49757 49885 49789 49821 49853
49886 49987 49911 49936 49961
49988 50113 50019 50050 50081
50114 50166 50127 50140 50153
50167 50264 50191 50215 50239
50265 50346 50285 50305 50325
50347 50436 50369 50391 50413
50437 50480 50447 50457 50467
50481 50514 50489 50497 50505
50515 50566 50527 50539 50551
50567 50663 50591 50615 50639
50664 50906 50724 50784 50844
50907 51056 50944 50981 51018
51057 51114 51071 51085 51099
51115 51168 51128 51141 51154
51169 51248 51188 51207 51226
51249 51736 51370 51491 51612
51737 51796 51751 51765 51779
51797 52156 51886 51975 52064
52157 52290 52190 52223 52256
52291 52981 52463 52635 52807
52982 53007 52988 52994 53000
53008 53077 53025 53042 53059
53078 53114 53087 53096 53105
53115 53224 53142 53169 53196
53225 53343 53254 53283 53312
53344 53435 53366 53388 53410
53436 53475 53445 53454 53463
53476 53557 53496 53516 53536
53558 53575 53562 53566 53570
53576 53628 53589 53602 53615
53629 53779 53666 53703 53740
53780 53903 53810 53840 53870
53904 54180 53973 54042 54111
54181 54405 54237 54293 54349
54406 54530 54437 54468 54499
54531 54658 54562 54593 54624
54659 54756 54683 54707 54731
54757 54913 54796 54835 54874
54914 55470 55053 55192 55331
55471 55557 55492 55513 55534
55558 55639 55578 55598 55618
55640 55877 55699 55758 55817
55878 56055 55922 55966 56010
56056 56119 56071 56086 56101
56120 56166 56131 56142 56153
56167 56201 56175 56183 56191
56202 56281 56221 56240 56259
56282 56339 56296 56310 56324
56340 56371 56347 56354 56361
56372 56404 56380 56388 56396
56405 56454 56417 56429 56441
56455 56508 56468 56481 56494
56509 56544 56517 56525 56533
56545 56614 56562 56579 56596
56615 56657 56625 56635 56645
56658 56717 56672 56686 56700
56718 56770 56731 56744 56757
56771 56808 56780 56789 56798
56809 56902 56832 56855 56878
56903 57204 56978 57053 57128
57205 57238 57213 57221 57229
57239 57303 57255 57271 57287
57304 57407 57329 57354 57379
57408 57433 57414 57420 57426
57434 57472 57443 57452 57461
57473 57499 57479 57485 57491
57500 57574 57518 57536 57554
57575 57673 57599 57623 57647
57674 58275 57824 57974 58124
58276 58614 58360 58444 58528
58615 58912 58689 58763 58837
58913 58956 58923 58933 58943
58957 58976 58961 58965 58969
58977 59023 58988 58999 59010
59024 59068 59035 59046 59057
59069 59264 59117 59165 59213
59265 59331 59281 59297 59313
59332 59366 59340 59348 59356
59367 59559 59415 59463 59511
59560 59759 59609 59658 59707
59760 59932 59803 59846 59889
59933 59953 59938 59943 59948
59954 60187 59965 59976 60138
60188 60340 60226 60264 60302
60341 60472 60373 60405 60437
60473 60634 60513 60553 60593
60635 60709 60653 60671 60689
60710 60987 60779 60848 60917
60988 61030 60998 61008 61018
61031 61205 61074 61117 61160
61206 61227 61211 61216 61221
61228 61277 61240 61252 61264
61278 61334 61292 61306 61320
61335 61410 61353 61371 61389
61411 61455 61422 61433 61444
61456 61606 61493 61530 61567
61607 61660 61620 61633 61646
61661 61689 61668 61675 61682
61690 61730 61700 61710 61720
61731 61799 61748 61765 61782
61800 61865 61816 61832 61848
61866 61989 61896 61926 61956
61990 62076 62011 62032 62053
62077 62313 62136 62195 62254
62314 62390 62333 62352 62371
62391 62484 62414 62437 62460
62485 62568 62505 62525 62545
62569 62725 62608 62647 62686
62726 62764 62735 62744 62753
62765 62823 62779 62793 62807
62824 62882 62838 62852 62866
62883 63000 62912 62941 62970
63001 63062 63016 63031 63046
63063 63183 63093 63123 63153
63184 63371 63230 63276 63322
63372 63415 63382 63392 63402
63416 63458 63426 63436 63446
63459 63618 63498 63537 63576
63619 63894 63687 63755 63823
63895 64421 64026 64157 64288
64422 64484 64437 64452 64467
64485 64640 64523 64561 64599
64641 64716 64659 64677 64695
64717 64822 64743 64769 64795
64823 64993 64865 64907 64949
64994 65052 65008 65022 65036
65053 65130 65072 65091 65110
65131 65196 65147 65163 65179
65197 65242 65208 65219 65230
65243 65283 65253 65263 65273
65284 65358 65302 65320 65338
65359 65429 65376 65393 65410
65430 65631 65480 65530 65580
65632 65659 65638 65644 65650
65660 65712 65673 65686 65699
65713 65901 65760 65807 65854
65902 65944 65912 65922 65932
65945 65976 65952 65959 65966
65977 66263 66048 66119 66190
66264 66360 66288 66312 66336
66361 66603 66421 66481 66541
66604 66769 66645 66686 66727
66770 66854 66791 66812 66833
66855 66945 66877 66899 66921
66946 67181 67004 67062 67120
67182 67215 67190 67198 67206
67216 67240 67222 67228 67234
67241 67308 67257 67273 67289
67309 67388 67328 67347 67366
67389 67434 67400 67411 67422
67435 67496 67450 67465 67480
67497 67593 67521 67545 67569
67594 67613 67598 67602 67606
67614 67631 67618 67622 67626
67632 67659 67638 67644 67650
67660 67677 67664 67668 67672
67678 67696 67682 67686 67690
67697 67732 67705 67713 67721
67733 67796 67748 67763 67778
67797 67917 67827 67857 67887
67918 68123 67969 68020 68071
68124 68461 68208 68292 68376
68462 68577 68490 68518 68546
68578 68605 68584 68590 68596
68606 68694 68628 68650 68672
68695 68743 68707 68719 68731
68744 68771 68750 68756 68762
68772 68789 68776 68780 68784
68790 68821 68797 68804 68811
68822 68849 68828 68834 68840
68850 68920 68867 68884 68901
68921 68970 68933 68945 68957
68971 69007 68980 68989 68998
69008 69052 69019 69030 69041
69053 69107 69066 69079 69092
69108 69261 69146 69184 69222
69262 69364 69287 69312 69337
69365 69550 69411 69457 69503
69551 69820 69618 69685 69752
69821 69997 69865 69909 69953
69998 70057 70012 70026 70040
70058 70131 70076 70094 70112
70132 70263 70164 70196 70228
70264 70316 70277 70290 70303
70317 70344 70323 70329 70335
70345 70451 70371 70397 70423
70452 70494 70462 70472 70482
70495 70581 70516 70537 70558
70582 70620 70591 70600 70609
70621 70664 70631 70641 70651
70665 70765 70690 70715 70740
70766 70816 70778 70790 70802
70817 70898 70837 70857 70877
70899 70945 70910 70921 70932
70946 71002 70960 70974 70988
71003 71149 71039 71075 71111
71150 71281 71182 71214 71246
71282 71359 71301 71320 71339
71360 71431 71377 71394 71411
71432 71456 71438 71444 71450
71457 71542 71478 71499 71520
71543 71623 71563 71583 71603
71624 71652 71631 71638 71645
71653 71693 71663 71673 71683
71694 71726 71702 71710 71718
71727 71807 71747 71767 71787
71808 71852 71819 71830 71841
71853 71902 71865 71877 71889
71903 71973 71920 71937 71954
71974 72059 71995 72016 72037
72060 72214 72098 72136 72174
72215 72516 72290 72365 72440
72517 72823 72593 72669 72745
72824 72912 72846 72868 72890
72913 73041 72945 72977 73009
73042 73146 73068 73094 73120
73147 73188 73157 73167 73177
73189 73351 73229 73269 73309
73352 73439 73373 73394 73415
73440 73508 73457 73474 73491
73509 73614 73535 73561 73587
73615 73653 73624 73633 73642
73654 73675 73659 73664 73669
73676 73779 73701 73726 73751
73780 73834 73793 73806 73819
73835 73881 73846 73857 73868
73882 74019 73916 73950 73984
74020 74107 74041 74062 74083
74108 74154 74119 74130 74141
74155 74309 74193 74231 74269
74310 74398 74332 74354 74376
74399 74512 74427 74455 74483
74513 74569 74527 74541 74555
74570 74641 74587 74604 74621
74642 74768 74673 74704 74735
74769 74810 74779 74789 74799
74811 75042 74858 74905 75030
75043 75287 75104 75165 75226
75288 75346 75302 75316 75330
75347 75378 75354 75361 75368
75379 75537 75418 75457 75496
75538 75629 75560 75582 75604
75630 75651 75635 75640 75645
75652 75684 75660 75668 75676
75685 75703 75689 75693 75697
75704 75733 75711 75718 75725
75734 75771 75743 75752 75761
75772 75877 75798 75824 75850
75878 75918 75888 75898 75908
75919 75960 75929 75939 75949
75961 76014 75974 75987 76000
76015 76057 76025 76035 76045
76058 76082 76064 76070 76076
76083 76188 76109 76135 76161
76189 76234 76200 76211 76222
76235 76259 76241 76247 76253
76260 76347 76281 76302 76323
76348 76416 76365 76382 76399
76417 76600 76462 76507 76552
76601 76652 76613 76625 76637
76653 76709 76667 76681 76695
76710 76742 76718 76726 76734
76743 76777 76751 76759 76767
76778 76827 76790 76802 76814
76828 76901 76846 76864 76882
76902 77363 77017 77132 77247
77364 78273 77591 77818 78045
78274 78453 78318 78362 78406
78454 78520 78470 78486 78502
78521 78669 78558 78595 78632
78670 78776 78696 78722 78748
78777 78862 78798 78819 78840
78863 78884 78868 78873 78878
78885 78916 78892 78899 78906
78917 79035 78946 78975 79004
79036 79119 79056 79076 79096
79120 79140 79125 79130 79135
79141 79180 79150 79159 79168
79181 79295 79209 79237 79265
79296 79340 79307 79318 79329
79341 79417 79360 79379 79398
79418 79487 79435 79452 79469
79488 79559 79505 79522 79539
79560 79755 79608 79656 79704
79756 79855 79780 79804 79828
79856 79983 79887 79918 79949
79984 80098 80012 80040 80068
80099 80311 80152 80205 80258
80312 80352 80322 80332 80342
80353 80481 80385 80417 80449
80482 80520 80491 80500 80509
80521 80583 80536 80551 80566
80584 80611 80590 80596 80602
80612 80847 80670 80728 80786
80848 80985 80882 80916 80950
80986 81338 81074 81162 81250
81339 81502 81379 81419 81459
81503 81647 81539 81575 81611
81648 81831 81693 81738 81783
81832 81854 81837 81842 81847
81855 82097 81915 81975 82035
82098 82189 82120 82142 82164
82190 82250 82205 82220 82235
82251 82347 82275 82299 82323
82348 82430 82368 82388 82408
82431 82558 82462 82493 82524
82559 82741 82604 82649 82694
82742 82876 82775 82808 82841
82877 82949 82895 82913 82931
82950 83038 82972 82994 83016
83039 83269 83096 83153 83210
83270 83536 83336 83402 83468
83537 83630 83560 83583 83606
83631 83664 83639 83647 83655
83665 83717 83678 83691 83704
83718 83936 83772 83826 83880
83937 84040 83962 83987 84012
84041 84070 84048 84055 84062
84071 84196 84102 84133 84164
84197 84363 84238 84279 84320
84364 84462 84388 84412 84436
84463 84669 84514 84565 84616
84670 84778 84697 84724 84751
84779 84855 84798 84817 84836
84856 84900 84867 84878 84889
84901 85220 84980 85059 85138
85221 85351 85253 85285 85317
85352 85390 85361 85370 85379
85391 85446 85404 85417 85430
85447 85636 85494 85541 85588
85637 85701 85653 85669 85685
85702 85834 85735 85768 85801
85835 85907 85853 85871 85889
85908 85945 85917 85926 85935
85946 86020 85964 85982 86000
86021 86068 86032 86043 86054
86069 86102 86077 86085 86093
86103 86140 86112 86121 86130
86141 86164 86146 86151 86156
86165 86266 86190 86215 86240
86267 86346 86286 86305 86324
86347 86448 86372 86397 86422
86449 86504 86462 86475 86488
86505 86626 86535 86565 86595
86627 86740 86655 86683 86711
86741 87137 86840 86939 87038
87138 87170 87146 87154 87162
87171 87212 87181 87191 87201
87213 87275 87228 87243 87258
87276 87347 87293 87310 87327
87348 87534 87394 87440 87486
87535 87779 87596 87657 87718
87780 88198 87884 87988 88092
88199 88236 88208 88217 88226
88237 88370 88270 88303 88336
88371 88453 88391 88411 88431
88454 88481 88460 88466 88472
88482 88564 88502 88522 88542
88565 88613 88577 88589 88601
88614 88690 88633 88652 88671
88691 88721 88698 88705 88712
88722 88788 88738 88754 88770
88789 88821 88797 88805 88813
88822 88860 88831 88840 88849
88861 88926 88877 88893 88909
88927 88977 88939 88951 88963
88978 89037 88992 89006 89020
89038 89089 89050 89062 89074
89090 89157 89106 89122 89138
89158 89301 89193 89228 89263
89302 89357 89315 89328 89341
89358 89410 89371 89384 89397
89411 89471 89426 89441 89456
89472 89553 89492 89512 89532
89554 89576 89559 89564 89569
89577 89664 89598 89619 89640
89665 89762 89689 89713 89737
89763 89863 89788 89813 89838
89864 89989 89895 89926 89957
89990 90156 89992 89994 90117
90157 90526 90249 90341 90433
90527 90606 90546 90565 90584
90607 91030 90712 90817 90922
91031 91239 91083 91135 91187
91240 91323 91260 91280 91300
91324 91385 91339 91354 91369
91386 91454 91403 91420 91437
91455 91505 91467 91479 91491
91506 91750 91567 91628 91689
91751 92027 91820 91889 91958
92028 92274 92089 92150 92211
92275 92308 92283 92291 92299
92309 92397 92331 92353 92375
92398 92425 92404 92410 92416
92426 92469 92436 92446 92456
92470 92535 92486 92502 92518
92536 92554 92540 92544 92548
92555 92611 92569 92583 92597
92612 92696 92633 92654 92675
92697 92764 92713 92729 92745
92765 92799 92773 92781 92789
92800 92834 92808 92816 92824
92835 92888 92848 92861 92874
92889 92981 92912 92935 92958
92982 93145 93022 93062 93102
93146 93214 93163 93180 93197
93215 93282 93231 93247 93263
93283 93367 93304 93325 93346
93368 93518 93405 93442 93479
93519 93597 93538 93557 93576
93598 93629 93605 93612 93619
93630 93648 93634 93638 93642
93649 93685 93658 93667 93676
93686 93808 93716 93746 93776
93809 93864 93822 93835 93848
93865 94021 93904 93943 93982
94022 94091 94039 94056 94073
94092 94164 94110 94128 94146
94165 94291 94196 94227 94258
94292 94367 94310 94328 94346
94368 94519 94405 94442 94479
94520 94652 94553 94586 94619
94653 94738 94674 94695 94716
94739 94942 94789 94839 94889
94943 95028 94964 94985 95006
95029 95084 95042 95055 95068
95085 95191 95111 95137 95163
95192 95218 95198 95204 95210
95219 95240 95224 95229 95234
95241 95262 95246 95251 95256
95263 95288 95269 95275 95281
95289 95324 95297 95305 95313
95325 95344 95329 95333 95337
95345 95432 95366 95387 95408
95433 95503 95450 95467 95484
95504 95721 95558 95612 95666
95722 95803 95742 95762 95782
95804 95879 95822 95840 95858
95880 96006 95911 95942 95973
96007 96171 96048 96089 96130
96172 96257 96193 96214 96235
96258 96448 96305 96352 96399
96449 96946 96573 96697 96821
96947 97015 96964 96981 96998
97016 97143 97047 97078 97109
97144 97926 97339 97534 97729
97927 97994 97943 97959 97975
97995 98058 98010 98025 98040
98059 98553 98182 98305 98428
98554 98596 98564 98574 98584
98597 98671 98615 98633 98651
98672 98762 98694 98716 98738
98763 98811 98775 98787 98799
98812 98864 98825 98838 98851
98865 98917 98878 98891 98904
98918 99092 98961 99004 99047
99093 99226 99126 99159 99192
99227 99246 99231 99235 99239
99247 99445 99296 99345 99394
99446 99532 99467 99488 99509
99533 99576 99543 99553 99563
99577 99640 99592 99607 99622
99641 99850 99693 99745 99797
99851 99971 99881 99911 99941
99972 100112 100007 100042 100077
100113 100168 100126 100139 100152
100169 100264 100192 100215 100238
100265 100397 100298 100331 100364
100398 100511 100426 100454 100482
100512 100797 100583 100654 100725
100798 100851 100811 100824 100837
100852 100909 100866 100880 100894
100910 100946 100919 100928 100937
100947 100981 100955 100963 100971
100982 101020 100991 101000 101009
101021 101082 101036 101051 101066
101083 101343 101148 101213 101278
101344 101409 101360 101376 101392
101410 101472 101425 101440 101455
101473 101554 101493 101513 101533
101555 101624 101572 101589 101606
101625 101910 101696 101767 101838
101911 102037 101942 101973 102004
102038 102417 102132 102226 102320
102418 102525 102444 102470 102496
102526 102650 102557 102588 102619
102651 102803 102689 102727 102765
102804 102967 102844 102884 102924
102968 103045 102987 103006 103025
103046 103208 103086 103126 103166
103209 103249 103219 103229 103239
103250 103287 103259 103268 103277
103288 103402 103316 103344 103372
103403 103574 103445 103487 103529
103575 103644 103592 103609 103626
103645 104111 103761 103877 103993
104112 104207 104135 104158 104181
104208 104239 104215 104222 104229
104240 104332 104263 104286 104309
104333 104687 104421 104509 104597
104688 104942 104751 104814 104877
104943 105712 104957 104971 105534
105713 106230 105842 105971 106100
106231 106323 106254 106277 106300
106324 106428 106350 106376 106402
106429 106474 106440 106451 106462
106475 106518 106485 106495 106505
106519 106585 106535 106551 106567
106586 106638 106599 106612 106625
106639 106662 106644 106649 106654
106663 106700 106672 106681 106690
106701 106743 106711 106721 106731
106744 106819 106762 106780 106798
106820 106911 106842 106864 106886
106912 107002 106934 106956 106978
107003 107055 107016 107029 107042
107056 107369 107134 107212 107290
107370 107389 107374 107378 107382
107390 107443 107403 107416 107429
107444 107581 107478 107512 107546
107582 107700 107611 107640 107669
107701 107821 107731 107761 107791
107822 107900 107841 107860 107879
107901 107991 107923 107945 107967
107992 108061 108009 108026 108043
108062 108137 108080 108098 108116
108138 108214 108157 108176 108195
108215 108352 108249 108283 108317
108353 108456 108378 108403 108428
108457 108539 108477 108497 108517
108540 108704 108581 108622 108663
108705 108809 108731 108757 108783
108810 108891 108830 108850 108870
108892 108943 108904 108916 108928
108944 108986 108954 108964 108974
108987 109061 109005 109023 109041
109062 109122 109077 109092 109107
109123 109230 109149 109175 109201
109231 109410 109275 109319 109363
109411 109511 109436 109461 109486
109512 109549 109521 109530 109539
109550 109648 109574 109598 109622
109649 109689 109659 109669 109679
109690 109740 109702 109714 109726
109741 109802 109756 109771 109786
109803 109826 109808 109813 109818
109827 109929 109852 109877 109902
109930 109984 109943 109956 109969
109985 110072 110006 110027 110048
110073 110134 110088 110103 110118
110135 110294 110174 110213 110252
110295 110362 110311 110327 110343
110363 110493 110395 110427 110459
110494 110534 110504 110514 110524
110535 110561 110541 110547 110553
110562 110654 110585 110608 110631
110655 110724 110672 110689 110706
110725 110756 110732 110739 110746
110757 110859 110782 110807 110832
110860 111019 110899 110938 110977
111020 111042 111025 111030 111035
111043 111063 111048 111053 111058
111064 111097 111072 111080 111088
111098 111135 111107 111116 111125
111136 111198 111151 111166 111181
111199 111473 111267 111335 111403
111474 111654 111519 111564 111609
111655 111804 111692 111729 111766
111805 111876 111822 111839 111856
111877 111924 111888 111899 111910
111925 111985 111940 111955 111970
111986 112150 112027 112068 112109
112151 112323 112194 112237 112280
112324 112616 112397 112470 112543
112617 112651 112625 112633 112641
112652 112802 112689 112726 112763
112803 112878 112821 112839 112857
112879 113095 112933 112987 113041
113096 113316 113151 113206 113261
113317 113419 113342 113367 113392
113420 113536 113449 113478 113507
113537 113623 113558 113579 113600
113624 113673 113636 113648 113660
113674 113723 113686 113698 113710
113724 113849 113755 113786 113817
113850 113929 113869 113888 113907
113930 113972 113940 113950 113960
113973 114014 113983 113993 114003
114015 114072 114029 114043 114057
114073 114115 114083 114093 114103
114116 114355 114175 114234 114293
114356 114413 114370 114384 114398
114414 114463 114426 114438 114450
114464 114512 114476 114488 114500
114513 114554 114523 114533 114543
114555 114656 114580 114605 114630
114657 114718 114672 114687 114702
114719 114781 114734 114749 114764
114782 114843 114797 114812 114827
114844 114872 114851 114858 114865
114873 114893 114878 114883 114888
114894 114926 114902 114910 114918
114927 114955 114934 114941 114948
114956 114996 114966 114976 114986
114997 115072 115015 115033 115051
115073 115100 115079 115085 115091
115101 115150 115113 115125 115137
115151 115260 115178 115205 115232
115261 115331 115278 115295 115312
115332 115426 115355 115378 115401
115427 115543 115456 115485 115514
115544 115624 115564 115584 115604
115625 115817 115673 115721 115769
115818 115872 115831 115844 115857
115873 116098 115929 115985 116041
116099 116564 116215 116331 116447
116565 116666 116590 116615 116640
116667 116761 116690 116713 116736
116762 116842 116782 116802 116822
116843 116995 116881 116919 116957
116996 117075 117015 117034 117053
117076 117132 117090 117104 117118
117133 117254 117163 117193 117223
117255 117339 117276 117297 117318
117340 117401 117355 117370 117385
117402 117521 117431 117460 117489
117522 117574 117535 117548 117561
117575 117630 117588 117601 117614
117631 117700 117648 117665 117682
117701 117751 117713 117725 117737
117752 117807 117765 117778 117791
117808 117872 117824 117840 117856
117873 118085 117926 117979 118032
118086 118157 118103 118120 118137
118158 118307 118195 118232 118269
118308 118384 118327 118346 118365
118385 118446 118400 118415 118430
118447 118491 118458 118469 118480
118492 118650 118531 118570 118609
118651 118742 118673 118695 118717
118743 118832 118765 118787 118809
118833 119236 118933 119033 119133
119237 119412 119280 119323 119366
119413 119525 119441 119469 119497
119526 119565 119535 119544 119553
119566 119605 119575 119584 119593
119606 119666 119621 119636 119651
119667 119763 119691 119715 119739
119764 119817 119777 119790 119803
119818 119863 119829 119840 119851
119864 119947 119884 119904 119924
119948 120081 119960 119972 120060
120082 120259 120126 120170 120214
120260 120308 120272 120284 120296
120309 120410 120334 120359 120384
120411 120604 120459 120507 120555
120605 120638 120613 120621 120629
120639 120738 120663 120687 120711
120739 120958 120793 120847 120901
120959 121011 120972 120985 120998
121012 121108 121036 121060 121084
121109 121141 121117 121125 121133
121142 121315 121185 121228 121271
121316 121556 121376 121436 121496
121557 121637 121577 121597 121617
121638 121709 121655 121672 121689
121710 121730 121715 121720 121725
121731 121760 121738 121745 121752
121761 121891 121793 121825 121857
121892 121927 121900 121908 121916
121928 121977 121940 121952 121964
121978 122026 121990 122002 122014
122027 122093 122043 122059 122075
122094 122119 122100 122106 122112
122120 122165 122131 122142 122153
122166 122249 122186 122206 122226
122250 122315 122266 122282 122298
122316 122673 122405 122494 122583
122674 122876 122724 122774 122824
122877 123559 123047 123217 123387
123560 123796 123619 123678 123737
123797 124175 123891 123985 124079
124176 124217 124186 124196 124206
124218 124238 124223 124228 124233
124239 124397 124278 124317 124356
124398 124455 124412 124426 124440
124456 124516 124471 124486 124501
124517 124590 124535 124553 124571
124591 124639 124603 124615 124627
124640 124753 124668 124696 124724
124754 124940 124800 124846 124892
124941 125333 125039 125137 125235
125334 125381 125345 125356 125367
125382 125434 125395 125408 125421
125435 125485 125447 125459 125471
125486 125531 125497 125508 125519
125532 125560 125539 125546 125553
125561 125619 125575 125589 125603
125620 125649 125627 125634 125641
125650 125682 125658 125666 125674
125683 125838 125721 125759 125797
125839 125997 125878 125917 125956
125998 126064 126014 126030 126046
126065 126139 126083 126101 126119
126140 126185 126151 126162 126173
126186 126264 126205 126224 126243
126265 126319 126278 126291 126304
126320 126788 126437 126554 126671
126789 126990 126839 126889 126939
126991 127033 127001 127011 127021
127034 127103 127051 127068 127085
127104 127232 127136 127168 127200
127233 127390 127272 127311 127350
127391 127525 127424 127457 127490
127526 127598 127544 127562 127580
127599 128139 127734 127869 128004
128140 128259 128169 128198 128227
128260 128292 128268 128276 128284
128293 128326 128301 128309 128317
128327 128379 128340 128353 128366
128380 128432 128393 128406 128419
128433 128552 128462 128491 128520
128553 128817 128619 128685 128751
128818 128858 128828 128838 128848
128859 128952 128882 128905 128928
128953 129051 128977 129001 129025
129052 129141 129074 129096 129118
129142 129183 129152 129162 129172
129184 129246 129199 129214 129229
129247 129317 129264 129281 129298
129318 129346 129325 129332 129339
129347 129625 129416 129485 129554
129626 129680 129639 129652 129665
129681 130019 129765 129849 129933
130020 130099 130039 130058 130077
130100 130186 130121 130142 130163
130187 130271 130208 130229 130250
130272 130323 130284 130296 130308
130324 130442 130353 130382 130411
130443 130493 130455 130467 130479
130494 130565 130511 130528 130545
130566 130618 130579 130592 130605
130619 130691 130637 130655 130673
130692 130855 130732 130772 130812
130856 131507 131018 131180 131342
131508 131561 131521 131534 131547
131562 131622 131577 131592 131607
131623 131723 131648 131673 131698
131724 131800 131743 131762 131781
131801 131829 131808 131815 131822
131830 131854 131836 131842 131848
131855 131919 131871 131887 131903
131920 131939 131924 131928 131932
131940 131971 131947 131954 131961
131972 131989 131976 131980 131984
131990 132014 131996 132002 132008
132015 132047 132023 132031 132039
132048 132084 132057 132066 132075
132085 132138 132098 132111 132124
132139 132276 132173 132207 132241
132277 132352 132295 132313 132331
132353 132396 132363 132373 132383
132397 132457 132412 132427 132442
132458 132500 132468 132478 132488
132501 132525 132507 132513 132519
132526 132743 132580 132634 132688
132744 132781 132753 132762 132771
132782 132832 132794 132806 132818
132833 132911 132852 132871 132890
132912 132979 132928 132944 132960
132980 133352 133073 133166 133259
133353 134029 133522 133691 133860
134030 134292 134095 134160 134225
134293 134669 134387 134481 134575
134670 134816 134706 134742 134778
134817 134858 134827 134837 134847
134859 135017 134894 134929 135012
135018 135055 135027 135036 135045
135056 135081 135062 135068 135074
135082 135128 135093 135104 135115
135129 135237 135156 135183 135210
135238 135355 135267 135296 135325
135356 135470 135384 135412 135440
135471 135530 135485 135499 135513
135531 135619 135553 135575 135597
135620 135641 135625 135630 135635
135642 135742 135667 135692 135717
135743 135766 135748 135753 135758
135767 135860 135790 135813 135836
135861 135906 135872 135883 135894
135907 136050 135942 135977 136012
136051 136196 136087 136123 136159
136197 136265 136214 136231 136248
136266 136387 136296 136326 136356
136388 136480 136411 136434 136457
136481 136522 136491 136501 136511
136523 136717 136571 136619 136667
136718 136737 136722 136726 136730
136738 136813 136756 136774 136792
136814 136850 136823 136832 136841
136851 136891 136861 136871 136881
136892 136958 136908 136924 136940
136959 137222 137024 137089 137154
137223 137679 137337 137451 137565
137680 137809 137712 137744 137776
137810 137988 137854 137898 137942
137989 138129 138024 138059 138094
138130 138266 138164 138198 138232
138267 138361 138290 138313 138336
138362 138506 138398 138434 138470
138507 138612 138533 138559 138585
138613 138819 138664 138715 138766
138820 138866 138831 138842 138853
138867 138899 138875 138883 138891
138900 138944 138911 138922 138933
138945 139162 138999 139053 139107
139163 139205 139173 139183 139193
139206 139452 139267 139328 139389
139453 139497 139464 139475 139486
139498 139581 139518 139538 139558
139582 139619 139591 139600 139609
139620 139702 139640 139660 139680
139703 139748 139714 139725 139736
139749 139810 139764 139779 139794
139811 139844 139819 139827 139835
139845 139902 139859 139873 139887
139903 139942 139912 139921 139930
139943 139991 139955 139967 139979
139992 140051 140006 140020 140034
140052 140102 140064 140076 140088
140103 140285 140148 140193 140238
140286 140334 140298 140310 140322
140335 140358 140340 140345 140350
140359 140412 140372 140385 140398
140413 140474 140428 140443 140458
140475 140524 140487 140499 140511
140525 140593 140542 140559 140576
140594 140680 140615 140636 140657
140681 140743 140696 140711 140726
140744 140768 140750 140756 140762
140769 140818 140781 140793 140805
140819 140867 140831 140843 140855
140868 141058 140915 140962 141009
141059 141113 141072 141085 141098
141114 141189 141132 141150 141168
141190 141273 141210 141230 141250
141274 141408 141307 141340 141373
141409 141484 141427 141445 141463
141485 141522 141494 141503 141512
141523 141553 141530 141537 141544
141554 141613 141568 141582 141596
141614 141868 141677 141740 141803
141869 142187 141948 142027 142106
142188 142268 142208 142228 142248
142269 142337 142286 142303 142320
142338 142449 142365 142392 142419
142450 142480 142457 142464 142471
142481 142526 142492 142503 142514
142527 142634 142553 142579 142605
142635 142665 142642 142649 142656
142666 142722 142680 142694 142708
142723 142969 142784 142845 142906
142970 143075 142996 143022 143048
143076 143162 143097 143118 143139
143163 143252 143185 143207 143229
143253 143485 143311 143369 143427
143486 143637 143523 143560 143597
143638 143736 143662 143686 143710
143737 143855 143766 143795 143824
143856 143911 143869 143882 143895
143912 144100 143959 144006 144053
144101 144185 144122 144143 144164
144186 144271 144207 144228 144249
144272 144388 144301 144330 144359
144389 144529 144424 144459 144494
144530 144681 144567 144604 144641
144682 144879 144731 144780 144829
144880 145172 144953 145026 145099
145173 145261 145195 145217 145239
145262 145350 145284 145306 145328
145351 145384 145359 145367 145375
145385 145507 145415 145445 145475
145508 145588 145528 145548 145568
145589 145637 145601 145613 145625
145638 145738 145663 145688 145713
145739 145852 145767 145795 145823
145853 145905 145866 145879 145892
145906 146039 145939 145972 146005
146040 146122 146060 146080 146100
146123 146170 146134 146145 146156
146171 146846 146339 146507 146675
146847 146909 146862 146877 146892
146910 146977 146926 146942 146958
146978 147008 146985 146992 146999
147009 147142 147042 147075 147108
147143 147182 147152 147161 147170
147183 147275 147206 147229 147252
147276 147565 147348 147420 147492
147566 147786 147621 147676 147731
147787 147883 147811 147835 147859
147884 147922 147893 147902 147911
147923 148040 147952 147981 148010
148041 148096 148054 148067 148080
148097 148138 148107 148117 148127
148139 148302 148179 148219 148259
148303 148406 148328 148353 148378
148407 148458 148419 148431 148443
148459 148477 148463 148467 148471
148478 148546 148495 148512 148529
148547 148586 148556 148565 148574
148587 148643 148601 148615 148629
148644 148727 148664 148684 148704
148728 148828 148753 148778 148803
148829 149131 148904 148979 149054
149132 149173 149142 149152 149162
149174 149288 149202 149230 149258
149289 149335 149300 149311 149322
149336 149471 149369 149402 149435
149472 149530 149486 149500 149514
149531 149641 149558 149585 149612
149642 149699 149656 149670 149684
149700 149771 149717 149734 149751
149772 149825 149785 149798 149811
149826 149848 149831 149836 149841
149849 149881 149857 149865 149873
149882 149953 149899 149916 149933
149954 150058 149965 149976 150042
150059 150162 150084 150109 150134
150163 151299 150447 150731 151015
151300 151414 151328 151356 151384
151415 151436 151420 151425 151430
151437 151507 151454 151471 151488
151508 151668 151548 151588 151628
151669 152064 151767 151865 151963
152065 152095 152072 152079 152086
152096 152232 152130 152164 152198
152233 152273 152243 152253 152263
152274 152343 152291 152308 152325
152344 152430 152365 152386 152407
152431 152470 152440 152449 152458
152471 152529 152485 152499 152513
152530 153056 152661 152792 152923
153057 153531 153175 153293 153411
153532 154008 153651 153770 153889
154009 154150 154044 154079 154114
154151 154344 154199 154247 154295
154345 154407 154360 154375 154390
154408 154444 154417 154426 154435
154445 154525 154465 154485 154505
154526 154570 154537 154548 154559
154571 154735 154612 154653 154694
154736 154781 154747 154758 154769
154782 154849 154798 154814 154830
154850 154907 154864 154878 154892
154908 155102 154956 155004 155052
155103 155196 155126 155149 155172
155197 155318 155227 155257 155287
155319 155439 155349 155379 155409
155440 155605 155481 155522 155563
155606 155740 155639 155672 155705
155741 155831 155763 155785 155807
155832 155906 155850 155868 155886
155907 156204 155981 156055 156129
156205 156759 156343 156481 156619
156760 156834 156778 156796 156814
156835 156955 156865 156895 156925
156956 157037 156976 156996 157016
157038 157136 157062 157086 157110
157137 157508 157229 157321 157413
157509 157682 157552 157595 157638
157683 157727 157694 157705 157716
157728 157848 157758 157788 157818
157849 157880 157856 157863 157870
157881 157965 157902 157923 157944
157966 158012 157977 157988 157999
158013 158271 158077 158141 158205
158272 158342 158289 158306 158323
158343 158411 158360 158377 158394
158412 158442 158419 158426 158433
158443 158505 158458 158473 158488
158506 158549 158516 158526 158536
158550 158593 158560 158570 158580
158594 158744 158631 158668 158705
158745 158806 158760 158775 158790
158807 158840 158815 158823 158831
158841 158925 158862 158883 158904
158926 158999 158944 158962 158980
159000 159050 159012 159024 159036
159051 159329 159120 159189 159258
159330 159513 159375 159420 159465
159514 159671 159553 159592 159631
159672 160155 159792 159912 160032
160156 160191 160164 160172 160180
160192 160279 160213 160234 160255
160280 160320 160290 160300 160310
160321 161027 160497 160673 160849
161028 161166 161062 161096 161130
161167 161315 161204 161241 161278
161316 161439 161346 161376 161406
161440 161500 161455 161470 161485
161501 161540 161510 161519 161528
161541 161608 161557 161573 161589
161609 161686 161628 161647 161666
161687 162021 161770 161853 161936
162022 162073 162034 162046 162058
162074 162139 162090 162106 162122
162140 162242 162165 162190 162215
162243 162447 162294 162345 162396
162448 162566 162477 162506 162535
162567 162662 162590 162613 162636
162663 162694 162670 162677 162684
162695 162782 162716 162737 162758
162783 162828 162794 162805 162816
162829 162997 162871 162913 162955
162998 163107 163025 163052 163079
163108 163160 163121 163134 163147
163161 163239 163180 163199 163218
163240 163256 163244 163248 163252
163257 163284 163263 163269 163275
163285 163326 163295 163305 163315
163327 163370 163337 163347 163357
163371 163436 163387 163403 163419
163437 163583 163473 163509 163545
163584 163660 163603 163622 163641
163661 163677 163665 163669 163673
163678 163703 163684 163690 163696
163704 163739 163712 163720 163728
163740 164101 163830 163920 164010
164102 164238 164136 164170 164204
164239 164327 164261 164283 164305
164328 164377 164340 164352 164364
164378 164523 164414 164450 164486
164524 164577 164537 164550 164563
164578 164628 164590 164602 164614
164629 164848 164683 164737 164791
164849 165082 164886 164923 165060
165083 165188 165109 165135 165161
165189 165241 165202 165215 165228
165242 165271 165249 165256 165263
165272 165397 165303 165334 165365
165398 165565 165439 165480 165521
165566 165819 165629 165692 165755
165820 166116 165894 165968 166042
166117 166209 166140 166163 166186
166210 166316 166236 166262 166288
166317 166398 166337 166357 166377
166399 166795 166498 166597 166696
166796 166846 166808 166820 166832
166847 166901 166860 166873 166886
166902 166929 166908 166914 166920
166930 166989 166944 166958 166972
166990 167184 167038 167086 167134
167185 167573 167282 167379 167476
167574 167672 167598 167622 167646
167673 167782 167700 167727 167754
167783 167834 167795 167807 167819
167835 168020 167881 167927 167973
168021 168196 168064 168107 168150
168197 168270 168215 168233 168251
168271 168325 168284 168297 168310
168326 168433 168352 168378 168404
168434 168460 168440 168446 168452
168461 168522 168476 168491 168506
168523 168633 168550 168577 168604
168634 168726 168657 168680 168703
168727 169026 168801 168875 168949
169027 169107 169047 169067 169087
169108 169239 169140 169172 169204
169240 169453 169293 169346 169399
169454 170024 169596 169738 169880
170025 170149 170056 170087 170118
170150 170333 170195 170240 170285
170334 170420 170355 170376 170397
170421 170464 170431 170441 170451
170465 170528 170480 170495 170510
170529 170574 170540 170551 170562
170575 170679 170601 170627 170653
170680 170790 170707 170734 170761
170791 170822 170798 170805 170812
170823 170847 170829 170835 170841
170848 170916 170865 170882 170899
170917 171030 170945 170973 171001
171031 171075 171042 171053 171064
171076 171119 171086 171096 171106
171120 171210 171142 171164 171186
171211 171247 171220 171229 171238
171248 171340 171271 171294 171317
171341 171630 171413 171485 171557
171631 171646 171634 171637 171640
171647 171670 171652 171657 171662
171671 171840 171713 171755 171797
171841 171864 171846 171851 171856
171865 171926 171880 171895 171910
171927 172381 172040 172153 172266
172382 172408 172388 172394 172400
172409 173095 172580 172751 172922
173096 173131 173104 173112 173120
173132 173668 173266 173400 173534
173669 173735 173685 173701 173717
173736 173861 173767 173798 173829
173862 173900 173871 173880 173889
173901 173981 173921 173941 173961
173982 174025 173992 174002 174012
174026 174175 174063 174100 174137
174176 174288 174204 174232 174260
174289 174548 174353 174417 174481
174549 174730 174594 174639 174684
174731 174984 174794 174857 174920
174985 175054 175002 175019 175036
175055 175130 175073 175091 175109
175131 175245 175159 175187 175215
175246 175345 175270 175294 175318
175346 175404 175360 175374 175388
175405 175447 175415 175425 175435
175448 175529 175468 175488 175508
175530 175556 175536 175542 175548
175557 175648 175579 175601 175623
175649 175823 175692 175735 175778
175824 175904 175844 175864 175884
175905 175977 175923 175941 175959
175978 176038 175993 176008 176023
176039 176106 176055 176071 176087
176107 176139 176115 176123 176131
176140 176189 176152 176164 176176
176190 176491 176265 176340 176415
176492 176539 176503 176514 176525
176540 176619 176559 176578 176597
176620 176718 176644 176668 176692
176719 176773 176732 176745 176758
176774 176946 176817 176860 176903
176947 176984 176956 176965 176974
176985 177102 177014 177043 177072
177103 177245 177138 177173 177208
177246 177301 177259 177272 177285
177302 177393 177324 177346 177368
177394 177576 177439 177484 177529
177577 177642 177593 177609 177625
177643 177799 177682 177721 177760
177800 177933 177833 177866 177899
177934 177974 177944 177954 177964
177975 178774 178174 178373 178572
178775 178847 178793 178811 178829
178848 178960 178876 178904 178932
178961 179004 178971 178981 178991
179005 179131 179036 179067 179098
179132 179170 179141 179150 179159
179171 179350 179215 179259 179303
179351 179876 179482 179613 179744
179877 180169 179907 179937 180126
180170 180225 180183 180196 180209
180226 180278 180239 180252 180265
180279 180423 180315 180351 180387
180424 180564 180459 180494 180529
180565 180724 180604 180643 180682
180725 180780 180738 180751 180764
180781 180912 180813 180845 180877
180913 180957 180924 180935 180946
180958 181027 180975 180992 181009
181028 181075 181039 181050 181061
181076 181134 181090 181104 181118
181135 181175 181145 181155 181165
181176 181336 181216 181256 181296
181337 181457 181367 181397 181427
181458 181574 181487 181516 181545
181575 181605 181582 181589 181596
181606 181702 181630 181654 181678
181703 181855 181741 181779 181817
181856 181895 181865 181874 181883
181896 182029 181929 181962 181995
182030 182111 182050 182070 182090
182112 182178 182128 182144 182160
182179 182269 182201 182223 182245
182270 182323 182283 182296 182309
182324 182362 182333 182342 182351
182363 182390 182369 182375 182381
182391 182554 182431 182471 182511
182555 182639 182576 182597 182618
182640 182681 182650 182660 182670
182682 182753 182699 182716 182733
182754 182790 182763 182772 182781
182791 182862 182808 182825 182842
182863 182911 182875 182887 182899
182912 183031 182941 182970 182999
183032 183132 183057 183082 183107
183133 183238 183159 183185 183211
183239 183339 183264 183289 183314
183340 183544 183391 183442 183493
183545 183658 183573 183601 183629
183659 183832 183702 183745 183788
183833 183924 183855 183877 183899
183925 184183 183989 184053 184117
184184 184261 184203 184222 184241
184262 184514 184325 184388 184451
184515 184714 184564 184613 184662
184715 184775 184730 184745 184760
184776 184872 184800 184824 184848
184873 185082 184925 184977 185029
185083 185367 185154 185225 185296
185368 185653 185439 185510 185581
185654 185815 185694 185734 185774
185816 185933 185845 185874 185903
185934 186093 185973 186012 186051
186094 186246 186132 186170 186208
186247 186345 186271 186295 186319
186346 186458 186374 186402 186430
186459 186603 186495 186531 186567
186604 186714 186631 186658 186685
186715 186892 186759 186803 186847
186893 187030 186927 186961 186995
187031 187230 187080 187129 187178
187231 187321 187253 187275 187297
187322 187376 187335 187348 187361
187377 187437 187392 187407 187422
187438 187548 187465 187492 187519
187549 187781 187607 187665 187723
187782 187936 187820 187858 187896
187937 188561 188093 188249 188405
188562 188784 188617 188672 188727
188785 189025 188845 188905 188965
189026 189277 189088 189150 189212
189278 189556 189347 189416 189485
189557 189676 189586 189615 189644
189677 189758 189697 189717 189737
189759 189845 189780 189801 189822
189846 189957 189873 189900 189927
189958 190080 189988 190018 190048
190081 190244 190121 190161 190201
190245 190505 190310 190375 190440
190506 190717 190558 190610 190662
190718 191140 190823 190928 191033
191141 191253 191169 191197 191225
191254 191274 191259 191264 191269
191275 191295 191280 191285 191290
191296 191343 191307 191318 191329
191344 191492 191381 191418 191455
191493 199440 192369 193245 198330
