0 1477 369 738 1107
1478 1545 1494 1510 1526
1546 4417 2263 2980 3697
4418 4860 4528 4638 4748
4861 5001 4896 4931 4966
5002 5223 5057 5112 5167
5224 5370 5260 5296 5332
5371 5472 5396 5421 5446
5473 5509 5482 5491 5500
5510 5534 5516 5522 5528
5535 5584 5547 5559 5571
5585 5604 5589 5593 5597
5605 5670 5621 5637 5653
5671 5718 5682 5693 5704
5719 5738 5723 5727 5731
5739 5826 5760 5781 5802
5827 5882 5840 5853 5866
5883 5999 5912 5941 5970
6000 6589 6147 6294 6441
6590 6655 6606 6622 6638
6656 6732 6675 6694 6713
6733 6776 6743 6753 6763
6777 6824 6788 6799 6810
6825 6864 6834 6843 6852
6865 6915 6877 6889 6901
6916 6959 6926 6936 6946
6960 7008 6972 6984 6996
7009 7076 7025 7041 7057
7077 7116 7086 7095 7104
7117 7147 7124 7131 7138
7148 7175 7154 7160 7166
7176 7533 7265 7354 7443
7534 7656 7564 7594 7624
7657 7743 7678 7699 7720
7744 7807 7759 7774 7789
7808 7873 7824 7840 7856
7874 7931 7888 7902 7916
7932 8097 7973 8014 8055
8098 8311 8151 8204 8257
8312 8460 8349 8386 8423
8461 8572 8488 8515 8542
8573 8687 8601 8629 8657
8688 8793 8714 8740 8766
8794 8989 8842 8890 8938
8990 9100 9017 9044 9071
9101 9444 9186 9271 9356
9445 9589 9481 9517 9553
9590 10250 9755 9920 10085
10251 10298 10262 10273 10284
10299 10363 10315 10331 10347
10364 10505 10399 10434 10469
10506 10629 10536 10566 10596
10630 10738 10657 10684 10711
10739 10779 10749 10759 10769
10780 10801 10785 10790 10795
10802 10839 10811 10820 10829
10840 10857 10844 10848 10852
10858 10882 10864 10870 10876
10883 10912 10890 10897 10904
10913 10946 10921 10929 10937
10947 10971 10953 10959 10965
10972 10988 10976 10980 10984
10989 11011 10994 10999 11004
11012 11052 11022 11032 11042
11053 11069 11057 11061 11065
11070 11096 11076 11082 11088
11097 11116 11101 11105 11109
11117 11133 11121 11125 11129
11134 11163 11141 11148 11155
11164 11269 11190 11216 11242
11270 11345 11288 11306 11324
11346 11419 11364 11382 11400
11420 11641 11475 11530 11585
11642 11801 11681 11720 11759
11802 11893 11824 11846 11868
11894 11969 11912 11930 11948
11970 12038 11987 12004 12021
12039 12210 12081 12123 12165
12211 12283 12229 12247 12265
12284 12352 12301 12318 12335
12353 12396 12363 12373 12383
12397 12534 12431 12465 12499
12535 13274 12719 12903 13087
13275 13414 13309 13343 13377
13415 13525 13442 13469 13496
13526 13616 13548 13570 13592
13617 13720 13642 13667 13692
13721 13832 13748 13775 13802
13833 13944 13860 13887 13914
13945 13993 13957 13969 13981
13994 14060 14010 14026 14042
14061 14175 14089 14117 14145
14176 14237 14191 14206 14221
14238 14292 14251 14264 14277
14293 14347 14306 14319 14332
14348 14399 14360 14372 14384
14400 14500 14425 14450 14475
14501 14609 14528 14555 14582
14610 14692 14630 14650 14670
14693 14870 14737 14781 14825
14871 14946 14889 14907 14925
14947 15300 14960 14973 15225
15301 15416 15329 15357 15385
15417 15611 15465 15513 15561
15612 15941 15694 15776 15858
15942 16019 15961 15980 15999
16020 16059 16029 16038 16047
16060 16102 16070 16080 16090
16103 16169 16119 16135 16151
16170 16216 16181 16192 16203
16217 16255 16226 16235 16244
16256 16338 16276 16296 16316
16339 16440 16364 16389 16414
16441 16504 16456 16471 16486
16505 16635 16537 16569 16601
16636 16665 16643 16650 16657
16666 16705 16675 16684 16693
16706 16734 16713 16720 16727
16735 16760 16741 16747 16753
16761 16791 16768 16775 16782
16792 16864 16810 16828 16846
16865 16953 16887 16909 16931
16954 17002 16966 16978 16990
17003 17108 17029 17055 17081
17109 17251 17144 17179 17214
17252 17302 17264 17276 17288
17303 17403 17328 17353 17378
17404 17510 17430 17456 17482
17511 17553 17521 17531 17541
17554 17615 17569 17584 17599
17616 17635 17620 17624 17628
17636 17722 17657 17678 17699
17723 17772 17735 17747 17759
17773 17949 17817 17861 17905
17950 18177 18006 18062 18118
18178 18375 18227 18276 18325
18376 18483 18402 18428 18454
18484 18563 18503 18522 18541
18564 18661 18588 18612 18636
18662 18719 18676 18690 18704
18720 18814 18743 18766 18789
18815 18957 18850 18885 18920
18958 19004 18969 18980 18991
19005 19029 19011 19017 19023
19030 19054 19036 19042 19048
19055 19078 19060 19065 19070
19079 19107 19086 19093 19100
19108 19177 19125 19142 19159
19178 19230 19191 19204 19217
19231 19729 19355 19479 19603
19730 19801 19747 19764 19781
19802 19895 19825 19848 19871
19896 20099 19946 19996 20046
20100 20252 20138 20176 20214
20253 20415 20293 20333 20373
20416 20578 20456 20496 20536
20579 20619 20589 20599 20609
20620 20684 20636 20652 20668
20685 20840 20723 20761 20799
20841 21008 20882 20923 20964
21009 21084 21027 21045 21063
21085 21166 21105 21125 21145
21167 21254 21188 21209 21230
21255 21357 21280 21305 21330
21358 21444 21379 21400 21421
21445 21623 21489 21533 21577
21624 21690 21640 21656 21672
21691 21798 21717 21743 21769
21799 21879 21819 21839 21859
21880 21911 21887 21894 21901
21912 22002 21934 21956 21978
22003 22090 22024 22045 22066
22091 22195 22117 22143 22169
22196 22376 22241 22286 22331
22377 22452 22395 22413 22431
22453 22578 22484 22515 22546
22579 22742 22619 22659 22699
22743 22960 22797 22851 22905
22961 23400 23070 23179 23288
23401 23708 23477 23553 23629
23709 23860 23746 23783 23820
23861 24111 23923 23985 24047
24112 24211 24136 24160 24184
24212 24458 24273 24334 24395
24459 24537 24478 24497 24516
24538 24590 24551 24564 24577
24591 24662 24608 24625 24642
24663 24787 24694 24725 24756
24788 24855 24804 24820 24836
24856 24950 24879 24902 24925
24951 25241 25023 25095 25167
25242 25354 25270 25298 25326
25355 25769 25458 25561 25664
25770 25861 25792 25814 25836
25862 25933 25879 25896 25913
25934 26002 25951 25968 25985
26003 26057 26016 26029 26042
26058 26190 26091 26124 26157
26191 26289 26215 26239 26263
26290 26402 26318 26346 26374
26403 26530 26434 26465 26496
26531 26695 26572 26613 26654
26696 26790 26719 26742 26765
26791 27137 26877 26963 27049
27138 27870 27321 27504 27687
27871 27931 27886 27901 27916
27932 28280 28019 28106 28193
28281 28381 28306 28331 28356
28382 28586 28433 28484 28535
28587 28699 28615 28643 28671
28700 28823 28730 28760 28790
28824 28895 28841 28858 28875
28896 29051 28934 28972 29010
29052 29192 29087 29122 29157
29193 29327 29226 29259 29292
29328 29478 29365 29402 29439
29479 29580 29504 29529 29554
29581 29741 29621 29661 29701
29742 29821 29761 29780 29799
29822 30085 29866 29910 30063
30086 30175 30108 30130 30152
30176 30246 30193 30210 30227
30247 30390 30282 30317 30352
30391 30489 30415 30439 30463
30490 30647 30529 30568 30607
30648 30764 30677 30706 30735
30765 30841 30784 30803 30822
30842 30891 30854 30866 30878
30892 31079 30938 30984 31030
31080 31199 31109 31138 31167
31200 31395 31248 31296 31344
31396 31443 31407 31418 31429
31444 31775 31526 31608 31690
31776 31861 31797 31818 31839
31862 31945 31882 31902 31922
31946 32088 31981 32016 32051
32089 32161 32107 32125 32143
32162 32270 32189 32216 32243
32271 32569 32345 32419 32493
32570 32608 32579 32588 32597
32609 32691 32629 32649 32669
32692 32752 32707 32722 32737
32753 32824 32770 32787 32804
32825 32863 32834 32843 32852
32864 32918 32877 32890 32903
32919 32958 32928 32937 32946
32959 33041 32979 32999 33019
33042 33091 33054 33066 33078
33092 33165 33110 33128 33146
33166 33306 33201 33236 33271
33307 33387 33327 33347 33367
33388 33537 33425 33462 33499
33538 33647 33565 33592 33619
33648 33701 33661 33674 33687
33702 33740 33711 33720 33729
33741 34034 33814 33887 33960
34035 34173 34069 34103 34137
34174 34233 34188 34202 34216
34234 34308 34252 34270 34288
34309 34330 34314 34319 34324
34331 34402 34348 34365 34382
34403 34593 34450 34497 34544
34594 34758 34635 34676 34717
34759 34813 34772 34785 34798
34814 34863 34826 34838 34850
34864 34926 34879 34894 34909
34927 35000 34945 34963 34981
35001 35091 35023 35045 35067
35092 35138 35103 35114 35125
35139 35183 35150 35161 35172
35184 35228 35195 35206 35217
35229 35276 35240 35251 35262
35277 35384 35303 35329 35355
35385 35470 35406 35427 35448
35471 35489 35475 35479 35483
35490 35787 35564 35638 35712
35788 35958 35830 35872 35914
35959 36650 36131 36303 36475
36651 36780 36683 36715 36747
36781 36859 36800 36819 36838
36860 37223 36950 37040 37130
37224 37405 37269 37314 37359
37406 37504 37430 37454 37478
37505 37620 37533 37561 37589
37621 37777 37660 37699 37738
37778 38206 37885 37992 38099
38207 38324 38236 38265 38294
38325 38473 38362 38399 38436
38474 38689 38527 38580 38633
38690 38875 38736 38782 38828
38876 38912 38885 38894 38903
38913 39035 38943 38973 39003
39036 39088 39049 39062 39075
39089 39140 39101 39113 39125
39141 39168 39147 39153 39159
39169 39229 39184 39199 39214
39230 39260 39237 39244 39251
39261 39300 39270 39279 39288
39301 39345 39312 39323 39334
39346 39393 39357 39368 39379
39394 39433 39403 39412 39421
39434 39458 39440 39446 39452
39459 39477 39463 39467 39471
39478 39525 39489 39500 39511
39526 39683 39565 39604 39643
39684 39901 39738 39792 39846
39902 39965 39917 39932 39947
39966 40019 39979 39992 40005
40020 40116 40044 40068 40092
40117 40285 40159 40201 40243
40286 41164 40505 40724 40943
41165 41230 41181 41197 41213
41231 41410 41275 41319 41363
41411 41517 41437 41463 41489
41518 41563 41529 41540 41551
41564 41617 41577 41590 41603
41618 41827 41670 41722 41774
41828 41946 41857 41886 41915
41947 42342 42045 42143 42241
42343 42385 42353 42363 42373
42386 42561 42429 42472 42515
42562 42764 42612 42662 42712
42765 42917 42803 42841 42879
42918 43009 42940 42962 42984
43010 43203 43058 43106 43154
43204 43435 43261 43318 43375
43436 43481 43447 43458 43469
43482 43589 43508 43534 43560
43590 43735 43626 43662 43698
43736 43783 43747 43758 43769
43784 43853 43801 43818 43835
43854 43949 43877 43900 43923
43950 44091 43985 44020 44055
44092 44318 44148 44204 44260
44319 44418 44343 44367 44391
44419 44570 44456 44493 44530
44571 44634 44586 44601 44616
44635 44687 44648 44661 44674
44688 44753 44704 44720 44736
44754 44794 44764 44774 44784
44795 44824 44802 44809 44816
44825 44928 44850 44875 44900
44929 44982 44942 44955 44968
44983 45126 44987 44991 45093
45127 45182 45140 45153 45166
45183 45224 45193 45203 45213
45225 45251 45231 45237 45243
45252 45271 45256 45260 45264
45272 45292 45277 45282 45287
45293 45310 45297 45301 45305
45311 45362 45323 45335 45347
45363 45423 45378 45393 45408
45424 45833 45526 45628 45730
45834 45889 45847 45860 45873
45890 45953 45905 45920 45935
45954 46012 45968 45982 45996
46013 46136 46043 46073 46103
46137 46253 46166 46195 46224
46254 46336 46274 46294 46314
46337 46505 46379 46421 46463
46506 46601 46529 46552 46575
46602 46636 46610 46618 46626
46637 46706 46654 46671 46688
46707 46785 46726 46745 46764
46786 46850 46802 46818 46834
46851 46909 46865 46879 46893
46910 46965 46923 46936 46949
46966 47016 46978 46990 47002
47017 47168 47054 47091 47128
47169 47853 47340 47511 47682
47854 47948 47877 47900 47923
47949 48112 47989 48029 48069
48113 48269 48152 48191 48230
48270 48482 48323 48376 48429
48483 48522 48492 48501 48510
48523 48563 48533 48543 48553
48564 48626 48579 48594 48609
48627 48729 48652 48677 48702
48730 48795 48746 48762 48778
48796 48907 48823 48850 48877
48908 49138 48965 49022 49079
49139 49210 49156 49173 49190
49211 49273 49226 49241 49256
49274 49508 49332 49390 49448
49509 49563 49522 49535 49548
49564 49751 49610 49656 49702
49752 49808 49766 49780 49794
49809 49924 49837 49865 49893
49925 50004 49944 49963 49982
50005 50068 50020 50035 50050
50069 50250 50114 50159 50204
50251 50286 50259 50267 50275
50287 50359 50305 50323 50341
50360 51489 50642 50924 51206
51490 51538 51502 51514 51526
51539 51593 51552 51565 51578
51594 51687 51617 51640 51663
51688 51746 51702 51716 51730
51747 51808 51762 51777 51792
51809 51901 51832 51855 51878
51902 51994 51925 51948 51971
51995 52035 52005 52015 52025
52036 52135 52060 52084 52108
52136 52448 52214 52292 52370
52449 52500 52461 52473 52485
52501 52557 52515 52529 52543
52558 52610 52571 52584 52597
52611 52681 52628 52645 52662
52682 52716 52690 52698 52706
52717 52759 52727 52737 52747
52760 52791 52767 52774 52781
52792 52846 52805 52818 52831
52847 52999 52885 52923 52961
53000 53054 53013 53026 53039
53055 53247 53103 53151 53199
53248 53558 53325 53402 53479
53559 53658 53583 53607 53631
53659 53718 53673 53687 53701
53719 53862 53754 53789 53824
53863 53929 53879 53895 53911
53930 53970 53940 53950 53960
53971 54058 53992 54013 54034
54059 54408 54146 54233 54320
54409 54567 54448 54487 54526
54568 54718 54605 54642 54679
54719 54828 54746 54773 54800
54829 56082 55142 55455 55768
56083 56838 56271 56459 56647
56839 56913 56857 56875 56893
56914 56950 56923 56932 56941
56951 57008 56965 56979 56993
57009 57103 57032 57055 57078
57104 57978 57322 57540 57758
57979 58664 58150 58321 58492
58665 58907 58725 58785 58845
58908 59045 58942 58976 59010
59046 59154 59073 59100 59127
59155 59325 59197 59239 59281
59326 59506 59371 59416 59461
59507 59563 59521 59535 59549
59564 59719 59602 59640 59678
59720 59782 59735 59750 59765
59783 59877 59806 59829 59852
59878 59957 59897 59916 59935
59958 60201 59968 59978 60150
60202 60373 60244 60286 60328
60374 60666 60447 60520 60593
60667 60742 60685 60703 60721
60743 60810 60759 60775 60791
60811 60869 60825 60839 60853
60870 61076 60921 60972 61023
61077 61138 61092 61107 61122
61139 61395 61203 61267 61331
61396 61745 61483 61570 61657
61746 61778 61754 61762 61770
61779 61882 61804 61829 61854
61883 61955 61901 61919 61937
61956 62092 61990 62024 62058
62093 62771 62262 62431 62600
62772 62925 62810 62848 62886
62926 63058 62959 62992 63025
63059 63163 63085 63111 63137
63164 63339 63207 63250 63293
63340 63659 63419 63498 63577
63660 63818 63699 63738 63777
63819 64347 63951 64083 64215
64348 64441 64371 64394 64417
64442 64529 64463 64484 64505
64530 65468 64764 64998 65232
65469 65535 65485 65501 65517
65536 65650 65564 65592 65620
65651 65689 65660 65669 65678
65690 65776 65711 65732 65753
65777 65820 65787 65797 65807
65821 65907 65842 65863 65884
65908 66009 65933 65958 65983
66010 66086 66029 66048 66067
66087 66181 66110 66133 66156
66182 66267 66203 66224 66245
66268 66372 66294 66320 66346
66373 66434 66388 66403 66418
66435 66490 66448 66461 66474
66491 66560 66508 66525 66542
66561 66635 66579 66597 66615
66636 66680 66647 66658 66669
66681 66718 66690 66699 66708
66719 66779 66734 66749 66764
66780 66879 66804 66828 66852
66880 66945 66896 66912 66928
66946 67061 66974 67002 67030
67062 67146 67083 67104 67125
67147 67253 67173 67199 67225
67254 67326 67272 67290 67308
67327 67420 67350 67373 67396
67421 67530 67448 67475 67502
67531 67609 67550 67569 67588
67610 67993 67705 67800 67895
67994 68213 68048 68102 68156
68214 68309 68237 68260 68283
68310 68363 68323 68336 68349
68364 68425 68379 68394 68409
68426 68552 68457 68488 68519
68553 68639 68574 68595 68616
68640 68711 68657 68674 68691
68712 68764 68725 68738 68751
68765 68818 68778 68791 68804
68819 68900 68839 68859 68879
68901 69065 68942 68983 69024
69066 69182 69095 69124 69153
69183 69609 69289 69395 69501
69610 69770 69650 69690 69730
69771 69914 69806 69841 69876
69915 70131 69969 70023 70077
70132 70271 70166 70200 70234
70272 70430 70311 70350 70389
70431 70513 70451 70471 70491
70514 71120 70665 70816 70967
71121 71200 71140 71159 71178
71201 71334 71234 71267 71300
71335 71418 71355 71375 71395
71419 71460 71429 71439 71449
71461 71557 71485 71509 71533
71558 71647 71580 71602 71624
71648 71704 71662 71676 71690
71705 71813 71732 71759 71786
71814 71929 71842 71870 71898
71930 72054 71961 71992 72023
72055 72153 72079 72103 72127
72154 72228 72172 72190 72208
72229 72384 72267 72305 72343
72385 72452 72401 72417 72433
72453 72491 72462 72471 72480
72492 72579 72513 72534 72555
72580 72663 72600 72620 72640
72664 72761 72688 72712 72736
72762 72884 72792 72822 72852
72885 72960 72903 72921 72939
72961 72983 72966 72971 72976
72984 73001 72988 72992 72996
73002 73646 73163 73324 73485
73647 73945 73721 73795 73869
73946 74317 74038 74130 74222
74318 75035 74488 74658 75024
75036 75282 75097 75158 75219
75283 76114 75490 75697 75904
76115 76234 76144 76173 76202
76235 76384 76272 76309 76346
76385 76455 76402 76419 76436
76456 76531 76474 76492 76510
76532 76573 76542 76552 76562
76574 76655 76594 76614 76634
76656 76708 76669 76682 76695
76709 76785 76728 76747 76766
76786 76896 76813 76840 76867
76897 76965 76914 76931 76948
76966 77011 76977 76988 76999
77012 77098 77033 77054 77075
77099 77166 77115 77131 77147
77167 77227 77182 77197 77212
77228 77316 77250 77272 77294
77317 77617 77392 77467 77542
77618 77755 77652 77686 77720
77756 77798 77766 77776 77786
77799 77834 77807 77815 77823
77835 77861 77841 77847 77853
77862 77896 77870 77878 77886
77897 77913 77901 77905 77909
77914 77940 77920 77926 77932
77941 78007 77957 77973 77989
78008 78039 78015 78022 78029
78040 78061 78045 78050 78055
78062 78105 78072 78082 78092
78106 78197 78128 78150 78172
78198 78266 78215 78232 78249
78267 78339 78285 78303 78321
78340 78379 78349 78358 78367
78380 78437 78394 78408 78422
78438 78512 78456 78474 78492
78513 78624 78540 78567 78594
78625 78951 78706 78787 78868
78952 79328 79046 79140 79234
79329 79385 79343 79357 79371
79386 79429 79396 79406 79416
79430 79696 79496 79562 79628
79697 79759 79712 79727 79742
79760 79811 79772 79784 79796
79812 79922 79839 79866 79893
79923 79963 79933 79943 79953
79964 80035 79981 79998 80015
80036 80080 80047 80058 80069
80081 80690 80233 80385 80537
80691 80752 80706 80721 80736
80753 81011 80817 80881 80945
81012 81137 81043 81074 81105
81138 81260 81168 81198 81228
81261 81517 81325 81389 81453
81518 81559 81528 81538 81548
81560 81600 81570 81580 81590
81601 81760 81640 81679 81718
81761 81821 81776 81791 81806
81822 81990 81864 81906 81948
81991 82079 82013 82035 82057
82080 82140 82095 82110 82125
82141 82233 82164 82187 82210
82234 82324 82256 82278 82300
82325 82391 82341 82357 82373
82392 82429 82401 82410 82419
82430 82618 82477 82524 82571
82619 82714 82642 82665 82688
82715 82751 82724 82733 82742
82752 82815 82767 82782 82797
82816 82890 82834 82852 82870
82891 83134 82951 83011 83071
83135 83265 83167 83199 83231
83266 83412 83302 83338 83374
83413 83487 83431 83449 83467
83488 83590 83513 83538 83563
83591 83908 83670 83749 83828
83909 84017 83936 83963 83990
84018 84066 84030 84042 84054
84067 84105 84076 84085 84094
84106 84224 84135 84164 84193
84225 84283 84239 84253 84267
84284 84336 84297 84310 84323
84337 84420 84357 84377 84397
84421 84496 84439 84457 84475
84497 84617 84527 84557 84587
84618 84644 84624 84630 84636
84645 84677 84653 84661 84669
84678 84736 84692 84706 84720
84737 84944 84788 84839 84890
84945 84973 84952 84959 84966
84974 85233 85038 85102 85166
85234 85251 85238 85242 85246
85252 85270 85256 85260 85264
85271 85287 85275 85279 85283
85288 85307 85292 85296 85300
85308 85328 85313 85318 85323
85329 85391 85344 85359 85374
85392 85486 85415 85438 85461
85487 85690 85537 85587 85637
85691 86261 85833 85975 86117
86262 86288 86268 86274 86280
86289 86319 86296 86303 86310
86320 86355 86328 86336 86344
86356 86576 86411 86466 86521
86577 86605 86584 86591 86598
86606 86628 86611 86616 86621
86629 86688 86643 86657 86671
86689 88663 87182 87675 88168
88664 88753 88686 88708 88730
88754 88776 88759 88764 88769
88777 88798 88782 88787 88792
88799 89124 88880 88961 89042
89125 89345 89180 89235 89290
89346 89765 89450 89554 89658
89766 89813 89777 89788 89799
89814 89868 89827 89840 89853
89869 89930 89884 89899 89914
89931 89974 89941 89951 89961
89975 90007 89981 89987 90003
90008 90052 90019 90030 90041
90053 90111 90067 90081 90095
90112 90131 90116 90120 90124
90132 90160 90139 90146 90153
90161 90324 90201 90241 90281
90325 90467 90360 90395 90430
90468 90695 90524 90580 90636
90696 90743 90707 90718 90729
90744 90827 90764 90784 90804
90828 90881 90841 90854 90867
90882 90942 90897 90912 90927
90943 91004 90958 90973 90988
91005 91049 91016 91027 91038
91050 91108 91064 91078 91092
91109 91170 91124 91139 91154
91171 91311 91206 91241 91276
91312 91360 91324 91336 91348
91361 91525 91402 91443 91484
91526 91609 91546 91566 91586
91610 91784 91653 91696 91739
91785 91867 91805 91825 91845
91868 92012 91904 91940 91976
92013 92112 92037 92061 92085
92113 92249 92147 92181 92215
92250 92342 92273 92296 92319
92343 92372 92350 92357 92364
92373 92414 92383 92393 92403
92415 92438 92420 92425 92430
92439 92540 92464 92489 92514
92541 92599 92555 92569 92583
92600 92627 92606 92612 92618
92628 92787 92667 92706 92745
92788 92856 92805 92822 92839
92857 92874 92861 92865 92869
92875 92969 92898 92921 92944
92970 93231 93035 93100 93165
93232 93381 93269 93306 93343
93382 93498 93411 93440 93469
93499 93611 93527 93555 93583
93612 93737 93643 93674 93705
93738 93910 93781 93824 93867
93911 93975 93927 93943 93959
93976 94082 94002 94028 94054
94083 94195 94111 94139 94167
94196 94370 94239 94282 94325
94371 94510 94405 94439 94473
94511 94553 94521 94531 94541
94554 94620 94570 94586 94602
94621 94749 94653 94685 94717
94750 94912 94790 94830 94870
94913 94971 94927 94941 94955
94972 95085 95000 95028 95056
95086 95186 95111 95136 95161
95187 95407 95242 95297 95352
95408 95497 95430 95452 95474
95498 96576 95767 96036 96305
96577 96702 96608 96639 96670
96703 96777 96721 96739 96757
96778 96859 96798 96818 96838
96860 97569 97037 97214 97391
97570 97785 97623 97676 97729
97786 97819 97794 97802 97810
97820 97947 97851 97882 97913
97948 98040 97971 97994 98017
98041 98115 98059 98077 98095
98116 98193 98135 98154 98173
98194 98358 98235 98276 98317
98359 98470 98386 98413 98440
98471 98657 98517 98563 98609
98658 98806 98695 98732 98769
98807 98894 98828 98849 98870
98895 99100 98946 98997 99048
99101 99222 99131 99161 99191
99223 99363 99258 99293 99328
99364 99568 99415 99466 99517
99569 99620 99581 99593 99605
99621 99714 99644 99667 99690
99715 99769 99728 99741 99754
99770 99929 99809 99848 99887
99930 100014 99951 99972 99993
100015 100098 100035 100055 100075
100099 100243 100135 100171 100207
100244 100296 100257 100270 100283
100297 100358 100312 100327 100342
100359 100410 100371 100383 100395
100411 100642 100468 100525 100582
100643 100690 100654 100665 100676
100691 100761 100708 100725 100742
100762 100855 100785 100808 100831
100856 101031 100899 100942 100985
101032 101181 101069 101106 101143
101182 101425 101242 101302 101362
101426 101574 101463 101500 101537
101575 101660 101596 101617 101638
101661 101715 101674 101687 101700
101716 101790 101734 101752 101770
101791 101865 101809 101827 101845
101866 101988 101896 101926 101956
101989 102037 102001 102013 102025
102038 102183 102074 102110 102146
102184 102347 102224 102264 102304
102348 102420 102366 102384 102402
102421 102471 102433 102445 102457
102472 102581 102499 102526 102553
102582 102747 102623 102664 102705
102748 103479 102930 103112 103294
103480 103633 103518 103556 103594
103634 103778 103670 103706 103742
103779 103889 103806 103833 103860
103890 105072 104167 104444 105054
105073 105561 105195 105317 105439
105562 106003 105672 105782 105892
106004 106268 106070 106136 106202
106269 106520 106331 106393 106455
106521 106608 106542 106563 106584
106609 106718 106636 106663 106690
106719 106904 106765 106811 106857
106905 107222 106984 107063 107142
107223 107383 107263 107303 107343
107384 107626 107444 107504 107564
107627 108475 107839 108051 108263
108476 109138 108641 108806 108971
109139 109178 109148 109157 109166
109179 109255 109198 109217 109236
109256 109422 109297 109338 109379
109423 109599 109467 109511 109555
109600 109720 109630 109660 109690
109721 109811 109743 109765 109787
109812 109867 109825 109838 109851
109868 109991 109898 109928 109958
109992 110135 110027 110062 110097
110136 110258 110166 110196 110226
110259 110443 110305 110351 110397
110444 110629 110490 110536 110582
110630 110937 110706 110782 110858
110938 111015 110957 110976 110995
111016 111118 111041 111066 111091
111119 111356 111178 111237 111296
111357 111434 111376 111395 111414
111435 111513 111454 111473 111492
111514 111655 111549 111584 111619
111656 111684 111663 111670 111677
111685 111772 111706 111727 111748
111773 111807 111781 111789 111797
111808 111853 111819 111830 111841
111854 111931 111873 111892 111911
111932 111954 111937 111942 111947
111955 111981 111961 111967 111973
111982 112012 111989 111996 112003
112013 112035 112018 112023 112028
112036 112198 112076 112116 112156
112199 112257 112213 112227 112241
112258 112375 112287 112316 112345
112376 112414 112385 112394 112403
112415 112446 112422 112429 112436
112447 112508 112462 112477 112492
112509 112585 112528 112547 112566
112586 112613 112592 112598 112604
112614 112657 112624 112634 112644
112658 112698 112668 112678 112688
112699 112748 112711 112723 112735
112749 112785 112758 112767 112776
112786 112865 112805 112824 112843
112866 112908 112876 112886 112896
112909 113102 112957 113005 113053
113103 113181 113122 113141 113160
113182 113303 113212 113242 113272
113304 113353 113316 113328 113340
113354 113956 113504 113654 113804
113957 114014 113971 113985 113999
114015 114250 114073 114131 114189
114251 114351 114276 114301 114326
114352 114537 114398 114444 114490
114538 114623 114559 114580 114601
114624 114720 114648 114672 114696
114721 114793 114739 114757 114775
114794 114950 114833 114872 114911
114951 115032 114971 114991 115011
115033 115280 115094 115155 115216
115281 115365 115302 115323 115344
115366 115442 115385 115404 115423
115443 115645 115493 115543 115593
115646 115717 115663 115680 115697
115718 115864 115754 115790 115826
115865 116035 115907 115949 115991
116036 116105 116053 116070 116087
116106 116262 116145 116184 116223
116263 116389 116294 116325 116356
116390 116589 116439 116488 116537
116590 116617 116596 116602 116608
116618 116677 116632 116646 116660
116678 116714 116687 116696 116705
116715 116853 116749 116783 116817
116854 117063 116906 116958 117010
117064 117088 117070 117076 117082
117089 117136 117100 117111 117122
117137 117160 117142 117147 117152
117161 117203 117171 117181 117191
117204 117446 117264 117324 117384
117447 117534 117468 117489 117510
117535 117740 117586 117637 117688
117741 117796 117754 117767 117780
117797 117826 117804 117811 117818
117827 117867 117837 117847 117857
117868 117986 117897 117926 117955
117987 118063 118006 118025 118044
118064 118227 118104 118144 118184
118228 118264 118237 118246 118255
118265 118385 118295 118325 118355
118386 118458 118404 118422 118440
118459 118519 118474 118489 118504
118520 118599 118539 118558 118577
118600 118710 118627 118654 118681
118711 118804 118734 118757 118780
118805 118929 118836 118867 118898
118930 118979 118942 118954 118966
118980 119139 119019 119058 119097
119140 119262 119170 119200 119230
119263 119445 119308 119353 119398
119446 119495 119458 119470 119482
119496 119656 119536 119576 119616
119657 119982 119738 119819 119900
119983 120027 119987 119991 120018
120028 120215 120074 120120 120166
120216 120308 120239 120262 120285
120309 120403 120332 120355 120378
120404 120479 120422 120440 120458
120480 120539 120494 120508 120522
120540 120618 120559 120578 120597
120619 120691 120637 120655 120673
120692 121063 120784 120876 120968
121064 121321 121128 121192 121256
121322 121395 121340 121358 121376
121396 121480 121417 121438 121459
121481 121561 121501 121521 121541
121562 122005 121672 121782 121892
122006 122275 122073 122140 122207
122276 122399 122306 122336 122366
122400 122647 122461 122522 122583
122648 122703 122661 122674 122687
122704 122802 122728 122752 122776
122803 122874 122820 122837 122854
122875 122942 122891 122907 122923
122943 123008 122959 122975 122991
123009 123043 123017 123025 123033
123044 123119 123062 123080 123098
123120 123248 123152 123184 123216
123249 123284 123257 123265 123273
123285 123318 123293 123301 123309
123319 123354 123327 123335 123343
123355 123395 123365 123375 123385
123396 123444 123408 123420 123432
123445 123500 123458 123471 123484
123501 123590 123523 123545 123567
123591 123721 123623 123655 123687
123722 123871 123759 123796 123833
123872 123949 123891 123910 123929
123950 124024 123968 123986 124004
124025 124231 124076 124127 124178
124232 124472 124292 124352 124412
124473 124749 124542 124611 124680
124750 124840 124772 124794 124816
124841 124946 124867 124893 124919
124947 125218 125014 125081 125148
125219 125410 125266 125313 125360
125411 125512 125436 125461 125486
125513 125804 125585 125657 125729
125805 125892 125826 125847 125868
125893 125942 125905 125917 125929
125943 126006 125958 125973 125988
126007 126113 126033 126059 126085
126114 126297 126159 126204 126249
126298 126574 126367 126436 126505
126575 126595 126580 126585 126590
126596 126629 126604 126612 126620
126630 126672 126640 126650 126660
126673 126692 126677 126681 126685
126693 126726 126701 126709 126717
126727 126790 126742 126757 126772
126791 126997 126842 126893 126944
126998 127148 127035 127072 127109
127149 127302 127187 127225 127263
127303 127458 127341 127379 127417
127459 127836 127553 127647 127741
127837 128314 127956 128075 128194
128315 128754 128424 128533 128642
128755 129007 128818 128881 128944
129008 129108 129033 129058 129083
129109 129184 129127 129145 129163
129185 129247 129200 129215 129230
129248 130602 129586 129924 130262
130603 131036 130711 130819 130927
131037 131181 131073 131109 131145
131182 131292 131209 131236 131263
131293 131380 131314 131335 131356
131381 131476 131404 131427 131450
131477 131604 131508 131539 131570
131605 131984 131699 131793 131887
131985 132026 131995 132005 132015
132027 132063 132036 132045 132054
132064 132138 132082 132100 132118
132139 132210 132156 132173 132190
132211 132300 132233 132255 132277
132301 132594 132374 132447 132520
132595 132688 132618 132641 132664
132689 132753 132705 132721 132737
132754 132797 132764 132774 132784
132798 132877 132817 132836 132855
132878 132961 132898 132918 132938
132962 133061 132986 133010 133034
133062 133126 133078 133094 133110
133127 133174 133138 133149 133160
133175 133237 133190 133205 133220
133238 133307 133255 133272 133289
133308 133383 133326 133344 133362
133384 133449 133400 133416 133432
133450 133487 133459 133468 133477
133488 133542 133501 133514 133527
133543 133658 133571 133599 133627
133659 133693 133667 133675 133683
133694 133728 133702 133710 133718
133729 133872 133764 133799 133834
133873 134032 133912 133951 133990
134033 134134 134058 134083 134108
134135 134247 134163 134191 134219
134248 134351 134273 134298 134323
134352 134404 134365 134378 134391
134405 134529 134436 134467 134498
134530 134577 134541 134552 134563
134578 134613 134586 134594 134602
134614 134655 134624 134634 134644
134656 134780 134687 134718 134749
134781 134850 134798 134815 134832
134851 134926 134869 134887 134905
134927 135038 134945 134963 135027
135039 135255 135093 135147 135201
135256 135409 135294 135332 135370
135410 135629 135464 135518 135572
135630 135726 135654 135678 135702
135727 135824 135751 135775 135799
135825 135942 135854 135883 135912
135943 136020 135962 135981 136000
136021 136295 136089 136157 136225
136296 136452 136335 136374 136413
136453 136519 136469 136485 136501
136520 136769 136582 136644 136706
136770 136812 136780 136790 136800
136813 136865 136826 136839 136852
136866 137053 136912 136958 137004
137054 137118 137070 137086 137102
137119 137172 137132 137145 137158
137173 137238 137189 137205 137221
137239 137361 137269 137299 137329
137362 137529 137403 137444 137485
137530 137653 137560 137590 137620
137654 137832 137698 137742 137786
137833 137864 137840 137847 137854
137865 137888 137870 137875 137880
137889 137941 137902 137915 137928
137942 137999 137956 137970 137984
138000 138015 138003 138006 138009
138016 138190 138059 138102 138145
138191 138247 138205 138219 138233
138248 138283 138256 138264 138272
138284 138321 138293 138302 138311
138322 138359 138331 138340 138349
138360 138449 138382 138404 138426
138450 138506 138464 138478 138492
138507 138531 138513 138519 138525
138532 138610 138551 138570 138589
138611 138636 138617 138623 138629
138637 138668 138644 138651 138658
138669 138701 138677 138685 138693
138702 138821 138731 138760 138789
138822 138884 138837 138852 138867
138885 138911 138891 138897 138903
138912 138946 138920 138928 138936
138947 138986 138956 138965 138974
138987 139100 139015 139043 139071
139101 139323 139156 139211 139266
139324 139412 139346 139368 139390
139413 139481 139430 139447 139464
139482 139532 139494 139506 139518
139533 139618 139554 139575 139596
139619 139665 139630 139641 139652
139666 139813 139702 139738 139774
139814 139984 139856 139898 139940
139985 140035 139997 140009 140021
140036 140056 140041 140046 140051
140057 140090 140065 140073 140081
140091 140155 140107 140123 140139
140156 140210 140169 140182 140195
140211 140231 140216 140221 140226
140232 140282 140244 140256 140268
140283 140365 140303 140323 140343
140366 140414 140378 140390 140402
140415 140467 140428 140441 140454
140468 140492 140474 140480 140486
140493 140519 140499 140505 140511
140520 140577 140534 140548 140562
140578 140632 140591 140604 140617
140633 140683 140645 140657 140669
140684 140786 140709 140734 140759
140787 140851 140803 140819 140835
140852 140945 140875 140898 140921
140946 141033 140967 140988 141009
141034 141072 141043 141052 141061
141073 141137 141089 141105 141121
141138 141187 141150 141162 141174
141188 141270 141208 141228 141248
141271 141415 141307 141343 141379
141416 141506 141438 141460 141482
141507 141550 141517 141527 141537
141551 141681 141583 141615 141647
141682 141731 141694 141706 141718
141732 141810 141751 141770 141789
141811 141838 141817 141823 141829
141839 141870 141846 141853 141860
141871 141910 141880 141889 141898
141911 141988 141930 141949 141968
141989 142025 141998 142007 142016
142026 142049 142031 142036 142041
142050 142121 142067 142084 142101
142122 142236 142150 142178 142206
142237 142309 142255 142273 142291
142310 142366 142324 142338 142352
142367 142423 142381 142395 142409
142424 142468 142435 142446 142457
142469 142519 142481 142493 142505
142520 142557 142529 142538 142547
142558 142614 142572 142586 142600
142615 142668 142628 142641 142654
142669 142712 142679 142689 142699
142713 142779 142729 142745 142761
142780 142835 142793 142806 142819
142836 142879 142846 142856 142866
142880 142910 142887 142894 142901
142911 142960 142923 142935 142947
142961 143020 142975 142989 143003
143021 143058 143030 143039 143048
143059 143087 143066 143073 143080
143088 143104 143092 143096 143100
143105 143123 143109 143113 143117
143124 143186 143139 143154 143169
143187 143247 143202 143217 143232
143248 143325 143267 143286 143305
143326 143375 143338 143350 143362
143376 143413 143385 143394 143403
143414 143439 143420 143426 143432
143440 143485 143451 143462 143473
143486 143520 143494 143502 143510
143521 143564 143531 143541 143551
143565 143596 143572 143579 143586
143597 143634 143606 143615 143624
143635 143675 143645 143655 143665
143676 143697 143681 143686 143691
143698 143724 143704 143710 143716
143725 143777 143738 143751 143764
143778 143827 143790 143802 143814
143828 143852 143834 143840 143846
143853 143891 143862 143871 143880
143892 143915 143897 143902 143907
143916 143981 143932 143948 143964
143982 144045 143997 144012 144027
144046 144062 144050 144054 144058
144063 144103 144073 144083 144093
144104 144126 144109 144114 144119
144127 144194 144143 144159 144175
144195 144484 144267 144339 144411
144485 144931 144596 144707 144818
144932 145104 144975 145018 145061
145105 145173 145122 145139 145156
145174 145333 145213 145252 145291
145334 145355 145339 145344 145349
145356 145380 145362 145368 145374
145381 145510 145413 145445 145477
145511 145574 145526 145541 145556
145575 145653 145594 145613 145632
145654 145721 145670 145686 145702
145722 145769 145733 145744 145755
145770 145876 145796 145822 145848
145877 146094 145931 145985 146039
146095 146519 146201 146307 146413
146520 146582 146535 146550 146565
146583 146716 146616 146649 146682
146717 146778 146732 146747 146762
146779 146896 146808 146837 146866
146897 147036 146931 146965 146999
147037 147116 147056 147075 147094
147117 147217 147142 147167 147192
147218 147319 147243 147268 147293
147320 147409 147342 147364 147386
147410 147499 147432 147454 147476
147500 147562 147515 147530 147545
147563 147776 147616 147669 147722
147777 147892 147805 147833 147861
147893 148022 147925 147957 147989
148023 148088 148039 148055 148071
148089 148157 148106 148123 148140
148158 148292 148191 148224 148257
148293 148518 148349 148405 148461
148519 148555 148528 148537 148546
148556 148727 148598 148640 148682
148728 148784 148742 148756 148770
148785 148842 148799 148813 148827
148843 149252 148945 149047 149149
149253 149312 149267 149281 149295
149313 149403 149335 149357 149379
149404 149503 149428 149452 149476
149504 149555 149516 149528 149540
149556 149589 149564 149572 149580
149590 149616 149596 149602 149608
149617 149785 149659 149701 149743
149786 149814 149793 149800 149807
149815 149880 149831 149847 149863
149881 149973 149904 149927 149950
149974 150170 149980 149986 150126
150171 150319 150208 150245 150282
150320 150395 150338 150356 150374
150396 150432 150405 150414 150423
150433 150466 150441 150449 150457
150467 150586 150496 150525 150554
150587 150802 150640 150693 150746
150803 151082 150872 150941 151010
151083 151166 151103 151123 151143
151167 151259 151190 151213 151236
151260 151301 151270 151280 151290
151302 151360 151316 151330 151344
151361 151419 151375 151389 151403
151420 151489 151437 151454 151471
151490 151554 151506 151522 151538
151555 151589 151563 151571 151579
151590 151628 151599 151608 151617
151629 151653 151635 151641 151647
151654 151741 151675 151696 151717
151742 151776 151750 151758 151766
151777 151821 151788 151799 151810
151822 151858 151831 151840 151849
151859 152029 151901 151943 151985
152030 152110 152050 152070 152090
152111 152196 152132 152153 152174
152197 152256 152211 152225 152239
152257 152350 152280 152303 152326
152351 152402 152363 152375 152387
152403 152440 152412 152421 152430
152441 152465 152447 152453 152459
152466 152507 152476 152486 152496
152508 152616 152535 152562 152589
152617 152718 152642 152667 152692
152719 152750 152726 152733 152740
152751 152792 152761 152771 152781
152793 152967 152836 152879 152922
152968 153031 152983 152998 153013
153032 153074 153042 153052 153062
153075 153273 153124 153173 153222
153274 153333 153288 153302 153316
153334 153402 153351 153368 153385
153403 153510 153429 153455 153481
153511 153534 153516 153521 153526
153535 153619 153556 153577 153598
153620 153655 153628 153636 153644
153656 153704 153668 153680 153692
153705 153779 153723 153741 153759
153780 153836 153794 153808 153822
153837 153929 153860 153883 153906
153930 154002 153948 153966 153984
154003 154154 154040 154077 154114
154155 154252 154179 154203 154227
154253 154360 154279 154305 154331
154361 154419 154375 154389 154403
154420 154520 154445 154470 154495
154521 154562 154531 154541 154551
154563 154870 154639 154715 154791
154871 155001 154903 154935 154967
155002 155062 155017 155032 155047
155063 155127 155079 155095 155111
155128 155289 155168 155208 155248
155290 155937 155451 155612 155773
155938 156184 155999 156060 156121
156185 156382 156234 156283 156332
156383 156526 156418 156453 156488
156527 156715 156574 156621 156668
156716 156831 156744 156772 156800
156832 156859 156838 156844 156850
156860 156906 156871 156882 156893
156907 156951 156918 156929 156940
156952 156996 156963 156974 156985
156997 157050 157010 157023 157036
157051 157068 157055 157059 157063
157069 157117 157081 157093 157105
157118 157159 157128 157138 157148
157160 157228 157177 157194 157211
157229 157300 157246 157263 157280
157301 157692 157398 157495 157592
157693 157777 157714 157735 157756
157778 158110 157861 157944 158027
158111 158823 158289 158467 158645
158824 158915 158846 158868 158890
158916 159000 158937 158958 158979
159001 159061 159016 159031 159046
159062 159146 159083 159104 159125
159147 159301 159185 159223 159261
159302 159456 159340 159378 159416
159457 159641 159503 159549 159595
159642 159920 159711 159780 159849
159921 159965 159932 159943 159954
159966 160004 159975 159984 159993
160005 160278 160073 160141 160209
160279 160438 160318 160357 160396
160439 160498 160453 160467 160481
160499 160546 160510 160521 160532
160547 160618 160564 160581 160598
160619 160676 160633 160647 160661
160677 160818 160712 160747 160782
160819 160843 160825 160831 160837
160844 160907 160859 160874 160889
160908 160967 160922 160936 160950
160968 161036 160985 161002 161019
161037 161186 161074 161111 161148
161187 161213 161193 161199 161205
161214 161298 161235 161256 161277
161299 161394 161322 161345 161368
161395 161488 161418 161441 161464
161489 161574 161510 161531 161552
161575 161758 161620 161665 161710
161759 161857 161783 161807 161831
161858 161915 161872 161886 161900
161916 162076 161956 161996 162036
162077 162138 162092 162107 162122
162139 162207 162156 162173 162190
162208 162258 162220 162232 162244
162259 162365 162285 162311 162337
162366 162391 162372 162378 162384
162392 162404 162395 162398 162401
162405 162462 162419 162433 162447
162463 162554 162485 162507 162529
162555 162596 162565 162575 162585
162597 162722 162628 162659 162690
162723 162800 162742 162761 162780
162801 164682 163271 163741 164211
164683 164853 164725 164767 164809
164854 164937 164874 164894 164914
164938 165854 164953 164968 165639
165855 165919 165871 165887 165903
165920 165954 165928 165936 165944
165955 166100 165991 166027 166063
166101 166235 166134 166167 166200
166236 166343 166262 166288 166314
166344 166428 166365 166386 166407
166429 166554 166460 166491 166522
166555 166603 166567 166579 166591
166604 166681 166623 166642 166661
166682 166750 166699 166716 166733
166751 166823 166769 166787 166805
166824 166885 166839 166854 166869
166886 167086 166936 166986 167036
167087 167327 167147 167207 167267
167328 167433 167354 167380 167406
167434 167670 167493 167552 167611
167671 167748 167690 167709 167728
167749 167794 167760 167771 167782
167795 167832 167804 167813 167822
167833 167905 167851 167869 167887
167906 168075 167948 167990 168032
168076 168156 168096 168116 168136
168157 168234 168176 168195 168214
168235 168275 168245 168255 168265
168276 168307 168283 168290 168297
168308 168355 168319 168330 168341
168356 168380 168362 168368 168374
168381 168441 168396 168411 168426
168442 168471 168449 168456 168463
168472 168496 168478 168484 168490
168497 168579 168517 168537 168557
168580 168603 168585 168590 168595
168604 168710 168630 168656 168682
168711 168793 168731 168751 168771
168794 168845 168806 168818 168830
168846 168875 168853 168860 168867
168876 168895 168880 168884 168888
168896 168989 168919 168942 168965
168990 169028 168999 169008 169017
169029 169071 169039 169049 169059
169072 169118 169083 169094 169105
169119 169165 169130 169141 169152
169166 169200 169174 169182 169190
169201 169270 169218 169235 169252
169271 169301 169278 169285 169292
169302 169374 169320 169338 169356
169375 169425 169387 169399 169411
169426 169473 169437 169448 169459
169474 169556 169494 169514 169534
169557 169579 169562 169567 169572
169580 169624 169591 169602 169613
169625 169669 169636 169647 169658
169670 169716 169681 169692 169703
169717 169791 169735 169753 169771
169792 169815 169797 169802 169807
169816 169854 169825 169834 169843
169855 169871 169859 169863 169867
169872 169908 169881 169890 169899
169909 169953 169920 169931 169942
169954 169991 169963 169972 169981
169992 170012 169997 170002 170007
170013 170069 170027 170041 170055
170070 170139 170087 170104 170121
170140 170210 170157 170174 170191
170211 170249 170220 170229 170238
170250 170272 170255 170260 170265
170273 170310 170282 170291 170300
170311 170371 170326 170341 170356
170372 170405 170380 170388 170396
170406 170459 170419 170432 170445
170460 170526 170476 170492 170508
170527 170633 170553 170579 170605
170634 170682 170646 170658 170670
170683 170720 170692 170701 170710
170721 170803 170741 170761 170781
170804 170878 170822 170840 170858
170879 171078 170928 170977 171026
171079 171164 171100 171121 171142
171165 171309 171201 171237 171273
171310 171404 171333 171356 171379
171405 171434 171412 171419 171426
171435 171544 171462 171489 171516
171545 171779 171603 171661 171719
171780 171904 171811 171842 171873
171905 172010 171931 171957 171983
172011 172089 172030 172049 172068
172090 172121 172097 172104 172111
172122 172192 172139 172156 172173
172193 172235 172203 172213 172223
172236 172294 172250 172264 172278
172295 172313 172299 172303 172307
172314 172334 172319 172324 172329
172335 172386 172347 172359 172371
172387 172404 172391 172395 172399
172405 172423 172409 172413 172417
172424 172443 172428 172432 172436
172444 172465 172449 172454 172459
172466 172482 172470 172474 172478
172483 172508 172489 172495 172501
172509 172538 172516 172523 172530
172539 172635 172563 172587 172611
172636 172652 172640 172644 172648
172653 172675 172658 172663 172668
172676 172693 172680 172684 172688
172694 172710 172698 172702 172706
172711 172740 172718 172725 172732
172741 172759 172745 172749 172753
172760 172891 172792 172824 172856
172892 172911 172896 172900 172904
172912 172931 172916 172920 172924
172932 172949 172936 172940 172944
172950 172972 172955 172960 172965
172973 172998 172979 172985 172991
172999 173021 173004 173009 173014
173022 173042 173027 173032 173037
173043 173066 173048 173053 173058
173067 173084 173071 173075 173079
173085 173104 173089 173093 173097
173105 173306 173155 173205 173255
173307 173361 173320 173333 173346
173362 173427 173378 173394 173410
173428 173521 173451 173474 173497
173522 173575 173535 173548 173561
173576 173609 173584 173592 173600
173610 173651 173620 173630 173640
173652 173798 173688 173724 173760
173799 173866 173815 173831 173847
173867 173922 173880 173893 173906
173923 174121 173972 174021 174070
174122 174604 174242 174362 174482
174605 174637 174613 174621 174629
174638 174672 174646 174654 174662
174673 174808 174706 174739 174772
174809 174930 174839 174869 174899
174931 174965 174939 174947 174955
174966 175024 174980 174994 175008
175025 175094 175042 175059 175076
175095 175216 175125 175155 175185
175217 175979 175407 175597 175787
175980 176122 176015 176050 176085
176123 176328 176174 176225 176276
176329 176548 176383 176437 176491
176549 176906 176638 176727 176816
176907 177015 176934 176961 176988
177016 177121 177042 177068 177094
177122 177249 177153 177184 177215
177250 177429 177294 177338 177382
177430 177650 177485 177540 177595
177651 177764 177679 177707 177735
177765 178055 177837 177909 177981
178056 178247 178103 178150 178197
178248 178709 178363 178478 178593
178710 178828 178739 178768 178797
178829 178977 178866 178903 178940
178978 179041 178993 179008 179023
179042 179339 179116 179190 179264
179340 179460 179370 179400 179430
179461 179780 179540 179619 179698
179781 179895 179809 179837 179865
179896 180141 179921 179946 180105
180142 180301 180181 180220 180259
180302 180448 180338 180374 180410
180449 180810 180539 180629 180719
180811 180840 180818 180825 180832
180841 180911 180858 180875 180892
180912 180938 180918 180924 180930
180939 181044 180965 180991 181017
181045 181097 181058 181071 181084
181098 181209 181125 181152 181179
181210 181472 181275 181340 181405
181473 181679 181524 181575 181626
181680 181750 181697 181714 181731
181751 181859 181778 181805 181832
181860 181962 181885 181910 181935
181963 182078 181991 182019 182047
182079 182208 182111 182143 182175
182209 182490 182279 182349 182419
182491 182533 182501 182511 182521
182534 182621 182555 182576 182597
182622 182700 182641 182660 182679
182701 182748 182712 182723 182734
182749 182881 182782 182815 182848
182882 182962 182902 182922 182942
182963 183163 183013 183063 183113
183164 183224 183179 183194 183209
183225 183583 183314 183403 183492
183584 183718 183617 183650 183683
183719 183857 183753 183787 183821
183858 183979 183888 183918 183948
183980 184046 183996 184012 184028
184047 184283 184106 184165 184224
184284 184402 184313 184342 184371
184403 184480 184422 184441 184460
184481 184554 184499 184517 184535
184555 184674 184584 184613 184642
184675 184744 184692 184709 184726
184745 185072 184826 184907 184988
185073 185151 185092 185111 185130
185152 185255 185177 185202 185227
185256 185361 185282 185308 185334
185362 185506 185398 185434 185470
185507 185549 185517 185527 185537
185550 185701 185587 185624 185661
185702 185753 185714 185726 185738
185754 185779 185760 185766 185772
185780 185817 185789 185798 185807
185818 185861 185828 185838 185848
185862 185895 185870 185878 185886
185896 185939 185906 185916 185926
185940 186025 185961 185982 186003
186026 186067 186036 186046 186056
186068 186167 186092 186116 186140
186168 186218 186180 186192 186204
186219 187700 186589 186959 187329
187701 188045 187787 187873 187959
188046 188598 188184 188322 188460
188599 188740 188634 188669 188704
188741 189248 188867 188993 189119
189249 189424 189292 189335 189378
189425 189535 189452 189479 189506
189536 189740 189587 189638 189689
189741 190067 189822 189903 189984
190068 190132 190084 190100 190116
190133 190274 190168 190203 190238
190275 190444 190317 190359 190401
190445 190686 190505 190565 190625
190687 190783 190711 190735 190759
190784 190966 190829 190874 190919
190967 191101 191000 191033 191066
191102 191177 191120 191138 191156
191178 191528 191265 191352 191439
191529 191868 191613 191697 191781
191869 192172 191944 192019 192094
192173 192256 192193 192213 192233
192257 192371 192285 192313 192341
192372 192514 192407 192442 192477
192515 192623 192542 192569 192596
192624 192677 192637 192650 192663
192678 192727 192690 192702 192714
192728 192744 192732 192736 192740
192745 192906 192785 192825 192865
192907 192979 192925 192943 192961
192980 193073 193003 193026 193049
193074 193189 193102 193130 193158
193190 193311 193220 193250 193280
193312 193755 193422 193532 193642
193756 193842 193777 193798 193819
193843 193986 193878 193913 193948
193987 194073 194008 194029 194050
194074 194170 194098 194122 194146
194171 194260 194193 194215 194237
194261 194389 194293 194325 194357
194390 194521 194422 194454 194486
194522 194761 194581 194640 194699
194762 195246 194821 194880 195183
195247 195665 195351 195455 195559
195666 195954 195738 195810 195882
195955 196197 196015 196075 196135
196198 196431 196256 196314 196372
196432 196568 196466 196500 196534
196569 196659 196591 196613 196635
196660 196786 196691 196722 196753
196787 196868 196807 196827 196847
196869 196931 196884 196899 196914
196932 197061 196964 196996 197028
197062 197156 197085 197108 197131
197157 197558 197257 197357 197457
197559 197624 197575 197591 197607
197625 197774 197662 197699 197736
197775 197958 197820 197865 197910
197959 198109 197996 198033 198070
198110 198134 198116 198122 198128
198135 198154 198139 198143 198147
198155 198187 198163 198171 198179
198188 198216 198195 198202 198209
198217 198392 198260 198303 198346
198393 198450 198407 198421 198435
198451 198597 198487 198523 198559
198598 198657 198612 198626 198640
198658 198787 198690 198722 198754
198788 198826 198797 198806 198815
198827 198850 198832 198837 198842
198851 198870 198855 198859 198863
198871 198911 198881 198891 198901
198912 199189 198981 199050 199119
199190 199331 199225 199260 199295
199332 199507 199375 199418 199461
199508 199554 199519 199530 199541
199555 199577 199560 199565 199570
199578 199871 199651 199724 199797
199872 200002 199904 199936 199968
200003 200292 200075 200147 200219
200293 200443 200330 200367 200404
200444 200506 200459 200474 200489
200507 200656 200544 200581 200618
200657 200745 200679 200701 200723
200746 200773 200752 200758 200764
200774 200869 200797 200820 200843
200870 201022 200908 200946 200984
201023 201089 201039 201055 201071
201090 201216 201121 201152 201183
201217 201273 201231 201245 201259
201274 201462 201321 201368 201415
201463 201539 201482 201501 201520
201540 201573 201548 201556 201564
201574 201645 201591 201608 201625
201646 201729 201666 201686 201706
201730 201790 201745 201760 201775
201791 201840 201803 201815 201827
201841 201877 201850 201859 201868
201878 201949 201895 201912 201929
201950 201979 201957 201964 201971
201980 202032 201993 202006 202019
202033 202175 202068 202103 202138
202176 202263 202197 202218 202239
202264 202621 202353 202442 202531
202622 202670 202634 202646 202658
202671 202771 202696 202721 202746
202772 203026 202835 202898 202961
203027 203146 203056 203085 203114
203147 203249 203172 203197 203222
203250 203279 203257 203264 203271
203280 203402 203310 203340 203370
203403 203860 203517 203631 203745
203861 203897 203870 203879 203888
203898 203976 203917 203936 203955
203977 204127 204014 204051 204088
204128 204734 204279 204430 204581
204735 204801 204751 204767 204783
204802 204922 204832 204862 204892
204923 205027 204949 204975 205001
205028 205098 205045 205062 205079
205099 205696 205248 205397 205546
205697 206100 205797 205897 205997
206101 206554 206214 206327 206440
206555 206833 206624 206693 206762
206834 207009 206877 206920 206963
207010 207095 207031 207052 207073
207096 207283 207142 207188 207234
207284 207396 207312 207340 207368
207397 207790 207495 207593 207691
207791 207863 207809 207827 207845
207864 207931 207880 207896 207912
207932 208208 208001 208070 208139
208209 208295 208230 208251 208272
208296 208505 208348 208400 208452
208506 208563 208520 208534 208548
208564 208961 208663 208762 208861
208962 209031 208979 208996 209013
209032 209092 209047 209062 209077
209093 209130 209102 209111 209120
209131 209168 209140 209149 209158
209169 209235 209185 209201 209217
209236 209344 209263 209290 209317
209345 209416 209362 209379 209396
209417 209489 209435 209453 209471
209490 209573 209510 209530 209550
209574 209661 209595 209616 209637
209662 209732 209679 209696 209713
209733 209939 209784 209835 209886
209940 210330 209954 209968 210246
210331 210455 210362 210393 210424
210456 210728 210524 210592 210660
210729 210873 210765 210801 210837
210874 211471 211023 211172 211321
211472 212931 211836 212200 212564
212932 212980 212944 212956 212968
212981 213041 212996 213011 213026
213042 213118 213061 213080 213099
213119 213293 213162 213205 213248
213294 213384 213316 213338 213360
213385 213518 213418 213451 213484
213519 213605 213540 213561 213582
213606 213676 213623 213640 213657
213677 213759 213697 213717 213737
213760 213888 213792 213824 213856
213889 213972 213909 213929 213949
213973 214005 213981 213989 213997
214006 214153 214042 214078 214114
214154 214241 214175 214196 214217
214242 214325 214262 214282 214302
214326 214606 214396 214466 214536
214607 214773 214648 214689 214730
214774 214885 214801 214828 214855
214886 215058 214929 214972 215015
215059 215125 215075 215091 215107
215126 215205 215145 215164 215183
215206 215409 215256 215306 215356
215410 215474 215426 215442 215458
215475 215665 215522 215569 215616
215666 215755 215688 215710 215732
215756 215818 215771 215786 215801
215819 215937 215848 215877 215906
215938 216064 215969 216000 216031
216065 216330 216131 216197 216263
216331 216406 216349 216367 216385
216407 216564 216446 216485 216524
216565 216769 216616 216667 216718
216770 216903 216803 216836 216869
216904 217146 216964 217024 217084
217147 217224 217166 217185 217204
217225 217397 217268 217311 217354
217398 217531 217431 217464 217497
217532 217867 217615 217698 217781
217868 218016 217905 217942 217979
218017 218257 218077 218137 218197
218258 218434 218302 218346 218390
218435 218694 218499 218563 218627
218695 219046 218782 218869 218956
219047 219184 219081 219115 219149
219185 219390 219236 219287 219338
219391 219579 219438 219485 219532
219580 219711 219612 219644 219676
219712 219735 219717 219722 219727
219736 219814 219755 219774 219793
219815 220391 219959 220103 220247
220392 220551 220431 220470 220509
220552 221026 220670 220788 220906
221027 221181 221065 221103 221141
221182 221606 221288 221394 221500
221607 222247 221767 221927 222087
222248 222324 222267 222286 222305
222325 222490 222366 222407 222448
222491 222547 222505 222519 222533
222548 222632 222569 222590 222611
222633 222705 222651 222669 222687
222706 222920 222759 222812 222865
222921 223026 222947 222973 222999
223027 223276 223089 223151 223213
223277 223452 223320 223363 223406
223453 223533 223473 223493 223513
223534 223681 223570 223606 223642
223682 224062 223777 223872 223967
224063 224363 224138 224213 224288
224364 224516 224402 224440 224478
224517 224810 224590 224663 224736
224811 224831 224816 224821 224826
224832 224850 224836 224840 224844
224851 224871 224856 224861 224866
224872 224890 224876 224880 224884
224891 224912 224896 224901 224906
224913 224930 224917 224921 224925
224931 224949 224935 224939 224943
224950 224970 224955 224960 224965
224971 224988 224975 224979 224983
224989 225001 224991 224993 225000
225002 225019 225006 225010 225014
225020 225041 225025 225030 225035
225042 225061 225046 225050 225054
225062 225079 225066 225070 225074
225080 225099 225084 225088 225092
225100 225129 225107 225114 225121
225130 225150 225135 225140 225145
225151 225173 225156 225161 225166
225174 232665 227046 228918 230790
