0 85 21 42 63
86 346 151 216 281
347 366 351 355 359
367 386 371 375 379
387 641 450 513 576
642 3317 1310 1978 2646
3318 3421 3343 3368 3393
3422 3534 3450 3478 3506
3535 3677 3570 3605 3640
3678 3857 3722 3766 3810
3858 4026 3900 3942 3984
4027 4155 4059 4091 4123
4156 4376 4211 4266 4321
4377 4405 4384 4391 4398
4406 4444 4415 4424 4433
4445 4527 4465 4485 4505
4528 4597 4545 4562 4579
4598 4663 4614 4630 4646
4664 4693 4671 4678 4685
4694 5122 4801 4908 5015
5123 5225 5148 5173 5198
5226 5249 5231 5236 5241
5250 5305 5263 5276 5289
5306 5350 5317 5328 5339
5351 5390 5360 5369 5378
5391 5506 5419 5447 5475
5507 5837 5589 5671 5753
5838 5900 5853 5868 5883
5901 6398 6025 6149 6273
6399 6909 6526 6653 6780
6910 7121 6962 7014 7066
7122 7246 7153 7184 7215
7247 9486 7806 8365 8924
9487 9637 9524 9561 9598
9638 9736 9662 9686 9710
9737 10657 9967 10197 10427
10658 10943 10729 10800 10871
10944 12203 11258 11572 11886
12204 12398 12252 12300 12348
12399 13049 12561 12723 12885
13050 13594 13186 13322 13458
13595 14064 13712 13829 13946
14065 14308 14125 14185 14245
14309 14435 14340 14371 14402
14436 14586 14473 14510 14547
14587 14862 14655 14723 14791
14863 14944 14883 14903 14923
14945 15088 14958 14971 15066
15089 15158 15106 15123 15140
15159 15650 15281 15403 15525
15651 15970 15730 15809 15888
15971 16289 16050 16129 16208
16290 16708 16394 16498 16602
16709 17025 16788 16867 16946
17026 17340 17104 17182 17260
17341 17412 17358 17375 17392
17413 17465 17426 17439 17452
17466 17549 17486 17506 17526
17550 17651 17575 17600 17625
17652 17678 17658 17664 17670
17679 18252 17822 17965 18108
18253 18293 18263 18273 18283
18294 18456 18334 18374 18414
18457 18714 18521 18585 18649
18715 18778 18730 18745 18760
18779 18976 18828 18877 18926
18977 19120 19012 19047 19082
19121 19255 19154 19187 19220
19256 19290 19264 19272 19280
19291 19335 19302 19313 19324
19336 19528 19384 19432 19480
19529 19638 19556 19583 19610
19639 20884 19950 20261 20572
20885 20945 20900 20915 20930
20946 21001 20959 20972 20985
21002 21057 21015 21028 21041
21058 21115 21072 21086 21100
21116 21179 21131 21146 21161
21180 21225 21191 21202 21213
21226 21281 21239 21252 21265
21282 21322 21292 21302 21312
21323 21548 21379 21435 21491
21549 21610 21564 21579 21594
21611 22137 21742 21873 22004
22138 22280 22173 22208 22243
22281 22471 22328 22375 22422
22472 22588 22501 22530 22559
22589 23187 22738 22887 23036
23188 23889 23363 23538 23713
23890 24736 24101 24312 24523
24737 25146 24839 24941 25043
25147 25229 25167 25187 25207
25230 25332 25255 25280 25305
25333 25396 25348 25363 25378
25397 25554 25436 25475 25514
25555 25622 25571 25587 25603
25623 25725 25648 25673 25698
25726 25776 25738 25750 25762
25777 25909 25810 25843 25876
25910 26225 25988 26066 26144
26226 26304 26245 26264 26283
26305 26373 26322 26339 26356
26374 26525 26411 26448 26485
26526 26645 26555 26584 26613
26646 26824 26690 26734 26778
26825 27024 26874 26923 26972
27025 27665 27185 27345 27505
27666 27719 27679 27692 27705
27720 27873 27758 27796 27834
27874 28155 27944 28014 28084
28156 28217 28171 28186 28201
28218 28470 28281 28344 28407
28471 28540 28488 28505 28522
28541 28649 28568 28595 28622
28650 28746 28674 28698 28722
28747 28828 28767 28787 28807
28829 29073 28890 28951 29012
29074 29388 29152 29230 29308
29389 29480 29411 29433 29455
29481 29542 29496 29511 29526
29543 30211 29657 29771 30156
30212 30290 30231 30250 30269
30291 30642 30378 30465 30552
30643 30710 30659 30675 30691
30711 30975 30777 30843 30909
30976 31793 31180 31384 31588
31794 32271 31913 32032 32151
32272 32346 32290 32308 32326
32347 32606 32411 32475 32539
32607 33114 32733 32859 32985
33115 33280 33156 33197 33238
33281 33514 33339 33397 33455
33515 33608 33538 33561 33584
33609 33910 33684 33759 33834
33911 34377 34027 34143 34259
34378 34497 34407 34436 34465
34498 34812 34576 34654 34732
34813 34903 34835 34857 34879
34904 35460 35043 35182 35321
35461 35647 35507 35553 35599
35648 35821 35691 35734 35777
35822 35979 35861 35900 35939
35980 36037 35994 36008 36022
36038 36203 36079 36120 36161
36204 36555 36291 36378 36465
36556 36687 36588 36620 36652
36688 36766 36707 36726 36745
36767 36871 36793 36819 36845
36872 37572 37047 37222 37397
37573 37706 37606 37639 37672
37707 38208 37832 37957 38082
38209 38406 38258 38307 38356
38407 38477 38424 38441 38458
38478 38637 38517 38556 38595
38638 38962 38719 38800 38881
38963 39069 38989 39015 39041
39070 39140 39087 39104 39121
39141 39200 39155 39169 39183
39201 39316 39229 39257 39285
39317 39470 39355 39393 39431
39471 39573 39496 39521 39546
39574 40187 39727 39880 40033
40188 40369 40233 40278 40323
40370 40601 40427 40484 40541
40602 41142 40737 40872 41007
41143 41252 41170 41197 41224
41253 41408 41291 41329 41367
41409 42049 41569 41729 41889
42050 42346 42124 42198 42272
42347 42479 42380 42413 42446
42480 42547 42496 42512 42528
42548 42648 42573 42598 42623
42649 43178 42781 42913 43045
43179 43258 43198 43217 43236
43259 43337 43278 43297 43316
43338 43448 43365 43392 43419
43449 43569 43479 43509 43539
43570 43601 43577 43584 43591
43602 43642 43612 43622 43632
43643 43859 43697 43751 43805
43860 44037 43904 43948 43992
44038 44174 44072 44106 44140
44175 44272 44199 44223 44247
44273 44335 44288 44303 44318
44336 44466 44368 44400 44432
44467 44570 44492 44517 44542
44571 44645 44589 44607 44625
44646 44777 44678 44710 44742
44778 44881 44803 44828 44853
44882 44916 44890 44898 44906
44917 45627 44937 44957 45468
45628 45756 45660 45692 45724
45757 45815 45771 45785 45799
45816 45867 45828 45840 45852
45868 45928 45883 45898 45913
45929 46337 46031 46133 46235
46338 46388 46350 46362 46374
46389 46435 46400 46411 46422
46436 46559 46466 46496 46526
46560 46637 46579 46598 46617
46638 46667 46645 46652 46659
46668 46699 46675 46682 46689
46700 46871 46742 46784 46826
46872 46935 46887 46902 46917
46936 47000 46952 46968 46984
47001 47197 47050 47099 47148
47198 47251 47211 47224 47237
47252 47312 47267 47282 47297
47313 47395 47333 47353 47373
47396 47485 47418 47440 47462
47486 47508 47491 47496 47501
47509 47640 47541 47573 47605
47641 47691 47653 47665 47677
47692 47736 47703 47714 47725
47737 47974 47796 47855 47914
47975 48015 47985 47995 48005
48016 48062 48027 48038 48049
48063 48143 48083 48103 48123
48144 48216 48162 48180 48198
48217 48361 48253 48289 48325
48362 48506 48398 48434 48470
48507 48617 48534 48561 48588
48618 48694 48637 48656 48675
48695 48908 48748 48801 48854
48909 49384 49027 49145 49263
49385 49550 49426 49467 49508
49551 49736 49597 49643 49689
49737 49759 49742 49747 49752
49760 49809 49772 49784 49796
49810 49837 49816 49822 49828
49838 49896 49852 49866 49880
49897 49971 49915 49933 49951
49972 49994 49977 49982 49987
49995 50121 50026 50057 50088
50122 50245 50152 50182 50212
50246 50277 50253 50260 50267
50278 50354 50297 50316 50335
50355 50487 50388 50421 50454
50488 50565 50507 50526 50545
50566 50614 50578 50590 50602
50615 50803 50662 50709 50756
50804 51000 50853 50902 50951
51001 51123 51031 51061 51091
51124 51269 51160 51196 51232
51270 51511 51330 51390 51450
51512 51770 51576 51640 51704
51771 52026 51834 51897 51960
52027 52095 52044 52061 52078
52096 52115 52100 52104 52108
52116 52225 52143 52170 52197
52226 52377 52263 52300 52337
52378 53075 52552 52726 52900
53076 53442 53167 53258 53349
53443 53883 53553 53663 53773
53884 53901 53888 53892 53896
53902 53937 53910 53918 53926
53938 53954 53942 53946 53950
53955 53977 53960 53965 53970
53978 53996 53982 53986 53990
53997 54019 54002 54007 54012
54020 54037 54024 54028 54032
54038 54061 54043 54048 54053
54062 54085 54067 54072 54077
54086 54257 54128 54170 54212
54258 54426 54300 54342 54384
54427 54464 54436 54445 54454
54465 54553 54487 54509 54531
54554 54671 54583 54612 54641
54672 54919 54733 54794 54855
54920 54956 54929 54938 54947
54957 55077 54987 55017 55047
55078 55095 55082 55086 55090
55096 55131 55104 55112 55120
55132 55153 55137 55142 55147
55154 55170 55158 55162 55166
55171 55190 55175 55179 55183
55191 55207 55195 55199 55203
55208 55230 55213 55218 55223
55231 55252 55236 55241 55246
55253 55278 55259 55265 55271
55279 55338 55293 55307 55321
55339 55356 55343 55347 55351
55357 55373 55361 55365 55369
55374 55394 55379 55384 55389
55395 55437 55405 55415 55425
55438 56806 55780 56122 56464
56807 56872 56823 56839 56855
56873 56954 56893 56913 56933
56955 57144 57002 57049 57096
57145 57408 57210 57275 57340
57409 58231 57614 57819 58024
58232 58368 58266 58300 58334
58369 58526 58408 58447 58486
58527 59374 58738 58949 59160
59375 59608 59433 59491 59549
59609 59838 59666 59723 59780
59839 60096 59879 59919 60072
60097 62164 60613 61129 61645
62165 64244 62684 63203 63722
64245 64342 64269 64293 64317
64343 64639 64417 64491 64565
64640 64707 64656 64672 64688
64708 64816 64735 64762 64789
64817 65305 64939 65061 65183
65306 65538 65364 65422 65480
65539 66176 65698 65857 66016
66177 66343 66218 66259 66300
66344 66658 66422 66500 66578
66659 66960 66734 66809 66884
66961 67072 66988 67015 67042
67073 67203 67105 67137 67169
67204 67318 67232 67260 67288
67319 67375 67333 67347 67361
67376 67436 67391 67406 67421
67437 67623 67483 67529 67575
67624 68423 67823 68022 68221
68424 69172 68611 68798 68985
69173 69297 69204 69235 69266
69298 69578 69368 69438 69508
69579 69706 69610 69641 69672
69707 70279 69850 69993 70136
70280 70517 70339 70398 70457
70518 70592 70536 70554 70572
70593 70810 70647 70701 70755
70811 70910 70835 70859 70883
70911 71041 70943 70975 71007
71042 71154 71070 71098 71126
71155 71757 71305 71455 71605
71758 72974 72062 72366 72670
72975 73200 73031 73087 73143
73201 73272 73218 73235 73252
73273 73289 73277 73281 73285
73290 73916 73446 73602 73758
73917 74063 73953 73989 74025
74064 74416 74152 74240 74328
74417 74921 74543 74669 74795
74922 75426 74941 74960 75318
75427 75643 75481 75535 75589
75644 76338 75817 75990 76163
76339 76471 76372 76405 76438
76472 77168 76646 76820 76994
77169 77343 77212 77255 77298
77344 77426 77364 77384 77404
77427 77995 77569 77711 77853
77996 78306 78073 78150 78227
78307 78472 78348 78389 78430
78473 78579 78499 78525 78551
78580 78688 78607 78634 78661
78689 78751 78704 78719 78734
78752 79131 78846 78940 79034
79132 79383 79194 79256 79318
79384 79585 79434 79484 79534
79586 80131 79722 79858 79994
80132 80757 80288 80444 80600
80758 80839 80778 80798 80818
80840 81339 80964 81088 81212
81340 81432 81363 81386 81409
81433 81733 81508 81583 81658
81734 82008 81802 81870 81938
82009 82179 82051 82093 82135
82180 82210 82187 82194 82201
82211 82408 82260 82309 82358
82409 82797 82506 82603 82700
82798 82956 82837 82876 82915
82957 83079 82987 83017 83047
83080 83147 83096 83112 83128
83148 83339 83195 83242 83289
83340 83629 83412 83484 83556
83630 83705 83648 83666 83684
83706 83940 83764 83822 83880
83941 83973 83949 83957 83965
83974 84017 83984 83994 84004
84018 84043 84024 84030 84036
84044 84140 84068 84092 84116
84141 84305 84182 84223 84264
84306 84322 84310 84314 84318
84323 84405 84343 84363 84383
84406 84560 84444 84482 84520
84561 84686 84592 84623 84654
84687 84902 84740 84793 84846
84903 85053 84940 84977 85014
85054 85229 85097 85140 85183
85230 85370 85265 85300 85335
85371 85462 85393 85415 85437
85463 85528 85479 85495 85511
85529 86173 85690 85851 86012
86174 86235 86189 86204 86219
86236 86747 86363 86490 86617
86748 87006 86812 86876 86940
87007 87280 87075 87143 87211
87281 87487 87332 87383 87434
87488 87613 87519 87550 87581
87614 87733 87643 87672 87701
87734 87775 87744 87754 87764
87776 87814 87785 87794 87803
87815 87851 87824 87833 87842
87852 88596 88038 88224 88410
88597 88613 88601 88605 88609
88614 88670 88628 88642 88656
88671 88690 88675 88679 88683
88691 88715 88697 88703 88709
88716 88736 88721 88726 88731
88737 88776 88746 88755 88764
88777 88921 88813 88849 88885
88922 89106 88968 89014 89060
89107 89351 89168 89229 89290
89352 89406 89365 89378 89391
89407 89668 89472 89537 89602
89669 89785 89698 89727 89756
89786 90083 89839 89892 90060
90084 90905 90289 90494 90699
90906 91615 91083 91260 91437
91616 91908 91689 91762 91835
91909 92031 91939 91969 91999
92032 92692 92197 92362 92527
92693 92750 92707 92721 92735
92751 92906 92789 92827 92865
92907 92976 92924 92941 92958
92977 93102 93008 93039 93070
93103 93143 93113 93123 93133
93144 93232 93166 93188 93210
93233 93474 93293 93353 93413
93475 93540 93491 93507 93523
93541 93599 93555 93569 93583
93600 93629 93607 93614 93621
93630 93993 93720 93810 93900
93994 94871 94213 94432 94651
94872 95093 94927 94982 95037
95094 95347 95157 95220 95283
95348 95433 95369 95390 95411
95434 95555 95464 95494 95524
95556 95982 95662 95768 95874
95983 96158 96026 96069 96112
96159 96308 96196 96233 96270
96309 96919 96461 96613 96765
96920 97103 96965 97010 97055
97104 97257 97142 97180 97218
97258 97505 97319 97380 97441
97506 97620 97534 97562 97590
97621 97755 97654 97687 97720
97756 98336 97901 98046 98191
98337 99399 98602 98867 99132
99400 99699 99474 99548 99622
99700 99779 99719 99738 99757
99780 99840 99795 99810 99825
99841 99880 99850 99859 99868
99881 101481 100281 100681 101081
101482 101528 101493 101504 101515
101529 101574 101540 101551 101562
101575 101614 101584 101593 101602
101615 101884 101682 101749 101816
101885 102122 101944 102003 102062
102123 102321 102172 102221 102270
102322 102356 102330 102338 102346
102357 102463 102383 102409 102435
102464 102495 102471 102478 102485
102496 102572 102515 102534 102553
102573 102650 102592 102611 102630
102651 103119 102768 102885 103002
103120 103136 103124 103128 103132
103137 103175 103146 103155 103164
103176 103325 103213 103250 103287
103326 103341 103329 103332 103335
103342 103395 103355 103368 103381
103396 103458 103411 103426 103441
103459 103528 103476 103493 103510
103529 103648 103558 103587 103616
103649 103740 103671 103693 103715
103741 104022 103811 103881 103951
104023 104080 104037 104051 104065
104081 104558 104200 104319 104438
104559 104801 104619 104679 104739
104802 104966 104843 104884 104925
104967 105184 104975 104983 105138
105185 105809 105341 105497 105653
105810 106277 105926 106042 106158
106278 107314 106537 106796 107055
107315 108444 107597 107879 108161
108445 109060 108598 108751 108904
109061 109321 109126 109191 109256
109322 109370 109334 109346 109358
109371 109528 109410 109449 109488
109529 109955 109635 109741 109847
109956 110136 110001 110046 110091
110137 110264 110168 110199 110230
110265 110411 110301 110337 110373
110412 110582 110454 110496 110538
110583 110667 110604 110625 110646
110668 110773 110694 110720 110746
110774 111094 110854 110934 111014
111095 112518 111450 111805 112160
112519 112758 112578 112637 112696
112759 112951 112807 112855 112903
112952 113072 112982 113012 113042
113073 113142 113090 113107 113124
113143 113414 113210 113277 113344
113415 113482 113431 113447 113463
113483 113597 113511 113539 113567
113598 113649 113610 113622 113634
113650 113764 113678 113706 113734
113765 113828 113780 113795 113810
113829 114089 113894 113959 114024
114090 114312 114145 114200 114255
114313 114349 114322 114331 114340
114350 114792 114460 114570 114680
114793 115216 114898 115003 115108
115217 115252 115225 115233 115241
115253 115404 115290 115327 115364
115405 115518 115433 115461 115489
115519 116116 115668 115817 115966
116117 116492 116210 116303 116396
116493 116939 116604 116715 116826
116940 117003 116955 116970 116985
117004 117190 117050 117096 117142
117191 117258 117207 117223 117239
117259 117359 117284 117309 117334
117360 117425 117376 117392 117408
117426 117459 117434 117442 117450
117460 117711 117522 117584 117646
117712 117755 117722 117732 117742
117756 117950 117804 117852 117900
117951 118031 117971 117991 118011
118032 118097 118048 118064 118080
118098 118145 118109 118120 118131
118146 118217 118163 118180 118197
118218 118405 118264 118310 118356
118406 118453 118417 118428 118439
118454 118514 118469 118484 118499
118515 118595 118535 118555 118575
118596 118612 118600 118604 118608
118613 118778 118654 118695 118736
118779 118839 118794 118809 118824
118840 119126 118911 118982 119053
119127 119688 119267 119407 119547
119689 120007 119766 119843 120003
120008 120075 120024 120040 120056
120076 120123 120087 120098 120109
120124 120182 120138 120152 120166
120183 120246 120198 120213 120228
120247 120307 120262 120277 120292
120308 120611 120383 120458 120533
120612 120713 120637 120662 120687
120714 120975 120779 120844 120909
120976 121088 121004 121032 121060
121089 121169 121109 121129 121149
121170 121341 121212 121254 121296
121342 121729 121438 121534 121630
121730 122534 121931 122132 122333
122535 122735 122585 122635 122685
122736 123280 122872 123008 123144
123281 123525 123342 123403 123464
123526 123898 123619 123712 123805
123899 124314 124002 124105 124208
124315 125170 124528 124741 124954
125171 125363 125219 125267 125315
125364 125497 125397 125430 125463
125498 125995 125622 125746 125870
125996 126194 126045 126094 126143
126195 126556 126285 126375 126465
126557 126997 126667 126777 126887
126998 127272 127066 127134 127202
127273 127466 127321 127369 127417
127467 127870 127567 127667 127767
127871 128016 127907 127943 127979
128017 128098 128037 128057 128077
128099 128882 128294 128489 128684
128883 129019 128917 128951 128985
129020 129081 129035 129050 129065
129082 129145 129097 129112 129127
129146 130753 129547 129948 130349
130754 131856 131029 131304 131579
131857 133216 132196 132535 132874
133217 133235 133221 133225 133229
133236 133767 133368 133500 133632
133768 133952 133814 133860 133906
133953 134079 133984 134015 134046
134080 134166 134101 134122 134143
134167 134244 134186 134205 134224
134245 134301 134259 134273 134287
134302 134354 134315 134328 134341
134355 134523 134397 134439 134481
134524 134544 134529 134534 134539
134545 134686 134580 134615 134650
134687 134912 134743 134799 134855
134913 135265 134934 134955 135198
135266 135324 135280 135294 135308
135325 135376 135337 135349 135361
135377 135442 135393 135409 135425
135443 135479 135452 135461 135470
135480 135521 135490 135500 135510
135522 135558 135531 135540 135549
135559 135634 135577 135595 135613
135635 136306 135802 135969 136136
136307 136759 136420 136533 136646
136760 136891 136792 136824 136856
136892 137071 136936 136980 137024
137072 137158 137093 137114 137135
137159 137340 137204 137249 137294
137341 137539 137390 137439 137488
137540 137824 137611 137682 137753
137825 137922 137849 137873 137897
137923 138051 137955 137987 138019
138052 138127 138070 138088 138106
138128 138400 138196 138264 138332
138401 138817 138505 138609 138713
138818 138873 138831 138844 138857
138874 138910 138883 138892 138901
138911 138951 138921 138931 138941
138952 139032 138972 138992 139012
139033 139146 139061 139089 139117
139147 139191 139158 139169 139180
139192 139212 139197 139202 139207
139213 139251 139222 139231 139240
139252 139379 139283 139314 139345
139380 139422 139390 139400 139410
139423 139462 139432 139441 139450
139463 139505 139473 139483 139493
139506 139587 139526 139546 139566
139588 139632 139599 139610 139621
139633 139661 139640 139647 139654
139662 139690 139669 139676 139683
139691 139741 139703 139715 139727
139742 139789 139753 139764 139775
139790 139896 139816 139842 139868
139897 139987 139919 139941 139963
139988 140124 140022 140056 140090
140125 140383 140189 140253 140317
140384 140483 140408 140432 140456
140484 140579 140507 140530 140553
140580 140849 140647 140714 140781
140850 140869 140854 140858 140862
140870 140890 140875 140880 140885
140891 140941 140903 140915 140927
140942 141104 140982 141022 141062
141105 141244 141139 141173 141207
141245 141447 141295 141345 141395
141448 152923 143585 145722 152190
152924 152945 152929 152934 152939
152946 153222 153015 153084 153153
