0 813 203 406 609
814 832 818 822 826
833 970 867 901 935
971 1148 1015 1059 1103
1149 3252 1674 2199 2724
3253 3359 3279 3305 3331
3360 3381 3365 3370 3375
3382 3444 3397 3412 3427
3445 3494 3457 3469 3481
3495 3546 3507 3519 3531
3547 3566 3551 3555 3559
3567 3593 3573 3579 3585
3594 3664 3611 3628 3645
3665 3700 3673 3681 3689
3701 3757 3715 3729 3743
3758 3796 3767 3776 3785
3797 3819 3802 3807 3812
3820 3841 3825 3830 3835
3842 3885 3852 3862 3872
3886 3918 3894 3902 3910
3919 3947 3926 3933 3940
3948 3987 3957 3966 3975
3988 4010 3993 3998 4003
4011 4038 4017 4023 4029
4039 4060 4044 4049 4054
4061 4094 4069 4077 4085
4095 4119 4101 4107 4113
4120 4137 4124 4128 4132
4138 4208 4155 4172 4189
4209 4246 4218 4227 4236
4247 4315 4264 4281 4298
4316 4336 4321 4326 4331
4337 4387 4349 4361 4373
4388 4433 4399 4410 4421
4434 4462 4441 4448 4455
4463 4481 4467 4471 4475
4482 4542 4497 4512 4527
4543 4589 4554 4565 4576
4590 4617 4596 4602 4608
4618 4650 4626 4634 4642
4651 4682 4658 4665 4672
4683 4780 4707 4731 4755
4781 4818 4790 4799 4808
4819 4923 4845 4871 4897
4924 4942 4928 4932 4936
4943 4987 4954 4965 4976
4988 5022 4996 5004 5012
5023 5073 5035 5047 5059
5074 5140 5090 5106 5122
5141 5242 5166 5191 5216
5243 5621 5337 5431 5525
5622 5803 5667 5712 5757
5804 6465 5969 6134 6299
6466 6483 6470 6474 6478
6484 6503 6488 6492 6496
6504 6526 6509 6514 6519
6527 6576 6539 6551 6563
6577 6710 6610 6643 6676
6711 6812 6736 6761 6786
6813 6857 6824 6835 6846
6858 6950 6881 6904 6927
6951 7013 6966 6981 6996
7014 7111 7038 7062 7086
7112 7357 7173 7234 7295
7358 7425 7374 7390 7406
7426 7460 7434 7442 7450
7461 7544 7481 7501 7521
7545 7610 7561 7577 7593
7611 7668 7625 7639 7653
7669 7802 7702 7735 7768
7803 7871 7820 7837 7854
7872 7935 7887 7902 7917
7936 8099 7976 8016 8056
8100 8154 8113 8126 8139
8155 8307 8193 8231 8269
8308 8355 8319 8330 8341
8356 8396 8366 8376 8386
8397 8599 8447 8497 8547
8600 8777 8644 8688 8732
8778 8829 8790 8802 8814
8830 8921 8852 8874 8896
8922 9028 8948 8974 9000
9029 9141 9057 9085 9113
9142 9221 9161 9180 9199
9222 9265 9232 9242 9252
9266 9345 9285 9304 9323
9346 9432 9367 9388 9409
9433 9627 9481 9529 9577
9628 9748 9658 9688 9718
9749 9806 9763 9777 9791
9807 9886 9826 9845 9864
9887 9983 9911 9935 9959
9984 10027 9994 10004 10014
10028 10145 10057 10086 10115
10146 10273 10177 10208 10239
10274 10327 10287 10300 10313
10328 10378 10340 10352 10364
10379 10428 10391 10403 10415
10429 10589 10469 10509 10549
10590 10633 10600 10610 10620
10634 10707 10652 10670 10688
10708 10768 10723 10738 10753
10769 11196 10875 10981 11087
11197 11215 11201 11205 11209
11216 11355 11250 11284 11318
11356 11534 11400 11444 11488
11535 11845 11612 11689 11766
11846 11930 11867 11888 11909
11931 12039 11958 11985 12012
12040 13037 12289 12538 12787
13038 13221 13083 13128 13173
13222 13289 13238 13254 13270
13290 13367 13309 13328 13347
13368 13419 13380 13392 13404
13420 13436 13424 13428 13432
13437 13548 13464 13491 13518
13549 13861 13627 13705 13783
13862 13890 13869 13876 13883
13891 13947 13905 13919 13933
13948 14018 13965 13982 13999
14019 14036 14023 14027 14031
14037 14136 14061 14085 14109
14137 14196 14151 14165 14179
14197 14229 14205 14213 14221
14230 14308 14249 14268 14287
14309 14343 14317 14325 14333
14344 14361 14348 14352 14356
14362 14415 14375 14388 14401
14416 14497 14436 14456 14476
14498 14588 14520 14542 14564
14589 14608 14593 14597 14601
14609 14727 14638 14667 14696
14728 14747 14732 14736 14740
14748 14891 14783 14818 14853
14892 14918 14898 14904 14910
14919 14953 14927 14935 14943
14954 14985 14961 14968 14975
14986 15027 14989 14992 15018
15028 15156 15060 15092 15124
15157 15250 15180 15203 15226
15251 15377 15282 15313 15344
15378 15398 15383 15388 15393
15399 15463 15415 15431 15447
15464 15480 15468 15472 15476
15481 15504 15486 15491 15496
15505 15531 15511 15517 15523
15532 15622 15554 15576 15598
15623 15671 15635 15647 15659
15672 15807 15705 15738 15771
15808 15839 15815 15822 15829
15840 15869 15847 15854 15861
15870 15909 15879 15888 15897
15910 15932 15915 15920 15925
15933 15950 15937 15941 15945
15951 16066 15979 16007 16035
16067 16326 16131 16195 16259
16327 16368 16337 16347 16357
16369 16456 16390 16411 16432
16457 16592 16490 16523 16556
16593 16742 16630 16667 16704
16743 16766 16748 16753 16758
16767 16815 16779 16791 16803
16816 16893 16835 16854 16873
16894 16963 16911 16928 16945
16964 17075 16991 17018 17045
17076 17289 17129 17182 17235
17290 17403 17318 17346 17374
17404 17451 17415 17426 17437
17452 17550 17476 17500 17524
17551 17751 17601 17651 17701
17752 17856 17778 17804 17830
17857 17899 17867 17877 17887
17900 17916 17904 17908 17912
17917 17982 17933 17949 17965
17983 18203 18038 18093 18148
18204 18302 18228 18252 18276
18303 18415 18331 18359 18387
18416 18496 18436 18456 18476
18497 18754 18561 18625 18689
18755 18793 18764 18773 18782
18794 18844 18806 18818 18830
18845 18880 18853 18861 18869
18881 19069 18928 18975 19022
19070 19236 19111 19152 19193
19237 19333 19261 19285 19309
19334 19457 19364 19394 19424
19458 19517 19472 19486 19500
19518 19594 19537 19556 19575
19595 19655 19610 19625 19640
19656 19824 19698 19740 19782
19825 19845 19830 19835 19840
19846 19889 19856 19866 19876
19890 19969 19909 19928 19947
19970 20410 20080 20190 20300
20411 20535 20442 20473 20504
20536 20602 20552 20568 20584
20603 20671 20620 20637 20654
20672 20769 20696 20720 20744
20770 20892 20800 20830 20860
20893 20942 20905 20917 20929
20943 21007 20959 20975 20991
21008 21052 21019 21030 21041
21053 21177 21084 21115 21146
21178 21326 21215 21252 21289
21327 21395 21344 21361 21378
21396 21511 21424 21452 21480
21512 21618 21538 21564 21590
21619 21673 21632 21645 21658
21674 21756 21694 21714 21734
21757 21822 21773 21789 21805
21823 21879 21837 21851 21865
21880 21972 21903 21926 21949
21973 22027 21986 21999 22012
22028 22252 22084 22140 22196
22253 22348 22276 22299 22322
22349 22404 22362 22375 22388
22405 22461 22419 22433 22447
22462 22525 22477 22492 22507
22526 22624 22550 22574 22598
22625 22681 22639 22653 22667
22682 22757 22700 22718 22736
22758 22821 22773 22788 22803
22822 22883 22837 22852 22867
22884 22960 22903 22922 22941
22961 23163 23011 23061 23111
23164 23219 23177 23190 23203
23220 23470 23282 23344 23406
23471 23582 23498 23525 23552
23583 23641 23597 23611 23625
23642 23873 23699 23756 23813
23874 23944 23891 23908 23925
23945 24137 23993 24041 24089
24138 24215 24157 24176 24195
24216 24299 24236 24256 24276
24300 24426 24331 24362 24393
24427 24509 24447 24467 24487
24510 24655 24546 24582 24618
24656 24747 24678 24700 24722
24748 24808 24763 24778 24793
24809 24893 24830 24851 24872
24894 24942 24906 24918 24930
24943 24985 24953 24963 24973
24986 25070 25007 25028 25049
25071 25154 25091 25111 25131
25155 25218 25170 25185 25200
25219 25293 25237 25255 25273
25294 25410 25323 25352 25381
25411 25492 25431 25451 25471
25493 25615 25523 25553 25583
25616 25662 25627 25638 25649
25663 25764 25688 25713 25738
25765 25975 25817 25869 25921
25976 26210 26034 26092 26150
26211 26298 26232 26253 26274
26299 26383 26320 26341 26362
26384 26484 26409 26434 26459
26485 26535 26497 26509 26521
26536 26597 26551 26566 26581
26598 26730 26631 26664 26697
26731 26880 26768 26805 26842
26881 27098 26935 26989 27043
27099 27145 27110 27121 27132
27146 27280 27179 27212 27245
27281 27382 27306 27331 27356
27383 27479 27407 27431 27455
27480 27519 27489 27498 27507
27520 27553 27528 27536 27544
27554 27830 27623 27692 27761
27831 27876 27842 27853 27864
27877 27918 27887 27897 27907
27919 28036 27948 27977 28006
28037 28096 28051 28065 28079
28097 28139 28107 28117 28127
28140 28386 28201 28262 28323
28387 28458 28404 28421 28438
28459 28596 28493 28527 28561
28597 28677 28617 28637 28657
28678 28742 28694 28710 28726
28743 28856 28771 28799 28827
28857 28945 28879 28901 28923
28946 29095 28983 29020 29057
29096 29321 29152 29208 29264
29322 29739 29426 29530 29634
29740 29875 29773 29806 29839
29876 30129 29906 29936 30096
30130 30184 30143 30156 30169
30185 30214 30192 30199 30206
30215 30351 30249 30283 30317
30352 30510 30391 30430 30469
30511 30574 30526 30541 30556
30575 30630 30588 30601 30614
30631 30688 30645 30659 30673
30689 30890 30739 30789 30839
30891 31028 30925 30959 30993
31029 31119 31051 31073 31095
31120 31153 31128 31136 31144
31154 31213 31168 31182 31196
31214 31346 31247 31280 31313
31347 31501 31385 31423 31461
31502 31677 31545 31588 31631
31678 31899 31733 31788 31843
31900 32010 31927 31954 31981
32011 32036 32017 32023 32029
32037 32061 32043 32049 32055
32062 32100 32071 32080 32089
32101 32180 32120 32139 32158
32181 32236 32194 32207 32220
32237 32636 32336 32435 32534
32637 32764 32668 32699 32730
32765 32977 32818 32871 32924
32978 33098 33008 33038 33068
33099 33244 33135 33171 33207
33245 33327 33265 33285 33305
33328 33398 33345 33362 33379
33399 33544 33435 33471 33507
33545 33604 33559 33573 33587
33605 33665 33620 33635 33650
33666 33773 33692 33718 33744
33774 33822 33786 33798 33810
33823 33891 33840 33857 33874
33892 34061 33934 33976 34018
34062 34153 34084 34106 34128
34154 34243 34176 34198 34220
34244 34363 34273 34302 34331
34364 34864 34489 34614 34739
34865 34970 34891 34917 34943
34971 35047 34990 35009 35028
35048 35110 35063 35078 35093
35111 35189 35130 35149 35168
35190 35239 35202 35214 35226
35240 35293 35253 35266 35279
35294 35383 35316 35338 35360
35384 35447 35399 35414 35429
35448 35756 35525 35602 35679
35757 35818 35772 35787 35802
35819 35952 35852 35885 35918
35953 36155 36003 36053 36103
36156 36224 36173 36190 36207
36225 36549 36306 36387 36468
36550 36726 36594 36638 36682
36727 36848 36757 36787 36817
36849 37043 36897 36945 36993
37044 37061 37048 37052 37056
37062 37080 37066 37070 37074
37081 37108 37087 37093 37099
37109 37132 37114 37119 37124
37133 37304 37175 37217 37259
37305 37337 37313 37321 37329
37338 37414 37357 37376 37395
37415 37525 37442 37469 37496
37526 37565 37535 37544 37553
37566 37599 37574 37582 37590
37600 37707 37626 37652 37678
37708 37798 37730 37752 37774
37799 37913 37827 37855 37883
37914 37954 37924 37934 37944
37955 38074 37984 38013 38042
38075 38128 38088 38101 38114
38129 38162 38137 38145 38153
38163 38265 38188 38213 38238
38266 38357 38288 38310 38332
38358 38441 38378 38398 38418
38442 38590 38479 38516 38553
38591 38621 38598 38605 38612
38622 38694 38640 38658 38676
38695 38827 38728 38761 38794
38828 39039 38880 38932 38984
39040 39146 39066 39092 39118
39147 39214 39163 39179 39195
39215 39303 39237 39259 39281
39304 39386 39324 39344 39364
39387 39406 39391 39395 39399
39407 39460 39420 39433 39446
39461 39547 39482 39503 39524
39548 39660 39576 39604 39632
39661 39769 39688 39715 39742
39770 39879 39797 39824 39851
39880 39967 39901 39922 39943
39968 40131 40008 40048 40088
40132 40235 40157 40182 40207
40236 40437 40286 40336 40386
40438 40597 40477 40516 40555
40598 40756 40637 40676 40715
40757 40814 40771 40785 40799
40815 40876 40830 40845 40860
40877 40930 40890 40903 40916
40931 41211 41001 41071 41141
41212 41478 41278 41344 41410
41479 41563 41500 41521 41542
41564 41726 41604 41644 41684
41727 41840 41755 41783 41811
41841 41981 41876 41911 41946
41982 42046 41998 42014 42030
42047 42480 42155 42263 42371
42481 42520 42490 42499 42508
42521 42554 42529 42537 42545
42555 42687 42588 42621 42654
42688 42735 42699 42710 42721
42736 42852 42765 42794 42823
42853 42923 42870 42887 42904
42924 42954 42931 42938 42945
42955 43751 43154 43353 43552
43752 43996 43813 43874 43935
43997 44111 44025 44053 44081
44112 44331 44166 44220 44274
44332 44412 44352 44372 44392
44413 44464 44425 44437 44449
44465 44579 44493 44521 44549
44580 44642 44595 44610 44625
44643 44854 44695 44747 44799
44855 45202 44891 44927 45150
45203 45364 45243 45283 45323
45365 45529 45406 45447 45488
45530 45606 45549 45568 45587
45607 45733 45638 45669 45700
45734 45876 45769 45804 45839
45877 45949 45895 45913 45931
45950 46043 45973 45996 46019
46044 46079 46052 46060 46068
46080 46213 46113 46146 46179
46214 46246 46222 46230 46238
46247 46498 46309 46371 46433
46499 46552 46512 46525 46538
46553 46576 46558 46563 46568
46577 46612 46585 46593 46601
46613 46635 46618 46623 46628
46636 46660 46642 46648 46654
46661 46682 46666 46671 46676
46683 46700 46687 46691 46695
46701 46729 46708 46715 46722
46730 46752 46735 46740 46745
46753 46803 46765 46777 46789
46804 46835 46811 46818 46825
46836 46861 46842 46848 46854
46862 46894 46870 46878 46886
46895 47018 46925 46955 46985
47019 47038 47023 47027 47031
47039 47055 47043 47047 47051
47056 47253 47105 47154 47203
47254 47293 47263 47272 47281
47294 47424 47326 47358 47390
47425 47515 47447 47469 47491
47516 47634 47545 47574 47603
47635 47821 47681 47727 47773
47822 47887 47838 47854 47870
47888 47988 47913 47938 47963
47989 48097 48016 48043 48070
48098 48213 48126 48154 48182
48214 48245 48221 48228 48235
48246 48299 48259 48272 48285
48300 48324 48306 48312 48318
48325 48356 48332 48339 48346
48357 48374 48361 48365 48369
48375 48391 48379 48383 48387
48392 48423 48399 48406 48413
48424 48450 48430 48436 48442
48451 48477 48457 48463 48469
48478 48494 48482 48486 48490
48495 48540 48506 48517 48528
48541 48611 48558 48575 48592
48612 48644 48620 48628 48636
48645 48680 48653 48661 48669
48681 48699 48685 48689 48693
48700 48797 48724 48748 48772
48798 48860 48813 48828 48843
48861 48877 48865 48869 48873
48878 48899 48883 48888 48893
48900 48918 48904 48908 48912
48919 48957 48928 48937 48946
48958 49062 48984 49010 49036
49063 49085 49068 49073 49078
49086 49106 49091 49096 49101
49107 49164 49121 49135 49149
49165 49233 49182 49199 49216
49234 49323 49256 49278 49300
49324 49363 49333 49342 49351
49364 49635 49431 49498 49565
49636 49848 49689 49742 49795
49849 49868 49853 49857 49861
49869 49891 49874 49879 49884
49892 49908 49896 49900 49904
49909 49938 49916 49923 49930
49939 49977 49948 49957 49966
49978 50006 49985 49992 49999
50007 50029 50012 50017 50022
50030 50053 50035 50040 50045
50054 50080 50060 50066 50072
50081 50105 50087 50093 50099
50106 50124 50110 50114 50118
50125 50143 50129 50133 50137
50144 50162 50148 50152 50156
50163 50181 50167 50171 50175
50182 50205 50187 50192 50197
50206 50224 50210 50214 50218
50225 50247 50230 50235 50240
50248 50310 50263 50278 50293
50311 50343 50319 50327 50335
50344 50393 50356 50368 50380
50394 50410 50398 50402 50406
50411 50427 50415 50419 50423
50428 50446 50432 50436 50440
50447 50469 50452 50457 50462
50470 50487 50474 50478 50482
50488 50507 50492 50496 50500
50508 50526 50512 50516 50520
50527 50551 50533 50539 50545
50552 50568 50556 50560 50564
50569 50585 50573 50577 50581
50586 50602 50590 50594 50598
50603 50629 50609 50615 50621
50630 50657 50636 50642 50648
50658 50680 50663 50668 50673
50681 50698 50685 50689 50693
50699 50718 50703 50707 50711
50719 50778 50733 50747 50761
50779 50819 50789 50799 50809
50820 50837 50824 50828 50832
50838 50869 50845 50852 50859
50870 50888 50874 50878 50882
50889 50906 50893 50897 50901
50907 50924 50911 50915 50919
50925 50951 50931 50937 50943
50952 51001 50964 50976 50988
51002 51019 51006 51010 51014
51020 51040 51025 51030 51035
51041 51073 51049 51057 51065
51074 51092 51078 51082 51086
51093 51143 51105 51117 51129
51144 51160 51148 51152 51156
51161 51184 51166 51171 51176
51185 51202 51189 51193 51197
51203 51240 51212 51221 51230
51241 51337 51265 51289 51313
51338 51389 51350 51362 51374
51390 51441 51402 51414 51426
51442 51480 51451 51460 51469
51481 51498 51485 51489 51493
51499 51593 51522 51545 51568
51594 51624 51601 51608 51615
51625 51647 51630 51635 51640
51648 51685 51657 51666 51675
51686 51706 51691 51696 51701
51707 51726 51711 51715 51719
51727 51744 51731 51735 51739
51745 51767 51750 51755 51760
51768 51789 51773 51778 51783
51790 51812 51795 51800 51805
51813 51842 51820 51827 51834
51843 51863 51848 51853 51858
51864 51883 51868 51872 51876
51884 51925 51894 51904 51914
51926 51967 51936 51946 51956
51968 52001 51976 51984 51992
52002 52019 52006 52010 52014
52020 52038 52024 52028 52032
52039 52068 52046 52053 52060
52069 52118 52081 52093 52105
52119 52170 52131 52143 52155
52171 52188 52175 52179 52183
52189 52230 52199 52209 52219
52231 52247 52235 52239 52243
52248 52323 52266 52284 52302
52324 52421 52348 52372 52396
52422 52439 52426 52430 52434
52440 52467 52446 52452 52458
52468 52493 52474 52480 52486
52494 52515 52499 52504 52509
52516 52535 52520 52524 52528
52536 52556 52541 52546 52551
52557 52766 52609 52661 52713
52767 52800 52775 52783 52791
52801 52822 52806 52811 52816
52823 52840 52827 52831 52835
52841 52857 52845 52849 52853
52858 52879 52863 52868 52873
52880 52900 52885 52890 52895
52901 52920 52905 52909 52913
52921 52999 52940 52959 52978
53000 53068 53017 53034 53051
53069 53087 53073 53077 53081
53088 53104 53092 53096 53100
53105 53128 53110 53115 53120
53129 53174 53140 53151 53162
53175 53194 53179 53183 53187
53195 53232 53204 53213 53222
53233 53271 53242 53251 53260
53272 53342 53289 53306 53323
53343 53359 53347 53351 53355
53360 53409 53372 53384 53396
53410 53438 53417 53424 53431
53439 53459 53444 53449 53454
53460 53532 53478 53496 53514
53533 53563 53540 53547 53554
53564 53622 53578 53592 53606
53623 53709 53644 53665 53686
53710 53782 53728 53746 53764
53783 53838 53796 53809 53822
53839 53855 53843 53847 53851
53856 53882 53862 53868 53874
53883 53958 53901 53919 53937
53959 53978 53963 53967 53971
53979 54044 53995 54011 54027
54045 54071 54051 54057 54063
54072 54111 54081 54090 54099
54112 54148 54121 54130 54139
54149 54266 54178 54207 54236
54267 54329 54282 54297 54312
54330 54347 54334 54338 54342
54348 54448 54373 54398 54423
54449 54483 54457 54465 54473
54484 54602 54513 54542 54571
54603 54619 54607 54611 54615
54620 54639 54624 54628 54632
54640 54683 54650 54660 54670
54684 54700 54688 54692 54696
54701 54732 54708 54715 54722
54733 54757 54739 54745 54751
54758 54818 54773 54788 54803
54819 54851 54827 54835 54843
54852 54904 54865 54878 54891
54905 54929 54911 54917 54923
54930 54962 54938 54946 54954
54963 54982 54967 54971 54975
54983 55002 54987 54991 54995
55003 55033 55010 55017 55024
55034 55058 55040 55046 55052
55059 55088 55066 55073 55080
55089 55110 55094 55099 55104
55111 55275 55152 55193 55234
55276 55295 55280 55284 55288
55296 55315 55300 55304 55308
55316 55355 55325 55334 55343
55356 55382 55362 55368 55374
55383 55401 55387 55391 55395
55402 55440 55411 55420 55429
55441 55458 55445 55449 55453
55459 55475 55463 55467 55471
55476 55503 55482 55488 55494
55504 55526 55509 55514 55519
55527 55575 55539 55551 55563
55576 55592 55580 55584 55588
55593 55615 55598 55603 55608
55616 55678 55631 55646 55661
55679 55709 55686 55693 55700
55710 55758 55722 55734 55746
55759 55775 55763 55767 55771
55776 55812 55785 55794 55803
55813 55835 55818 55823 55828
55836 55873 55845 55854 55863
55874 55932 55888 55902 55916
55933 55971 55942 55951 55960
55972 56000 55979 55986 55993
56001 56033 56009 56017 56025
56034 56080 56045 56056 56067
56081 56125 56092 56103 56114
56126 56149 56131 56136 56141
56150 56169 56154 56158 56162
56170 56186 56174 56178 56182
56187 56216 56194 56201 56208
56217 56233 56221 56225 56229
56234 56303 56251 56268 56285
56304 56365 56319 56334 56349
56366 56393 56372 56378 56384
56394 56457 56409 56424 56439
56458 56487 56465 56472 56479
56488 56532 56499 56510 56521
56533 56569 56542 56551 56560
56570 56590 56575 56580 56585
56591 56609 56595 56599 56603
56610 56648 56619 56628 56637
56649 56666 56653 56657 56661
56667 56706 56676 56685 56694
56707 56745 56716 56725 56734
56746 56771 56752 56758 56764
56772 56823 56784 56796 56808
56824 56879 56837 56850 56863
56880 56897 56884 56888 56892
56898 56922 56904 56910 56916
56923 56946 56928 56933 56938
56947 57017 56964 56981 56998
57018 57038 57023 57028 57033
57039 57061 57044 57049 57054
57062 57089 57068 57074 57080
57090 57140 57102 57114 57126
57141 57164 57146 57151 57156
57165 57183 57169 57173 57177
57184 57202 57188 57192 57196
57203 57223 57208 57213 57218
57224 57243 57228 57232 57236
57244 57279 57252 57260 57268
57280 57334 57293 57306 57319
57335 57385 57347 57359 57371
57386 57403 57390 57394 57398
57404 57421 57408 57412 57416
57422 57445 57427 57432 57437
57446 57464 57450 57454 57458
57465 57488 57470 57475 57480
57489 57507 57493 57497 57501
57508 57530 57513 57518 57523
57531 57551 57536 57541 57546
57552 57572 57557 57562 57567
57573 57596 57578 57583 57588
57597 57702 57623 57649 57675
57703 57719 57707 57711 57715
57720 57759 57729 57738 57747
57760 57779 57764 57768 57772
57780 57808 57787 57794 57801
57809 57839 57816 57823 57830
57840 57870 57847 57854 57861
57871 57889 57875 57879 57883
57890 57913 57895 57900 57905
57914 57941 57920 57926 57932
57942 57967 57948 57954 57960
57968 57996 57975 57982 57989
57997 58019 58002 58007 58012
58020 58039 58024 58028 58032
58040 58056 58044 58048 58052
58057 58075 58061 58065 58069
58076 58113 58085 58094 58103
58114 58134 58119 58124 58129
58135 58154 58139 58143 58147
58155 58179 58161 58167 58173
58180 58196 58184 58188 58192
58197 58218 58202 58207 58212
58219 58243 58225 58231 58237
58244 58309 58260 58276 58292
58310 58329 58314 58318 58322
58330 58387 58344 58358 58372
58388 58422 58396 58404 58412
58423 58691 58490 58557 58624
58692 58758 58708 58724 58740
58759 59077 58838 58917 58996
59078 59126 59090 59102 59114
59127 59149 59132 59137 59142
59150 59176 59156 59162 59168
59177 59212 59185 59193 59201
59213 59253 59223 59233 59243
59254 59270 59258 59262 59266
59271 59316 59282 59293 59304
59317 59337 59322 59327 59332
59338 59504 59379 59420 59461
59505 59535 59512 59519 59526
59536 59558 59541 59546 59551
59559 59579 59564 59569 59574
59580 59602 59585 59590 59595
59603 59678 59621 59639 59657
59679 59696 59683 59687 59691
59697 59783 59718 59739 59760
59784 59882 59808 59832 59856
59883 59966 59903 59923 59943
59967 60032 59975 59983 60024
60033 60050 60037 60041 60045
60051 60130 60070 60089 60108
60131 60169 60140 60149 60158
60170 60203 60178 60186 60194
60204 60259 60217 60230 60243
60260 60288 60267 60274 60281
60289 60305 60293 60297 60301
60306 60385 60325 60344 60363
60386 60402 60390 60394 60398
60403 60419 60407 60411 60415
60420 60472 60433 60446 60459
60473 60491 60477 60481 60485
60492 60509 60496 60500 60504
60510 60526 60514 60518 60522
60527 60573 60538 60549 60560
60574 60591 60578 60582 60586
60592 60610 60596 60600 60604
60611 60639 60618 60625 60632
60640 60658 60644 60648 60652
60659 60676 60663 60667 60671
60677 60694 60681 60685 60689
60695 60716 60700 60705 60710
60717 60740 60722 60727 60732
60741 60760 60745 60749 60753
60761 60836 60779 60797 60815
60837 60878 60847 60857 60867
60879 60924 60890 60901 60912
60925 60945 60930 60935 60940
60946 60966 60951 60956 60961
60967 61027 60982 60997 61012
61028 61104 61047 61066 61085
61105 61121 61109 61113 61117
61122 61138 61126 61130 61134
61139 61163 61145 61151 61157
61164 61238 61182 61200 61218
61239 61255 61243 61247 61251
61256 61331 61274 61292 61310
61332 61358 61338 61344 61350
61359 61407 61371 61383 61395
61408 61426 61412 61416 61420
61427 61458 61434 61441 61448
61459 61489 61466 61473 61480
61490 61509 61494 61498 61502
61510 61533 61515 61520 61525
61534 61551 61538 61542 61546
61552 61570 61556 61560 61564
61571 61589 61575 61579 61583
61590 61618 61597 61604 61611
61619 61644 61625 61631 61637
61645 61669 61651 61657 61663
61670 61692 61675 61680 61685
61693 61720 61699 61705 61711
61721 61741 61726 61731 61736
61742 61758 61746 61750 61754
61759 61780 61764 61769 61774
61781 61802 61786 61791 61796
61803 61821 61807 61811 61815
61822 61839 61826 61830 61834
61840 61860 61845 61850 61855
61861 61877 61865 61869 61873
61878 61902 61884 61890 61896
61903 61925 61908 61913 61918
61926 61949 61931 61936 61941
61950 61974 61956 61962 61968
61975 61999 61981 61987 61993
62000 62207 62051 62102 62153
62208 62224 62212 62216 62220
62225 62299 62243 62261 62279
62300 62353 62313 62326 62339
62354 62432 62373 62392 62411
62433 62511 62452 62471 62490
62512 62532 62517 62522 62527
62533 62712 62577 62621 62665
62713 62928 62766 62819 62872
62929 63018 62951 62973 62995
63019 63074 63032 63045 63058
63075 63177 63100 63125 63150
63178 63260 63198 63218 63238
63261 63327 63277 63293 63309
63328 63411 63348 63368 63388
63412 63587 63455 63498 63541
63588 63607 63592 63596 63600
63608 63720 63636 63664 63692
63721 63739 63725 63729 63733
63740 63799 63754 63768 63782
63800 63820 63805 63810 63815
63821 63837 63825 63829 63833
63838 63902 63854 63870 63886
63903 63925 63908 63913 63918
63926 63942 63930 63934 63938
63943 63980 63952 63961 63970
63981 64013 63989 63997 64005
64014 64062 64026 64038 64050
64063 64079 64067 64071 64075
64080 64115 64088 64096 64104
64116 64143 64122 64128 64134
64144 64161 64148 64152 64156
64162 64187 64168 64174 64180
64188 64213 64194 64200 64206
64214 64246 64222 64230 64238
64247 64321 64265 64283 64301
64322 64341 64326 64330 64334
64342 64363 64347 64352 64357
64364 64387 64369 64374 64379
64388 64494 64414 64440 64466
64495 64530 64503 64511 64519
64531 64742 64583 64635 64687
64743 64868 64774 64805 64836
64869 64990 64899 64929 64959
64991 65091 65016 65041 65066
65092 65141 65104 65116 65128
65142 65218 65161 65180 65199
65219 65250 65226 65233 65240
65251 65454 65301 65351 65401
65455 65711 65519 65583 65647
65712 65758 65723 65734 65745
65759 65801 65769 65779 65789
65802 66179 65896 65990 66084
66180 66554 66273 66366 66459
66555 66667 66583 66611 66639
66668 66744 66687 66706 66725
66745 66865 66775 66805 66835
66866 67007 66901 66936 66971
67008 67117 67035 67062 67089
67118 67156 67127 67136 67145
67157 67229 67175 67193 67211
67230 67281 67242 67254 67266
67282 67306 67288 67294 67300
67307 67362 67320 67333 67346
67363 67387 67369 67375 67381
67388 67434 67399 67410 67421
67435 67472 67444 67453 67462
67473 67517 67484 67495 67506
67518 67653 67551 67584 67617
67654 67701 67665 67676 67687
67702 67750 67714 67726 67738
67751 67778 67757 67763 67769
67779 67959 67824 67869 67914
67960 68010 67972 67984 67996
68011 68051 68021 68031 68041
68052 68140 68074 68096 68118
68141 68307 68182 68223 68264
68308 68368 68323 68338 68353
68369 68433 68385 68401 68417
68434 68512 68453 68472 68491
68513 68705 68561 68609 68657
68706 68735 68713 68720 68727
68736 68860 68767 68798 68829
68861 68877 68865 68869 68873
68878 68918 68888 68898 68908
68919 68966 68930 68941 68952
68967 68986 68971 68975 68979
68987 69114 69018 69049 69080
69115 69135 69120 69125 69130
69136 69152 69140 69144 69148
69153 69286 69186 69219 69252
69287 69416 69319 69351 69383
69417 69504 69438 69459 69480
69505 69578 69523 69541 69559
69579 69709 69611 69643 69675
69710 69848 69744 69778 69812
69849 69939 69871 69893 69915
69940 69957 69944 69948 69952
69958 70196 70017 70076 70135
70197 70367 70239 70281 70323
70368 70386 70372 70376 70380
70387 70406 70391 70395 70399
70407 70551 70443 70479 70515
70552 70655 70577 70602 70627
70656 70706 70668 70680 70692
70707 70723 70711 70715 70719
70724 70753 70731 70738 70745
70754 70772 70758 70762 70766
70773 70789 70777 70781 70785
70790 70889 70814 70838 70862
70890 70996 70916 70942 70968
70997 71053 71011 71025 71039
71054 71106 71067 71080 71093
71107 71190 71127 71147 71167
71191 71457 71257 71323 71389
71458 71521 71473 71488 71503
71522 71575 71535 71548 71561
71576 71616 71586 71596 71606
71617 71737 71647 71677 71707
71738 71790 71751 71764 71777
71791 71873 71811 71831 71851
71874 71911 71883 71892 71901
71912 72000 71934 71956 71978
72001 72102 72026 72051 72076
72103 72200 72127 72151 72175
72201 72217 72205 72209 72213
72218 72234 72222 72226 72230
72235 72256 72240 72245 72250
72257 72274 72261 72265 72269
72275 72291 72279 72283 72287
72292 72317 72298 72304 72310
72318 72336 72322 72326 72330
72337 72357 72342 72347 72352
72358 72374 72362 72366 72370
72375 72391 72379 72383 72387
72392 72415 72397 72402 72407
72416 72477 72431 72446 72461
72478 72496 72482 72486 72490
72497 72571 72515 72533 72551
72572 72635 72587 72602 72617
72636 72686 72648 72660 72672
72687 72705 72691 72695 72699
72706 72732 72712 72718 72724
72733 72749 72737 72741 72745
72750 72780 72757 72764 72771
72781 72804 72786 72791 72796
72805 73031 72861 72917 72973
73032 73050 73036 73040 73044
73051 73077 73057 73063 73069
73078 73094 73082 73086 73090
73095 73121 73101 73107 73113
73122 73141 73126 73130 73134
73142 73173 73149 73156 73163
73174 73238 73190 73206 73222
73239 73339 73264 73289 73314
73340 73379 73349 73358 73367
73380 73439 73394 73408 73422
73440 73464 73446 73452 73458
73465 73507 73475 73485 73495
73508 73530 73513 73518 73523
73531 73562 73538 73545 73552
73563 73671 73590 73617 73644
73672 73690 73676 73680 73684
73691 73729 73700 73709 73718
73730 73753 73735 73740 73745
73754 73845 73776 73798 73820
73846 73909 73861 73876 73891
73910 73952 73920 73930 73940
73953 73969 73957 73961 73965
73970 74051 73990 74010 74030
74052 74179 74083 74114 74145
74180 74284 74206 74232 74258
74285 74309 74291 74297 74303
74310 74332 74315 74320 74325
74333 74349 74337 74341 74345
74350 74412 74365 74380 74395
74413 74466 74426 74439 74452
74467 74534 74483 74499 74515
74535 74561 74541 74547 74553
74562 74732 74604 74646 74688
74733 74765 74741 74749 74757
74766 74796 74773 74780 74787
74797 74850 74810 74823 74836
74851 74922 74868 74885 74902
74923 74945 74928 74933 74938
74946 75039 74959 74972 75027
75040 75077 75049 75058 75067
75078 75143 75094 75110 75126
75144 75219 75162 75180 75198
75220 75255 75228 75236 75244
75256 75331 75274 75292 75310
75332 75350 75336 75340 75344
75351 75371 75356 75361 75366
75372 75391 75376 75380 75384
75392 75433 75402 75412 75422
75434 75451 75438 75442 75446
75452 75483 75459 75466 75473
75484 75517 75492 75500 75508
75518 75534 75522 75526 75530
75535 75569 75543 75551 75559
75570 75642 75588 75606 75624
75643 75681 75652 75661 75670
75682 75698 75686 75690 75694
75699 75716 75703 75707 75711
75717 75741 75723 75729 75735
75742 75771 75749 75756 75763
75772 75797 75778 75784 75790
75798 75815 75802 75806 75810
75816 75852 75825 75834 75843
75853 75897 75864 75875 75886
75898 75917 75902 75906 75910
75918 75966 75930 75942 75954
75967 75990 75972 75977 75982
75991 76011 75996 76001 76006
76012 76059 76023 76034 76045
76060 76080 76065 76070 76075
76081 76100 76085 76089 76093
76101 76143 76111 76121 76131
76144 76178 76152 76160 76168
76179 76195 76183 76187 76191
76196 76224 76203 76210 76217
76225 76257 76233 76241 76249
76258 76319 76273 76288 76303
76320 76375 76333 76346 76359
76376 76392 76380 76384 76388
76393 76413 76398 76403 76408
76414 76489 76432 76450 76468
76490 76513 76495 76500 76505
76514 76544 76521 76528 76535
76545 76591 76556 76567 76578
76592 76613 76597 76602 76607
76614 76640 76620 76626 76632
76641 76657 76645 76649 76653
76658 76675 76662 76666 76670
76676 76728 76689 76702 76715
76729 76746 76733 76737 76741
76747 76804 76761 76775 76789
76805 76827 76810 76815 76820
76828 76868 76838 76848 76858
76869 76886 76873 76877 76881
76887 76904 76891 76895 76899
76905 76932 76911 76917 76923
76933 76960 76939 76945 76951
76961 76985 76967 76973 76979
76986 77031 76997 77008 77019
77032 77059 77038 77044 77050
77060 77106 77071 77082 77093
77107 77137 77114 77121 77128
77138 77158 77143 77148 77153
77159 77192 77167 77175 77183
77193 77209 77197 77201 77205
77210 77226 77214 77218 77222
77227 77243 77231 77235 77239
77244 77284 77254 77264 77274
77285 77313 77292 77299 77306
77314 77333 77318 77322 77326
77334 77362 77341 77348 77355
77363 77390 77369 77375 77381
77391 77440 77403 77415 77427
77441 77498 77455 77469 77483
77499 77530 77506 77513 77520
77531 77550 77535 77539 77543
77551 77576 77557 77563 77569
77577 77601 77583 77589 77595
77602 77651 77614 77626 77638
77652 77703 77664 77676 77688
77704 77728 77710 77716 77722
77729 77749 77734 77739 77744
77750 77766 77754 77758 77762
77767 77786 77771 77775 77779
77787 77804 77791 77795 77799
77805 77831 77811 77817 77823
77832 77863 77839 77846 77853
77864 77959 77887 77910 77933
77960 77983 77965 77970 77975
77984 78002 77988 77992 77996
78003 78049 78014 78025 78036
78050 78148 78074 78098 78122
78149 78172 78154 78159 78164
78173 78196 78178 78183 78188
78197 78299 78222 78247 78272
78300 78340 78310 78320 78330
78341 78420 78360 78379 78398
78421 78438 78425 78429 78433
78439 78486 78450 78461 78472
78487 78517 78494 78501 78508
78518 78539 78523 78528 78533
78540 78560 78545 78550 78555
78561 78577 78565 78569 78573
78578 78608 78585 78592 78599
78609 78627 78613 78617 78621
78628 78671 78638 78648 78658
78672 78725 78685 78698 78711
78726 78754 78733 78740 78747
78755 78785 78762 78769 78776
78786 78824 78795 78804 78813
78825 78843 78829 78833 78837
78844 78861 78848 78852 78856
78862 78885 78867 78872 78877
78886 78913 78892 78898 78904
78914 78950 78923 78932 78941
78951 78985 78959 78967 78975
78986 79034 78998 79010 79022
79035 79066 79042 79049 79056
79067 79090 79072 79077 79082
79091 79128 79100 79109 79118
79129 79151 79134 79139 79144
79152 79191 79161 79170 79179
79192 79210 79196 79200 79204
79211 79227 79215 79219 79223
79228 79282 79241 79254 79267
79283 79305 79288 79293 79298
79306 79371 79322 79338 79354
79372 79408 79381 79390 79399
79409 79436 79415 79421 79427
79437 79453 79441 79445 79449
79454 79518 79470 79486 79502
79519 79626 79545 79571 79597
79627 79682 79640 79653 79666
79683 79699 79687 79691 79695
79700 79716 79704 79708 79712
79717 79733 79721 79725 79729
79734 79752 79738 79742 79746
79753 79784 79760 79767 79774
79785 79810 79791 79797 79803
79811 79902 79833 79855 79877
79903 79928 79909 79915 79921
79929 79945 79933 79937 79941
79946 79967 79951 79956 79961
79968 79989 79973 79978 79983
79990 80006 79994 79998 80002
80007 80027 80012 80017 80022
80028 80050 80033 80038 80043
80051 80071 80056 80061 80066
80072 80096 80078 80084 80090
80097 80114 80101 80105 80109
80115 80142 80121 80127 80133
80143 80172 80150 80157 80164
80173 80204 80180 80187 80194
80205 80249 80216 80227 80238
80250 80267 80254 80258 80262
80268 80290 80273 80278 80283
80291 80326 80299 80307 80315
80327 80346 80331 80335 80339
80347 80366 80351 80355 80359
80367 80408 80377 80387 80397
80409 80473 80425 80441 80457
80474 80493 80478 80482 80486
80494 80513 80498 80502 80506
80514 80549 80522 80530 80538
80550 80566 80554 80558 80562
80567 80587 80572 80577 80582
80588 80617 80595 80602 80609
80618 80635 80622 80626 80630
80636 80667 80643 80650 80657
80668 80684 80672 80676 80680
80685 80711 80691 80697 80703
80712 80738 80718 80724 80730
80739 80767 80746 80753 80760
80768 80822 80781 80794 80807
80823 80840 80827 80831 80835
80841 80860 80845 80849 80853
80861 80932 80878 80895 80912
80933 80951 80937 80941 80945
80952 80972 80957 80962 80967
80973 80998 80979 80985 80991
80999 81033 81007 81015 81023
81034 81057 81039 81044 81049
81058 81075 81062 81066 81070
81076 81094 81080 81084 81088
81095 81117 81100 81105 81110
81118 81135 81122 81126 81130
81136 81159 81141 81146 81151
81160 81176 81164 81168 81172
81177 81197 81182 81187 81192
81198 81221 81203 81208 81213
81222 81239 81226 81230 81234
81240 81257 81244 81248 81252
81258 81282 81264 81270 81276
81283 81300 81287 81291 81295
81301 81320 81305 81309 81313
81321 81347 81327 81333 81339
81348 81365 81352 81356 81360
81366 81383 81370 81374 81378
81384 81402 81388 81392 81396
81403 81419 81407 81411 81415
81420 81439 81424 81428 81432
81440 81467 81446 81452 81458
81468 81484 81472 81476 81480
81485 81503 81489 81493 81497
81504 81537 81512 81520 81528
81538 81556 81542 81546 81550
81557 81575 81561 81565 81569
81576 81597 81581 81586 81591
81598 81619 81603 81608 81613
81620 81639 81624 81628 81632
81640 81662 81645 81650 81655
81663 81679 81667 81671 81675
81680 81697 81684 81688 81692
81698 81718 81703 81708 81713
81719 81743 81725 81731 81737
81744 81763 81748 81752 81756
81764 81780 81768 81772 81776
81781 81804 81786 81791 81796
81805 81828 81810 81815 81820
81829 81848 81833 81837 81841
81849 81880 81856 81863 81870
81881 81899 81885 81889 81893
81900 81921 81905 81910 81915
81922 81968 81933 81944 81955
81969 81989 81974 81979 81984
81990 82023 81998 82006 82014
82024 82042 82028 82032 82036
82043 82070 82049 82055 82061
82071 82133 82086 82101 82116
82134 82185 82146 82158 82170
82186 82202 82190 82194 82198
82203 82261 82217 82231 82245
82262 82281 82266 82270 82274
82282 82316 82290 82298 82306
82317 82342 82323 82329 82335
82343 82361 82347 82351 82355
82362 82393 82369 82376 82383
82394 82483 82416 82438 82460
82484 82500 82488 82492 82496
82501 82519 82505 82509 82513
82520 82536 82524 82528 82532
82537 82553 82541 82545 82549
82554 82597 82564 82574 82584
82598 82615 82602 82606 82610
82616 82635 82620 82624 82628
82636 82711 82654 82672 82690
82712 82728 82716 82720 82724
82729 82765 82738 82747 82756
82766 82782 82770 82774 82778
82783 82803 82788 82793 82798
82804 82823 82808 82812 82816
82824 82855 82831 82838 82845
82856 82900 82867 82878 82889
82901 82917 82905 82909 82913
82918 82936 82922 82926 82930
82937 82956 82941 82945 82949
82957 82980 82962 82967 82972
82981 83005 82987 82993 82999
83006 83026 83011 83016 83021
83027 83079 83040 83053 83066
83080 83099 83084 83088 83092
83100 83119 83104 83108 83112
83120 83149 83127 83134 83141
83150 83170 83155 83160 83165
83171 83187 83175 83179 83183
83188 83213 83194 83200 83206
83214 83247 83222 83230 83238
83248 83270 83253 83258 83263
83271 83290 83275 83279 83283
83291 83310 83295 83299 83303
83311 83330 83315 83319 83323
83331 83347 83335 83339 83343
83348 83365 83352 83356 83360
83366 83387 83371 83376 83381
83388 83406 83392 83396 83400
83407 83426 83411 83415 83419
83427 83465 83436 83445 83454
83466 83499 83474 83482 83490
83500 83520 83505 83510 83515
83521 83551 83528 83535 83542
83552 83571 83556 83560 83564
83572 83622 83584 83596 83608
83623 83646 83628 83633 83638
83647 83709 83662 83677 83692
83710 83744 83718 83726 83734
83745 83765 83750 83755 83760
83766 83794 83773 83780 83787
83795 83816 83800 83805 83810
83817 83838 83822 83827 83832
83839 83882 83849 83859 83869
83883 83923 83893 83903 83913
83924 83949 83930 83936 83942
83950 84007 83964 83978 83992
84008 84028 84013 84018 84023
84029 84047 84033 84037 84041
84048 84065 84052 84056 84060
84066 84098 84074 84082 84090
84099 84117 84103 84107 84111
84118 84154 84127 84136 84145
84155 84177 84160 84165 84170
84178 84195 84182 84186 84190
84196 84219 84201 84206 84211
84220 84242 84225 84230 84235
84243 84298 84256 84269 84282
84299 84331 84307 84315 84323
84332 84348 84336 84340 84344
84349 84384 84357 84365 84373
84385 84402 84389 84393 84397
84403 84423 84408 84413 84418
84424 84446 84429 84434 84439
84447 84471 84453 84459 84465
84472 84495 84477 84482 84487
84496 84514 84500 84504 84508
84515 84531 84519 84523 84527
84532 84551 84536 84540 84544
84552 84571 84556 84560 84564
84572 84589 84576 84580 84584
84590 84606 84594 84598 84602
84607 84631 84613 84619 84625
84632 84876 84693 84754 84815
84877 84930 84890 84903 84916
84931 85005 84949 84967 84985
85006 85085 85025 85044 85063
85086 85211 85117 85148 85179
85212 85675 85327 85442 85557
85676 85727 85688 85700 85712
85728 85774 85739 85750 85761
85775 85807 85783 85791 85799
85808 85861 85821 85834 85847
85862 85893 85869 85876 85883
85894 85930 85903 85912 85921
85931 86025 85954 85977 86000
86026 86042 86030 86034 86038
86043 86065 86048 86053 86058
86066 86193 86097 86128 86159
86194 86354 86234 86274 86314
86355 86447 86378 86401 86424
86448 86575 86479 86510 86541
86576 86640 86592 86608 86624
86641 86685 86652 86663 86674
86686 86755 86703 86720 86737
86756 86816 86771 86786 86801
86817 87054 86876 86935 86994
87055 87086 87062 87069 87076
87087 87131 87098 87109 87120
87132 87181 87144 87156 87168
87182 87228 87193 87204 87215
87229 87304 87247 87265 87283
87305 87350 87316 87327 87338
87351 87382 87358 87365 87372
87383 87432 87395 87407 87419
87433 87450 87437 87441 87445
87451 87476 87457 87463 87469
87477 87513 87486 87495 87504
87514 87545 87521 87528 87535
87546 87583 87555 87564 87573
87584 87602 87588 87592 87596
87603 87621 87607 87611 87615
87622 87646 87628 87634 87640
87647 87665 87651 87655 87659
87666 87684 87670 87674 87678
87685 87703 87689 87693 87697
87704 87724 87709 87714 87719
87725 87754 87732 87739 87746
87755 87777 87760 87765 87770
87778 87808 87785 87792 87799
87809 87832 87814 87819 87824
87833 87858 87839 87845 87851
87859 87892 87867 87875 87883
87893 87924 87900 87907 87914
87925 87963 87934 87943 87952
87964 87983 87968 87972 87976
87984 88011 87990 87996 88002
88012 88033 88017 88022 88027
88034 88092 88048 88062 88076
88093 88155 88108 88123 88138
88156 88172 88160 88164 88168
88173 88190 88177 88181 88185
88191 88287 88215 88239 88263
88288 88318 88295 88302 88309
88319 88348 88326 88333 88340
88349 88492 88384 88419 88454
88493 88617 88524 88555 88586
88618 88722 88644 88670 88696
88723 89192 88840 88957 89074
89193 89467 89261 89329 89397
89468 89523 89481 89494 89507
89524 89583 89538 89552 89566
89584 89622 89593 89602 89611
89623 90042 89717 89811 90030
90043 90080 90052 90061 90070
90081 90147 90097 90113 90129
90148 90245 90172 90196 90220
90246 90286 90256 90266 90276
90287 90564 90356 90425 90494
90565 90598 90573 90581 90589
90599 90798 90648 90697 90746
90799 90870 90816 90833 90850
90871 91095 90927 90983 91039
91096 91269 91139 91182 91225
91270 91396 91301 91332 91363
91397 91547 91434 91471 91508
91548 91714 91589 91630 91671
91715 91752 91724 91733 91742
91753 91914 91793 91833 91873
91915 92060 91951 91987 92023
92061 92112 92073 92085 92097
92113 92140 92119 92125 92131
92141 92415 92209 92277 92345
92416 92514 92440 92464 92488
92515 92665 92552 92589 92626
92666 92918 92729 92792 92855
92919 92945 92925 92931 92937
92946 92982 92955 92964 92973
92983 93034 92995 93007 93019
93035 93058 93040 93045 93050
93059 93364 93135 93211 93287
93365 93455 93387 93409 93431
93456 93499 93466 93476 93486
93500 93582 93520 93540 93560
93583 93605 93588 93593 93598
93606 93622 93610 93614 93618
93623 93732 93650 93677 93704
93733 93831 93757 93781 93805
93832 93909 93851 93870 93889
93910 93950 93920 93930 93940
93951 94040 93973 93995 94017
94041 94075 94049 94057 94065
94076 94135 94090 94104 94118
94136 94165 94143 94150 94157
94166 94418 94229 94292 94355
94419 94438 94423 94427 94431
94439 94580 94474 94509 94544
94581 94653 94599 94617 94635
94654 94705 94666 94678 94690
94706 94788 94726 94746 94766
94789 94811 94794 94799 94804
94812 94885 94830 94848 94866
94886 94961 94904 94922 94940
94962 95081 94991 95020 95049
95082 95210 95114 95146 95178
95211 95376 95252 95293 95334
95377 95574 95426 95475 95524
95575 95639 95591 95607 95623
95640 95686 95651 95662 95673
95687 95747 95702 95717 95732
95748 95961 95801 95854 95907
95962 95999 95971 95980 95989
96000 96108 96027 96054 96081
96109 96266 96148 96187 96226
96267 96361 96290 96313 96336
96362 96399 96371 96380 96389
96400 96434 96408 96416 96424
96435 96570 96468 96501 96534
96571 96688 96600 96629 96658
96689 96746 96703 96717 96731
96747 96881 96780 96813 96846
96882 96908 96888 96894 96900
96909 97060 96946 96983 97020
97061 97110 97073 97085 97097
97111 97201 97133 97155 97177
97202 97245 97212 97222 97232
97246 97293 97257 97268 97279
97294 97341 97305 97316 97327
97342 97435 97365 97388 97411
97436 97501 97452 97468 97484
97502 97582 97522 97542 97562
97583 97632 97595 97607 97619
97633 97755 97663 97693 97723
97756 97804 97768 97780 97792
97805 97890 97826 97847 97868
97891 97935 97902 97913 97924
97936 98009 97954 97972 97990
98010 98042 98018 98026 98034
98043 98085 98053 98063 98073
98086 98123 98095 98104 98113
98124 98172 98136 98148 98160
98173 98201 98180 98187 98194
98202 98231 98209 98216 98223
98232 98316 98253 98274 98295
98317 98354 98326 98335 98344
98355 98499 98391 98427 98463
98500 98651 98537 98574 98611
98652 98743 98674 98696 98718
98744 98801 98758 98772 98786
98802 98865 98817 98832 98847
98866 98934 98883 98900 98917
98935 99036 98960 98985 99010
99037 99092 99050 99063 99076
99093 99162 99110 99127 99144
99163 99290 99194 99225 99256
99291 99473 99336 99381 99426
99474 99631 99513 99552 99591
99632 99922 99704 99776 99848
99923 100127 99974 100025 100076
100128 100392 100194 100260 100326
100393 100447 100406 100419 100432
100448 100576 100480 100512 100544
100577 100657 100597 100617 100637
100658 100902 100719 100780 100841
100903 100994 100925 100947 100969
100995 101079 101016 101037 101058
101080 101096 101084 101088 101092
101097 101187 101119 101141 101163
101188 101235 101199 101210 101221
101236 101340 101262 101288 101314
101341 102053 101519 101697 101875
102054 102166 102082 102110 102138
102167 102457 102239 102311 102383
102458 102542 102479 102500 102521
102543 102618 102561 102579 102597
102619 102717 102643 102667 102691
102718 102760 102728 102738 102748
102761 102843 102781 102801 102821
102844 102908 102860 102876 102892
102909 102929 102914 102919 102924
102930 103044 102958 102986 103014
103045 103064 103049 103053 103057
103065 103116 103077 103089 103101
103117 103253 103151 103185 103219
103254 103299 103265 103276 103287
103300 103370 103317 103334 103351
103371 103417 103382 103393 103404
103418 103488 103435 103452 103469
103489 103551 103504 103519 103534
103552 103624 103570 103588 103606
103625 103689 103641 103657 103673
103690 103814 103721 103752 103783
103815 103920 103841 103867 103893
103921 103977 103935 103949 103963
103978 104126 104015 104052 104089
104127 104191 104143 104159 104175
104192 104251 104206 104220 104234
104252 104362 104279 104306 104333
104363 104433 104380 104397 104414
104434 104482 104446 104458 104470
104483 104560 104502 104521 104540
104561 104689 104593 104625 104657
104690 104853 104730 104770 104810
104854 105052 104890 104926 105039
105053 105148 105076 105099 105122
105149 105213 105165 105181 105197
105214 105333 105243 105272 105301
105334 105463 105366 105398 105430
105464 105549 105485 105506 105527
105550 105591 105560 105570 105580
105592 105629 105601 105610 105619
105630 105703 105648 105666 105684
105704 105724 105709 105714 105719
105725 105741 105729 105733 105737
105742 105774 105750 105758 105766
105775 105801 105781 105787 105793
105802 105872 105819 105836 105853
105873 105896 105878 105883 105888
105897 105922 105903 105909 105915
105923 105954 105930 105937 105944
105955 105981 105961 105967 105973
105982 106023 105992 106002 106012
106024 106051 106030 106036 106042
106052 106141 106074 106096 106118
106142 106202 106157 106172 106187
106203 106241 106212 106221 106230
106242 106293 106254 106266 106278
106294 106318 106300 106306 106312
106319 106356 106328 106337 106346
106357 106383 106363 106369 106375
106384 106401 106388 106392 106396
106402 106420 106406 106410 106414
106421 106440 106425 106429 106433
106441 106468 106447 106453 106459
106469 106550 106489 106509 106529
106551 106571 106556 106561 106566
106572 106626 106585 106598 106611
106627 106645 106631 106635 106639
106646 106662 106650 106654 106658
106663 106689 106669 106675 106681
106690 106740 106702 106714 106726
106741 106812 106758 106775 106792
106813 106837 106819 106825 106831
106838 106859 106843 106848 106853
106860 106884 106866 106872 106878
106885 106902 106889 106893 106897
106903 106923 106908 106913 106918
106924 106948 106930 106936 106942
106949 106974 106955 106961 106967
106975 107003 106982 106989 106996
107004 107026 107009 107014 107019
107027 107054 107033 107039 107045
107055 107130 107073 107091 107109
107131 107171 107141 107151 107161
107172 107188 107176 107180 107184
107189 107214 107195 107201 107207
107215 107234 107219 107223 107227
107235 107251 107239 107243 107247
107252 107269 107256 107260 107264
107270 107290 107275 107280 107285
107291 107459 107333 107375 107417
107460 107484 107466 107472 107478
107485 107501 107489 107493 107497
107502 107533 107509 107516 107523
107534 107552 107538 107542 107546
107553 107570 107557 107561 107565
107571 107587 107575 107579 107583
107588 107605 107592 107596 107600
107606 107624 107610 107614 107618
107625 107648 107630 107635 107640
107649 107669 107654 107659 107664
107670 107690 107675 107680 107685
107691 107708 107695 107699 107703
107709 107740 107716 107723 107730
107741 107758 107745 107749 107753
107759 107776 107763 107767 107771
107777 107809 107785 107793 107801
107810 107828 107814 107818 107822
107829 107854 107835 107841 107847
107855 107872 107859 107863 107867
107873 107896 107878 107883 107888
107897 107914 107901 107905 107909
107915 107931 107919 107923 107927
107932 107956 107938 107944 107950
107957 107973 107961 107965 107969
107974 107997 107979 107984 107989
107998 108020 108003 108008 108013
108021 108048 108027 108033 108039
108049 108066 108053 108057 108061
108067 108099 108075 108083 108091
108100 108116 108104 108108 108112
108117 108146 108124 108131 108138
108147 108163 108151 108155 108159
108164 108207 108174 108184 108194
108208 108225 108212 108216 108220
108226 108244 108230 108234 108238
108245 108285 108255 108265 108275
108286 108303 108290 108294 108298
108304 108329 108310 108316 108322
108330 108347 108334 108338 108342
108348 108386 108357 108366 108375
108387 108403 108391 108395 108399
108404 108424 108409 108414 108419
108425 108449 108431 108437 108443
108450 108474 108456 108462 108468
108475 108503 108482 108489 108496
108504 108527 108509 108514 108519
108528 108549 108533 108538 108543
108550 108578 108557 108564 108571
108579 108609 108586 108593 108600
108610 108628 108614 108618 108622
108629 108659 108636 108643 108650
108660 108724 108676 108692 108708
108725 108747 108730 108735 108740
108748 108790 108758 108768 108778
108791 108807 108795 108799 108803
108808 108834 108814 108820 108826
108835 108906 108852 108869 108886
108907 109069 108947 108987 109027
109070 109111 109080 109090 109100
109112 109222 109139 109166 109193
109223 109345 109253 109283 109313
109346 109425 109365 109384 109403
109426 109471 109437 109448 109459
109472 109505 109480 109488 109496
109506 109531 109512 109518 109524
109532 109571 109541 109550 109559
109572 109610 109581 109590 109599
109611 109629 109615 109619 109623
109630 109653 109635 109640 109645
109654 109682 109661 109668 109675
109683 109700 109687 109691 109695
109701 109719 109705 109709 109713
109720 109736 109724 109728 109732
109737 109754 109741 109745 109749
109755 109785 109762 109769 109776
109786 109827 109796 109806 109816
109828 109848 109833 109838 109843
109849 109878 109856 109863 109870
109879 109903 109885 109891 109897
109904 109921 109908 109912 109916
109922 109944 109927 109932 109937
109945 109961 109949 109953 109957
109962 109980 109966 109970 109974
109981 109998 109985 109989 109993
109999 110015 110003 110007 110011
110016 110036 110021 110026 110031
110037 110062 110043 110049 110055
110063 110100 110072 110081 110090
110101 110122 110106 110111 110116
110123 110151 110130 110137 110144
110152 110168 110156 110160 110164
110169 110198 110176 110183 110190
110199 110229 110206 110213 110220
110230 110259 110237 110244 110251
110260 110287 110266 110272 110278
110288 110310 110293 110298 110303
110311 110328 110315 110319 110323
110329 110384 110342 110355 110368
110385 110416 110392 110399 110406
110417 110441 110423 110429 110435
110442 110466 110448 110454 110460
110467 110502 110475 110483 110491
110503 110542 110512 110521 110530
110543 110562 110547 110551 110555
110563 110585 110568 110573 110578
110586 110622 110595 110604 110613
110623 110639 110627 110631 110635
110640 110665 110646 110652 110658
110666 110682 110670 110674 110678
110683 110715 110691 110699 110707
110716 110733 110720 110724 110728
110734 110757 110739 110744 110749
110758 110788 110765 110772 110779
110789 110808 110793 110797 110801
110809 110827 110813 110817 110821
110828 110864 110837 110846 110855
110865 110895 110872 110879 110886
110896 110922 110902 110908 110914
110923 110944 110928 110933 110938
110945 110969 110951 110957 110963
110970 110992 110975 110980 110985
110993 111046 111006 111019 111032
111047 111090 111057 111067 111077
111091 111145 111104 111117 111130
111146 111162 111150 111154 111158
111163 111185 111168 111173 111178
111186 111203 111190 111194 111198
111204 111245 111214 111224 111234
111246 111266 111251 111256 111261
111267 111283 111271 111275 111279
111284 111310 111290 111296 111302
111311 111327 111315 111319 111323
111328 111356 111335 111342 111349
111357 111374 111361 111365 111369
111375 111395 111380 111385 111390
111396 111430 111404 111412 111420
111431 111448 111435 111439 111443
111449 111475 111455 111461 111467
111476 111494 111480 111484 111488
111495 111511 111499 111503 111507
111512 111531 111516 111520 111524
111532 111621 111554 111576 111598
111622 111662 111632 111642 111652
111663 111688 111669 111675 111681
111689 111708 111693 111697 111701
111709 111738 111716 111723 111730
111739 111757 111743 111747 111751
111758 111774 111762 111766 111770
111775 111794 111779 111783 111787
111795 111828 111803 111811 111819
111829 111862 111837 111845 111853
111863 112016 111901 111939 111977
112017 112103 112038 112059 112080
112104 112165 112119 112134 112149
112166 112307 112201 112236 112271
112308 112352 112319 112330 112341
112353 112472 112382 112411 112440
112473 112534 112488 112503 112518
112535 112848 112613 112691 112769
112849 112869 112854 112859 112864
112870 112910 112880 112890 112900
112911 112988 112930 112949 112968
112989 113024 112997 113005 113013
113025 113048 113030 113035 113040
113049 113163 113077 113105 113133
113164 113180 113168 113172 113176
113181 113245 113197 113213 113229
113246 113263 113250 113254 113258
113264 113302 113273 113282 113291
113303 113328 113309 113315 113321
113329 113345 113333 113337 113341
113346 113370 113352 113358 113364
113371 113397 113377 113383 113389
113398 113417 113402 113406 113410
113418 113444 113424 113430 113436
113445 113464 113449 113453 113457
113465 113483 113469 113473 113477
113484 113500 113488 113492 113496
113501 113528 113507 113513 113519
113529 113552 113534 113539 113544
113553 113578 113559 113565 113571
113579 113638 113593 113607 113621
113639 113680 113649 113659 113669
113681 113701 113686 113691 113696
113702 113736 113710 113718 113726
113737 113754 113741 113745 113749
113755 113773 113759 113763 113767
113774 113803 113781 113788 113795
113804 113828 113810 113816 113822
113829 113847 113833 113837 113841
113848 113866 113852 113856 113860
113867 113891 113873 113879 113885
113892 113941 113904 113916 113928
113942 113963 113947 113952 113957
113964 113997 113972 113980 113988
113998 114016 114002 114006 114010
114017 114034 114021 114025 114029
114035 114055 114040 114045 114050
114056 114074 114060 114064 114068
114075 114097 114080 114085 114090
114098 114138 114108 114118 114128
114139 114172 114147 114155 114163
114173 114192 114177 114181 114185
114193 114209 114197 114201 114205
114210 114234 114216 114222 114228
114235 114263 114242 114249 114256
114264 114281 114268 114272 114276
114282 114298 114286 114290 114294
114299 114326 114305 114311 114317
114327 114354 114333 114339 114345
114355 114416 114370 114385 114400
114417 114458 114427 114437 114447
114459 114489 114466 114473 114480
114490 114507 114494 114498 114502
114508 114556 114520 114532 114544
114557 114574 114561 114565 114569
114575 114600 114581 114587 114593
114601 114625 114607 114613 114619
114626 114664 114635 114644 114653
114665 114715 114677 114689 114701
114716 114839 114746 114776 114806
114840 114994 114878 114916 114954
114995 115100 115021 115047 115073
115101 115238 115135 115169 115203
115239 115274 115247 115255 115263
115275 115315 115285 115295 115305
115316 115446 115348 115380 115412
115447 115533 115468 115489 115510
115534 115574 115544 115554 115564
115575 115614 115584 115593 115602
115615 115700 115636 115657 115678
115701 115777 115720 115739 115758
115778 116103 115859 115940 116021
116104 116166 116119 116134 116149
116167 116205 116176 116185 116194
116206 116419 116259 116312 116365
116420 116506 116441 116462 116483
116507 116594 116528 116549 116570
116595 116666 116612 116629 116646
116667 116817 116704 116741 116778
116818 116835 116822 116826 116830
116836 116946 116863 116890 116917
116947 117029 116967 116987 117007
117030 117082 117043 117056 117069
117083 117167 117104 117125 117146
117168 117203 117176 117184 117192
117204 117255 117216 117228 117240
117256 117307 117268 117280 117292
117308 117326 117312 117316 117320
117327 117461 117360 117393 117426
117462 117519 117476 117490 117504
117520 117548 117527 117534 117541
117549 117574 117555 117561 117567
117575 117595 117580 117585 117590
117596 117618 117601 117606 117611
117619 117651 117627 117635 117643
117652 117706 117665 117678 117691
117707 117749 117717 117727 117737
117750 117797 117761 117772 117783
117798 117850 117811 117824 117837
117851 117894 117861 117871 117881
117895 117933 117904 117913 117922
117934 118029 117957 117980 118003
118030 118162 118063 118096 118129
118163 118231 118180 118197 118214
118232 118248 118236 118240 118244
118249 118266 118253 118257 118261
118267 118291 118273 118279 118285
118292 118341 118304 118316 118328
118342 118381 118351 118360 118369
118382 118430 118394 118406 118418
118431 118478 118442 118453 118464
118479 118566 118500 118521 118542
118567 118585 118571 118575 118579
118586 118635 118598 118610 118622
118636 118656 118641 118646 118651
118657 118680 118662 118667 118672
118681 118750 118698 118715 118732
118751 118768 118755 118759 118763
118769 118800 118776 118783 118790
118801 118884 118821 118841 118861
118885 118901 118889 118893 118897
118902 118972 118919 118936 118953
118973 119038 118989 119005 119021
119039 119061 119044 119049 119054
119062 119083 119067 119072 119077
119084 119149 119100 119116 119132
119150 119354 119201 119252 119303
119355 119475 119385 119415 119445
119476 119559 119496 119516 119536
119560 119612 119573 119586 119599
119613 119651 119622 119631 119640
119652 119694 119662 119672 119682
119695 119735 119705 119715 119725
119736 119805 119753 119770 119787
119806 119905 119830 119854 119878
119906 119936 119913 119920 119927
119937 119954 119941 119945 119949
119955 120099 119966 119977 120072
120100 120116 120104 120108 120112
120117 120180 120132 120147 120162
120181 120353 120224 120267 120310
120354 120394 120364 120374 120384
120395 120412 120399 120403 120407
120413 120593 120458 120503 120548
120594 120625 120601 120608 120615
120626 120647 120631 120636 120641
120648 120675 120654 120660 120666
120676 120712 120685 120694 120703
120713 120744 120720 120727 120734
120745 120757 120748 120751 120754
120758 120779 120763 120768 120773
120780 120843 120795 120810 120825
120844 120882 120853 120862 120871
120883 120904 120888 120893 120898
120905 120942 120914 120923 120932
120943 120965 120948 120953 120958
120966 120982 120970 120974 120978
120983 121005 120988 120993 120998
121006 121022 121010 121014 121018
121023 121047 121029 121035 121041
121048 121099 121060 121072 121084
121100 121170 121117 121134 121151
121171 121192 121176 121181 121186
121193 121212 121197 121201 121205
121213 121233 121218 121223 121228
121234 121251 121238 121242 121246
121252 121274 121257 121262 121267
121275 121301 121281 121287 121293
121302 121363 121317 121332 121347
121364 121461 121388 121412 121436
121462 121556 121485 121508 121531
121557 121632 121575 121593 121611
121633 121903 121700 121767 121834
121904 122382 122023 122142 122261
122383 122474 122405 122427 122449
122475 122492 122479 122483 122487
122493 122509 122497 122501 122505
122510 122815 122586 122662 122738
122816 122885 122833 122850 122867
122886 123036 122923 122960 122997
123037 123082 123048 123059 123070
123083 123140 123097 123111 123125
123141 123320 123185 123229 123273
123321 123359 123330 123339 123348
123360 123628 123427 123494 123561
123629 123685 123643 123657 123671
123686 123794 123713 123740 123767
123795 123923 123827 123859 123891
123924 123987 123939 123954 123969
123988 124017 123995 124002 124009
124018 124136 124047 124076 124105
124137 124185 124149 124161 124173
124186 124248 124201 124216 124231
124249 124322 124267 124285 124303
124323 124341 124327 124331 124335
124342 124365 124347 124352 124357
124366 124397 124373 124380 124387
124398 124442 124409 124420 124431
124443 124475 124451 124459 124467
124476 124583 124502 124528 124554
124584 124779 124632 124680 124728
124780 124910 124812 124844 124876
124911 124995 124932 124953 124974
124996 125057 125011 125026 125041
125058 125092 125066 125074 125082
125093 125125 125101 125109 125117
125126 125173 125137 125148 125159
125174 125230 125188 125202 125216
125231 125264 125239 125247 125255
125265 125484 125319 125373 125427
125485 125595 125512 125539 125566
125596 125686 125618 125640 125662
125687 125729 125697 125707 125717
125730 125898 125772 125814 125856
125899 125948 125911 125923 125935
125949 126053 125975 126001 126027
126054 126149 126077 126100 126123
126150 126193 126160 126170 126180
126194 126242 126206 126218 126230
126243 126300 126257 126271 126285
126301 126328 126307 126313 126319
126329 126390 126344 126359 126374
126391 126425 126399 126407 126415
126426 126463 126435 126444 126453
126464 126492 126471 126478 126485
126493 126529 126502 126511 126520
126530 126560 126537 126544 126551
126561 126649 126583 126605 126627
126650 126709 126664 126678 126692
126710 126745 126718 126726 126734
126746 126768 126751 126756 126761
126769 126800 126776 126783 126790
126801 126853 126814 126827 126840
126854 126900 126865 126876 126887
126901 126939 126910 126919 126928
126940 126961 126945 126950 126955
126962 126978 126966 126970 126974
126979 127040 126994 127009 127024
127041 127058 127045 127049 127053
127059 127076 127063 127067 127071
127077 127096 127081 127085 127089
127097 127118 127102 127107 127112
127119 127211 127142 127165 127188
127212 127272 127227 127242 127257
127273 127339 127289 127305 127321
127340 127387 127351 127362 127373
127388 127443 127401 127414 127427
127444 127508 127460 127476 127492
127509 127551 127519 127529 127539
127552 127717 127593 127634 127675
127718 127762 127729 127740 127751
127763 127788 127769 127775 127781
127789 127962 127832 127875 127918
127963 128191 128020 128077 128134
128192 128230 128201 128210 128219
128231 128250 128235 128239 128243
128251 128291 128261 128271 128281
128292 128333 128302 128312 128322
128334 128492 128373 128412 128451
128493 128568 128511 128529 128547
128569 128788 128623 128677 128731
128789 128829 128799 128809 128819
128830 128984 128868 128906 128944
128985 129032 128996 129007 129018
129033 129206 129076 129119 129162
129207 129345 129241 129275 129309
129346 129501 129384 129422 129460
129502 129729 129558 129614 129670
129730 129838 129757 129784 129811
129839 130068 129896 129953 130010
130069 130204 130102 130135 130168
130205 130329 130236 130267 130298
130330 130376 130341 130352 130363
130377 130466 130399 130421 130443
130467 130595 130499 130531 130563
130596 130654 130610 130624 130638
130655 130802 130691 130727 130763
130803 131050 130864 130925 130986
131051 131095 131062 131073 131084
131096 131175 131115 131134 131153
131176 131206 131183 131190 131197
131207 131258 131219 131231 131243
131259 131321 131274 131289 131304
131322 131373 131334 131346 131358
131374 131479 131400 131426 131452
131480 131528 131492 131504 131516
131529 131593 131545 131561 131577
131594 131647 131607 131620 131633
131648 131691 131658 131668 131678
131692 131787 131715 131738 131761
131788 131913 131819 131850 131881
131914 131988 131932 131950 131968
131989 132110 132019 132049 132079
132111 132172 132126 132141 132156
132173 132208 132181 132189 132197
132209 132290 132229 132249 132269
132291 132374 132311 132331 132351
132375 132446 132392 132409 132426
132447 132534 132468 132489 132510
132535 132597 132550 132565 132580
132598 132677 132617 132636 132655
132678 132747 132695 132712 132729
132748 132832 132769 132790 132811
132833 132879 132844 132855 132866
132880 132944 132896 132912 132928
132945 133003 132959 132973 132987
133004 133056 133017 133030 133043
133057 133084 133063 133069 133075
133085 133129 133096 133107 133118
133130 133200 133147 133164 133181
133201 133271 133218 133235 133252
133272 133350 133291 133310 133329
133351 133453 133376 133401 133426
133454 133805 133541 133628 133715
133806 133837 133813 133820 133827
133838 134043 133889 133940 133991
134044 134083 134053 134062 134071
134084 134114 134091 134098 134105
134115 134176 134130 134145 134160
134177 134225 134189 134201 134213
134226 134346 134256 134286 134316
134347 134379 134355 134363 134371
134380 134432 134393 134406 134419
134433 134518 134454 134475 134496
134519 134680 134559 134599 134639
134681 134979 134755 134829 134903
134980 135092 134984 134988 135069
135093 135143 135105 135117 135129
135144 135180 135153 135162 135171
135181 135221 135191 135201 135211
135222 135315 135245 135268 135291
135316 135352 135325 135334 135343
135353 135403 135365 135377 135389
135404 135668 135470 135536 135602
135669 135721 135682 135695 135708
135722 135870 135759 135796 135833
135871 135961 135893 135915 135937
135962 136004 135972 135982 135992
136005 141861 137469 138933 140397
