0 105 26 52 78
106 155 118 130 142
156 443 227 298 369
444 536 467 490 513
537 552 540 543 546
553 565 556 559 562
566 1188 721 876 1031
1189 1250 1204 1219 1234
1251 1346 1274 1297 1320
1347 1363 1351 1355 1359
1364 1403 1373 1382 1391
1404 1688 1475 1546 1617
1689 1708 1693 1697 1701
1709 2047 1793 1877 1961
2048 2139 2070 2092 2114
2140 2228 2162 2184 2206
2229 2250 2234 2239 2244
2251 2292 2261 2271 2281
2293 2415 2323 2353 2383
2416 2432 2420 2424 2428
2433 2480 2444 2455 2466
2481 2522 2491 2501 2511
2523 2583 2538 2553 2568
2584 2627 2594 2604 2614
2628 2663 2636 2644 2652
2664 2697 2672 2680 2688
2698 2729 2705 2712 2719
2730 2845 2758 2786 2814
2846 2874 2853 2860 2867
2875 2895 2880 2885 2890
2896 3028 2929 2962 2995
3029 3049 3034 3039 3044
3050 3083 3058 3066 3074
3084 3107 3089 3094 3099
3108 3144 3117 3126 3135
3145 3165 3150 3155 3160
3166 3211 3177 3188 3199
3212 3278 3228 3244 3260
3279 3295 3283 3287 3291
3296 3444 3333 3370 3407
3445 3672 3501 3557 3613
3673 3714 3683 3693 3703
3715 4018 3790 3865 3940
4019 4285 4085 4151 4217
4286 4361 4304 4322 4340
4362 4490 4394 4426 4458
4491 4668 4535 4579 4623
4669 4705 4678 4687 4696
4706 4723 4710 4714 4718
4724 4802 4743 4762 4781
4803 4944 4838 4873 4908
4945 4962 4949 4953 4957
4963 5006 4973 4983 4993
5007 5033 5013 5019 5025
5034 5063 5041 5048 5055
5064 5277 5117 5170 5223
5278 5346 5295 5312 5329
5347 5413 5363 5379 5395
5414 5461 5425 5436 5447
5462 5514 5475 5488 5501
5515 5809 5588 5661 5734
5810 5962 5848 5886 5924
5963 6006 5973 5983 5993
6007 6061 6020 6033 6046
6062 6161 6086 6110 6134
6162 6223 6177 6192 6207
6224 6299 6242 6260 6278
6300 6579 6369 6438 6507
6580 6928 6667 6754 6841
6929 6984 6942 6955 6968
6985 7010 6991 6997 7003
7011 7052 7021 7031 7041
7053 7096 7063 7073 7083
7097 7169 7115 7133 7151
7170 7300 7202 7234 7266
7301 7367 7317 7333 7349
7368 7416 7380 7392 7404
7417 7463 7428 7439 7450
7464 7513 7476 7488 7500
7514 7564 7526 7538 7550
7565 7592 7571 7577 7583
7593 7646 7606 7619 7632
7647 7804 7686 7725 7764
7805 7904 7829 7853 7877
7905 8101 7954 8003 8052
8102 8150 8114 8126 8138
8151 8285 8184 8217 8250
8286 8398 8314 8342 8370
8399 8494 8422 8445 8468
8495 8542 8506 8517 8528
8543 8602 8557 8571 8585
8603 8708 8629 8655 8681
8709 8737 8716 8723 8730
8738 8761 8743 8748 8753
8762 8823 8777 8792 8807
8824 8853 8831 8838 8845
8854 8997 8889 8924 8959
8998 9033 9006 9014 9022
9034 9092 9048 9062 9076
9093 9119 9099 9105 9111
9120 9158 9129 9138 9147
9159 9198 9168 9177 9186
9199 9346 9235 9271 9307
9347 9391 9358 9369 9380
9392 9418 9398 9404 9410
9419 9457 9428 9437 9446
9458 9474 9462 9466 9470
9475 9498 9480 9485 9490
9499 9528 9506 9513 9520
9529 9571 9539 9549 9559
9572 9726 9610 9648 9686
9727 9824 9751 9775 9799
9825 9863 9834 9843 9852
9864 9899 9872 9880 9888
9900 9939 9909 9918 9927
9940 9969 9947 9954 9961
9970 10021 9982 9994 10006
10022 10046 10028 10034 10040
10047 10071 10053 10059 10065
10072 10096 10078 10084 10090
10097 10148 10109 10121 10133
10149 10177 10156 10163 10170
10178 10230 10191 10204 10217
10231 10314 10251 10271 10291
10315 10351 10324 10333 10342
10352 10407 10365 10378 10391
10408 10473 10424 10440 10456
10474 10577 10499 10524 10549
10578 10668 10600 10622 10644
10669 10712 10679 10689 10699
10713 10879 10754 10795 10836
10880 10955 10898 10916 10934
10956 11004 10968 10980 10992
11005 11053 11017 11029 11041
11054 11240 11100 11146 11192
11241 11276 11249 11257 11265
11277 11418 11312 11347 11382
11419 11466 11430 11441 11452
11467 11530 11482 11497 11512
11531 11640 11558 11585 11612
11641 11672 11648 11655 11662
11673 11741 11690 11707 11724
11742 11858 11771 11800 11829
11859 11916 11873 11887 11901
11917 12011 11940 11963 11986
12012 12060 12024 12036 12048
12061 12201 12096 12131 12166
12202 12274 12220 12238 12256
12275 12460 12321 12367 12413
12461 12548 12482 12503 12524
12549 12572 12554 12559 12564
12573 12605 12581 12589 12597
12606 12641 12614 12622 12630
12642 12681 12651 12660 12669
12682 12709 12688 12694 12700
12710 12833 12740 12770 12800
12834 12883 12846 12858 12870
12884 12944 12899 12914 12929
12945 13029 12966 12987 13008
13030 13169 13064 13098 13132
13170 13185 13173 13176 13179
13186 13297 13213 13240 13267
13298 13359 13313 13328 13343
13360 13422 13375 13390 13405
13423 13507 13444 13465 13486
13508 13555 13519 13530 13541
13556 13594 13565 13574 13583
13595 13804 13647 13699 13751
13805 13826 13810 13815 13820
13827 13889 13842 13857 13872
13890 13917 13896 13902 13908
13918 13940 13923 13928 13933
13941 13977 13950 13959 13968
13978 14013 13986 13994 14002
14014 14101 14035 14056 14077
14102 14143 14112 14122 14132
14144 14207 14159 14174 14189
14208 14259 14220 14232 14244
14260 14379 14289 14318 14347
14380 14403 14385 14390 14395
14404 14462 14418 14432 14446
14463 14509 14474 14485 14496
14510 14573 14525 14540 14555
14574 14612 14583 14592 14601
14613 14673 14628 14643 14658
14674 14709 14682 14690 14698
14710 14759 14722 14734 14746
14760 14804 14771 14782 14793
14805 14829 14811 14817 14823
14830 14847 14834 14838 14842
14848 14871 14853 14858 14863
14872 14901 14879 14886 14893
14902 14952 14914 14926 14938
14953 14974 14958 14963 14968
14975 15045 14981 14987 15033
15046 15085 15055 15064 15073
15086 15137 15098 15110 15122
15138 15165 15144 15150 15156
15166 15235 15183 15200 15217
15236 15259 15241 15246 15251
15260 15303 15270 15280 15290
15304 15363 15318 15332 15346
15364 15437 15382 15400 15418
15438 15543 15464 15490 15516
15544 15604 15559 15574 15589
15605 15694 15627 15649 15671
15695 15751 15709 15723 15737
15752 15994 15812 15872 15932
15995 16033 16004 16013 16022
16034 16061 16040 16046 16052
16062 16089 16068 16074 16080
16090 16115 16096 16102 16108
16116 16201 16137 16158 16179
16202 16235 16210 16218 16226
16236 16277 16246 16256 16266
16278 16310 16286 16294 16302
16311 16336 16317 16323 16329
16337 16360 16342 16347 16352
16361 16425 16377 16393 16409
16426 16458 16434 16442 16450
16459 16489 16466 16473 16480
16490 16622 16523 16556 16589
16623 16814 16670 16717 16764
16815 16862 16826 16837 16848
16863 16934 16880 16897 16914
16935 16990 16948 16961 16974
16991 17159 17033 17075 17117
17160 17185 17166 17172 17178
17186 17213 17192 17198 17204
17214 17291 17233 17252 17271
17292 17369 17311 17330 17349
17370 17425 17383 17396 17409
17426 17611 17472 17518 17564
17612 17658 17623 17634 17645
17659 17766 17685 17711 17737
17767 17802 17775 17783 17791
17803 17856 17816 17829 17842
17857 17904 17868 17879 17890
17905 17963 17919 17933 17947
17964 18059 17987 18010 18033
18060 18187 18091 18122 18153
18188 18283 18211 18234 18257
18284 18403 18313 18342 18371
18404 18500 18428 18452 18476
18501 18538 18510 18519 18528
18539 18603 18555 18571 18587
18604 18699 18627 18650 18673
18700 18778 18719 18738 18757
18779 18847 18796 18813 18830
18848 19183 18931 19014 19097
19184 19242 19198 19212 19226
19243 19277 19251 19259 19267
19278 19347 19295 19312 19329
19348 19401 19361 19374 19387
19402 19449 19413 19424 19435
19450 19497 19461 19472 19483
19498 19581 19518 19538 19558
19582 19695 19610 19638 19666
19696 19817 19726 19756 19786
19818 19979 19858 19898 19938
19980 20041 19995 20010 20025
20042 20113 20059 20076 20093
20114 20453 20198 20282 20366
20454 20680 20510 20566 20622
20681 20769 20703 20725 20747
20770 20823 20783 20796 20809
20824 20878 20837 20850 20863
20879 20909 20886 20893 20900
20910 20928 20914 20918 20922
20929 20950 20934 20939 20944
20951 20991 20961 20971 20981
20992 21010 20996 21000 21004
21011 21036 21017 21023 21029
21037 21142 21063 21089 21115
21143 21175 21151 21159 21167
21176 21282 21202 21228 21254
21283 21335 21296 21309 21322
21336 21455 21365 21394 21423
21456 21519 21471 21486 21501
21520 21545 21526 21532 21538
21546 21567 21551 21556 21561
21568 21591 21573 21578 21583
21592 21624 21600 21608 21616
21625 21705 21645 21665 21685
21706 21759 21719 21732 21745
21760 21806 21771 21782 21793
21807 21860 21820 21833 21846
21861 21960 21885 21909 21933
21961 22008 21972 21983 21994
22009 22041 22017 22025 22033
22042 22104 22057 22072 22087
22105 22161 22119 22133 22147
22162 22220 22176 22190 22204
22221 22305 22242 22263 22284
22306 22329 22311 22316 22321
22330 22358 22337 22344 22351
22359 22396 22368 22377 22386
22397 22431 22405 22413 22421
22432 22487 22445 22458 22471
22488 22524 22497 22506 22515
22525 22558 22533 22541 22549
22559 22578 22563 22567 22571
22579 22602 22584 22589 22594
22603 22667 22619 22635 22651
22668 22694 22674 22680 22686
22695 22864 22737 22779 22821
22865 23007 22900 22935 22970
23008 23087 23027 23046 23065
23088 23123 23096 23104 23112
23124 23171 23135 23146 23157
23172 23302 23204 23236 23268
23303 23393 23325 23347 23369
23394 23465 23411 23428 23445
23466 23530 23482 23498 23514
23531 23596 23547 23563 23579
23597 23692 23620 23643 23666
23693 23808 23721 23749 23777
23809 23918 23836 23863 23890
23919 24179 23984 24049 24114
24180 24264 24201 24222 24243
24265 24312 24276 24287 24298
24313 24337 24319 24325 24331
24338 24383 24349 24360 24371
24384 24451 24400 24416 24432
24452 24538 24473 24494 24515
24539 24625 24560 24581 24602
24626 24868 24686 24746 24806
24869 24998 24901 24933 24965
24999 25024 25005 25011 25017
25025 25070 25036 25047 25058
25071 25160 25093 25115 25137
25161 25227 25177 25193 25209
25228 25329 25253 25278 25303
25330 25402 25348 25366 25384
25403 25518 25431 25459 25487
25519 25624 25545 25571 25597
25625 25725 25650 25675 25700
25726 25791 25742 25758 25774
25792 25956 25833 25874 25915
25957 26253 26031 26105 26179
26254 26327 26272 26290 26308
26328 26374 26339 26350 26361
26375 26485 26402 26429 26456
26486 26568 26506 26526 26546
26569 26594 26575 26581 26587
26595 26658 26610 26625 26640
26659 26721 26674 26689 26704
26722 26799 26741 26760 26779
26800 26849 26812 26824 26836
26850 26934 26871 26892 26913
26935 27024 26957 26979 27001
27025 27100 27043 27061 27079
27101 27346 27162 27223 27284
27347 27526 27391 27435 27479
27527 27550 27532 27537 27542
27551 27574 27556 27561 27566
27575 27667 27598 27621 27644
27668 27698 27675 27682 27689
27699 27753 27712 27725 27738
27754 27822 27771 27788 27805
27823 28131 27900 27977 28054
28132 28173 28142 28152 28162
28174 28228 28187 28200 28213
28229 28365 28263 28297 28331
28366 28450 28387 28408 28429
28451 28585 28484 28517 28550
28586 28700 28614 28642 28670
28701 29242 28836 28971 29106
29243 29306 29258 29273 29288
29307 29376 29324 29341 29358
29377 29460 29397 29417 29437
29461 29643 29506 29551 29596
29644 29727 29664 29684 29704
29728 29804 29747 29766 29785
29805 29903 29829 29853 29877
29904 29958 29917 29930 29943
29959 29992 29967 29975 29983
29993 30071 29994 29995 30051
30072 30130 30086 30100 30114
30131 30198 30147 30163 30179
30199 30275 30218 30237 30256
30276 30344 30293 30310 30327
30345 30368 30350 30355 30360
30369 30398 30376 30383 30390
30399 30428 30406 30413 30420
30429 30522 30452 30475 30498
30523 30656 30556 30589 30622
30657 30737 30677 30697 30717
30738 30788 30750 30762 30774
30789 30806 30793 30797 30801
30807 30859 30820 30833 30846
30860 30918 30874 30888 30902
30919 30984 30935 30951 30967
30985 31048 31000 31015 31030
31049 31112 31064 31079 31094
31113 31234 31143 31173 31203
31235 31338 31260 31285 31310
31339 31396 31353 31367 31381
31397 31482 31418 31439 31460
31483 31649 31524 31565 31606
31650 31790 31685 31720 31755
31791 31869 31810 31829 31848
31870 31934 31886 31902 31918
31935 31959 31941 31947 31953
31960 31976 31964 31968 31972
31977 31999 31982 31987 31992
32000 32080 32020 32040 32060
32081 32217 32115 32149 32183
32218 32259 32228 32238 32248
32260 32369 32287 32314 32341
32370 32433 32385 32400 32415
32434 32485 32446 32458 32470
32486 32743 32550 32614 32678
32744 32802 32758 32772 32786
32803 32876 32821 32839 32857
32877 33010 32910 32943 32976
33011 33090 33030 33049 33068
33091 33183 33114 33137 33160
33184 33235 33196 33208 33220
33236 33421 33282 33328 33374
33422 33469 33433 33444 33455
33470 33531 33485 33500 33515
33532 33726 33580 33628 33676
33727 33787 33742 33757 33772
33788 33950 33828 33868 33908
33951 34087 33985 34019 34053
34088 34165 34107 34126 34145
34166 34279 34194 34222 34250
34280 34382 34305 34330 34355
34383 34455 34401 34419 34437
34456 34552 34480 34504 34528
34553 34658 34579 34605 34631
34659 34727 34676 34693 34710
34728 35004 34797 34866 34935
35005 35100 35028 35051 35074
35101 35142 35111 35121 35131
35143 35214 35160 35177 35194
35215 35262 35226 35237 35248
35263 35394 35295 35327 35359
35395 35455 35410 35425 35440
35456 35503 35467 35478 35489
35504 35591 35525 35546 35567
35592 35690 35616 35640 35664
35691 35837 35727 35763 35799
35838 35897 35852 35866 35880
35898 36016 35927 35956 35985
36017 36092 36035 36053 36071
36093 36179 36114 36135 36156
36180 36310 36212 36244 36276
36311 36471 36351 36391 36431
36472 36618 36508 36544 36580
36619 36675 36633 36647 36661
36676 36736 36691 36706 36721
36737 37034 36811 36885 36959
37035 37112 37054 37073 37092
37113 37184 37130 37147 37164
37185 37236 37197 37209 37221
37237 37277 37247 37257 37267
37278 37328 37290 37302 37314
37329 37388 37343 37357 37371
37389 37488 37413 37437 37461
37489 37573 37510 37531 37552
37574 37706 37607 37640 37673
37707 37826 37736 37765 37794
37827 37890 37842 37857 37872
37891 37955 37907 37923 37939
37956 38111 37994 38032 38070
38112 38173 38127 38142 38157
38174 38212 38183 38192 38201
38213 38308 38236 38259 38282
38309 38368 38323 38337 38351
38369 38428 38383 38397 38411
38429 38534 38455 38481 38507
38535 38560 38541 38547 38553
38561 38577 38565 38569 38573
38578 38651 38596 38614 38632
38652 38709 38666 38680 38694
38710 38747 38719 38728 38737
38748 38816 38765 38782 38799
38817 38878 38832 38847 38862
38879 38932 38892 38905 38918
38933 38995 38948 38963 38978
38996 39091 39019 39042 39065
39092 39178 39113 39134 39155
39179 39218 39188 39197 39206
39219 39280 39234 39249 39264
39281 39325 39292 39303 39314
39326 39410 39347 39368 39389
39411 39478 39427 39443 39459
39479 39577 39503 39527 39551
39578 39695 39607 39636 39665
39696 39746 39708 39720 39732
39747 39770 39752 39757 39762
39771 39840 39788 39805 39822
39841 39916 39859 39877 39895
39917 39959 39927 39937 39947
39960 39998 39969 39978 39987
39999 40235 40058 40117 40176
40236 40322 40257 40278 40299
40323 40383 40338 40353 40368
40384 40472 40406 40428 40450
40473 40916 40583 40693 40803
40917 40933 40921 40925 40929
40934 40953 40938 40942 40946
40954 41095 40989 41024 41059
41096 41132 41105 41114 41123
41133 41164 41140 41147 41154
41165 41295 41197 41229 41261
41296 41404 41323 41350 41377
41405 41507 41430 41455 41480
41508 41805 41582 41656 41730
41806 42138 41889 41972 42055
42139 42500 42229 42319 42409
42501 42830 42583 42665 42747
42831 42950 42860 42889 42918
42951 43053 42976 43001 43026
43054 43140 43075 43096 43117
43141 43158 43145 43149 43153
43159 43252 43182 43205 43228
43253 43380 43284 43315 43346
43381 43490 43408 43435 43462
43491 43689 43540 43589 43638
43690 44186 43814 43938 44062
44187 44294 44213 44239 44265
44295 44467 44338 44381 44424
44468 44539 44485 44502 44519
44540 44612 44558 44576 44594
44613 44680 44629 44645 44661
44681 44735 44694 44707 44720
44736 44801 44752 44768 44784
44802 44958 44841 44880 44919
44959 45105 44969 44979 45078
45106 45197 45128 45150 45172
45198 45238 45208 45218 45228
45239 45521 45309 45379 45449
45522 45548 45528 45534 45540
45549 45581 45557 45565 45573
45582 45691 45609 45636 45663
45692 45822 45724 45756 45788
45823 46412 45970 46117 46264
46413 46429 46417 46421 46425
46430 46541 46457 46484 46511
46542 46685 46577 46612 46647
46686 46757 46703 46720 46737
46758 46837 46777 46796 46815
46838 47079 46898 46958 47018
47080 47158 47099 47118 47137
47159 47191 47167 47175 47183
47192 47209 47196 47200 47204
47210 47231 47215 47220 47225
47232 47283 47244 47256 47268
47284 47344 47299 47314 47329
47345 47405 47360 47375 47390
47406 47463 47420 47434 47448
47464 47482 47468 47472 47476
47483 47589 47509 47535 47561
47590 47610 47595 47600 47605
47611 47648 47620 47629 47638
47649 47667 47653 47657 47661
47668 47703 47676 47684 47692
47704 47746 47714 47724 47734
47747 47794 47758 47769 47780
47795 47895 47820 47845 47870
47896 47932 47905 47914 47923
47933 47994 47948 47963 47978
47995 48054 48009 48023 48037
48055 48111 48069 48083 48097
48112 48225 48140 48168 48196
48226 48300 48244 48262 48280
48301 48353 48314 48327 48340
48354 48424 48371 48388 48405
48425 48472 48436 48447 48458
48473 48505 48481 48489 48497
48506 48663 48545 48584 48623
48664 48889 48720 48776 48832
48890 49030 48925 48960 48995
49031 49102 49048 49065 49082
49103 49169 49119 49135 49151
49170 49313 49205 49240 49275
49314 49341 49320 49326 49332
49342 49395 49355 49368 49381
49396 49436 49406 49416 49426
49437 49525 49459 49481 49503
49526 49621 49549 49572 49595
49622 49963 49707 49792 49877
49964 50032 49981 49998 50015
50033 50253 50088 50143 50198
50254 50377 50284 50314 50344
50378 50451 50396 50414 50432
50452 50488 50461 50470 50479
50489 50567 50508 50527 50546
50568 50597 50575 50582 50589
50598 50703 50624 50650 50676
50704 50747 50714 50724 50734
50748 50860 50776 50804 50832
50861 50890 50868 50875 50882
50891 51051 50931 50971 51011
51052 51136 51073 51094 51115
51137 51286 51174 51211 51248
51287 51438 51324 51361 51398
51439 51708 51506 51573 51640
51709 51756 51720 51731 51742
51757 51874 51786 51815 51844
51875 51983 51902 51929 51956
51984 52273 52056 52128 52200
52274 52349 52292 52310 52328
52350 52625 52418 52486 52554
52626 52820 52674 52722 52770
52821 52915 52844 52867 52890
52916 53089 52959 53002 53045
53090 53164 53108 53126 53144
53165 53279 53193 53221 53249
53280 53394 53308 53336 53364
53395 53469 53413 53431 53449
53470 53547 53489 53508 53527
53548 53631 53568 53588 53608
53632 53894 53697 53762 53827
53895 53978 53915 53935 53955
53979 54054 53997 54015 54033
54055 54299 54116 54177 54238
54300 54404 54326 54352 54378
54405 54548 54440 54475 54510
54549 54596 54560 54571 54582
54597 54712 54625 54653 54681
54713 54744 54720 54727 54734
54745 54833 54767 54789 54811
54834 54863 54841 54848 54855
54864 54975 54891 54918 54945
54976 55041 54992 55008 55024
55042 55097 55055 55068 55081
55098 55168 55115 55132 55149
55169 55257 55191 55213 55235
55258 55340 55278 55298 55318
55341 55405 55357 55373 55389
55406 55448 55416 55426 55436
55449 55642 55497 55545 55593
55643 55763 55673 55703 55733
55764 55935 55806 55848 55890
55936 56062 55967 55998 56029
56063 56209 56099 56135 56171
56210 56328 56239 56268 56297
56329 56410 56349 56369 56389
56411 56448 56420 56429 56438
56449 56488 56458 56467 56476
56489 56527 56498 56507 56516
56528 56552 56534 56540 56546
56553 56622 56570 56587 56604
56623 56669 56634 56645 56656
56670 56708 56679 56688 56697
56709 56726 56713 56717 56721
56727 56751 56733 56739 56745
56752 56788 56761 56770 56779
56789 56824 56797 56805 56813
56825 56848 56830 56835 56840
56849 56884 56857 56865 56873
56885 56987 56910 56935 56960
56988 57049 57003 57018 57033
57050 57156 57076 57102 57128
57157 57270 57185 57213 57241
57271 57318 57282 57293 57304
57319 57345 57325 57331 57337
57346 57375 57353 57360 57367
57376 57403 57382 57388 57394
57404 57459 57417 57430 57443
57460 57526 57476 57492 57508
57527 57550 57532 57537 57542
57551 57594 57561 57571 57581
57595 57790 57643 57691 57739
57791 57845 57804 57817 57830
57846 57893 57857 57868 57879
57894 57937 57904 57914 57924
57938 57986 57950 57962 57974
57987 58050 58002 58017 58032
58051 58086 58059 58067 58075
58087 58200 58115 58143 58171
58201 58266 58217 58233 58249
58267 58331 58283 58299 58315
58332 58453 58362 58392 58422
58454 58664 58506 58558 58610
58665 58685 58670 58675 58680
58686 58807 58716 58746 58776
58808 58867 58822 58836 58850
58868 58987 58897 58926 58955
58988 59134 59024 59060 59096
59135 59198 59150 59165 59180
59199 59258 59213 59227 59241
59259 59288 59266 59273 59280
59289 59336 59300 59311 59322
59337 59432 59360 59383 59406
59433 59504 59450 59467 59484
59505 59546 59515 59525 59535
59547 59599 59560 59573 59586
59600 59649 59612 59624 59636
59650 59830 59695 59740 59785
59831 59877 59842 59853 59864
59878 59934 59892 59906 59920
59935 60049 59951 59967 60036
60050 60121 60067 60084 60101
60122 60152 60129 60136 60143
60153 60215 60168 60183 60198
60216 60253 60225 60234 60243
60254 60279 60260 60266 60272
60280 60345 60296 60312 60328
60346 60398 60359 60372 60385
60399 60436 60408 60417 60426
60437 60462 60443 60449 60455
60463 60485 60468 60473 60478
60486 60536 60498 60510 60522
60537 60575 60546 60555 60564
60576 60679 60601 60626 60651
60680 60808 60712 60744 60776
60809 60847 60818 60827 60836
60848 60868 60853 60858 60863
60869 60951 60889 60909 60929
60952 60976 60958 60964 60970
60977 60999 60982 60987 60992
61000 61077 61019 61038 61057
61078 61164 61099 61120 61141
61165 61212 61176 61187 61198
61213 61230 61217 61221 61225
61231 61250 61235 61239 61243
61251 61273 61256 61261 61266
61274 61294 61279 61284 61289
61295 61363 61312 61329 61346
61364 61420 61378 61392 61406
61421 61461 61431 61441 61451
61462 61525 61477 61492 61507
61526 61557 61533 61540 61547
61558 61602 61569 61580 61591
61603 61686 61623 61643 61663
61687 61716 61694 61701 61708
61717 61746 61724 61731 61738
61747 61854 61773 61799 61825
61855 61890 61863 61871 61879
61891 62030 61925 61959 61993
62031 62079 62043 62055 62067
62080 62169 62102 62124 62146
62170 62192 62175 62180 62185
62193 62218 62199 62205 62211
62219 62373 62257 62295 62333
62374 62417 62384 62394 62404
62418 62524 62444 62470 62496
62525 62606 62545 62565 62585
62607 62686 62626 62645 62664
62687 62716 62694 62701 62708
62717 62741 62723 62729 62735
62742 62789 62753 62764 62775
62790 62912 62820 62850 62880
62913 62932 62917 62921 62925
62933 63083 62970 63007 63044
63084 63177 63107 63130 63153
63178 63212 63186 63194 63202
63213 63270 63227 63241 63255
63271 63461 63318 63365 63412
63462 63538 63481 63500 63519
63539 63671 63572 63605 63638
63672 63748 63691 63710 63729
63749 63784 63757 63765 63773
63785 63824 63794 63803 63812
63825 63924 63849 63873 63897
63925 63965 63935 63945 63955
63966 64010 63977 63988 63999
64011 64080 64028 64045 64062
64081 64259 64125 64169 64213
64260 64327 64276 64292 64308
64328 64381 64341 64354 64367
64382 64407 64388 64394 64400
64408 64431 64413 64418 64423
64432 64590 64471 64510 64549
64591 64637 64602 64613 64624
64638 64743 64664 64690 64716
64744 64848 64770 64796 64822
64849 64895 64860 64871 64882
64896 65103 64947 64998 65049
65104 65145 65114 65124 65134
65146 65254 65173 65200 65227
65255 65497 65315 65375 65435
65498 65562 65514 65530 65546
65563 65771 65615 65667 65719
65772 65820 65784 65796 65808
65821 65916 65844 65867 65890
65917 65971 65930 65943 65956
65972 66052 65992 66012 66032
66053 66230 66097 66141 66185
66231 66396 66272 66313 66354
66397 66471 66415 66433 66451
66472 66576 66498 66524 66550
66577 66648 66594 66611 66628
66649 66684 66657 66665 66673
66685 66808 66715 66745 66775
66809 66870 66824 66839 66854
66871 66999 66903 66935 66967
67000 67067 67016 67032 67048
67068 67164 67092 67116 67140
67165 67206 67175 67185 67195
67207 67293 67228 67249 67270
67294 67438 67330 67366 67402
67439 67595 67478 67517 67556
67596 67690 67619 67642 67665
67691 67821 67723 67755 67787
67822 67870 67834 67846 67858
67871 67904 67879 67887 67895
67905 68038 67938 67971 68004
68039 68279 68099 68159 68219
68280 68412 68313 68346 68379
68413 68564 68450 68487 68524
68565 68680 68593 68621 68649
68681 68971 68753 68825 68897
68972 69051 68991 69010 69029
69052 69204 69090 69128 69166
69205 69260 69218 69231 69244
69261 69428 69302 69343 69384
69429 69466 69438 69447 69456
69467 69546 69486 69505 69524
69547 69920 69640 69733 69826
69921 69992 69938 69955 69972
69993 70038 70004 70015 70026
70039 70206 70080 70121 70162
70207 70268 70222 70237 70252
70269 70351 70289 70309 70329
70352 70442 70374 70396 70418
70443 70603 70483 70523 70563
70604 70734 70636 70668 70700
70735 70782 70746 70757 70768
70783 70808 70789 70795 70801
70809 70875 70825 70841 70857
70876 71072 70925 70974 71023
71073 71158 71094 71115 71136
71159 71223 71175 71191 71207
71224 71275 71236 71248 71260
71276 71302 71282 71288 71294
71303 71372 71320 71337 71354
71373 71454 71393 71413 71433
71455 71538 71475 71495 71515
71539 71566 71545 71551 71557
71567 71839 71635 71703 71771
71840 71913 71858 71876 71894
71914 72033 71943 71972 72001
72034 72195 72074 72114 72154
72196 72269 72214 72232 72250
72270 72402 72303 72336 72369
72403 72485 72423 72443 72463
72486 72642 72525 72564 72603
72643 72693 72655 72667 72679
72694 72750 72708 72722 72736
72751 72834 72771 72791 72811
72835 72946 72862 72889 72916
72947 72972 72953 72959 72965
72973 73030 72987 73001 73015
73031 73106 73049 73067 73085
73107 73178 73124 73141 73158
73179 73222 73189 73199 73209
73223 73270 73234 73245 73256
73271 73398 73302 73333 73364
73399 73428 73406 73413 73420
73429 73450 73434 73439 73444
73451 73481 73458 73465 73472
73482 73525 73492 73502 73512
73526 73560 73534 73542 73550
73561 73637 73580 73599 73618
73638 73662 73644 73650 73656
73663 73688 73669 73675 73681
73689 73765 73708 73727 73746
73766 73918 73804 73842 73880
73919 74030 73946 73973 74000
74031 74133 74056 74081 74106
74134 74177 74144 74154 74164
74178 74406 74235 74292 74349
74407 74502 74430 74453 74476
74503 74594 74525 74547 74569
74595 74666 74612 74629 74646
74667 74932 74733 74799 74865
74933 75028 74949 74965 75021
75029 75246 75083 75137 75191
75247 75431 75293 75339 75385
75432 75473 75442 75452 75462
75474 75577 75499 75524 75549
75578 75800 75633 75688 75743
75801 76130 75883 75965 76047
76131 76152 76136 76141 76146
76153 76529 76247 76341 76435
76530 76591 76545 76560 76575
76592 76637 76603 76614 76625
76638 76680 76648 76658 76668
76681 76707 76687 76693 76699
76708 76744 76717 76726 76735
76745 76776 76752 76759 76766
76777 76804 76783 76789 76795
76805 76830 76811 76817 76823
76831 76854 76836 76841 76846
76855 76922 76871 76887 76903
76923 76974 76935 76947 76959
76975 77031 76989 77003 77017
77032 77114 77052 77072 77092
77115 77140 77121 77127 77133
77141 77176 77149 77157 77165
77177 77195 77181 77185 77189
77196 77258 77211 77226 77241
77259 77276 77263 77267 77271
77277 77338 77292 77307 77322
77339 77368 77346 77353 77360
77369 77392 77374 77379 77384
77393 77414 77398 77403 77408
77415 77514 77439 77463 77487
77515 77549 77523 77531 77539
77550 77614 77566 77582 77598
77615 77690 77633 77651 77669
77691 77808 77720 77749 77778
77809 77958 77846 77883 77920
77959 78103 77995 78031 78067
78104 78152 78116 78128 78140
78153 78225 78171 78189 78207
78226 78281 78239 78252 78265
78282 78309 78288 78294 78300
78310 78335 78316 78322 78328
78336 78359 78341 78346 78351
78360 78378 78364 78368 78372
78379 78444 78395 78411 78427
78445 78520 78463 78481 78499
78521 78592 78538 78555 78572
78593 78646 78606 78619 78632
78647 78699 78660 78673 78686
78700 78717 78704 78708 78712
78718 78782 78734 78750 78766
78783 78909 78814 78845 78876
78910 78991 78930 78950 78970
78992 79106 79020 79048 79076
79107 79178 79124 79141 79158
79179 79199 79184 79189 79194
79200 79319 79229 79258 79287
79320 79386 79336 79352 79368
79387 79410 79392 79397 79402
79411 79439 79418 79425 79432
79440 79481 79450 79460 79470
79482 79536 79495 79508 79521
79537 79633 79561 79585 79609
79634 79668 79642 79650 79658
79669 79728 79683 79697 79711
79729 79802 79747 79765 79783
79803 79866 79818 79833 79848
79867 79890 79872 79877 79882
79891 79959 79908 79925 79942
79960 79988 79967 79974 79981
79989 80041 80002 80015 80028
80042 80115 80060 80078 80096
80116 80139 80121 80126 80131
80140 80189 80152 80164 80176
80190 80232 80200 80210 80220
80233 80268 80241 80249 80257
80269 80285 80273 80277 80281
80286 80332 80297 80308 80319
80333 80387 80346 80359 80372
80388 80421 80396 80404 80412
80422 80462 80432 80442 80452
80463 80548 80484 80505 80526
80549 80602 80562 80575 80588
80603 80670 80619 80635 80651
80671 80820 80708 80745 80782
80821 80847 80827 80833 80839
80848 80879 80855 80862 80869
80880 80966 80901 80922 80943
80967 81047 80987 81007 81027
81048 81095 81059 81070 81081
81096 81137 81106 81116 81126
81138 81171 81146 81154 81162
81172 81192 81177 81182 81187
81193 81224 81200 81207 81214
81225 81254 81232 81239 81246
81255 81345 81277 81299 81321
81346 81444 81370 81394 81418
81445 81514 81462 81479 81496
81515 81534 81519 81523 81527
81535 81654 81564 81593 81622
81655 81675 81660 81665 81670
81676 81729 81689 81702 81715
81730 81773 81740 81750 81760
81774 81825 81786 81798 81810
81826 81847 81831 81836 81841
81848 81877 81855 81862 81869
81878 81895 81882 81886 81890
81896 81923 81902 81908 81914
81924 81962 81933 81942 81951
81963 82010 81974 81985 81996
82011 82072 82026 82041 82056
82073 82112 82082 82091 82100
82113 82147 82121 82129 82137
82148 82289 82183 82218 82253
82290 82306 82294 82298 82302
82307 82428 82337 82367 82397
82429 82456 82435 82441 82447
82457 82881 82563 82669 82775
82882 82903 82887 82892 82897
82904 82921 82908 82912 82916
82922 82944 82927 82932 82937
82945 83046 82970 82995 83020
83047 83099 83060 83073 83086
83100 83134 83108 83116 83124
83135 83172 83144 83153 83162
83173 83227 83186 83199 83212
83228 83270 83238 83248 83258
83271 83288 83275 83279 83283
83289 83313 83295 83301 83307
83314 83358 83325 83336 83347
83359 83404 83370 83381 83392
83405 83563 83444 83483 83522
83564 83603 83573 83582 83591
83604 83644 83614 83624 83634
83645 83687 83655 83665 83675
83688 83742 83701 83714 83727
83743 83769 83749 83755 83761
83770 83814 83781 83792 83803
83815 83834 83819 83823 83827
83835 83852 83839 83843 83847
83853 83887 83861 83869 83877
83888 83963 83906 83924 83942
83964 84025 83979 83994 84009
84026 84101 84044 84062 84080
84102 84161 84116 84130 84144
84162 84215 84175 84188 84201
84216 84264 84228 84240 84252
84265 84281 84269 84273 84277
84282 84316 84290 84298 84306
84317 84340 84322 84327 84332
84341 84366 84347 84353 84359
84367 84418 84379 84391 84403
84419 84446 84425 84431 84437
84447 84524 84466 84485 84504
84525 84608 84545 84565 84585
84609 84626 84613 84617 84621
84627 84652 84633 84639 84645
84653 84714 84668 84683 84698
84715 84775 84730 84745 84760
84776 84805 84783 84790 84797
84806 84826 84811 84816 84821
84827 84847 84832 84837 84842
84848 84907 84862 84876 84890
84908 84944 84917 84926 84935
84945 84962 84949 84953 84957
84963 85011 84975 84987 84999
85012 85044 85020 85028 85036
85045 85097 85058 85071 85084
85098 85154 85112 85126 85140
85155 85629 85273 85391 85509
85630 85669 85639 85648 85657
85670 85709 85679 85688 85697
85710 85816 85736 85762 85788
85817 85900 85837 85857 85877
85901 86083 85946 85991 86036
86084 86194 86111 86138 86165
86195 86234 86204 86213 86222
86235 86382 86271 86307 86343
86383 86448 86399 86415 86431
86449 86623 86492 86535 86578
86624 86694 86641 86658 86675
86695 86748 86708 86721 86734
86749 86887 86783 86817 86851
86888 87068 86933 86978 87023
87069 87167 87093 87117 87141
87168 87284 87197 87226 87255
87285 87351 87301 87317 87333
87352 87427 87370 87388 87406
87428 87485 87442 87456 87470
87486 87589 87511 87536 87561
87590 87638 87602 87614 87626
87639 87767 87671 87703 87735
87768 87820 87781 87794 87807
87821 87880 87835 87849 87863
87881 87907 87887 87893 87899
87908 87958 87920 87932 87944
87959 87999 87969 87979 87989
88000 88033 88008 88016 88024
88034 88215 88079 88124 88169
88216 88296 88236 88256 88276
88297 88380 88317 88337 88357
88381 88463 88401 88421 88441
88464 88564 88489 88514 88539
88565 88630 88581 88597 88613
88631 88733 88656 88681 88706
88734 88777 88744 88754 88764
88778 88799 88783 88788 88793
88800 88856 88814 88828 88842
88857 88930 88875 88893 88911
88931 88954 88936 88941 88946
88955 88992 88964 88973 88982
88993 89032 89002 89011 89020
89033 89060 89039 89045 89051
89061 89189 89093 89125 89157
89190 89257 89206 89222 89238
89258 89313 89271 89284 89297
89314 89357 89324 89334 89344
89358 89402 89369 89380 89391
89403 89473 89420 89437 89454
89474 89535 89489 89504 89519
89536 89674 89570 89604 89638
89675 89770 89698 89721 89744
89771 89793 89776 89781 89786
89794 89827 89802 89810 89818
89828 89872 89839 89850 89861
89873 89954 89893 89913 89933
89955 90053 89966 89977 90039
90054 90097 90064 90074 90084
90098 90130 90106 90114 90122
90131 90158 90137 90143 90149
90159 90380 90214 90269 90324
90381 90464 90401 90421 90441
90465 90559 90488 90511 90534
90560 90604 90571 90582 90593
90605 90634 90612 90619 90626
90635 90668 90643 90651 90659
90669 90858 90716 90763 90810
90859 90908 90871 90883 90895
90909 91000 90931 90953 90975
91001 91052 91013 91025 91037
91053 91098 91064 91075 91086
91099 91135 91108 91117 91126
91136 91183 91147 91158 91169
91184 91219 91192 91200 91208
91220 91277 91234 91248 91262
91278 91360 91298 91318 91338
91361 91464 91386 91411 91436
91465 91492 91471 91477 91483
91493 91528 91501 91509 91517
91529 91587 91543 91557 91571
91588 91709 91618 91648 91678
91710 91806 91734 91758 91782
91807 91851 91818 91829 91840
91852 91923 91869 91886 91903
91924 91984 91939 91954 91969
91985 92077 92008 92031 92054
92078 92138 92093 92108 92123
92139 92258 92168 92197 92226
92259 92330 92276 92293 92310
92331 92395 92347 92363 92379
92396 92482 92417 92438 92459
92483 92511 92490 92497 92504
92512 92544 92520 92528 92536
92545 92727 92590 92635 92680
92728 92757 92735 92742 92749
92758 92851 92781 92804 92827
92852 92940 92874 92896 92918
92941 92996 92954 92967 92980
92997 93134 93031 93065 93099
93135 93248 93163 93191 93219
93249 93548 93323 93397 93471
93549 93581 93557 93565 93573
93582 93629 93593 93604 93615
93630 93938 93707 93784 93861
93939 94004 93955 93971 93987
94005 94204 94054 94103 94152
94205 94298 94228 94251 94274
94299 94464 94340 94381 94422
94465 94520 94478 94491 94504
94521 94636 94549 94577 94605
94637 94735 94661 94685 94709
94736 94795 94750 94764 94778
94796 94879 94816 94836 94856
94880 94974 94903 94926 94949
94975 95207 95033 95091 95149
95208 95260 95221 95234 95247
95261 95420 95300 95339 95378
95421 95538 95450 95479 95508
95539 95586 95550 95561 95572
95587 95885 95661 95735 95809
95886 95927 95896 95906 95916
95928 95981 95941 95954 95967
95982 96178 96031 96080 96129
96179 96288 96206 96233 96260
96289 96342 96302 96315 96328
96343 96400 96357 96371 96385
96401 96445 96412 96423 96434
96446 96547 96471 96496 96521
96548 96583 96556 96564 96572
96584 96689 96610 96636 96662
96690 96724 96698 96706 96714
96725 96766 96735 96745 96755
96767 96843 96786 96805 96824
96844 96907 96859 96874 96889
96908 96968 96923 96938 96953
96969 97040 96986 97003 97020
97041 97115 97059 97077 97095
97116 97233 97145 97174 97203
97234 97357 97264 97294 97324
97358 97472 97386 97414 97442
97473 97549 97492 97511 97530
97550 97588 97559 97568 97577
97589 97710 97619 97649 97679
97711 97731 97716 97721 97726
97732 97778 97743 97754 97765
97779 97856 97798 97817 97836
97857 97925 97874 97891 97908
97926 97961 97934 97942 97950
97962 98102 97997 98032 98067
98103 98201 98127 98151 98175
98202 98329 98233 98264 98295
98330 98388 98344 98358 98372
98389 98769 98484 98579 98674
98770 98835 98786 98802 98818
98836 99071 98894 98952 99010
99072 99143 99089 99106 99123
99144 99177 99152 99160 99168
99178 99211 99186 99194 99202
99212 99361 99249 99286 99323
99362 99402 99372 99382 99392
99403 99455 99416 99429 99442
99456 99551 99479 99502 99525
99552 99703 99589 99626 99663
99704 99754 99716 99728 99740
99755 99790 99763 99771 99779
99791 99851 99806 99821 99836
99852 99875 99857 99862 99867
99876 99907 99883 99890 99897
99908 99985 99927 99946 99965
99986 100051 100002 100018 100034
100052 100118 100068 100084 100100
100119 100168 100131 100143 100155
100169 100204 100177 100185 100193
100205 100313 100232 100259 100286
100314 100350 100323 100332 100341
100351 100425 100369 100387 100405
100426 100479 100439 100452 100465
100480 100506 100486 100492 100498
100507 100580 100525 100543 100561
100581 100707 100612 100643 100674
100708 100803 100731 100754 100777
100804 100867 100819 100834 100849
100868 100897 100875 100882 100889
100898 100933 100906 100914 100922
100934 100981 100945 100956 100967
100982 101213 101039 101096 101153
101214 101241 101220 101226 101232
101242 101269 101248 101254 101260
101270 101638 101362 101454 101546
101639 101678 101648 101657 101666
101679 101711 101687 101695 101703
101712 101747 101720 101728 101736
101748 101877 101780 101812 101844
101878 101954 101897 101916 101935
101955 102009 101968 101981 101994
102010 102062 102023 102036 102049
102063 102261 102112 102161 102210
102262 102357 102285 102308 102331
102358 102387 102365 102372 102379
102388 102436 102400 102412 102424
102437 102462 102443 102449 102455
102463 102504 102473 102483 102493
102505 102562 102519 102533 102547
102563 102656 102586 102609 102632
102657 102711 102670 102683 102696
102712 102811 102736 102760 102784
102812 102870 102826 102840 102854
102871 102931 102886 102901 102916
102932 103036 102958 102984 103010
103037 103131 103060 103083 103106
103132 103241 103159 103186 103213
103242 103405 103282 103322 103362
103406 103441 103414 103422 103430
103442 103488 103453 103464 103475
103489 103530 103499 103509 103519
103531 103570 103540 103549 103558
103571 103625 103584 103597 103610
103626 103689 103641 103656 103671
103690 103729 103699 103708 103717
103730 103873 103765 103800 103835
103874 103914 103884 103894 103904
103915 104154 103974 104033 104092
104155 104215 104170 104185 104200
104216 104364 104253 104290 104327
104365 104452 104386 104407 104428
104453 104640 104499 104545 104591
104641 104689 104653 104665 104677
104690 104885 104738 104786 104834
104886 104933 104897 104908 104919
104934 105067 104950 104966 105048
105068 105115 105079 105090 105101
105116 105177 105131 105146 105161
105178 105345 105219 105260 105301
105346 105437 105368 105390 105412
105438 105489 105450 105462 105474
105490 105536 105501 105512 105523
105537 105575 105546 105555 105564
105576 105592 105580 105584 105588
105593 105733 105628 105663 105698
105734 105848 105762 105790 105818
105849 105908 105863 105877 105891
105909 105959 105921 105933 105945
105960 105999 105969 105978 105987
106000 106017 106004 106008 106012
106018 106038 106023 106028 106033
106039 106070 106046 106053 106060
106071 106104 106079 106087 106095
106105 106178 106123 106141 106159
106179 106238 106193 106207 106221
106239 106256 106243 106247 106251
106257 106273 106261 106265 106269
106274 106315 106284 106294 106304
106316 106352 106325 106334 106343
106353 106397 106364 106375 106386
106398 106450 106411 106424 106437
106451 106516 106467 106483 106499
106517 106552 106525 106533 106541
106553 106588 106561 106569 106577
106589 106760 106631 106673 106715
106761 106781 106766 106771 106776
106782 106826 106793 106804 106815
106827 106865 106836 106845 106854
106866 106945 106885 106904 106923
106946 106982 106955 106964 106973
106983 107030 106994 107005 107016
107031 107054 107036 107041 107046
107055 107080 107061 107067 107073
107081 107158 107100 107119 107138
107159 107202 107169 107179 107189
107203 107313 107230 107257 107284
107314 107633 107393 107472 107551
107634 107690 107648 107662 107676
107691 107751 107706 107721 107736
107752 107811 107766 107780 107794
107812 107843 107819 107826 107833
107844 107882 107853 107862 107871
107883 107919 107892 107901 107910
107920 107980 107935 107950 107965
107981 108011 107988 107995 108002
108012 108043 108019 108026 108033
108044 108134 108066 108088 108110
108135 108263 108167 108199 108231
108264 108308 108275 108286 108297
108309 108355 108320 108331 108342
108356 108411 108369 108382 108395
108412 108511 108436 108460 108484
108512 108618 108538 108564 108590
108619 108783 108660 108701 108742
108784 108888 108810 108836 108862
108889 109095 108940 108991 109042
109096 109180 109117 109138 109159
109181 109252 109198 109215 109232
109253 109284 109260 109267 109274
109285 109316 109292 109299 109306
109317 109390 109335 109353 109371
109391 109453 109406 109421 109436
109454 109536 109474 109494 109514
109537 109560 109542 109547 109552
109561 109599 109570 109579 109588
109600 109671 109617 109634 109651
109672 109691 109676 109680 109684
109692 109751 109706 109720 109734
109752 109787 109760 109768 109776
109788 109839 109800 109812 109824
109840 109908 109857 109874 109891
109909 110023 109937 109965 109993
110024 110072 110036 110048 110060
110073 110090 110077 110081 110085
110091 110142 110103 110115 110127
110143 110180 110152 110161 110170
110181 110223 110191 110201 110211
110224 110271 110235 110246 110257
110272 110323 110284 110296 110308
110324 110341 110328 110332 110336
110342 110364 110347 110352 110357
110365 110428 110380 110395 110410
110429 110478 110441 110453 110465
110479 110504 110485 110491 110497
110505 110528 110510 110515 110520
110529 110624 110552 110575 110598
110625 110641 110629 110633 110637
110642 110680 110651 110660 110669
110681 110707 110687 110693 110699
110708 110752 110719 110730 110741
110753 110770 110757 110761 110765
110771 110793 110776 110781 110786
110794 110839 110805 110816 110827
110840 110870 110847 110854 110861
110871 110893 110876 110881 110886
110894 110920 110900 110906 110912
110921 110965 110932 110943 110954
110966 111002 110975 110984 110993
111003 111035 111011 111019 111027
111036 111084 111048 111060 111072
111085 111130 111096 111107 111118
111131 111205 111149 111167 111185
111206 111265 111220 111234 111248
111266 111362 111290 111314 111338
111363 111384 111368 111373 111378
111385 111407 111390 111395 111400
111408 111536 111440 111472 111504
111537 111650 111565 111593 111621
111651 111683 111659 111667 111675
111684 111701 111688 111692 111696
111702 111720 111706 111710 111714
111721 111756 111729 111737 111745
111757 111787 111764 111771 111778
111788 111810 111793 111798 111803
111811 111925 111839 111867 111895
111926 111949 111931 111936 111941
111950 111967 111954 111958 111962
111968 112020 111981 111994 112007
112021 112040 112025 112029 112033
112041 112066 112047 112053 112059
112067 112120 112080 112093 112106
112121 112163 112131 112141 112151
112164 112193 112171 112178 112185
112194 112248 112207 112220 112233
112249 112267 112253 112257 112261
112268 112289 112273 112278 112283
112290 112328 112299 112308 112317
112329 112352 112334 112339 112344
112353 112393 112363 112373 112383
112394 112432 112403 112412 112421
112433 112516 112453 112473 112493
112517 112602 112538 112559 112580
112603 112621 112607 112611 112615
112622 112670 112634 112646 112658
112671 112687 112675 112679 112683
112688 112714 112694 112700 112706
112715 112735 112720 112725 112730
112736 112770 112744 112752 112760
112771 112823 112784 112797 112810
112824 112857 112832 112840 112848
112858 112925 112874 112890 112906
112926 112981 112939 112952 112965
112982 113042 112997 113012 113027
113043 113073 113050 113057 113064
113074 113111 113083 113092 113101
113112 113138 113118 113124 113130
113139 113164 113145 113151 113157
113165 113200 113173 113181 113189
113201 113348 113237 113273 113309
113349 113424 113367 113385 113403
113425 113454 113432 113439 113446
113455 113475 113460 113465 113470
113476 113518 113486 113496 113506
113519 113536 113523 113527 113531
113537 113582 113548 113559 113570
113583 113622 113592 113601 113610
113623 113704 113643 113663 113683
113705 113896 113752 113799 113846
113897 114032 113930 113963 113996
114033 114063 114040 114047 114054
114064 114197 114097 114130 114163
114198 114262 114214 114230 114246
114263 114291 114270 114277 114284
114292 114310 114296 114300 114304
114311 114366 114324 114337 114350
114367 114395 114374 114381 114388
114396 114435 114405 114414 114423
114436 114528 114459 114482 114505
114529 114583 114542 114555 114568
114584 114644 114599 114614 114629
114645 114663 114649 114653 114657
114664 114822 114703 114742 114781
114823 114920 114847 114871 114895
114921 114939 114925 114929 114933
114940 114962 114945 114950 114955
114963 115012 114975 114987 114999
115013 115075 115028 115043 115058
115076 115105 115083 115090 115097
115106 115141 115114 115122 115130
115142 115165 115147 115152 115157
115166 115186 115171 115176 115181
115187 115236 115199 115211 115223
115237 115318 115257 115277 115297
115319 115366 115330 115341 115352
115367 115453 115388 115409 115430
115454 115507 115467 115480 115493
115508 115629 115538 115568 115598
115630 115657 115636 115642 115648
115658 115704 115669 115680 115691
115705 115721 115709 115713 115717
115722 115756 115730 115738 115746
115757 115797 115767 115777 115787
115798 115843 115809 115820 115831
115844 115892 115856 115868 115880
115893 115943 115905 115917 115929
115944 116003 115958 115972 115986
116004 116058 116017 116030 116043
116059 116082 116064 116069 116074
116083 116108 116089 116095 116101
116109 116136 116115 116121 116127
116137 116156 116141 116145 116149
116157 116180 116162 116167 116172
116181 116220 116190 116199 116208
116221 116252 116228 116235 116242
116253 116300 116264 116275 116286
116301 116329 116308 116315 116322
116330 116348 116334 116338 116342
116349 116370 116354 116359 116364
116371 116412 116381 116391 116401
116413 116442 116420 116427 116434
116443 116476 116451 116459 116467
116477 116510 116485 116493 116501
116511 116532 116516 116521 116526
116533 116558 116539 116545 116551
116559 116581 116564 116569 116574
116582 116601 116586 116590 116594
116602 116645 116612 116622 116632
116646 116698 116659 116672 116685
116699 116726 116705 116711 116717
116727 116755 116734 116741 116748
116756 116791 116764 116772 116780
116792 116817 116798 116804 116810
116818 116855 116827 116836 116845
116856 116880 116862 116868 116874
116881 116898 116885 116889 116893
116899 116921 116904 116909 116914
116922 116940 116926 116930 116934
116941 117009 116958 116975 116992
117010 117037 117016 117022 117028
117038 117099 117053 117068 117083
117100 117155 117113 117126 117139
117156 117190 117164 117172 117180
117191 117241 117203 117215 117227
117242 117272 117249 117256 117263
117273 117314 117283 117293 117303
117315 117353 117324 117333 117342
117354 117371 117358 117362 117366
117372 117439 117388 117404 117420
117440 117463 117445 117450 117455
117464 117528 117480 117496 117512
117529 117559 117536 117543 117550
117560 117589 117567 117574 117581
117590 117628 117599 117608 117617
117629 117650 117634 117639 117644
117651 117673 117656 117661 117666
117674 117790 117703 117732 117761
117791 117816 117797 117803 117809
117817 117847 117824 117831 117838
117848 117879 117855 117862 117869
117880 117901 117885 117890 117895
117902 117930 117909 117916 117923
117931 117955 117937 117943 117949
117956 117985 117963 117970 117977
117986 118017 117993 118000 118007
118018 118089 118035 118052 118069
118090 118115 118096 118102 118108
118116 118178 118131 118146 118161
118179 118198 118183 118187 118191
118199 118280 118219 118239 118259
118281 118320 118290 118299 118308
118321 118344 118326 118331 118336
118345 118362 118349 118353 118357
118363 118382 118367 118371 118375
118383 118402 118387 118391 118395
118403 118527 118434 118465 118496
118528 118559 118535 118542 118549
118560 118607 118571 118582 118593
118608 118643 118616 118624 118632
118644 118667 118649 118654 118659
118668 118697 118675 118682 118689
118698 118767 118715 118732 118749
118768 118865 118792 118816 118840
118866 118950 118887 118908 118929
118951 119015 118967 118983 118999
119016 119063 119027 119038 119049
119064 119089 119070 119076 119082
119090 119125 119098 119106 119114
119126 119149 119131 119136 119141
119150 119187 119159 119168 119177
119188 119206 119192 119196 119200
119207 119228 119212 119217 119222
119229 119263 119237 119245 119253
119264 119300 119273 119282 119291
119301 119323 119306 119311 119316
119324 119348 119330 119336 119342
119349 119411 119364 119379 119394
119412 119462 119424 119436 119448
119463 119551 119485 119507 119529
119552 119582 119559 119566 119573
119583 119652 119600 119617 119634
119653 119675 119658 119663 119668
119676 119724 119688 119700 119712
119725 119755 119732 119739 119746
119756 119792 119765 119774 119783
119793 119812 119797 119801 119805
119813 119833 119818 119823 119828
119834 119856 119839 119844 119849
119857 119910 119870 119883 119896
119911 119930 119915 119919 119923
119931 119971 119941 119951 119961
119972 119990 119976 119980 119984
119991 120001 119993 119995 120000
120002 120028 120008 120014 120020
120029 120059 120036 120043 120050
120060 120077 120064 120068 120072
120078 120095 120082 120086 120090
120096 120121 120102 120108 120114
120122 120142 120127 120132 120137
120143 120183 120153 120163 120173
120184 120203 120188 120192 120196
120204 120223 120208 120212 120216
120224 120261 120233 120242 120251
120262 120285 120267 120272 120277
120286 120314 120293 120300 120307
120315 120341 120321 120327 120333
120342 120408 120358 120374 120390
120409 120436 120415 120421 120427
120437 120464 120443 120449 120455
120465 120493 120472 120479 120486
120494 120527 120502 120510 120518
120528 120544 120532 120536 120540
120545 120573 120552 120559 120566
120574 120598 120580 120586 120592
120599 120636 120608 120617 120626
120637 120685 120649 120661 120673
120686 120747 120701 120716 120731
120748 120764 120752 120756 120760
120765 120784 120769 120773 120777
120785 120810 120791 120797 120803
120811 120829 120815 120819 120823
120830 120858 120837 120844 120851
120859 120882 120864 120869 120874
120883 120900 120887 120891 120895
120901 120917 120905 120909 120913
120918 120972 120931 120944 120957
120973 121004 120980 120987 120994
121005 121036 121012 121019 121026
121037 121077 121047 121057 121067
121078 121185 121104 121130 121156
121186 121222 121195 121204 121213
121223 121328 121249 121275 121301
121329 121363 121337 121345 121353
121364 121419 121377 121390 121403
121420 121452 121428 121436 121444
121453 121486 121461 121469 121477
121487 121507 121492 121497 121502
121508 121574 121524 121540 121556
121575 121609 121583 121591 121599
121610 121650 121620 121630 121640
121651 121678 121657 121663 121669
121679 121702 121684 121689 121694
121703 121788 121724 121745 121766
121789 121826 121798 121807 121816
121827 121865 121836 121845 121854
121866 121958 121889 121912 121935
121959 122058 121983 122007 122031
122059 122235 122103 122147 122191
122236 122285 122248 122260 122272
122286 122319 122294 122302 122310
122320 122350 122327 122334 122341
122351 122387 122360 122369 122378
122388 122410 122393 122398 122403
122411 122462 122423 122435 122447
122463 122490 122469 122475 122481
122491 122510 122495 122499 122503
122511 122539 122518 122525 122532
122540 122579 122549 122558 122567
122580 122615 122588 122596 122604
122616 122632 122620 122624 122628
122633 122672 122642 122651 122660
122673 122707 122681 122689 122697
122708 122731 122713 122718 122723
122732 122755 122737 122742 122747
122756 122812 122770 122784 122798
122813 122835 122818 122823 122828
122836 122863 122842 122848 122854
122864 122893 122871 122878 122885
122894 122915 122899 122904 122909
122916 122960 122927 122938 122949
122961 123000 122970 122979 122988
123001 123036 123009 123017 123025
123037 123068 123044 123051 123058
123069 123094 123075 123081 123087
123095 123130 123103 123111 123119
123131 123162 123138 123145 123152
123163 123234 123180 123197 123214
123235 123258 123240 123245 123250
123259 123286 123265 123271 123277
123287 123326 123296 123305 123314
123327 123350 123332 123337 123342
123351 123390 123360 123369 123378
123391 123422 123398 123405 123412
123423 123461 123432 123441 123450
123462 123485 123467 123472 123477
123486 123508 123491 123496 123501
123509 123542 123517 123525 123533
123543 123572 123550 123557 123564
123573 123592 123577 123581 123585
123593 123620 123599 123605 123611
123621 123641 123626 123631 123636
123642 123675 123650 123658 123666
123676 123723 123687 123698 123709
123724 123742 123728 123732 123736
123743 123766 123748 123753 123758
123767 123800 123775 123783 123791
123801 123855 123814 123827 123840
123856 123887 123863 123870 123877
123888 123928 123898 123908 123918
123929 123986 123943 123957 123971
123987 124012 123993 123999 124005
124013 124035 124018 124023 124028
124036 124069 124044 124052 124060
124070 124096 124076 124082 124088
124097 124119 124102 124107 124112
124120 124187 124136 124152 124168
124188 124205 124192 124196 124200
124206 124226 124211 124216 124221
124227 124252 124233 124239 124245
124253 124282 124260 124267 124274
124283 124310 124289 124295 124301
124311 124336 124317 124323 124329
124337 124367 124344 124351 124358
124368 124402 124376 124384 124392
124403 124421 124407 124411 124415
124422 124443 124427 124432 124437
124444 124482 124453 124462 124471
124483 124516 124491 124499 124507
124517 124552 124525 124533 124541
124553 124592 124562 124571 124580
124593 124626 124601 124609 124617
124627 124646 124631 124635 124639
124647 124666 124651 124655 124659
124667 124688 124672 124677 124682
124689 124729 124699 124709 124719
124730 124749 124734 124738 124742
124750 124766 124754 124758 124762
124767 124786 124771 124775 124779
124787 124804 124791 124795 124799
124805 124832 124811 124817 124823
124833 124850 124837 124841 124845
124851 124882 124858 124865 124872
124883 124907 124889 124895 124901
124908 124933 124914 124920 124926
124934 124958 124940 124946 124952
124959 124978 124963 124967 124971
124979 124998 124983 124987 124991
124999 125056 125013 125027 125041
125057 125079 125062 125067 125072
125080 125103 125085 125090 125095
125104 125124 125109 125114 125119
125125 125181 125139 125153 125167
125182 125207 125188 125194 125200
125208 125269 125223 125238 125253
125270 125424 125308 125346 125384
125425 125447 125430 125435 125440
125448 125467 125452 125456 125460
125468 125618 125505 125542 125579
125619 125666 125630 125641 125652
125667 125695 125674 125681 125688
125696 125761 125712 125728 125744
125762 125871 125789 125816 125843
125872 125903 125879 125886 125893
125904 125975 125921 125938 125955
125976 126068 125999 126022 126045
126069 126091 126074 126079 126084
126092 126118 126098 126104 126110
126119 126144 126125 126131 126137
126145 126200 126158 126171 126184
126201 126240 126210 126219 126228
126241 126259 126245 126249 126253
126260 126290 126267 126274 126281
126291 126324 126299 126307 126315
126325 126369 126336 126347 126358
126370 126401 126377 126384 126391
126402 126448 126413 126424 126435
126449 126466 126453 126457 126461
126467 126483 126471 126475 126479
126484 126501 126488 126492 126496
126502 126532 126509 126516 126523
126533 126594 126548 126563 126578
126595 126637 126605 126615 126625
126638 126670 126646 126654 126662
126671 126701 126678 126685 126692
126702 126833 126734 126766 126798
126834 126862 126841 126848 126855
126863 126899 126872 126881 126890
126900 126926 126906 126912 126918
126927 126951 126933 126939 126945
126952 126973 126957 126962 126967
126974 127012 126983 126992 127001
127013 127066 127026 127039 127052
127067 127091 127073 127079 127085
127092 127118 127098 127104 127110
127119 127152 127127 127135 127143
127153 127179 127159 127165 127171
127180 127196 127184 127188 127192
127197 127227 127204 127211 127218
127228 127257 127235 127242 127249
127258 127276 127262 127266 127270
127277 127321 127288 127299 127310
127322 127352 127329 127336 127343
127353 127369 127357 127361 127365
127370 127399 127377 127384 127391
127400 127424 127406 127412 127418
127425 127460 127433 127441 127449
127461 127490 127468 127475 127482
127491 127507 127495 127499 127503
127508 127540 127516 127524 127532
127541 127586 127552 127563 127574
127587 127612 127593 127599 127605
127613 127656 127623 127633 127643
127657 127696 127666 127675 127684
127697 127739 127707 127717 127727
127740 127837 127764 127788 127812
127838 127895 127852 127866 127880
127896 127931 127904 127912 127920
127932 127951 127936 127940 127944
127952 127985 127960 127968 127976
127986 128022 127995 128004 128013
128023 128070 128034 128045 128056
128071 128106 128079 128087 128095
128107 128127 128112 128117 128122
128128 128159 128135 128142 128149
128160 128199 128169 128178 128187
128200 128283 128220 128240 128260
128284 128323 128293 128302 128311
128324 128348 128330 128336 128342
128349 128390 128359 128369 128379
128391 128475 128412 128433 128454
128476 128507 128483 128490 128497
128508 128555 128519 128530 128541
128556 128603 128567 128578 128589
128604 128643 128613 128622 128631
128644 128688 128655 128666 128677
128689 128717 128696 128703 128710
128718 128746 128725 128732 128739
128747 128798 128759 128771 128783
128799 128846 128810 128821 128832
128847 128897 128859 128871 128883
128898 128921 128903 128908 128913
128922 128962 128932 128942 128952
128963 129055 128986 129009 129032
129056 129129 129074 129092 129110
129130 129190 129145 129160 129175
129191 129214 129196 129201 129206
129215 129282 129231 129247 129263
129283 129331 129295 129307 129319
129332 129359 129338 129344 129350
129360 129400 129370 129380 129390
129401 129503 129426 129451 129476
129504 129551 129515 129526 129537
129552 129589 129561 129570 129579
129590 129657 129606 129622 129638
129658 129682 129664 129670 129676
129683 129717 129691 129699 129707
129718 129736 129722 129726 129730
129737 129752 129740 129743 129746
129753 129778 129759 129765 129771
129779 129850 129796 129813 129830
129851 129879 129858 129865 129872
129880 129932 129893 129906 129919
129933 129969 129942 129951 129960
129970 130002 129978 129986 129994
130003 130028 130009 130015 130021
130029 130057 130036 130043 130050
130058 130075 130062 130066 130070
130076 130183 130102 130128 130154
130184 130203 130188 130192 130196
130204 130229 130210 130216 130222
130230 130258 130237 130244 130251
130259 130303 130270 130281 130292
130304 130329 130310 130316 130322
130330 130351 130335 130340 130345
130352 130385 130360 130368 130376
130386 130505 130415 130444 130473
130506 130540 130514 130522 130530
130541 130603 130556 130571 130586
130604 130636 130612 130620 130628
130637 130681 130648 130659 130670
130682 130722 130692 130702 130712
130723 130804 130743 130763 130783
130805 130834 130812 130819 130826
130835 130867 130843 130851 130859
130868 130913 130879 130890 130901
130914 130935 130919 130924 130929
130936 130961 130942 130948 130954
130962 130981 130966 130970 130974
130982 131019 130991 131000 131009
131020 131047 131026 131032 131038
131048 131132 131069 131090 131111
131133 131214 131153 131173 131193
131215 131235 131220 131225 131230
131236 131269 131244 131252 131260
131270 131292 131275 131280 131285
131293 131318 131299 131305 131311
131319 131349 131326 131333 131340
131350 131367 131354 131358 131362
131368 131393 131374 131380 131386
131394 131415 131399 131404 131409
131416 131438 131421 131426 131431
131439 131460 131444 131449 131454
131461 131487 131467 131473 131479
131488 131528 131498 131508 131518
131529 131547 131533 131537 131541
131548 131583 131556 131564 131572
131584 131620 131593 131602 131611
131621 131645 131627 131633 131639
131646 131682 131655 131664 131673
131683 131749 131699 131715 131731
131750 131846 131774 131798 131822
131847 131879 131855 131863 131871
131880 131897 131884 131888 131892
131898 131970 131916 131934 131952
131971 132045 131989 132007 132025
132046 132066 132051 132056 132061
132067 132119 132080 132093 132106
132120 132137 132124 132128 132132
132138 132193 132151 132164 132177
132194 132255 132209 132224 132239
132256 132277 132261 132266 132271
132278 132321 132288 132298 132308
132322 132427 132348 132374 132400
132428 132497 132445 132462 132479
132498 132521 132503 132508 132513
132522 132662 132557 132592 132627
132663 132714 132675 132687 132699
132715 132753 132724 132733 132742
132754 132786 132762 132770 132778
132787 132830 132797 132807 132817
132831 132866 132839 132847 132855
132867 132883 132871 132875 132879
132884 132903 132888 132892 132896
132904 132939 132912 132920 132928
132940 132968 132947 132954 132961
132969 132999 132976 132983 132990
133000 133037 133009 133018 133027
133038 133060 133043 133048 133053
133061 133087 133067 133073 133079
133088 133122 133096 133104 133112
133123 133151 133130 133137 133144
133152 133187 133160 133168 133176
133188 133230 133198 133208 133218
133231 133278 133242 133253 133264
133279 133303 133285 133291 133297
133304 133326 133309 133314 133319
133327 133355 133334 133341 133348
133356 133372 133360 133364 133368
133373 133408 133381 133389 133397
133409 133433 133415 133421 133427
133434 133488 133447 133460 133473
133489 133510 133494 133499 133504
133511 133565 133524 133537 133550
133566 133601 133574 133582 133590
133602 133625 133607 133612 133617
133626 133661 133634 133642 133650
133662 133717 133675 133688 133701
133718 133747 133725 133732 133739
133748 133771 133753 133758 133763
133772 133894 133802 133832 133862
133895 133977 133915 133935 133955
133978 134086 134005 134032 134059
134087 134143 134101 134115 134129
134144 134181 134153 134162 134171
134182 134220 134191 134200 134209
134221 134258 134230 134239 134248
134259 134279 134264 134269 134274
134280 134382 134305 134330 134355
134383 134415 134391 134399 134407
134416 134483 134432 134448 134464
134484 134512 134491 134498 134505
134513 134564 134525 134537 134549
134565 134619 134578 134591 134604
134620 134667 134631 134642 134653
134668 134691 134673 134678 134683
134692 134738 134703 134714 134725
134739 134782 134749 134759 134769
134783 134801 134787 134791 134795
134802 134834 134810 134818 134826
134835 134875 134845 134855 134865
134876 134937 134891 134906 134921
134938 134964 134944 134950 134956
134965 134990 134971 134977 134983
134991 135064 134993 134995 135048
135065 135099 135073 135081 135089
135100 135131 135107 135114 135121
135132 135149 135136 135140 135144
135150 135179 135157 135164 135171
135180 135214 135188 135196 135204
135215 135248 135223 135231 135239
135249 135284 135257 135265 135273
135285 135301 135289 135293 135297
135302 135329 135308 135314 135320
135330 135358 135337 135344 135351
135359 135439 135379 135399 135419
135440 135465 135446 135452 135458
135466 135488 135471 135476 135481
135489 135508 135493 135497 135501
135509 135535 135515 135521 135527
135536 135563 135542 135548 135554
135564 135613 135576 135588 135600
135614 135666 135627 135640 135653
135667 135727 135682 135697 135712
135728 135810 135748 135768 135788
135811 135859 135823 135835 135847
135860 135879 135864 135868 135872
135880 135926 135891 135902 135913
135927 136058 135959 135991 136023
136059 136085 136065 136071 136077
136086 136162 136105 136124 136143
136163 136203 136173 136183 136193
136204 136235 136211 136218 136225
136236 136288 136249 136262 136275
136289 136316 136295 136301 136307
136317 136399 136337 136357 136377
136400 136436 136409 136418 136427
136437 136459 136442 136447 136452
136460 136498 136469 136478 136487
136499 136712 136552 136605 136658
136713 136759 136724 136735 136746
136760 136778 136764 136768 136772
136779 136800 136784 136789 136794
136801 136824 136806 136811 136816
136825 136921 136849 136873 136897
136922 136942 136927 136932 136937
136943 136984 136953 136963 136973
136985 137010 136991 136997 137003
137011 137043 137019 137027 137035
137044 137067 137049 137054 137059
137068 137100 137076 137084 137092
137101 137118 137105 137109 137113
137119 137146 137125 137131 137137
137147 137178 137154 137161 137168
137179 137203 137185 137191 137197
137204 137233 137211 137218 137225
137234 137295 137249 137264 137279
137296 137314 137300 137304 137308
137315 137334 137319 137323 137327
137335 137359 137341 137347 137353
137360 137386 137366 137372 137378
137387 137452 137403 137419 137435
137453 137487 137461 137469 137477
137488 137519 137495 137502 137509
137520 137554 137528 137536 137544
137555 137578 137560 137565 137570
137579 137596 137583 137587 137591
137597 137629 137605 137613 137621
137630 137654 137636 137642 137648
137655 137672 137659 137663 137667
137673 137704 137680 137687 137694
137705 137728 137710 137715 137720
137729 137776 137740 137751 137762
137777 137799 137782 137787 137792
137800 137817 137804 137808 137812
137818 137837 137822 137826 137830
137838 137859 137843 137848 137853
137860 137879 137864 137868 137872
137880 137897 137884 137888 137892
137898 137919 137903 137908 137913
137920 138017 137944 137968 137992
138018 138064 138029 138040 138051
138065 138082 138069 138073 138077
138083 138112 138090 138097 138104
138113 138129 138117 138121 138125
138130 138151 138135 138140 138145
138152 138175 138157 138162 138167
138176 138245 138193 138210 138227
138246 138297 138258 138270 138282
138298 138331 138306 138314 138322
138332 138370 138341 138350 138359
138371 138466 138394 138417 138440
138467 138499 138475 138483 138491
138500 138526 138506 138512 138518
138527 138592 138543 138559 138575
138593 138622 138600 138607 138614
138623 138659 138632 138641 138650
138660 138702 138670 138680 138690
138703 138735 138711 138719 138727
138736 138787 138748 138760 138772
138788 138859 138805 138822 138839
138860 138912 138873 138886 138899
138913 138937 138919 138925 138931
138938 138965 138944 138950 138956
138966 139054 138988 139010 139032
139055 139146 139077 139099 139121
139147 139186 139156 139165 139174
139187 139206 139191 139195 139199
139207 139226 139211 139215 139219
139227 139249 139232 139237 139242
139250 139274 139256 139262 139268
139275 139296 139280 139285 139290
139297 139479 139342 139387 139432
139480 139513 139488 139496 139504
139514 139626 139542 139570 139598
139627 139675 139639 139651 139663
139676 139750 139694 139712 139730
139751 139794 139761 139771 139781
139795 139927 139828 139861 139894
139928 140030 139953 139978 140003
140031 140062 140038 140045 140052
140063 140082 140067 140071 140075
140083 140158 140101 140119 140137
140159 140180 140164 140169 140174
140181 140205 140187 140193 140199
140206 140260 140219 140232 140245
140261 140325 140277 140293 140309
140326 140368 140336 140346 140356
140369 140429 140384 140399 140414
140430 140492 140445 140460 140475
140493 141096 140643 140793 140943
141097 141220 141127 141157 141187
141221 141410 141268 141315 141362
141411 141571 141451 141491 141531
141572 141784 141625 141678 141731
141785 141929 141821 141857 141893
141930 141961 141937 141944 141951
141962 142017 141975 141988 142001
142018 142159 142053 142088 142123
142160 142202 142170 142180 142190
142203 142257 142216 142229 142242
142258 142302 142269 142280 142291
142303 142347 142314 142325 142336
142348 142395 142359 142370 142381
142396 142432 142405 142414 142423
142433 142506 142451 142469 142487
142507 142559 142520 142533 142546
142560 142631 142577 142594 142611
142632 142677 142643 142654 142665
142678 142725 142689 142700 142711
142726 142804 142745 142764 142783
142805 142862 142819 142833 142847
142863 142924 142878 142893 142908
142925 142970 142936 142947 142958
142971 143072 142996 143021 143046
143073 143210 143107 143141 143175
143211 143266 143224 143237 143250
143267 143286 143271 143275 143279
143287 143312 143293 143299 143305
143313 143450 143347 143381 143415
143451 143507 143465 143479 143493
143508 143603 143531 143554 143577
143604 143662 143618 143632 143646
143663 143721 143677 143691 143705
143722 143796 143740 143758 143776
143797 143863 143813 143829 143845
143864 144033 143906 143948 143990
144034 144127 144057 144080 144103
144128 144183 144141 144154 144167
144184 144428 144245 144306 144367
144429 144518 144451 144473 144495
144519 144626 144545 144571 144597
144627 144687 144642 144657 144672
144688 144732 144699 144710 144721
144733 144760 144739 144745 144751
144761 144787 144767 144773 144779
144788 144824 144797 144806 144815
144825 145021 144874 144923 144972
145022 145081 145036 145050 145064
145082 145184 145107 145132 145157
145185 145211 145191 145197 145203
145212 145291 145231 145250 145269
145292 145333 145302 145312 145322
145334 145374 145344 145354 145364
145375 145415 145385 145395 145405
145416 145567 145453 145490 145527
145568 145697 145600 145632 145664
145698 145792 145721 145744 145767
145793 145818 145799 145805 145811
145819 145884 145835 145851 145867
145885 145919 145893 145901 145909
145920 145961 145930 145940 145950
145962 146096 145995 146028 146061
146097 146183 146118 146139 146160
146184 146213 146191 146198 146205
146214 146237 146219 146224 146229
146238 146255 146242 146246 146250
146256 146291 146264 146272 146280
146292 146346 146305 146318 146331
146347 146407 146362 146377 146392
146408 146474 146424 146440 146456
146475 146556 146495 146515 146535
146557 146644 146578 146599 146620
146645 146768 146675 146705 146735
146769 147133 146860 146951 147042
147134 147297 147174 147214 147254
147298 147539 147358 147418 147478
147540 147609 147557 147574 147591
147610 147729 147639 147668 147697
147730 147765 147738 147746 147754
147766 147832 147782 147798 147814
147833 147915 147853 147873 147893
147916 147984 147933 147950 147967
147985 148027 147995 148005 148015
148028 148239 148080 148132 148184
148240 148413 148283 148326 148369
148414 148431 148418 148422 148426
148432 148449 148436 148440 148444
148450 148467 148454 148458 148462
148468 148528 148483 148498 148513
148529 148567 148538 148547 148556
148568 148604 148577 148586 148595
148605 148636 148612 148619 148626
148637 148685 148649 148661 148673
148686 148798 148714 148742 148770
148799 148872 148817 148835 148853
148873 148927 148886 148899 148912
148928 148955 148934 148940 148946
148956 148979 148961 148966 148971
148980 149000 148985 148990 148995
149001 149064 149016 149031 149046
149065 149089 149071 149077 149083
149090 149118 149097 149104 149111
149119 149137 149123 149127 149131
149138 149154 149142 149146 149150
149155 149172 149159 149163 149167
149173 149194 149178 149183 149188
149195 149249 149208 149221 149234
149250 149297 149261 149272 149283
149298 149345 149309 149320 149331
149346 149393 149357 149368 149379
149394 149441 149405 149416 149427
149442 149489 149453 149464 149475
149490 149674 149536 149582 149628
149675 149782 149701 149727 149753
149783 149860 149802 149821 149840
149861 149924 149876 149891 149906
149925 150015 149943 149961 150009
150016 150054 150025 150034 150043
150055 150092 150064 150073 150082
150093 150140 150104 150115 150126
150141 150164 150146 150151 150156
150165 150188 150170 150175 150180
150189 150303 150217 150245 150273
150304 150338 150312 150320 150328
150339 150362 150344 150349 150354
150363 150389 150369 150375 150381
150390 150410 150395 150400 150405
150411 150445 150419 150427 150435
150446 150471 150452 150458 150464
150472 150514 150482 150492 150502
150515 150536 150520 150525 150530
150537 150581 150548 150559 150570
150582 150613 150589 150596 150603
150614 150643 150621 150628 150635
150644 150667 150649 150654 150659
150668 150703 150676 150684 150692
150704 150727 150709 150714 150719
150728 150757 150735 150742 150749
150758 150788 150765 150772 150779
150789 150891 150814 150839 150864
150892 150927 150900 150908 150916
150928 150993 150944 150960 150976
150994 151029 151002 151010 151018
151030 151077 151041 151052 151063
151078 151158 151098 151118 151138
151159 151206 151170 151181 151192
151207 151254 151218 151229 151240
151255 151273 151259 151263 151267
151274 151301 151280 151286 151292
151302 151394 151325 151348 151371
151395 151464 151412 151429 151446
151465 151488 151470 151475 151480
151489 151523 151497 151505 151513
151524 151559 151532 151540 151548
151560 151608 151572 151584 151596
151609 151648 151618 151627 151636
151649 151684 151657 151665 151673
151685 151780 151708 151731 151754
151781 151874 151804 151827 151850
151875 151966 151897 151919 151941
151967 152038 151984 152001 152018
152039 152066 152045 152051 152057
152067 152149 152087 152107 152127
152150 152195 152161 152172 152183
152196 152259 152211 152226 152241
152260 152359 152284 152308 152332
152360 152406 152371 152382 152393
152407 152475 152424 152441 152458
152476 152499 152481 152486 152491
152500 152540 152510 152520 152530
152541 152564 152546 152551 152556
152565 152624 152579 152593 152607
152625 152715 152647 152669 152691
152716 152743 152722 152728 152734
152744 152809 152760 152776 152792
152810 152845 152818 152826 152834
152846 152885 152855 152864 152873
152886 152965 152905 152924 152943
152966 153011 152977 152988 152999
153012 153054 153022 153032 153042
153055 153071 153059 153063 153067
153072 153123 153084 153096 153108
153124 153145 153129 153134 153139
153146 153186 153156 153166 153176
153187 153213 153193 153199 153205
153214 153242 153221 153228 153235
153243 153357 153271 153299 153327
153358 153490 153391 153424 153457
153491 153564 153509 153527 153545
153565 153670 153591 153617 153643
153671 153738 153687 153703 153719
153739 153822 153759 153779 153799
153823 153878 153836 153849 153862
153879 153927 153891 153903 153915
153928 153951 153933 153938 153943
153952 154071 153981 154010 154039
154072 154102 154079 154086 154093
154103 154131 154110 154117 154124
154132 154167 154140 154148 154156
154168 154275 154194 154220 154246
154276 154436 154316 154356 154396
154437 154462 154443 154449 154455
154463 154502 154472 154481 154490
154503 154523 154508 154513 154518
154524 154564 154534 154544 154554
154565 154610 154576 154587 154598
154611 154670 154625 154639 154653
154671 154701 154678 154685 154692
154702 154784 154722 154742 154762
154785 154837 154798 154811 154824
154838 154893 154851 154864 154877
154894 154919 154900 154906 154912
154920 154946 154926 154932 154938
154947 154963 154951 154955 154959
154964 154989 154970 154976 154982
154990 155047 155004 155018 155032
155048 155099 155060 155072 155084
155100 155123 155105 155110 155115
155124 155141 155128 155132 155136
155142 155172 155149 155156 155163
155173 155196 155178 155183 155188
155197 155234 155206 155215 155224
155235 155294 155249 155263 155277
155295 155316 155300 155305 155310
155317 155375 155331 155345 155359
155376 155399 155381 155386 155391
155400 155416 155404 155408 155412
155417 155464 155428 155439 155450
155465 155488 155470 155475 155480
155489 155520 155496 155503 155510
155521 155558 155530 155539 155548
155559 155606 155570 155581 155592
155607 155650 155617 155627 155637
155651 155692 155661 155671 155681
155693 155745 155706 155719 155732
155746 155803 155760 155774 155788
155804 155845 155814 155824 155834
155846 155895 155858 155870 155882
155896 155919 155901 155906 155911
155920 156029 155947 155974 156001
156030 156073 156040 156050 156060
156074 156109 156082 156090 156098
156110 156134 156116 156122 156128
156135 156158 156140 156145 156150
156159 156192 156167 156175 156183
156193 156219 156199 156205 156211
156220 156255 156228 156236 156244
156256 156303 156267 156278 156289
156304 156334 156311 156318 156325
156335 156359 156341 156347 156353
156360 156383 156365 156370 156375
156384 156403 156388 156392 156396
156404 156421 156408 156412 156416
156422 156441 156426 156430 156434
156442 156463 156447 156452 156457
156464 156480 156468 156472 156476
156481 156518 156490 156499 156508
156519 156537 156523 156527 156531
156538 156574 156547 156556 156565
156575 156592 156579 156583 156587
156593 156669 156612 156631 156650
156670 156687 156674 156678 156682
156688 156763 156706 156724 156742
156764 156892 156796 156828 156860
156893 156938 156904 156915 156926
156939 157075 156973 157007 157041
157076 157126 157088 157100 157112
157127 157249 157157 157187 157217
157250 157316 157266 157282 157298
157317 157383 157333 157349 157365
157384 157439 157397 157410 157423
157440 157483 157450 157460 157470
157484 157559 157502 157520 157538
157560 157606 157571 157582 157593
157607 157674 157623 157639 157655
157675 157715 157685 157695 157705
157716 157733 157720 157724 157728
157734 157757 157739 157744 157749
157758 157834 157777 157796 157815
157835 157898 157850 157865 157880
157899 157965 157915 157931 157947
157966 158085 157995 158024 158053
158086 158295 158138 158190 158242
158296 158850 158434 158572 158710
158851 158934 158871 158891 158911
158935 158979 158946 158957 158968
158980 159130 159017 159054 159091
159131 159236 159157 159183 159209
159237 159578 159322 159407 159492
159579 159638 159593 159607 159621
159639 159795 159678 159717 159756
159796 159969 159839 159882 159925
159970 160407 160079 160188 160297
160408 160605 160457 160506 160555
160606 160671 160622 160638 160654
160672 160906 160730 160788 160846
160907 161150 160967 161027 161087
161151 161376 161207 161263 161319
161377 161724 161463 161549 161635
161725 161759 161733 161741 161749
161760 161809 161772 161784 161796
161810 161838 161817 161824 161831
161839 161866 161845 161851 161857
161867 161939 161885 161903 161921
161940 161983 161950 161960 161970
161984 162011 161990 161996 162002
162012 162048 162021 162030 162039
162049 162094 162060 162071 162082
162095 162118 162100 162105 162110
162119 162135 162123 162127 162131
162136 162159 162141 162146 162151
162160 162182 162165 162170 162175
162183 162203 162188 162193 162198
162204 162227 162209 162214 162219
162228 162480 162291 162354 162417
162481 162813 162564 162647 162730
162814 163334 162944 163074 163204
163335 163454 163364 163393 163422
163455 163599 163491 163527 163563
163600 163639 163609 163618 163627
163640 164213 163783 163926 164069
164214 164407 164262 164310 164358
164408 164471 164423 164438 164453
164472 164679 164523 164574 164625
164680 164711 164687 164694 164701
164712 165052 164783 164854 165039
165053 165100 165064 165075 165086
165101 165126 165107 165113 165119
165127 165162 165135 165143 165151
165163 165197 165171 165179 165187
165198 165259 165213 165228 165243
165260 165315 165273 165286 165299
165316 165352 165325 165334 165343
165353 165548 165401 165449 165497
165549 165741 165597 165645 165693
165742 166084 165827 165912 165997
166085 166190 166111 166137 166163
166191 166458 166257 166323 166389
166459 166578 166488 166517 166546
166579 166674 166602 166625 166648
166675 166874 166724 166773 166822
166875 167204 166957 167039 167121
167205 167247 167215 167225 167235
167248 167334 167269 167290 167311
167335 167426 167357 167379 167401
167427 167459 167435 167443 167451
167460 167824 167551 167642 167733
167825 167879 167838 167851 167864
167880 167915 167888 167896 167904
167916 167960 167927 167938 167949
167961 168117 168000 168039 168078
168118 168165 168129 168140 168151
168166 168294 168198 168230 168262
168295 168472 168339 168383 168427
168473 168709 168532 168591 168650
168710 168790 168730 168750 168770
168791 168828 168800 168809 168818
168829 169061 168887 168945 169003
169062 169167 169088 169114 169140
169168 169206 169177 169186 169195
169207 169247 169217 169227 169237
169248 169320 169266 169284 169302
169321 169352 169328 169335 169342
169353 169407 169366 169379 169392
169408 169436 169415 169422 169429
169437 169472 169445 169453 169461
169473 169500 169479 169485 169491
169501 169528 169507 169513 169519
169529 169558 169536 169543 169550
169559 169576 169563 169567 169571
169577 169601 169583 169589 169595
169602 169636 169610 169618 169626
169637 169666 169644 169651 169658
169667 169706 169676 169685 169694
169707 169730 169712 169717 169722
169731 169757 169737 169743 169749
169758 169775 169762 169766 169770
169776 169808 169784 169792 169800
169809 169851 169819 169829 169839
169852 169877 169858 169864 169870
169878 169925 169889 169900 169911
169926 169964 169935 169944 169953
169965 170094 169997 170029 170061
170095 170114 170099 170103 170107
170115 170146 170122 170129 170136
170147 170327 170192 170237 170282
170328 170420 170351 170374 170397
170421 170443 170426 170431 170436
170444 170465 170449 170454 170459
170466 170518 170479 170492 170505
170519 170546 170525 170531 170537
170547 170578 170554 170561 170568
170579 170615 170588 170597 170606
170616 170638 170621 170626 170631
170639 170664 170645 170651 170657
170665 170702 170674 170683 170692
170703 170737 170711 170719 170727
170738 170774 170747 170756 170765
170775 170900 170806 170837 170868
170901 170924 170906 170911 170916
170925 170987 170940 170955 170970
170988 171035 170999 171010 171021
171036 171086 171048 171060 171072
171087 171142 171100 171113 171126
171143 171200 171157 171171 171185
171201 171247 171212 171223 171234
171248 171334 171269 171290 171311
171335 171366 171342 171349 171356
171367 171404 171376 171385 171394
171405 171524 171434 171463 171492
171525 171605 171545 171565 171585
171606 171718 171634 171662 171690
171719 171754 171727 171735 171743
171755 171833 171774 171793 171812
171834 171896 171849 171864 171879
171897 171922 171903 171909 171915
171923 171965 171933 171943 171953
171966 171982 171970 171974 171978
171983 172038 171996 172009 172022
172039 172077 172048 172057 172066
172078 172198 172108 172138 172168
172199 172245 172210 172221 172232
172246 172313 172262 172278 172294
172314 172467 172352 172390 172428
172468 172513 172479 172490 172501
172514 172592 172533 172552 172571
172593 172623 172600 172607 172614
172624 172669 172635 172646 172657
172670 172718 172682 172694 172706
172719 172780 172734 172749 172764
172781 172850 172798 172815 172832
172851 172898 172862 172873 172884
172899 172929 172906 172913 172920
172930 173009 172949 172968 172987
173010 173042 173018 173026 173034
173043 173073 173050 173057 173064
173074 173105 173081 173088 173095
173106 173155 173118 173130 173142
173156 173194 173165 173174 173183
173195 173225 173202 173209 173216
173226 173255 173233 173240 173247
173256 173295 173265 173274 173283
173296 173319 173301 173306 173311
173320 173366 173331 173342 173353
173367 173526 173406 173445 173484
173527 173569 173537 173547 173557
173570 173691 173600 173630 173660
173692 173727 173700 173708 173716
173728 173775 173739 173750 173761
173776 173823 173787 173798 173809
173824 173862 173833 173842 173851
173863 173925 173878 173893 173908
173926 174050 173957 173988 174019
174051 174130 174070 174089 174108
174131 174256 174162 174193 174224
174257 174377 174287 174317 174347
174378 174449 174395 174412 174429
174450 174533 174470 174490 174510
174534 174557 174539 174544 174549
174558 174585 174564 174570 174576
174586 174616 174593 174600 174607
174617 174648 174624 174631 174638
174649 174698 174661 174673 174685
174699 174722 174704 174709 174714
174723 174821 174747 174771 174795
174822 174898 174841 174860 174879
174899 174974 174917 174935 174953
174975 175199 175031 175087 175143
175200 175295 175223 175246 175269
175296 175439 175331 175366 175401
175440 175537 175464 175488 175512
175538 175689 175575 175612 175649
175690 175715 175696 175702 175708
175716 175822 175742 175768 175794
175823 175851 175830 175837 175844
175852 175872 175857 175862 175867
175873 175909 175882 175891 175900
175910 175932 175915 175920 175925
175933 176024 175955 175977 175999
176025 176062 176034 176043 176052
176063 176098 176071 176079 176087
176099 176139 176109 176119 176129
176140 176178 176149 176158 176167
176179 176223 176190 176201 176212
176224 176324 176249 176274 176299
176325 176452 176356 176387 176418
176453 176607 176491 176529 176567
176608 176643 176616 176624 176632
176644 176715 176661 176678 176695
176716 176763 176727 176738 176749
176764 176983 176818 176872 176926
176984 177055 177001 177018 177035
177056 177116 177071 177086 177101
177117 177157 177127 177137 177147
177158 177183 177164 177170 177176
177184 177238 177197 177210 177223
177239 177326 177260 177281 177302
177327 177424 177351 177375 177399
177425 177472 177436 177447 177458
177473 177543 177490 177507 177524
177544 177585 177554 177564 177574
177586 177699 177614 177642 177670
177700 177730 177707 177714 177721
177731 177777 177742 177753 177764
177778 177799 177783 177788 177793
177800 177872 177818 177836 177854
177873 177925 177886 177899 177912
177926 177992 177942 177958 177974
177993 178057 178009 178025 178041
178058 178117 178072 178086 178100
178118 178174 178132 178146 178160
178175 178244 178192 178209 178226
178245 178304 178259 178273 178287
178305 178422 178334 178363 178392
178423 178478 178436 178449 178462
178479 178534 178492 178505 178518
178535 178590 178548 178561 178574
178591 178638 178602 178613 178624
178639 178717 178658 178677 178696
178718 178817 178742 178766 178790
178818 178864 178829 178840 178851
178865 178998 178898 178931 178964
178999 179042 179009 179019 179029
179043 179066 179048 179053 179058
179067 179090 179072 179077 179082
179091 179165 179109 179127 179145
179166 179233 179182 179198 179214
179234 179321 179255 179276 179297
179322 179352 179329 179336 179343
179353 179399 179364 179375 179386
179400 179425 179406 179412 179418
179426 179494 179443 179460 179477
179495 179579 179516 179537 179558
179580 179649 179597 179614 179631
179650 179690 179660 179670 179680
179691 179755 179707 179723 179739
179756 179803 179767 179778 179789
179804 179854 179816 179828 179840
179855 179893 179864 179873 179882
179894 179910 179898 179902 179906
179911 179936 179917 179923 179929
179937 179954 179941 179945 179949
179955 179974 179959 179963 179967
179975 179994 179979 179983 179987
179995 180012 179996 179997 180009
180013 180038 180019 180025 180031
180039 180063 180045 180051 180057
180064 180100 180073 180082 180091
180101 180122 180106 180111 180116
180123 180165 180133 180143 180153
180166 180310 180202 180238 180274
180311 180334 180316 180321 180326
180335 180401 180351 180367 180383
180402 180441 180411 180420 180429
180442 180476 180450 180458 180466
180477 180573 180501 180525 180549
180574 180636 180589 180604 180619
180637 180708 180654 180671 180688
180709 180804 180732 180755 180778
180805 180846 180815 180825 180835
180847 180976 180879 180911 180943
180977 181032 180990 181003 181016
181033 181214 181078 181123 181168
181215 181282 181231 181247 181263
181283 181381 181307 181331 181355
181382 181591 181434 181486 181538
181592 181635 181602 181612 181622
181636 181679 181646 181656 181666
181680 181748 181697 181714 181731
181749 181814 181765 181781 181797
181815 181863 181827 181839 181851
181864 181911 181875 181886 181897
181912 181992 181932 181952 181972
181993 182047 182006 182019 182032
182048 182092 182059 182070 182081
182093 182127 182101 182109 182117
182128 182153 182134 182140 182146
182154 182324 182196 182238 182280
182325 182355 182332 182339 182346
182356 182438 182376 182396 182416
182439 182486 182450 182461 182472
182487 182789 182562 182637 182712
182790 185174 183386 183982 184578
185175 196783 187631 190087 196335
196784 196825 196794 196804 196814
196826 196853 196832 196838 196844
196854 196872 196858 196862 196866
196873 196961 196895 196917 196939
196962 196982 196967 196972 196977
196983 197005 196988 196993 196998
197006 197027 197011 197016 197021
197028 197044 197032 197036 197040
197045 197180 197078 197111 197144
197181 197211 197188 197195 197202
197212 197229 197216 197220 197224
197230 197247 197234 197238 197242
197248 197272 197254 197260 197266
197273 197313 197283 197293 197303
197314 197337 197319 197324 197329
197338 197382 197349 197360 197371
197383 197408 197389 197395 197401
197409 197434 197415 197421 197427
197435 197451 197439 197443 197447
197452 197470 197456 197460 197464
197471 197490 197475 197479 197483
197491 197507 197495 197499 197503
197508 197539 197515 197522 197529
197540 197558 197544 197548 197552
197559 197601 197569 197579 197589
197602 197620 197606 197610 197614
197621 197637 197625 197629 197633
197638 197654 197642 197646 197650
197655 197673 197659 197663 197667
197674 197698 197680 197686 197692
197699 197722 197704 197709 197714
197723 197741 197727 197731 197735
197742 197764 197747 197752 197757
197765 197781 197769 197773 197777
197782 197812 197789 197796 197803
197813 197829 197817 197821 197825
197830 197861 197837 197844 197851
197862 197885 197867 197872 197877
197886 197903 197890 197894 197898
197904 197941 197913 197922 197931
197942 197966 197948 197954 197960
197967 197997 197974 197981 197988
197998 198028 198005 198012 198019
198029 198066 198038 198047 198056
198067 198112 198078 198089 198100
198113 198130 198117 198121 198125
198131 198152 198136 198141 198146
198153 198177 198159 198165 198171
198178 198196 198182 198186 198190
198197 198225 198204 198211 198218
198226 198242 198230 198234 198238
198243 198594 198330 198417 198504
198595 198836 198655 198715 198775
198837 198890 198850 198863 198876
