0 134 33 66 99
135 269 168 201 234
270 897 426 582 738
898 1343 1009 1120 1231
1344 2027 1514 1684 1854
2028 2175 2064 2100 2136
2176 2334 2215 2254 2293
2335 2457 2365 2395 2425
2458 2602 2494 2530 2566
2603 2980 2697 2791 2885
2981 3058 3000 3019 3038
3059 3303 3120 3181 3242
3304 3361 3318 3332 3346
3362 3468 3388 3414 3440
3469 3586 3498 3527 3556
3587 3666 3606 3625 3644
3667 3691 3673 3679 3685
3692 3787 3715 3738 3761
3788 3974 3834 3880 3926
3975 4054 3994 4013 4032
4055 4292 4114 4173 4232
4293 5007 4471 4649 4827
5008 5761 5196 5384 5572
5762 5867 5788 5814 5840
5868 6009 5903 5938 5973
6010 6765 6198 6386 6574
6766 6839 6784 6802 6820
6840 7069 6897 6954 7011
7070 7210 7105 7140 7175
7211 7588 7305 7399 7493
7589 7736 7625 7661 7697
7737 7877 7772 7807 7842
7878 8492 8031 8184 8337
8493 8574 8513 8533 8553
8575 8742 8616 8657 8698
8743 8877 8776 8809 8842
8878 9302 8984 9090 9196
9303 9456 9341 9379 9417
9457 9638 9502 9547 9592
9639 9722 9659 9679 9699
9723 9779 9737 9751 9765
9780 9865 9801 9822 9843
9866 9912 9877 9888 9899
9913 9974 9928 9943 9958
9975 10042 9991 10007 10023
10043 10088 10054 10065 10076
10089 10165 10108 10127 10146
10166 10370 10217 10268 10319
10371 10471 10396 10421 10446
10472 10509 10481 10490 10499
10510 10528 10514 10518 10522
10529 10546 10533 10537 10541
10547 10616 10564 10581 10598
10617 11465 10829 11041 11253
11466 13328 11931 12396 12861
13329 14105 13523 13717 13911
14106 15462 14329 14552 15345
15463 15620 15502 15541 15580
15621 16271 15783 15945 16107
16272 16680 16374 16476 16578
16681 17651 16923 17165 17407
17652 18476 17858 18064 18270
18477 19427 18714 18951 19188
19428 20302 19646 19864 20082
20303 20389 20324 20345 20366
20390 20535 20426 20462 20498
20536 22015 20905 21274 21643
22016 22098 22036 22056 22076
22099 22372 22167 22235 22303
22373 22494 22403 22433 22463
22495 23007 22623 22751 22879
23008 23033 23014 23020 23026
23034 24074 23294 23554 23814
24075 24198 24105 24135 24165
24199 24260 24214 24229 24244
24261 24482 24316 24371 24426
24483 24560 24502 24521 24540
24561 24672 24588 24615 24642
24673 24735 24688 24703 24718
24736 24791 24749 24762 24775
24792 24838 24803 24814 24825
24839 24918 24858 24877 24896
24919 25008 24941 24963 24985
25009 25166 25048 25087 25126
25167 25355 25214 25261 25308
25356 25519 25396 25436 25476
25520 25577 25534 25548 25562
25578 25625 25589 25600 25611
25626 25794 25668 25710 25752
25795 25853 25809 25823 25837
25854 25928 25872 25890 25908
25929 26046 25958 25987 26016
26047 26127 26067 26087 26107
26128 26150 26133 26138 26143
26151 26311 26191 26231 26271
26312 26356 26323 26334 26345
26357 26549 26405 26453 26501
26550 26613 26565 26580 26595
26614 26646 26622 26630 26638
26647 26741 26670 26693 26716
26742 26983 26802 26862 26922
26984 27057 27002 27020 27038
27058 27178 27088 27118 27148
27179 27248 27196 27213 27230
27249 27312 27264 27279 27294
27313 27521 27365 27417 27469
27522 27624 27547 27572 27597
27625 27651 27631 27637 27643
27652 27684 27660 27668 27676
27685 27905 27740 27795 27850
27906 28065 27945 27984 28023
28066 28169 28091 28116 28141
28170 28293 28200 28230 28260
28294 28379 28315 28336 28357
28380 28444 28396 28412 28428
28445 28507 28460 28475 28490
28508 28554 28519 28530 28541
28555 28599 28566 28577 28588
28600 28687 28621 28642 28663
28688 28771 28708 28728 28748
28772 28963 28819 28866 28913
28964 29100 28998 29032 29066
29101 29530 29208 29315 29422
29531 30007 29648 29765 30003
30008 30184 30052 30096 30140
30185 30290 30211 30237 30263
30291 30561 30358 30425 30492
30562 30644 30582 30602 30622
30645 30841 30694 30743 30792
30842 30969 30873 30904 30935
30970 31227 31034 31098 31162
31228 31361 31261 31294 31327
31362 31510 31399 31436 31473
31511 31608 31535 31559 31583
31609 31839 31666 31723 31780
31840 31868 31847 31854 31861
31869 31896 31875 31881 31887
31897 31923 31903 31909 31915
31924 31951 31930 31936 31942
31952 32168 32006 32060 32114
32169 32392 32224 32279 32334
32393 32554 32433 32473 32513
32555 32617 32570 32585 32600
32618 32670 32631 32644 32657
32671 32806 32704 32737 32770
32807 33025 32861 32915 32969
33026 33111 33047 33068 33089
33112 33199 33133 33154 33175
33200 33292 33223 33246 33269
33293 33413 33323 33353 33383
33414 33526 33442 33470 33498
33527 33643 33556 33585 33614
33644 33769 33675 33706 33737
33770 33879 33797 33824 33851
33880 33982 33905 33930 33955
33983 34059 34002 34021 34040
34060 34169 34087 34114 34141
34170 34560 34267 34364 34461
34561 35246 34732 34903 35074
35247 35343 35271 35295 35319
35344 35460 35373 35402 35431
35461 35552 35483 35505 35527
35553 35696 35588 35623 35658
35697 35865 35739 35781 35823
35866 35972 35892 35918 35944
35973 36253 36043 36113 36183
36254 36362 36281 36308 36335
36363 36558 36411 36459 36507
36559 36862 36634 36709 36784
36863 36962 36887 36911 36935
36963 37065 36988 37013 37038
37066 37413 37152 37238 37324
37414 37498 37435 37456 37477
37499 37567 37516 37533 37550
37568 37608 37578 37588 37598
37609 37656 37620 37631 37642
37657 38020 37747 37837 37927
38021 38135 38049 38077 38105
38136 38228 38159 38182 38205
38229 38311 38249 38269 38289
38312 38383 38329 38346 38363
38384 38443 38398 38412 38426
38444 38783 38528 38612 38696
38784 38905 38814 38844 38874
38906 39090 38952 38998 39044
39091 39178 39112 39133 39154
39179 39374 39227 39275 39323
39375 39444 39392 39409 39426
39445 39481 39454 39463 39472
39482 39540 39496 39510 39524
39541 39662 39571 39601 39631
39663 39707 39674 39685 39696
39708 39752 39719 39730 39741
39753 39815 39768 39783 39798
39816 39867 39828 39840 39852
39868 39910 39878 39888 39898
39911 39932 39916 39921 39926
39933 39951 39937 39941 39945
39952 39974 39957 39962 39967
39975 39997 39980 39985 39990
39998 40042 40009 40020 40031
40043 40215 40086 40129 40172
40216 40246 40223 40230 40237
40247 40348 40272 40297 40322
40349 40549 40399 40449 40499
40550 40683 40583 40616 40649
40684 40737 40697 40710 40723
40738 40959 40793 40848 40903
40960 41056 40984 41008 41032
41057 41230 41100 41143 41186
41231 41387 41270 41309 41348
41388 41488 41413 41438 41463
41489 41659 41531 41573 41615
41660 42028 41752 41844 41936
42029 42064 42037 42045 42053
42065 42127 42080 42095 42110
42128 42428 42203 42278 42353
42429 42520 42451 42473 42495
42521 42577 42535 42549 42563
42578 42710 42611 42644 42677
42711 42886 42754 42797 42840
42887 43079 42935 42983 43031
43080 43136 43094 43108 43122
43137 43200 43152 43167 43182
43201 43974 43394 43587 43780
43975 44012 43984 43993 44002
44013 44051 44022 44031 44040
44052 44200 44089 44126 44163
44201 44256 44214 44227 44240
44257 44346 44279 44301 44323
44347 44379 44355 44363 44371
44380 44521 44415 44450 44485
44522 44553 44529 44536 44543
44554 44697 44589 44624 44659
44698 44761 44713 44728 44743
44762 44931 44804 44846 44888
44932 45051 44948 44964 45036
45052 45569 45181 45310 45439
45570 46774 45871 46172 46473
46775 47321 46911 47047 47183
47322 48062 47507 47692 47877
48063 48497 48171 48279 48387
48498 48999 48623 48748 48873
49000 49135 49033 49066 49099
49136 49342 49187 49238 49289
49343 49432 49365 49387 49409
49433 49461 49440 49447 49454
49462 49775 49540 49618 49696
49776 50096 49856 49936 50016
50097 50217 50127 50157 50187
50218 50245 50224 50230 50236
50246 50296 50258 50270 50282
50297 50595 50371 50445 50519
50596 50900 50672 50748 50824
50901 51322 51006 51111 51216
51323 51354 51330 51337 51344
51355 51382 51361 51367 51373
51383 51410 51389 51395 51401
51411 51623 51464 51517 51570
51624 51659 51632 51640 51648
51660 51954 51733 51806 51879
51955 52037 51975 51995 52015
52038 52165 52069 52100 52131
52166 52235 52183 52200 52217
52236 52255 52240 52244 52248
52256 52286 52263 52270 52277
52287 52449 52327 52367 52407
52450 53638 52747 53044 53341
53639 54533 53862 54085 54308
54534 54600 54550 54566 54582
54601 54729 54633 54665 54697
54730 55131 54830 54930 55030
55132 55245 55160 55188 55216
55246 55329 55266 55286 55306
55330 55747 55434 55538 55642
55748 55859 55775 55802 55829
55860 55986 55891 55922 55953
55987 56244 56051 56115 56179
56245 56341 56269 56293 56317
56342 56404 56357 56372 56387
56405 56842 56514 56623 56732
56843 56935 56866 56889 56912
56936 57052 56965 56994 57023
57053 57163 57080 57107 57134
57164 57351 57210 57256 57302
57352 57518 57393 57434 57475
57519 57603 57540 57561 57582
57604 57698 57627 57650 57673
57699 57750 57711 57723 57735
57751 57798 57762 57773 57784
57799 57849 57811 57823 57835
57850 57909 57864 57878 57892
57910 57938 57917 57924 57931
57939 57971 57947 57955 57963
57972 57998 57978 57984 57990
57999 58030 58006 58013 58020
58031 58070 58040 58049 58058
58071 58115 58082 58093 58104
58116 58173 58130 58144 58158
58174 58333 58213 58252 58291
58334 58523 58381 58428 58475
58524 58639 58552 58580 58608
58640 58709 58657 58674 58691
58710 58802 58733 58756 58779
58803 58977 58846 58889 58932
58978 59203 59034 59090 59146
59204 59444 59264 59324 59384
59445 59526 59465 59485 59505
59527 59651 59558 59589 59620
59652 59934 59722 59792 59862
59935 59975 59945 59955 59965
59976 60005 59981 59986 60003
60006 60040 60014 60022 60030
60041 60081 60051 60061 60071
60082 60136 60095 60108 60121
60137 60186 60149 60161 60173
60187 60271 60208 60229 60250
60272 60325 60285 60298 60311
60326 60417 60348 60370 60392
60418 60438 60423 60428 60433
60439 60490 60451 60463 60475
60491 60653 60531 60571 60611
60654 60745 60676 60698 60720
60746 60786 60756 60766 60776
60787 60820 60795 60803 60811
60821 60890 60838 60855 60872
60891 60915 60897 60903 60909
60916 60980 60932 60948 60964
60981 61275 61054 61127 61200
61276 61324 61288 61300 61312
61325 61482 61364 61403 61442
61483 61516 61491 61499 61507
61517 61543 61523 61529 61535
61544 61603 61558 61572 61586
61604 61645 61614 61624 61634
61646 61773 61677 61708 61739
61774 61856 61794 61814 61834
61857 61967 61884 61911 61938
61968 62171 62018 62068 62118
62172 62294 62202 62232 62262
62295 62373 62314 62333 62352
62374 62424 62386 62398 62410
62425 62481 62439 62453 62467
62482 62540 62496 62510 62524
62541 62646 62567 62593 62619
62647 62803 62686 62725 62764
62804 63005 62854 62904 62954
63006 63200 63054 63102 63150
63201 63289 63223 63245 63267
63290 63678 63387 63484 63581
63679 64026 63765 63851 63937
64027 64237 64079 64131 64183
64238 64966 64420 64602 64784
64967 65032 64983 64999 65015
65033 65268 65091 65149 65207
65269 65290 65274 65279 65284
65291 66959 65708 66125 66542
66960 67127 67001 67042 67083
67128 67236 67155 67182 67209
67237 67279 67247 67257 67267
67280 67336 67294 67308 67322
67337 67604 67403 67469 67535
67605 68173 67747 67889 68031
68174 68211 68183 68192 68201
68212 68242 68219 68226 68233
68243 68328 68264 68285 68306
68329 68377 68341 68353 68365
68378 69048 68545 68712 68879
69049 69408 69138 69227 69316
69409 69510 69434 69459 69484
69511 69722 69563 69615 69667
69723 69821 69747 69771 69795
69822 69956 69855 69888 69921
69957 70050 69980 70003 70026
70051 70134 70071 70091 70111
70135 70433 70209 70283 70357
70434 70546 70462 70490 70518
70547 70855 70624 70701 70778
70856 70969 70884 70912 70940
70970 71186 71024 71078 71132
71187 71786 71336 71485 71634
71787 71961 71830 71873 71916
71962 71991 71969 71976 71983
71992 72020 71999 72006 72013
72021 72112 72043 72065 72087
72113 72148 72121 72129 72137
72149 72244 72172 72195 72218
72245 72280 72253 72261 72269
72281 72581 72356 72431 72506
72582 72636 72595 72608 72621
72637 72685 72649 72661 72673
72686 72855 72728 72770 72812
72856 72884 72863 72870 72877
72885 72957 72903 72921 72939
72958 73019 72973 72988 73003
73020 73193 73063 73106 73149
73194 73234 73204 73214 73224
73235 73272 73244 73253 73262
73273 73389 73302 73331 73360
73390 73561 73432 73474 73516
73562 73620 73576 73590 73604
73621 73752 73653 73685 73717
73753 74005 73816 73879 73942
74006 74160 74044 74082 74120
74161 74342 74206 74251 74296
74343 74378 74351 74359 74367
74379 74435 74393 74407 74421
74436 74526 74458 74480 74502
74527 75222 74645 74763 75165
75223 75395 75266 75309 75352
75396 75675 75465 75534 75603
75676 75899 75731 75786 75841
75900 75992 75923 75946 75969
75993 76212 76047 76101 76155
76213 76752 76347 76481 76615
76753 78295 77138 77523 77908
78296 79121 78502 78708 78914
79122 79595 79240 79358 79476
79596 80348 79784 79972 80160
80349 80780 80456 80563 80670
80781 81777 81030 81279 81528
81778 82057 81847 81916 81985
82058 82417 82147 82236 82325
82418 82575 82457 82496 82535
82576 82891 82654 82732 82810
82892 83144 82955 83018 83081
83145 83257 83173 83201 83229
83258 83421 83298 83338 83378
83422 83742 83502 83582 83662
83743 83885 83778 83813 83848
83886 84100 83939 83992 84045
84101 84179 84120 84139 84158
84180 84265 84201 84222 84243
84266 84476 84318 84370 84422
84477 84775 84551 84625 84699
84776 84885 84803 84830 84857
84886 85142 84950 85014 85078
85143 85391 85205 85267 85329
85392 85534 85427 85462 85497
85535 85700 85576 85617 85658
85701 85849 85738 85775 85812
85850 86038 85897 85944 85991
86039 86120 86059 86079 86099
86121 86995 86339 86557 86775
86996 87334 87080 87164 87248
87335 87414 87354 87373 87392
87415 87964 87552 87689 87826
87965 88083 87994 88023 88052
88084 88450 88175 88266 88357
88451 88498 88462 88473 88484
88499 88546 88510 88521 88532
88547 88622 88565 88583 88601
88623 88769 88659 88695 88731
88770 88895 88801 88832 88863
88896 89235 88980 89064 89148
89236 89454 89290 89344 89398
89455 90196 89591 89727 90147
90197 90230 90205 90213 90221
90231 90328 90255 90279 90303
90329 90373 90340 90351 90362
90374 92416 90884 91394 91904
92417 92481 92433 92449 92465
92482 92589 92508 92534 92560
92590 93150 92730 92870 93010
93151 93244 93174 93197 93220
93245 93343 93269 93293 93317
93344 93515 93386 93428 93470
93516 93629 93544 93572 93600
93630 93764 93663 93696 93729
93765 93832 93781 93797 93813
93833 94025 93881 93929 93977
94026 94304 94095 94164 94233
94305 94733 94412 94519 94626
94734 94863 94766 94798 94830
94864 94882 94868 94872 94876
94883 94906 94888 94893 94898
94907 94978 94924 94941 94958
94979 95046 94995 95011 95027
95047 95120 95065 95083 95101
95121 95191 95138 95155 95172
95192 95485 95265 95338 95411
95486 95612 95517 95548 95579
95613 95711 95637 95661 95685
95712 95811 95736 95760 95784
95812 95936 95843 95874 95905
95937 96037 95962 95987 96012
96038 96124 96059 96080 96101
96125 96210 96146 96167 96188
96211 96287 96230 96249 96268
96288 96351 96303 96318 96333
96352 96472 96382 96412 96442
96473 96589 96502 96531 96560
96590 96698 96617 96644 96671
96699 96802 96724 96749 96774
96803 96874 96820 96837 96854
96875 97026 96912 96949 96986
97027 97203 97071 97115 97159
97204 97279 97222 97240 97258
97280 98416 97564 97848 98132
98417 98725 98494 98571 98648
98726 98780 98739 98752 98765
98781 98834 98794 98807 98820
98835 98897 98850 98865 98880
98898 98944 98909 98920 98931
98945 98971 98951 98957 98963
98972 99143 99014 99056 99098
99144 99192 99156 99168 99180
99193 99272 99212 99231 99250
99273 99327 99286 99299 99312
99328 99378 99340 99352 99364
99379 99418 99388 99397 99406
99419 99466 99430 99441 99452
99467 99539 99485 99503 99521
99540 99678 99574 99608 99642
99679 99734 99692 99705 99718
99735 100027 99808 99881 99954
100028 100081 100041 100054 100067
100082 100118 100091 100100 100109
100119 100146 100125 100131 100137
100147 100189 100157 100167 100177
100190 100242 100203 100216 100229
100243 100281 100252 100261 100270
100282 100427 100318 100354 100390
100428 100507 100447 100466 100485
100508 100687 100552 100596 100640
100688 100728 100698 100708 100718
100729 100812 100749 100769 100789
100813 100974 100853 100893 100933
100975 101165 101022 101069 101116
101166 101395 101223 101280 101337
101396 101516 101426 101456 101486
101517 101611 101540 101563 101586
101612 101643 101619 101626 101633
101644 102115 101761 101878 101995
102116 102229 102144 102172 102200
102230 102363 102263 102296 102329
102364 102416 102377 102390 102403
102417 102445 102424 102431 102438
102446 102681 102504 102562 102620
102682 102759 102701 102720 102739
102760 102853 102783 102806 102829
102854 103071 102908 102962 103016
103072 103184 103100 103128 103156
103185 103564 103279 103373 103467
103565 103630 103581 103597 103613
103631 103706 103649 103667 103685
103707 103753 103718 103729 103740
103754 104065 103831 103908 103985
104066 104237 104108 104150 104192
104238 104331 104261 104284 104307
104332 104576 104393 104454 104515
104577 105327 104682 104787 105243
105328 105820 105451 105574 105697
105821 106092 105888 105955 106022
106093 106816 106273 106453 106633
106817 106919 106842 106867 106892
106920 107141 106975 107030 107085
107142 107218 107161 107180 107199
107219 107465 107280 107341 107402
107466 107589 107496 107526 107556
107590 109234 108001 108412 108823
109235 109318 109255 109275 109295
109319 109477 109358 109397 109436
109478 109646 109520 109562 109604
109647 109830 109692 109737 109782
109831 109917 109852 109873 109894
109918 109996 109937 109956 109975
109997 110049 110010 110023 110036
110050 110231 110095 110140 110185
110232 111624 110580 110928 111276
111625 111663 111634 111643 111652
111664 111691 111670 111676 111682
111692 111722 111699 111706 111713
111723 111758 111731 111739 111747
111759 111798 111768 111777 111786
111799 111823 111805 111811 111817
111824 111851 111830 111836 111842
111852 111889 111861 111870 111879
111890 111915 111896 111902 111908
111916 111933 111920 111924 111928
111934 111971 111943 111952 111961
111972 112063 111994 112016 112038
112064 112116 112077 112090 112103
112117 112168 112129 112141 112153
112169 112247 112188 112207 112226
112248 112306 112262 112276 112290
112307 112365 112321 112335 112349
112366 112444 112385 112404 112423
112445 112685 112505 112565 112625
112686 112913 112742 112798 112854
112914 112984 112931 112948 112965
112985 113046 113000 113015 113030
113047 113107 113062 113077 113092
113108 113157 113120 113132 113144
113158 113220 113173 113188 113203
113221 113291 113238 113255 113272
113292 113321 113299 113306 113313
113322 113415 113345 113368 113391
113416 113445 113423 113430 113437
113446 113487 113456 113466 113476
113488 113525 113497 113506 113515
113526 113602 113545 113564 113583
113603 113652 113615 113627 113639
113653 113722 113670 113687 113704
113723 113769 113734 113745 113756
113770 113827 113784 113798 113812
113828 113882 113841 113854 113867
113883 113940 113897 113911 113925
113941 114144 113991 114041 114091
114145 114174 114152 114159 114166
114175 114219 114186 114197 114208
114220 114267 114231 114242 114253
114268 114306 114277 114286 114295
114307 114343 114316 114325 114334
114344 114380 114353 114362 114371
114381 114522 114416 114451 114486
114523 114595 114541 114559 114577
114596 114633 114605 114614 114623
114634 114689 114647 114660 114673
114690 114741 114702 114714 114726
114742 114807 114758 114774 114790
114808 114870 114823 114838 114853
114871 114938 114887 114903 114919
114939 114994 114952 114965 114978
114995 115029 115003 115011 115019
115030 115067 115039 115048 115057
115068 115115 115079 115090 115101
115116 115162 115127 115138 115149
115163 115223 115178 115193 115208
115224 115290 115240 115256 115272
115291 115357 115307 115323 115339
115358 115450 115381 115404 115427
115451 115470 115455 115459 115463
115471 115528 115485 115499 115513
115529 115691 115569 115609 115649
115692 117841 116229 116766 117303
117842 118693 118054 118266 118478
118694 119171 118813 118932 119051
119172 119446 119240 119308 119376
119447 119936 119569 119691 119813
119937 120620 119952 119967 120465
120621 120732 120648 120675 120702
120733 121650 120962 121191 121420
121651 122428 121845 122039 122233
122429 122843 122532 122635 122738
122844 123191 122930 123016 123102
123192 123450 123256 123320 123384
123451 123525 123469 123487 123505
123526 123543 123530 123534 123538
123544 123619 123562 123580 123598
123620 123783 123660 123700 123740
123784 124004 123839 123894 123949
124005 124053 124017 124029 124041
124054 124099 124065 124076 124087
124100 124245 124136 124172 124208
124246 124435 124293 124340 124387
124436 124542 124462 124488 124514
124543 124621 124562 124581 124600
124622 124828 124673 124724 124775
124829 124984 124867 124905 124943
124985 125058 125003 125021 125039
125059 125193 125092 125125 125158
125194 125300 125220 125246 125272
125301 125410 125328 125355 125382
125411 125619 125463 125515 125567
125620 125793 125663 125706 125749
125794 125874 125814 125834 125854
125875 125910 125883 125891 125899
125911 125950 125920 125929 125938
125951 125971 125956 125961 125966
125972 126042 125989 126006 126023
126043 126102 126057 126071 126085
126103 126176 126121 126139 126157
126177 126227 126189 126201 126213
126228 126308 126248 126268 126288
126309 126362 126322 126335 126348
126363 126429 126379 126395 126411
126430 126458 126437 126444 126451
126459 126606 126495 126531 126567
126607 126802 126655 126703 126751
126803 126937 126836 126869 126902
126938 126998 126953 126968 126983
126999 127206 127050 127101 127152
127207 127326 127236 127265 127294
127327 127373 127338 127349 127360
127374 127423 127386 127398 127410
127424 127636 127477 127530 127583
127637 127739 127662 127687 127712
127740 127862 127770 127800 127830
127863 127964 127888 127913 127938
127965 128196 128022 128079 128136
128197 128268 128214 128231 128248
128269 128456 128315 128361 128407
128457 128494 128466 128475 128484
128495 128576 128515 128535 128555
128577 128603 128583 128589 128595
128604 128688 128625 128646 128667
128689 128724 128697 128705 128713
128725 128751 128731 128737 128743
128752 128817 128768 128784 128800
128818 128867 128830 128842 128854
128868 129017 128905 128942 128979
129018 129118 129043 129068 129093
129119 129184 129135 129151 129167
129185 129216 129192 129199 129206
129217 129246 129224 129231 129238
129247 129306 129261 129275 129289
129307 129368 129322 129337 129352
129369 129390 129374 129379 129384
129391 129430 129400 129409 129418
129431 129711 129501 129571 129641
129712 129772 129727 129742 129757
129773 129858 129794 129815 129836
129859 129899 129869 129879 129889
129900 130036 129934 129968 130002
130037 130085 130049 130061 130073
130086 130224 130120 130154 130188
130225 130613 130322 130419 130516
130614 130648 130622 130630 130638
130649 130724 130667 130685 130703
130725 130970 130786 130847 130908
130971 131269 131045 131119 131193
131270 131297 131276 131282 131288
131298 131453 131336 131374 131412
131454 131587 131487 131520 131553
131588 131857 131655 131722 131789
131858 131969 131885 131912 131939
131970 132235 132036 132102 132168
132236 132331 132259 132282 132305
132332 132456 132363 132394 132425
132457 132522 132473 132489 132505
132523 132594 132540 132557 132574
132595 132701 132621 132647 132673
132702 132800 132726 132750 132774
132801 132909 132828 132855 132882
132910 132982 132928 132946 132964
132983 133055 133001 133019 133037
133056 133096 133066 133076 133086
133097 133148 133109 133121 133133
133149 133239 133171 133193 133215
133240 133427 133286 133332 133378
133428 133504 133447 133466 133485
133505 133589 133526 133547 133568
133590 133637 133601 133612 133623
133638 133666 133645 133652 133659
133667 133685 133671 133675 133679
133686 133703 133690 133694 133698
133704 133725 133709 133714 133719
133726 133939 133779 133832 133885
133940 134104 133981 134022 134063
134105 134199 134128 134151 134174
134200 134244 134211 134222 134233
134245 134301 134259 134273 134287
134302 134418 134331 134360 134389
134419 134495 134438 134457 134476
134496 134553 134510 134524 134538
134554 134620 134570 134586 134602
134621 134649 134628 134635 134642
134650 134737 134671 134692 134713
134738 134768 134745 134752 134759
134769 134787 134773 134777 134781
134788 134841 134801 134814 134827
134842 134893 134854 134866 134878
134894 134939 134905 134916 134927
134940 135008 134954 134968 135006
135009 135141 135042 135075 135108
135142 135226 135163 135184 135205
135227 135398 135269 135311 135353
135399 135474 135417 135435 135453
135475 135520 135486 135497 135508
135521 135574 135534 135547 135560
135575 135637 135590 135605 135620
135638 135687 135650 135662 135674
135688 135752 135704 135720 135736
135753 135826 135771 135789 135807
135827 135954 135858 135889 135920
135955 136110 135993 136031 136069
136111 136338 136167 136223 136279
136339 136410 136356 136373 136390
136411 136751 136496 136581 136666
136752 136804 136765 136778 136791
136805 136853 136817 136829 136841
136854 136880 136860 136866 136872
136881 136930 136893 136905 136917
136931 136997 136947 136963 136979
136998 137064 137014 137030 137046
137065 137167 137090 137115 137140
137168 137496 137250 137332 137414
137497 137594 137521 137545 137569
137595 137944 137682 137769 137856
137945 138049 137971 137997 138023
138050 138223 138093 138136 138179
138224 138352 138256 138288 138320
138353 138491 138387 138421 138455
138492 138910 138596 138700 138804
138911 139075 138952 138993 139034
139076 139174 139100 139124 139148
139175 139324 139212 139249 139286
139325 139623 139399 139473 139547
139624 139821 139673 139722 139771
139822 139954 139855 139888 139921
139955 140113 139994 140033 140072
140114 140400 140185 140256 140327
140401 141304 140626 140851 141076
141305 141448 141340 141375 141410
141449 141514 141465 141481 141497
141515 141576 141530 141545 141560
141577 141653 141596 141615 141634
141654 141714 141669 141684 141699
141715 141774 141729 141743 141757
141775 141839 141791 141807 141823
141840 141900 141855 141870 141885
141901 141963 141916 141931 141946
141964 142025 141979 141994 142009
142026 142088 142041 142056 142071
142089 142193 142115 142141 142167
142194 142214 142199 142204 142209
142215 142250 142223 142231 142239
142251 142609 142340 142429 142518
142610 142632 142615 142620 142625
142633 142848 142686 142739 142792
142849 142972 142879 142909 142939
142973 143104 143005 143037 143069
143105 143251 143141 143177 143213
143252 143343 143274 143296 143318
143344 143620 143413 143482 143551
143621 143740 143650 143679 143708
143741 143941 143791 143841 143891
143942 144037 143965 143988 144011
144038 144360 144118 144198 144278
144361 145798 144720 145079 145438
145799 145868 145816 145833 145850
145869 145965 145893 145917 145941
145966 146035 145983 146000 146017
146036 146197 146076 146116 146156
146198 146327 146230 146262 146294
146328 146604 146397 146466 146535
146605 148189 147001 147397 147793
148190 148467 148259 148328 148397
148468 148631 148508 148548 148588
148632 148723 148654 148676 148698
148724 148832 148751 148778 148805
148833 148879 148844 148855 148866
148880 149013 148913 148946 148979
149014 149342 149096 149178 149260
149343 149370 149349 149355 149361
149371 149437 149387 149403 149419
149438 149542 149464 149490 149516
149543 149705 149583 149623 149663
149706 149980 149774 149842 149910
149981 150055 149985 149989 150039
150056 150364 150133 150210 150287
150365 150756 150462 150559 150656
150757 150803 150768 150779 150790
150804 150836 150812 150820 150828
150837 150937 150862 150887 150912
150938 151013 150956 150974 150992
151014 151208 151062 151110 151158
151209 151490 151279 151349 151419
151491 151702 151543 151595 151647
151703 151758 151716 151729 151742
151759 152073 151837 151915 151993
152074 152333 152138 152202 152266
152334 152360 152340 152346 152352
152361 152612 152423 152485 152547
152613 152803 152660 152707 152754
152804 153328 152935 153066 153197
153329 153589 153394 153459 153524
153590 153750 153630 153670 153710
153751 153952 153801 153851 153901
153953 154104 153990 154027 154064
154105 154484 154199 154293 154387
154485 154547 154500 154515 154530
154548 154714 154589 154630 154671
154715 154923 154767 154819 154871
154924 155076 154962 155000 155038
155077 155235 155116 155155 155194
155236 155382 155272 155308 155344
155383 155463 155403 155423 155443
155464 155717 155527 155590 155653
155718 155772 155731 155744 155757
155773 155816 155783 155793 155803
155817 155850 155825 155833 155841
155851 155867 155855 155859 155863
155868 155927 155882 155896 155910
155928 156281 156016 156104 156192
156282 156411 156314 156346 156378
156412 156496 156433 156454 156475
156497 156646 156534 156571 156608
156647 156804 156686 156725 156764
156805 156878 156823 156841 156859
156879 157085 156930 156981 157032
157086 157154 157103 157120 157137
157155 157261 157181 157207 157233
157262 157311 157274 157286 157298
157312 157665 157400 157488 157576
157666 157725 157680 157694 157708
157726 157972 157787 157848 157909
157973 157995 157978 157983 157988
157996 158017 158001 158006 158011
158018 158039 158023 158028 158033
158040 158365 158121 158202 158283
158366 158582 158420 158474 158528
158583 158734 158620 158657 158694
158735 158919 158781 158827 158873
158920 159079 158959 158998 159037
159080 159303 159135 159190 159245
159304 159468 159345 159386 159427
159469 159852 159564 159659 159754
159853 160043 159900 159947 159994
160044 160095 160056 160068 160080
160096 160248 160134 160172 160210
160249 160446 160298 160347 160396
160447 160527 160467 160487 160507
160528 160612 160549 160570 160591
160613 160853 160673 160733 160793
160854 161029 160897 160940 160983
161030 161091 161045 161060 161075
161092 161135 161102 161112 161122
161136 161232 161160 161184 161208
161233 161285 161246 161259 161272
161286 161372 161307 161328 161349
161373 161421 161385 161397 161409
161422 161451 161429 161436 161443
161452 161472 161457 161462 161467
161473 161513 161483 161493 161503
161514 161539 161520 161526 161532
161540 161574 161548 161556 161564
161575 161622 161586 161597 161608
161623 161659 161632 161641 161650
161660 161685 161666 161672 161678
161686 161743 161700 161714 161728
161744 161961 161798 161852 161906
161962 162003 161972 161982 161992
162004 162057 162017 162030 162043
162058 162086 162065 162072 162079
162087 162192 162113 162139 162165
162193 162374 162238 162283 162328
162375 162541 162416 162457 162498
162542 162719 162586 162630 162674
162720 162792 162738 162756 162774
162793 163081 162865 162937 163009
163082 163277 163130 163178 163226
163278 163683 163379 163480 163581
163684 163831 163720 163756 163792
163832 164137 163908 163984 164060
164138 164940 164338 164538 164738
164941 165115 164955 164969 165084
165116 165269 165154 165192 165230
165270 165350 165290 165310 165330
165351 165499 165388 165425 165462
165500 165587 165521 165542 165563
165588 165676 165610 165632 165654
165677 165755 165696 165715 165734
165756 165820 165772 165788 165804
165821 165882 165836 165851 165866
165883 165955 165901 165919 165937
165956 166018 165971 165986 166001
166019 166064 166030 166041 166052
166065 166113 166077 166089 166101
166114 166196 166134 166154 166174
166197 166520 166277 166357 166437
166521 166664 166556 166591 166626
166665 166793 166697 166729 166761
166794 166885 166816 166838 166860
166886 167169 166956 167026 167096
167170 167225 167183 167196 167209
167226 167314 167248 167270 167292
167315 167529 167368 167421 167474
167530 167789 167594 167658 167722
167790 168034 167851 167912 167973
168035 168206 168077 168119 168161
168207 168306 168231 168255 168279
168307 168434 168338 168369 168400
168435 168548 168463 168491 168519
168549 168892 168634 168719 168804
168893 168948 168906 168919 168932
168949 168980 168956 168963 168970
168981 169034 168994 169007 169020
169035 169096 169050 169065 169080
169097 169153 169111 169125 169139
169154 169241 169175 169196 169217
169242 169288 169253 169264 169275
169289 169333 169300 169311 169322
169334 169394 169349 169364 169379
169395 169457 169410 169425 169440
169458 169494 169467 169476 169485
169495 169548 169508 169521 169534
169549 169599 169561 169573 169585
169600 169639 169609 169618 169627
169640 169683 169650 169660 169670
169684 169737 169697 169710 169723
169738 169809 169755 169772 169789
169810 169862 169823 169836 169849
169863 169896 169871 169879 169887
169897 169957 169912 169927 169942
169958 170059 169983 170008 170033
170060 170108 170072 170084 170096
170109 170143 170117 170125 170133
170144 170173 170151 170158 170165
170174 170225 170186 170198 170210
170226 170267 170236 170246 170256
170268 170297 170275 170282 170289
170298 170368 170315 170332 170349
170369 170440 170386 170403 170420
170441 170464 170446 170451 170456
170465 170509 170476 170487 170498
170510 170558 170522 170534 170546
170559 170579 170564 170569 170574
170580 170610 170587 170594 170601
170611 170630 170615 170619 170623
170631 170682 170643 170655 170667
170683 170704 170688 170693 170698
170705 170722 170709 170713 170717
170723 170743 170728 170733 170738
170744 170764 170749 170754 170759
170765 170789 170771 170777 170783
170790 170818 170797 170804 170811
170819 170848 170826 170833 170840
170849 170877 170856 170863 170870
170878 170898 170883 170888 170893
170899 170927 170906 170913 170920
170928 170951 170933 170938 170943
170952 171227 171020 171088 171156
171228 171395 171269 171310 171351
171396 171569 171439 171482 171525
171570 171768 171619 171668 171717
171769 171961 171817 171865 171913
171962 172122 172002 172042 172082
172123 172334 172175 172227 172279
172335 172440 172361 172387 172413
172441 172599 172480 172519 172558
172600 172811 172652 172704 172756
172812 172974 172852 172892 172932
172975 180195 174731 176487 180144
180196 180250 180209 180222 180235
