0 245 61 122 183
246 1237 493 740 987
1238 1379 1273 1308 1343
1380 1562 1425 1470 1515
1563 1587 1569 1575 1581
1588 1647 1602 1616 1630
1648 1722 1666 1684 1702
1723 1739 1727 1731 1735
1740 1827 1761 1782 1803
1828 1864 1837 1846 1855
1865 1883 1869 1873 1877
1884 1935 1896 1908 1920
1936 2084 1973 2010 2047
2085 2119 2093 2101 2109
2120 2159 2129 2138 2147
2160 2192 2168 2176 2184
2193 2226 2201 2209 2217
2227 2257 2234 2241 2248
2258 2327 2275 2292 2309
2328 2415 2349 2370 2391
2416 2578 2456 2496 2536
2579 2603 2585 2591 2597
2604 2647 2614 2624 2634
2648 2699 2660 2672 2684
2700 2717 2704 2708 2712
2718 2802 2739 2760 2781
2803 3047 2864 2925 2986
3048 3160 3076 3104 3132
3161 3316 3199 3237 3275
3317 3356 3326 3335 3344
3357 3385 3364 3371 3378
3386 3402 3390 3394 3398
3403 3429 3409 3415 3421
3430 3457 3436 3442 3448
3458 3507 3470 3482 3494
3508 3524 3512 3516 3520
3525 3543 3529 3533 3537
3544 3673 3576 3608 3640
3674 3732 3688 3702 3716
3733 3810 3752 3771 3790
3811 3854 3821 3831 3841
3855 3871 3859 3863 3867
3872 3900 3879 3886 3893
3901 3948 3912 3923 3934
3949 4435 4070 4191 4312
4436 4517 4456 4476 4496
4518 4718 4568 4618 4668
4719 4756 4728 4737 4746
4757 4823 4773 4789 4805
4824 4848 4830 4836 4842
4849 4890 4859 4869 4879
4891 4951 4906 4921 4936
4952 5078 4983 5014 5045
5079 5208 5111 5143 5175
5209 5368 5248 5287 5326
5369 5483 5397 5425 5453
5484 5868 5580 5676 5772
5869 5992 5899 5929 5959
5993 6049 6007 6021 6035
6050 6099 6062 6074 6086
6100 6142 6110 6120 6130
6143 6279 6177 6211 6245
6280 6317 6289 6298 6307
6318 6350 6326 6334 6342
6351 6407 6365 6379 6393
6408 6549 6443 6478 6513
6550 6609 6564 6578 6592
6610 6745 6643 6676 6709
6746 6822 6765 6784 6803
6823 6900 6842 6861 6880
6901 6962 6916 6931 6946
6963 7321 7052 7141 7230
7322 7456 7355 7388 7421
7457 7490 7465 7473 7481
7491 7533 7501 7511 7521
7534 7591 7548 7562 7576
7592 7640 7604 7616 7628
7641 7775 7674 7707 7740
7776 7912 7810 7844 7878
7913 7959 7924 7935 7946
7960 8062 7985 8010 8035
8063 8170 8089 8115 8141
8171 8299 8203 8235 8267
8300 8389 8322 8344 8366
8390 8515 8421 8452 8483
8516 8718 8566 8616 8666
8719 8883 8760 8801 8842
8884 8984 8909 8934 8959
8985 9165 9030 9075 9120
9166 9266 9191 9216 9241
9267 9501 9325 9383 9441
9502 9688 9548 9594 9640
9689 9736 9700 9711 9722
9737 9768 9744 9751 9758
9769 9792 9774 9779 9784
9793 10119 9874 9955 10036
10120 10212 10143 10166 10189
10213 10358 10249 10285 10321
10359 10534 10402 10445 10488
10535 10623 10557 10579 10601
10624 10738 10652 10680 10708
10739 10818 10758 10777 10796
10819 10968 10856 10893 10930
10969 12076 11245 11521 11797
12077 12242 12118 12159 12200
12243 12446 12293 12343 12393
12447 12638 12494 12541 12588
12639 12907 12706 12773 12840
12908 13058 12945 12982 13019
13059 13150 13081 13103 13125
13151 13237 13172 13193 13214
13238 13347 13265 13292 13319
13348 13656 13425 13502 13579
13657 13753 13681 13705 13729
13754 13815 13769 13784 13799
13816 13876 13831 13846 13861
13877 13937 13892 13907 13922
13938 14048 13965 13992 14019
14049 14166 14078 14107 14136
14167 14240 14185 14203 14221
14241 14570 14323 14405 14487
14571 14715 14607 14643 14679
14716 14773 14730 14744 14758
14774 15048 14830 14886 15036
15049 15169 15079 15109 15139
15170 15286 15199 15228 15257
15287 15403 15316 15345 15374
15404 15477 15422 15440 15458
15478 15531 15491 15504 15517
15532 15577 15543 15554 15565
15578 16078 15703 15828 15953
16079 16130 16091 16103 16115
16131 16190 16145 16159 16173
16191 16369 16235 16279 16323
16370 16431 16385 16400 16415
16432 16494 16447 16462 16477
16495 16606 16522 16549 16576
16607 16724 16636 16665 16694
16725 16829 16751 16777 16803
16830 16917 16851 16872 16893
16918 17081 16958 16998 17038
17082 17114 17090 17098 17106
17115 17168 17128 17141 17154
17169 17230 17184 17199 17214
17231 17375 17267 17303 17339
17376 17470 17399 17422 17445
17471 17535 17487 17503 17519
17536 17635 17560 17584 17608
17636 17743 17662 17688 17714
17744 17764 17749 17754 17759
17765 17838 17783 17801 17819
17839 17989 17876 17913 17950
17990 18091 18015 18040 18065
18092 18166 18110 18128 18146
18167 18189 18172 18177 18182
18190 18219 18197 18204 18211
18220 18248 18227 18234 18241
18249 18275 18255 18261 18267
18276 18303 18282 18288 18294
18304 18336 18312 18320 18328
18337 18366 18344 18351 18358
18367 18497 18399 18431 18463
18498 18552 18511 18524 18537
18553 18626 18571 18589 18607
18627 18733 18653 18679 18705
18734 18797 18749 18764 18779
18798 18881 18818 18838 18858
18882 19003 18912 18942 18972
19004 19079 19022 19040 19058
19080 19164 19101 19122 19143
19165 19472 19241 19317 19393
19473 19654 19518 19563 19608
19655 19716 19670 19685 19700
19717 19820 19742 19767 19792
19821 20045 19877 19933 19989
20046 20102 20060 20074 20088
20103 20151 20115 20127 20139
20152 20242 20174 20196 20218
20243 20258 20246 20249 20252
20259 20286 20265 20271 20277
20287 20379 20310 20333 20356
20380 20468 20402 20424 20446
20469 20501 20477 20485 20493
20502 20534 20510 20518 20526
20535 20589 20548 20561 20574
20590 20660 20607 20624 20641
20661 20704 20671 20681 20691
20705 20724 20709 20713 20717
20725 20764 20734 20743 20752
20765 20886 20795 20825 20855
20887 20914 20893 20899 20905
20915 21090 20958 21001 21044
21091 21112 21096 21101 21106
21113 21197 21134 21155 21176
21198 21449 21260 21322 21384
21450 21528 21469 21488 21507
21529 21900 21621 21713 21805
21901 21940 21910 21919 21928
21941 22043 21966 21991 22016
22044 22226 22089 22134 22179
22227 22459 22285 22343 22401
22460 22542 22480 22500 22520
22543 22857 22621 22699 22777
22858 22981 22888 22918 22948
22982 23197 23035 23088 23141
23198 23235 23207 23216 23225
23236 23273 23245 23254 23263
23274 23327 23287 23300 23313
23328 23615 23399 23470 23541
23616 23696 23636 23656 23676
23697 23768 23714 23731 23748
23769 24111 23854 23939 24024
24112 24283 24154 24196 24238
24284 24787 24409 24534 24659
24788 24977 24835 24882 24929
24978 25055 24997 25016 25035
25056 25129 25074 25092 25110
25130 25202 25148 25166 25184
25203 25350 25239 25275 25311
25351 25400 25363 25375 25387
25401 25453 25414 25427 25440
25454 25593 25488 25522 25556
25594 25642 25606 25618 25630
25643 25775 25676 25709 25742
25776 25887 25803 25830 25857
25888 26118 25945 26002 26059
26119 26189 26136 26153 26170
26190 26241 26202 26214 26226
26242 26370 26274 26306 26338
26371 26392 26376 26381 26386
26393 26443 26405 26417 26429
26444 26485 26454 26464 26474
26486 26531 26497 26508 26519
26532 26643 26559 26586 26613
26644 26716 26662 26680 26698
26717 26813 26741 26765 26789
26814 26887 26832 26850 26868
26888 26941 26901 26914 26927
26942 27069 26973 27004 27035
27070 27327 27134 27198 27262
27328 27410 27348 27368 27388
27411 27486 27429 27447 27465
27487 27581 27510 27533 27556
27582 27604 27587 27592 27597
27605 27629 27611 27617 27623
27630 27646 27634 27638 27642
27647 27675 27654 27661 27668
27676 27707 27683 27690 27697
27708 27742 27716 27724 27732
27743 27779 27752 27761 27770
27780 27796 27784 27788 27792
27797 27820 27802 27807 27812
27821 27885 27837 27853 27869
27886 27980 27909 27932 27955
27981 28041 27996 28011 28026
28042 28103 28057 28072 28087
28104 28143 28113 28122 28131
28144 28235 28166 28188 28210
28236 28282 28247 28258 28269
28283 28345 28298 28313 28328
28346 28526 28391 28436 28481
28527 28569 28537 28547 28557
28570 28649 28589 28608 28627
28650 28759 28677 28704 28731
28760 28795 28768 28776 28784
28796 28841 28807 28818 28829
28842 28880 28851 28860 28869
28881 28952 28898 28915 28932
28953 29023 28970 28987 29004
29024 29180 29063 29102 29141
29181 29255 29199 29217 29235
29256 29413 29295 29334 29373
29414 29564 29451 29488 29525
29565 29604 29574 29583 29592
29605 29651 29616 29627 29638
29652 29733 29672 29692 29712
29734 29796 29749 29764 29779
29797 29905 29824 29851 29878
29906 30044 29929 29952 30033
30045 30161 30074 30103 30132
30162 30200 30171 30180 30189
30201 30289 30223 30245 30267
30290 30323 30298 30306 30314
30324 30393 30341 30358 30375
30394 30413 30398 30402 30406
30414 30484 30431 30448 30465
30485 30514 30492 30499 30506
30515 30558 30525 30535 30545
30559 30606 30570 30581 30592
30607 30722 30635 30663 30691
30723 30765 30733 30743 30753
30766 30832 30782 30798 30814
30833 30879 30844 30855 30866
30880 30918 30889 30898 30907
30919 30946 30925 30931 30937
30947 30979 30955 30963 30971
30980 31023 30990 31000 31010
31024 31301 31093 31162 31231
31302 31321 31306 31310 31314
31322 31339 31326 31330 31334
31340 31523 31385 31430 31475
31524 31726 31574 31624 31674
31727 32177 31839 31951 32063
32178 32522 32264 32350 32436
32523 32616 32546 32569 32592
32617 32650 32625 32633 32641
32651 32716 32667 32683 32699
32717 32803 32738 32759 32780
32804 33021 32858 32912 32966
33022 33047 33028 33034 33040
33048 33208 33088 33128 33168
33209 33335 33240 33271 33302
33336 33446 33363 33390 33417
33447 33596 33484 33521 33558
33597 33626 33604 33611 33618
33627 33667 33637 33647 33657
33668 33912 33729 33790 33851
33913 33970 33927 33941 33955
33971 34098 34002 34033 34064
34099 34200 34124 34149 34174
34201 34264 34216 34231 34246
34265 34303 34274 34283 34292
34304 34455 34341 34378 34415
34456 34492 34465 34474 34483
34493 34538 34504 34515 34526
34539 34653 34567 34595 34623
34654 35045 34751 34848 34945
35046 35263 35100 35154 35208
35264 35305 35274 35284 35294
35306 35348 35316 35326 35336
35349 35457 35376 35403 35430
35458 35795 35542 35626 35710
35796 35844 35808 35820 35832
35845 35985 35880 35915 35950
35986 36032 35997 36008 36019
36033 36069 36042 36051 36060
36070 36180 36097 36124 36151
36181 36329 36218 36255 36292
36330 36469 36364 36398 36432
36470 36561 36492 36514 36536
36562 36612 36574 36586 36598
36613 36674 36628 36643 36658
36675 36700 36681 36687 36693
36701 36765 36717 36733 36749
36766 37153 36862 36958 37054
37154 37204 37166 37178 37190
37205 37247 37215 37225 37235
37248 37509 37313 37378 37443
37510 37562 37523 37536 37549
37563 37729 37604 37645 37686
37730 37796 37746 37762 37778
37797 38043 37858 37919 37980
38044 38096 38057 38070 38083
38097 38170 38115 38133 38151
38171 38226 38184 38197 38210
38227 38303 38246 38265 38284
38304 38359 38317 38330 38343
38360 38413 38373 38386 38399
38414 38447 38422 38430 38438
38448 38670 38503 38558 38613
38671 38696 38677 38683 38689
38697 38729 38705 38713 38721
38730 38764 38738 38746 38754
38765 38834 38782 38799 38816
38835 38876 38845 38855 38865
38877 38913 38886 38895 38904
38914 38970 38928 38942 38956
38971 39122 39008 39045 39082
39123 39184 39138 39153 39168
39185 39226 39195 39205 39215
39227 39306 39246 39265 39284
39307 39497 39354 39401 39448
39498 39625 39529 39560 39591
39626 39688 39641 39656 39671
39689 39734 39700 39711 39722
39735 39836 39760 39785 39810
39837 40020 39882 39927 39972
40021 40170 40058 40095 40132
40171 40234 40186 40201 40216
40235 40267 40243 40251 40259
40268 40467 40317 40366 40415
40468 40557 40490 40512 40534
40558 40607 40570 40582 40594
40608 40630 40613 40618 40623
40631 40653 40636 40641 40646
40654 40701 40665 40676 40687
40702 40753 40714 40726 40738
40754 40785 40761 40768 40775
40786 40860 40804 40822 40840
40861 40964 40886 40911 40936
40965 41068 40990 41015 41040
41069 41174 41095 41121 41147
41175 41326 41212 41249 41286
41327 41366 41336 41345 41354
41367 41458 41389 41411 41433
41459 41527 41476 41493 41510
41528 41592 41544 41560 41576
41593 41652 41607 41621 41635
41653 41736 41673 41693 41713
41737 41831 41760 41783 41806
41832 41933 41857 41882 41907
41934 42045 41961 41988 42015
42046 42086 42056 42066 42076
42087 42136 42099 42111 42123
42137 42173 42146 42155 42164
42174 42226 42187 42200 42213
42227 42385 42266 42305 42344
42386 42458 42404 42422 42440
42459 42524 42475 42491 42507
42525 42588 42540 42555 42570
42589 42639 42601 42613 42625
42640 42697 42654 42668 42682
42698 42731 42706 42714 42722
42732 42795 42747 42762 42777
42796 43087 42868 42940 43012
43088 43237 43125 43162 43199
43238 43305 43254 43270 43286
43306 43364 43320 43334 43348
43365 43419 43378 43391 43404
43420 43531 43447 43474 43501
43532 43585 43545 43558 43571
43586 43635 43598 43610 43622
43636 43679 43646 43656 43666
43680 43741 43695 43710 43725
43742 43762 43747 43752 43757
43763 43817 43776 43789 43802
43818 43858 43828 43838 43848
43859 43931 43877 43895 43913
43932 44038 43958 43984 44010
44039 44148 44066 44093 44120
44149 44204 44162 44175 44188
44205 44330 44236 44267 44298
44331 44434 44356 44381 44406
44435 44487 44448 44461 44474
44488 44539 44500 44512 44524
44540 44586 44551 44562 44573
44587 44746 44626 44665 44704
44747 45159 44810 44873 45117
45160 45293 45193 45226 45259
45294 45448 45332 45370 45408
45449 46878 45806 46163 46520
46879 47123 46940 47001 47062
47124 47288 47165 47206 47247
47289 47334 47300 47311 47322
47335 47418 47355 47375 47395
47419 47527 47446 47473 47500
47528 47859 47610 47692 47774
47860 48328 47977 48094 48211
48329 48662 48412 48495 48578
48663 48687 48669 48675 48681
48688 48733 48699 48710 48721
48734 48759 48740 48746 48752
48760 48839 48779 48798 48817
48840 48889 48852 48864 48876
48890 48935 48901 48912 48923
48936 48974 48945 48954 48963
48975 49068 48998 49021 49044
49069 49136 49085 49101 49117
49137 49182 49148 49159 49170
49183 49328 49219 49255 49291
49329 49419 49351 49373 49395
49420 49521 49445 49470 49495
49522 49569 49533 49544 49555
49570 49696 49601 49632 49663
49697 49733 49706 49715 49724
49734 49903 49776 49818 49860
49904 49971 49920 49936 49952
49972 49997 49978 49984 49990
49998 50072 50016 50034 50052
50073 50133 50088 50103 50118
50134 50168 50142 50150 50158
50169 50202 50177 50185 50193
50203 50247 50214 50225 50236
50248 50264 50252 50256 50260
50265 50282 50269 50273 50277
50283 50329 50294 50305 50316
50330 50367 50339 50348 50357
50368 50436 50385 50402 50419
50437 50472 50445 50453 50461
50473 50512 50482 50491 50500
50513 50539 50519 50525 50531
50540 50572 50548 50556 50564
50573 50631 50587 50601 50615
50632 50693 50647 50662 50677
50694 50765 50711 50728 50745
50766 50850 50787 50808 50829
50851 50903 50864 50877 50890
50904 50959 50917 50930 50943
50960 50996 50969 50978 50987
50997 51038 51007 51017 51027
51039 51106 51055 51071 51087
51107 51191 51128 51149 51170
51192 51247 51205 51218 51231
51248 51489 51308 51368 51428
51490 51572 51510 51530 51550
51573 51696 51603 51633 51663
51697 51918 51752 51807 51862
51919 51989 51936 51953 51970
51990 52122 52023 52056 52089
52123 52273 52160 52197 52234
52274 52335 52289 52304 52319
52336 52475 52370 52404 52438
52476 52595 52505 52534 52563
52596 52701 52622 52648 52674
52702 52841 52736 52770 52804
52842 53067 52898 52954 53010
53068 53293 53124 53180 53236
53294 53363 53311 53328 53345
53364 53419 53377 53390 53403
53420 53677 53484 53548 53612
53678 53779 53703 53728 53753
53780 53923 53815 53850 53885
53924 53997 53942 53960 53978
53998 54057 54012 54026 54040
54058 54101 54068 54078 54088
54102 54143 54112 54122 54132
54144 54177 54152 54160 54168
54178 54414 54237 54296 54355
54415 54466 54427 54439 54451
54467 54503 54476 54485 54494
54504 54603 54528 54552 54576
54604 54644 54614 54624 54634
54645 54731 54666 54687 54708
54732 54798 54748 54764 54780
54799 54903 54825 54851 54877
54904 54951 54915 54926 54937
54952 55141 54999 55046 55093
55142 55195 55155 55168 55181
55196 55258 55211 55226 55241
55259 55295 55268 55277 55286
55296 55385 55318 55340 55362
55386 55437 55398 55410 55422
55438 55487 55450 55462 55474
55488 55540 55501 55514 55527
55541 55616 55559 55577 55595
55617 55661 55628 55639 55650
55662 55710 55674 55686 55698
55711 55762 55723 55735 55747
55763 56006 55823 55883 55943
56007 56182 56050 56093 56136
56183 56259 56202 56221 56240
56260 56356 56284 56308 56332
56357 56450 56380 56403 56426
56451 56524 56469 56487 56505
56525 56588 56540 56555 56570
56589 56643 56602 56615 56628
56644 56799 56682 56720 56758
56800 57046 56861 56922 56983
57047 57098 57059 57071 57083
57099 57153 57112 57125 57138
57154 57199 57165 57176 57187
57200 57246 57211 57222 57233
57247 57346 57271 57295 57319
57347 57477 57379 57411 57443
57478 57555 57497 57516 57535
57556 57621 57572 57588 57604
57622 57706 57643 57664 57685
57707 57754 57718 57729 57740
57755 57851 57779 57803 57827
57852 57935 57872 57892 57912
57936 57974 57945 57954 57963
57975 58214 58034 58093 58152
58215 58285 58232 58249 58266
58286 58655 58378 58470 58562
58656 58721 58672 58688 58704
58722 58759 58731 58740 58749
58760 58823 58775 58790 58805
58824 58878 58837 58850 58863
58879 58950 58896 58913 58930
58951 59048 58975 58999 59023
59049 59176 59080 59111 59142
59177 59228 59189 59201 59213
59229 59437 59281 59333 59385
59438 59476 59447 59456 59465
59477 59762 59548 59619 59690
59763 60126 59822 59881 60093
60127 60285 60166 60205 60244
60286 60353 60302 60318 60334
60354 60442 60376 60398 60420
60443 60485 60453 60463 60473
60486 60754 60553 60620 60687
60755 60839 60776 60797 60818
60840 60966 60871 60902 60933
60967 61041 60985 61003 61021
61042 61160 61071 61100 61129
61161 61189 61168 61175 61182
61190 61230 61200 61210 61220
61231 61366 61264 61297 61330
61367 61443 61386 61405 61424
61444 61546 61469 61494 61519
61547 61589 61557 61567 61577
61590 61698 61617 61644 61671
61699 61742 61709 61719 61729
61743 61808 61759 61775 61791
61809 61906 61833 61857 61881
61907 62005 61931 61955 61979
62006 62041 62014 62022 62030
62042 62440 62141 62240 62339
62441 62508 62457 62473 62489
62509 62589 62529 62549 62569
62590 62642 62603 62616 62629
62643 62730 62664 62685 62706
62731 62963 62789 62847 62905
62964 63040 62983 63002 63021
63041 63191 63078 63115 63152
63192 63256 63208 63224 63240
63257 63349 63280 63303 63326
63350 63458 63377 63404 63431
63459 63495 63468 63477 63486
63496 63544 63508 63520 63532
63545 63591 63556 63567 63578
63592 63633 63602 63612 63622
63634 63727 63657 63680 63703
63728 63787 63742 63756 63770
63788 63839 63800 63812 63824
63840 63911 63857 63874 63891
63912 64010 63936 63960 63984
64011 64060 64023 64035 64047
64061 64175 64089 64117 64145
64176 64436 64241 64306 64371
64437 64481 64448 64459 64470
64482 64516 64490 64498 64506
64517 64630 64545 64573 64601
64631 64828 64680 64729 64778
64829 64902 64847 64865 64883
64903 65014 64930 64957 64984
65015 65073 65029 65043 65057
65074 65146 65092 65110 65128
65147 65212 65163 65179 65195
65213 65495 65283 65353 65423
65496 65528 65504 65512 65520
65529 65551 65534 65539 65544
65552 65583 65559 65566 65573
65584 65669 65605 65626 65647
65670 65714 65681 65692 65703
65715 65875 65755 65795 65835
65876 66035 65915 65954 65993
66036 66113 66055 66074 66093
66114 66214 66139 66164 66189
66215 66231 66219 66223 66227
66232 66293 66247 66262 66277
66294 66322 66301 66308 66315
66323 66407 66344 66365 66386
66408 66490 66428 66448 66468
66491 66760 66558 66625 66692
66761 66789 66768 66775 66782
66790 66817 66796 66802 66808
66818 66840 66823 66828 66833
66841 66879 66850 66859 66868
66880 66943 66895 66910 66925
66944 67012 66961 66978 66995
67013 67301 67085 67157 67229
67302 67432 67334 67366 67398
67433 67513 67453 67473 67493
67514 67630 67543 67572 67601
67631 67693 67646 67661 67676
67694 67856 67734 67774 67814
67857 68003 67893 67929 67965
68004 68476 68122 68240 68358
68477 68519 68487 68497 68507
68520 68619 68544 68568 68592
68620 68722 68645 68670 68695
68723 68797 68741 68759 68777
68798 68894 68822 68846 68870
68895 68994 68919 68943 68967
68995 69161 69036 69077 69118
69162 69343 69207 69252 69297
69344 69400 69358 69372 69386
69401 69558 69440 69479 69518
69559 69602 69569 69579 69589
69603 69678 69621 69639 69657
69679 69944 69745 69811 69877
69945 69998 69958 69971 69984
69999 70036 70008 70017 70026
70037 70078 70047 70057 70067
70079 70110 70086 70093 70100
70111 70183 70129 70147 70165
70184 70207 70189 70194 70199
70208 70361 70246 70284 70322
70362 70416 70375 70388 70401
70417 70484 70433 70449 70465
70485 70525 70495 70505 70515
70526 70593 70542 70558 70574
70594 70661 70610 70626 70642
70662 70707 70673 70684 70695
70708 70759 70720 70732 70744
70760 70817 70774 70788 70802
70818 70959 70853 70888 70923
70960 71037 70979 70998 71017
71038 71225 71084 71130 71176
71226 71256 71233 71240 71247
71257 71535 71326 71395 71464
71536 71625 71558 71580 71602
71626 71654 71633 71640 71647
71655 71715 71670 71685 71700
71716 71790 71734 71752 71770
71791 71887 71815 71839 71863
71888 71932 71899 71910 71921
71933 72085 71971 72009 72047
72086 72219 72119 72152 72185
72220 72333 72248 72276 72304
72334 72434 72359 72384 72409
72435 72505 72452 72469 72486
72506 72547 72516 72526 72536
72548 72602 72561 72574 72587
72603 72715 72631 72659 72687
72716 72766 72728 72740 72752
72767 72907 72802 72837 72872
72908 72979 72925 72942 72959
72980 73102 73010 73040 73070
73103 73140 73112 73121 73130
73141 73180 73150 73159 73168
73181 73281 73206 73231 73256
73282 73327 73293 73304 73315
73328 73392 73344 73360 73376
73393 73434 73403 73413 73423
73435 73543 73462 73489 73516
73544 73633 73566 73588 73610
73634 73684 73646 73658 73670
73685 73731 73696 73707 73718
73732 73805 73750 73768 73786
73806 73915 73833 73860 73887
73916 73999 73936 73956 73976
74000 74135 74033 74066 74099
74136 74229 74159 74182 74205
74230 74337 74256 74282 74308
74338 74406 74355 74372 74389
74407 74454 74418 74429 74440
74455 74588 74488 74521 74554
74589 74637 74601 74613 74625
74638 74705 74654 74670 74686
74706 74738 74714 74722 74730
74739 74781 74749 74759 74769
74782 74812 74789 74796 74803
74813 74883 74830 74847 74864
74884 74980 74908 74932 74956
74981 75018 74985 74989 75012
75019 75081 75034 75049 75064
75082 75129 75093 75104 75115
75130 75187 75144 75158 75172
75188 75218 75195 75202 75209
75219 75246 75225 75231 75237
75247 75320 75265 75283 75301
75321 75347 75327 75333 75339
75348 75370 75353 75358 75363
75371 75395 75377 75383 75389
75396 75429 75404 75412 75420
75430 75453 75435 75440 75445
75454 75528 75472 75490 75508
75529 75569 75539 75549 75559
75570 75597 75576 75582 75588
75598 75618 75603 75608 75613
75619 75674 75632 75645 75658
75675 75720 75686 75697 75708
75721 75755 75729 75737 75745
75756 75780 75762 75768 75774
75781 75815 75789 75797 75805
75816 75864 75828 75840 75852
75865 75944 75884 75903 75922
75945 76009 75961 75977 75993
76010 76132 76040 76070 76100
76133 76276 76168 76203 76238
76277 76523 76338 76399 76460
76524 76595 76541 76558 76575
76596 76660 76612 76628 76644
76661 76725 76677 76693 76709
76726 76772 76737 76748 76759
76773 76822 76785 76797 76809
76823 76844 76828 76833 76838
76845 76867 76850 76855 76860
76868 76926 76882 76896 76910
76927 76977 76939 76951 76963
76978 77015 76987 76996 77005
77016 77056 77026 77036 77046
77057 77074 77061 77065 77069
77075 77142 77091 77107 77123
77143 77195 77156 77169 77182
77196 77233 77205 77214 77223
77234 77286 77247 77260 77273
77287 77337 77299 77311 77323
77338 77384 77349 77360 77371
77385 77449 77401 77417 77433
77450 77484 77458 77466 77474
77485 77519 77493 77501 77509
77520 77545 77526 77532 77538
77546 77563 77550 77554 77558
77564 77843 77633 77702 77771
77844 77946 77869 77894 77919
77947 78457 78074 78201 78328
78458 78790 78541 78624 78707
78791 78818 78797 78803 78809
78819 78854 78827 78835 78843
78855 79051 78904 78953 79002
79052 79191 79086 79120 79154
79192 79224 79200 79208 79216
79225 79272 79236 79247 79258
79273 79351 79292 79311 79330
79352 79405 79365 79378 79391
79406 79556 79443 79480 79517
79557 79594 79566 79575 79584
79595 79729 79628 79661 79694
79730 80032 79805 79880 79955
80033 80121 80055 80077 80099
80122 80172 80134 80146 80158
80173 80237 80189 80205 80221
80238 80325 80259 80280 80301
80326 80364 80335 80344 80353
80365 80458 80388 80411 80434
80459 80527 80476 80493 80510
80528 80576 80540 80552 80564
80577 80628 80589 80601 80613
80629 80717 80651 80673 80695
80718 80842 80749 80780 80811
80843 80962 80872 80901 80930
80963 80991 80970 80977 80984
80992 81130 81026 81060 81094
81131 81205 81149 81167 81185
81206 81257 81218 81230 81242
81258 81356 81282 81306 81330
81357 81447 81379 81401 81423
81448 81480 81456 81464 81472
81481 81500 81485 81489 81493
81501 81586 81522 81543 81564
81587 81945 81676 81765 81854
81946 82005 81960 81974 81988
82006 82051 82017 82028 82039
82052 82126 82070 82088 82106
82127 82535 82229 82331 82433
82536 82628 82559 82582 82605
82629 82667 82638 82647 82656
82668 82730 82683 82698 82713
82731 82913 82776 82821 82866
82914 83022 82941 82968 82995
83023 83082 83037 83051 83065
83083 83236 83121 83159 83197
83237 83355 83266 83295 83324
83356 83456 83381 83406 83431
83457 83544 83478 83499 83520
83545 83660 83573 83601 83629
83661 83960 83735 83809 83883
83961 84111 83998 84035 84072
84112 84250 84146 84180 84214
84251 84306 84264 84277 84290
84307 84355 84319 84331 84343
84356 84375 84360 84364 84368
84376 84435 84390 84404 84418
84436 84578 84471 84506 84541
84579 84598 84583 84587 84591
84599 84630 84606 84613 84620
84631 84686 84644 84657 84670
84687 84773 84708 84729 84750
84774 84901 84805 84836 84867
84902 84985 84922 84942 84962
84986 85017 84993 85000 85007
85018 85453 85126 85234 85342
85454 85642 85501 85548 85595
85643 85697 85656 85669 85682
85698 85803 85724 85750 85776
85804 86205 85904 86004 86104
86206 86308 86231 86256 86281
86309 86371 86324 86339 86354
86372 86484 86400 86428 86456
86485 86538 86498 86511 86524
86539 86694 86577 86615 86653
86695 86740 86706 86717 86728
86741 86954 86794 86847 86900
86955 86987 86963 86971 86979
86988 87051 87003 87018 87033
87052 87074 87057 87062 87067
87075 87164 87097 87119 87141
87165 87240 87183 87201 87219
87241 87346 87267 87293 87319
87347 87404 87361 87375 87389
87405 87505 87430 87455 87480
87506 87637 87538 87570 87602
87638 87678 87648 87658 87668
87679 87708 87686 87693 87700
87709 87767 87723 87737 87751
87768 87807 87777 87786 87795
87808 87959 87845 87882 87919
87960 88000 87970 87980 87990
88001 88047 88012 88023 88034
88048 88210 88088 88128 88168
88211 88440 88268 88325 88382
88441 88555 88469 88497 88525
88556 88602 88567 88578 88589
88603 88740 88637 88671 88705
88741 88783 88751 88761 88771
88784 88947 88824 88864 88904
88948 88984 88957 88966 88975
88985 89130 89021 89057 89093
89131 89197 89147 89163 89179
89198 89248 89210 89222 89234
89249 89342 89272 89295 89318
89343 89392 89355 89367 89379
89393 89505 89421 89449 89477
89506 89583 89525 89544 89563
89584 89657 89602 89620 89638
89658 89823 89699 89740 89781
89824 90428 89867 89910 90321
90429 90601 90472 90515 90558
90602 90892 90674 90746 90818
90893 91028 90926 90959 90992
91029 91109 91049 91069 91089
91110 91169 91124 91138 91152
91170 91220 91182 91194 91206
91221 91375 91259 91297 91335
91376 91486 91403 91430 91457
91487 91612 91518 91549 91580
91613 91669 91627 91641 91655
91670 91749 91689 91708 91727
91750 91815 91766 91782 91798
91816 91876 91831 91846 91861
91877 91954 91896 91915 91934
91955 92036 91975 91995 92015
92037 92109 92055 92073 92091
92110 92202 92133 92156 92179
92203 92272 92220 92237 92254
92273 92512 92332 92391 92450
92513 92644 92545 92577 92609
92645 92659 92648 92651 92654
92660 92934 92728 92796 92864
92935 93106 92977 93019 93061
93107 93282 93150 93193 93236
93283 93338 93296 93309 93322
93339 93405 93355 93371 93387
93406 93482 93425 93444 93463
93483 93578 93506 93529 93552
93579 93606 93585 93591 93597
93607 93669 93622 93637 93652
93670 93840 93712 93754 93796
93841 93867 93847 93853 93859
93868 93971 93893 93918 93943
93972 94055 93992 94012 94032
94056 94277 94111 94166 94221
94278 94394 94307 94336 94365
94395 94708 94473 94551 94629
94709 95107 94808 94907 95006
95108 95154 95119 95130 95141
95155 95210 95168 95181 95194
95211 95388 95255 95299 95343
95389 95538 95426 95463 95500
95539 95675 95573 95607 95641
95676 97292 96080 96484 96888
97293 97394 97318 97343 97368
97395 97597 97445 97495 97545
97598 98077 97717 97836 97955
98078 98289 98130 98182 98234
98290 98336 98301 98312 98323
98337 98385 98349 98361 98373
98386 98559 98429 98472 98515
98560 98636 98579 98598 98617
98637 98992 98725 98813 98901
98993 99071 99012 99031 99050
99072 99453 99167 99262 99357
99454 99513 99468 99482 99496
99514 99684 99556 99598 99640
99685 99987 99760 99835 99910
99988 100108 100018 100048 100078
100109 100201 100132 100155 100178
100202 100299 100226 100250 100274
100300 100365 100316 100332 100348
100366 100417 100378 100390 100402
100418 100465 100429 100440 100451
100466 100520 100479 100492 100505
100521 100552 100528 100535 100542
100553 100611 100567 100581 100595
100612 100662 100624 100636 100648
100663 100706 100673 100683 100693
100707 100719 100710 100713 100716
100720 100756 100729 100738 100747
100757 100824 100773 100789 100805
100825 100911 100846 100867 100888
100912 100955 100922 100932 100942
100956 101116 100996 101036 101076
101117 101146 101124 101131 101138
101147 101181 101155 101163 101171
101182 101374 101230 101278 101326
101375 101422 101386 101397 101408
101423 101495 101441 101459 101477
101496 101549 101509 101522 101535
101550 101587 101559 101568 101577
101588 101616 101595 101602 101609
101617 101680 101632 101647 101662
101681 101743 101696 101711 101726
101744 101790 101755 101766 101777
101791 101823 101799 101807 101815
101824 101884 101839 101854 101869
101885 102084 101934 101983 102032
102085 102111 102091 102097 102103
102112 102155 102122 102132 102142
102156 102253 102180 102204 102228
102254 102401 102290 102326 102362
102402 102429 102408 102414 102420
102430 102451 102435 102440 102445
102452 102468 102456 102460 102464
102469 102485 102473 102477 102481
102486 102513 102492 102498 102504
102514 102531 102518 102522 102526
102532 102562 102539 102546 102553
102563 102784 102618 102673 102728
102785 102900 102813 102841 102869
102901 102936 102909 102917 102925
102937 102992 102950 102963 102976
102993 103031 103002 103011 103020
103032 103081 103044 103056 103068
103082 103139 103096 103110 103124
103140 103179 103149 103158 103167
103180 103243 103195 103210 103225
103244 103287 103254 103264 103274
103288 103493 103339 103390 103441
103494 103568 103512 103530 103548
103569 103618 103581 103593 103605
103619 103764 103655 103691 103727
103765 103944 103809 103853 103897
103945 104031 103966 103987 104008
104032 104073 104042 104052 104062
104074 104130 104088 104102 104116
104131 104214 104151 104171 104191
104215 104266 104227 104239 104251
104267 104307 104277 104287 104297
104308 104363 104321 104334 104347
104364 104392 104371 104378 104385
104393 104515 104423 104453 104483
104516 104590 104534 104552 104570
104591 104691 104616 104641 104666
104692 104924 104750 104808 104866
104925 105015 104943 104961 105009
105016 105075 105030 105044 105058
105076 105108 105084 105092 105100
105109 105164 105122 105135 105148
105165 105293 105197 105229 105261
105294 105334 105304 105314 105324
105335 105431 105359 105383 105407
105432 105507 105450 105468 105486
105508 105554 105519 105530 105541
105555 105600 105566 105577 105588
105601 105707 105627 105653 105679
105708 105795 105729 105750 105771
105796 105899 105821 105846 105871
105900 106015 105928 105956 105984
106016 106203 106062 106108 106154
106204 106255 106216 106228 106240
106256 106309 106269 106282 106295
106310 106344 106318 106326 106334
106345 106366 106350 106355 106360
106367 106404 106376 106385 106394
106405 106777 106498 106591 106684
106778 106859 106798 106818 106838
106860 106997 106894 106928 106962
106998 107104 107024 107050 107076
107105 107270 107146 107187 107228
107271 107404 107304 107337 107370
107405 107445 107415 107425 107435
107446 107478 107454 107462 107470
107479 107555 107498 107517 107536
107556 107631 107574 107592 107610
107632 107685 107645 107658 107671
107686 107923 107745 107804 107863
107924 107972 107936 107948 107960
107973 108114 108008 108043 108078
108115 108144 108122 108129 108136
108145 108176 108152 108159 108166
108177 108252 108195 108213 108231
108253 108284 108260 108267 108274
108285 108335 108297 108309 108321
108336 108352 108340 108344 108348
108353 108374 108358 108363 108368
108375 108446 108392 108409 108426
108447 108465 108451 108455 108459
108466 108503 108475 108484 108493
108504 108526 108509 108514 108519
108527 108651 108558 108589 108620
108652 108741 108674 108696 108718
108742 108886 108778 108814 108850
108887 109233 108973 109059 109145
109234 109305 109251 109268 109285
109306 109778 109424 109542 109660
109779 109855 109798 109817 109836
109856 109954 109880 109904 109928
109955 110012 109969 109983 109997
110013 110086 110031 110049 110067
110087 110141 110100 110113 110126
110142 110197 110155 110168 110181
110198 110261 110213 110228 110243
110262 110378 110291 110320 110349
110379 110474 110402 110425 110448
110475 110543 110492 110509 110526
110544 110619 110562 110580 110598
110620 110876 110684 110748 110812
110877 111033 110916 110955 110994
111034 111192 111073 111112 111151
111193 111358 111234 111275 111316
111359 111459 111384 111409 111434
111460 111569 111487 111514 111541
111570 111986 111674 111778 111882
111987 112093 112013 112039 112065
112094 112121 112100 112106 112112
112122 112175 112135 112148 112161
112176 112225 112188 112200 112212
112226 112289 112241 112256 112271
112290 112376 112311 112332 112353
112377 112423 112388 112399 112410
112424 112700 112493 112562 112631
112701 112806 112727 112753 112779
112807 112964 112846 112885 112924
112965 113168 113015 113065 113115
113169 113253 113190 113211 113232
113254 113605 113341 113428 113515
113606 113675 113623 113640 113657
113676 113738 113691 113706 113721
113739 113780 113749 113759 113769
113781 113870 113803 113825 113847
113871 113964 113894 113917 113940
113965 114062 113989 114013 114037
114063 114126 114078 114093 114108
114127 114280 114165 114203 114241
114281 114321 114291 114301 114311
114322 114429 114348 114374 114400
114430 114501 114447 114464 114481
114502 114636 114535 114568 114601
114637 114717 114657 114677 114697
114718 114773 114731 114744 114757
114774 114813 114783 114792 114801
114814 114880 114830 114846 114862
114881 114983 114906 114931 114956
114984 115044 114999 115014 115029
115045 115077 115053 115061 115069
115078 115099 115083 115088 115093
115100 115140 115110 115120 115130
115141 115252 115168 115195 115222
115253 115275 115258 115263 115268
115276 115355 115295 115314 115333
115356 115411 115369 115382 115395
115412 115567 115450 115488 115526
115568 115621 115581 115594 115607
115622 115668 115633 115644 115655
115669 115694 115675 115681 115687
115695 115750 115708 115721 115734
115751 115794 115761 115771 115781
115795 115838 115805 115815 115825
115839 115948 115866 115893 115920
115949 116002 115962 115975 115988
116003 116143 116038 116073 116108
116144 116225 116164 116184 116204
116226 116268 116236 116246 116256
116269 116402 116302 116335 116368
116403 116480 116422 116441 116460
116481 116516 116489 116497 116505
116517 116533 116521 116525 116529
116534 116565 116541 116548 116555
116566 116614 116578 116590 116602
116615 116676 116630 116645 116660
116677 116698 116682 116687 116692
116699 116746 116710 116721 116732
116747 116789 116757 116767 116777
116790 116835 116801 116812 116823
116836 116861 116842 116848 116854
116862 116892 116869 116876 116883
116893 116916 116898 116903 116908
116917 116934 116921 116925 116929
116935 117024 116957 116979 117001
117025 117042 117029 117033 117037
117043 117059 117047 117051 117055
117060 117085 117066 117072 117078
117086 117115 117093 117100 117107
117116 117151 117124 117132 117140
117152 117200 117164 117176 117188
117201 117232 117208 117215 117222
117233 117258 117239 117245 117251
117259 117322 117274 117289 117304
117323 117400 117342 117361 117380
117401 117445 117412 117423 117434
117446 117488 117456 117466 117476
117489 117546 117503 117517 117531
117547 117718 117589 117631 117673
117719 117796 117738 117757 117776
117797 117844 117808 117819 117830
117845 117912 117861 117877 117893
117913 117960 117924 117935 117946
117961 118009 117973 117985 117997
118010 118051 118020 118030 118040
118052 118096 118063 118074 118085
118097 118134 118106 118115 118124
118135 118172 118144 118153 118162
118173 118219 118184 118195 118206
118220 118260 118230 118240 118250
118261 118301 118271 118281 118291
118302 118330 118309 118316 118323
118331 118349 118335 118339 118343
118350 118376 118356 118362 118368
118377 118421 118388 118399 118410
118422 118480 118436 118450 118464
118481 118526 118492 118503 118514
118527 118566 118536 118545 118554
118567 118670 118592 118617 118642
118671 118693 118676 118681 118686
118694 118711 118698 118702 118706
118712 118759 118723 118734 118745
118760 118814 118773 118786 118799
118815 118843 118822 118829 118836
118844 118881 118853 118862 118871
118882 118949 118898 118914 118930
118950 119004 118963 118976 118989
119005 119038 119013 119021 119029
119039 119095 119053 119067 119081
119096 119145 119108 119120 119132
119146 119162 119150 119154 119158
119163 119180 119167 119171 119175
119181 119221 119191 119201 119211
119222 119344 119252 119282 119312
119345 119471 119376 119407 119438
119472 119493 119477 119482 119487
119494 119561 119510 119526 119542
119562 119598 119571 119580 119589
119599 119636 119608 119617 119626
119637 119662 119643 119649 119655
119663 119700 119672 119681 119690
119701 119742 119711 119721 119731
119743 119770 119749 119755 119761
119771 119788 119775 119779 119783
119789 119812 119794 119799 119804
119813 119830 119817 119821 119825
119831 119849 119835 119839 119843
119850 119876 119856 119862 119868
119877 119894 119881 119885 119889
119895 119920 119901 119907 119913
119921 119947 119927 119933 119939
119948 119967 119952 119956 119960
119968 119987 119972 119976 119980
119988 120027 119990 119992 120018
120028 120096 120045 120062 120079
120097 120126 120104 120111 120118
120127 120171 120138 120149 120160
120172 120188 120176 120180 120184
120189 120211 120194 120199 120204
120212 120251 120221 120230 120239
120252 120278 120258 120264 120270
120279 120322 120289 120299 120309
120323 120399 120342 120361 120380
120400 120473 120418 120436 120454
120474 120496 120479 120484 120489
120497 120517 120502 120507 120512
120518 120541 120523 120528 120533
120542 120565 120547 120552 120557
120566 120589 120571 120576 120581
120590 120625 120598 120606 120614
120626 120650 120632 120638 120644
120651 120706 120664 120677 120690
120707 120762 120720 120733 120746
120763 120867 120789 120815 120841
120868 120885 120872 120876 120880
120886 120918 120894 120902 120910
120919 120950 120926 120933 120940
120951 120996 120962 120973 120984
120997 121033 121006 121015 121024
121034 121092 121048 121062 121076
121093 121114 121098 121103 121108
121115 121161 121126 121137 121148
121162 121181 121166 121170 121174
121182 121199 121186 121190 121194
121200 121229 121207 121214 121221
121230 121251 121235 121240 121245
121252 121280 121259 121266 121273
121281 121315 121289 121297 121305
121316 121337 121321 121326 121331
121338 121384 121349 121360 121371
121385 121417 121393 121401 121409
121418 121439 121423 121428 121433
121440 121466 121446 121452 121458
121467 121498 121474 121481 121488
121499 121521 121504 121509 121514
121522 121546 121528 121534 121540
121547 121564 121551 121555 121559
121565 121581 121569 121573 121577
121582 121625 121592 121602 121612
121626 121650 121632 121638 121644
121651 121701 121663 121675 121687
121702 121743 121712 121722 121732
121744 121780 121753 121762 121771
121781 121875 121804 121827 121850
121876 121898 121881 121886 121891
121899 121951 121912 121925 121938
121952 121970 121956 121960 121964
121971 122018 121982 121993 122004
122019 122087 122036 122053 122070
122088 122181 122111 122134 122157
122182 122221 122191 122200 122209
122222 122239 122226 122230 122234
122240 122285 122251 122262 122273
122286 122352 122302 122318 122334
122353 122463 122380 122407 122434
122464 122513 122476 122488 122500
122514 122560 122525 122536 122547
122561 122636 122579 122597 122615
122637 122688 122649 122661 122673
122689 122724 122697 122705 122713
122725 122808 122745 122765 122785
122809 122901 122832 122855 122878
122902 123119 122956 123010 123064
123120 123226 123146 123172 123198
123227 123302 123245 123263 123281
123303 123384 123323 123343 123363
123385 123556 123427 123469 123511
123557 123742 123603 123649 123695
123743 123830 123764 123785 123806
123831 124014 123876 123921 123966
124015 124055 124025 124035 124045
124056 124123 124072 124088 124104
124124 124284 124164 124204 124244
124285 124350 124301 124317 124333
124351 124383 124359 124367 124375
124384 124430 124395 124406 124417
124431 124538 124457 124483 124509
124539 124580 124549 124559 124569
124581 124618 124590 124599 124608
124619 124655 124628 124637 124646
124656 125040 124752 124848 124944
125041 125128 125062 125083 125104
125129 125468 125213 125297 125381
125469 125499 125476 125483 125490
125500 125532 125508 125516 125524
125533 125648 125561 125589 125617
125649 125881 125707 125765 125823
125882 125937 125895 125908 125921
125938 126079 125973 126008 126043
126080 126143 126095 126110 126125
126144 126188 126155 126166 126177
126189 126228 126198 126207 126216
126229 126245 126233 126237 126241
126246 126381 126279 126312 126345
126382 126461 126401 126420 126439
126462 126599 126496 126530 126564
126600 126684 126621 126642 126663
126685 126766 126705 126725 126745
126767 126834 126783 126799 126815
126835 126895 126850 126865 126880
126896 127079 126941 126986 127031
127080 127121 127090 127100 127110
127122 127345 127177 127232 127287
127346 127438 127369 127392 127415
127439 127507 127456 127473 127490
127508 127695 127554 127600 127646
127696 127892 127745 127794 127843
127893 127951 127907 127921 127935
127952 128052 127977 128002 128027
128053 128225 128096 128139 128182
128226 128293 128242 128258 128274
128294 128367 128312 128330 128348
128368 128408 128378 128388 128398
128409 128516 128435 128461 128487
128517 128638 128547 128577 128607
128639 128814 128682 128725 128768
128815 128865 128827 128839 128851
128866 128952 128887 128908 128929
128953 129204 129015 129077 129139
129205 129402 129254 129303 129352
129403 129474 129420 129437 129454
129475 129647 129518 129561 129604
129648 129773 129679 129710 129741
129774 130033 129838 129902 129966
130034 130082 130046 130058 130070
130083 130183 130108 130133 130158
130184 130221 130193 130202 130211
130222 130261 130231 130240 130249
130262 130288 130268 130274 130280
130289 130363 130307 130325 130343
130364 130389 130370 130376 130382
130390 130446 130404 130418 130432
130447 130480 130455 130463 130471
130481 130509 130488 130495 130502
130510 130552 130520 130530 130540
130553 130569 130557 130561 130565
130570 130590 130575 130580 130585
130591 130621 130598 130605 130612
130622 130644 130627 130632 130637
130645 130940 130718 130791 130864
130941 130959 130945 130949 130953
130960 130992 130968 130976 130984
130993 131066 131011 131029 131047
131067 131083 131071 131075 131079
131084 131103 131088 131092 131096
131104 131136 131112 131120 131128
131137 131172 131145 131153 131161
131173 131233 131188 131203 131218
131234 131389 131272 131310 131348
131390 131411 131395 131400 131405
131412 131442 131419 131426 131433
131443 131463 131448 131453 131458
131464 131509 131475 131486 131497
131510 131534 131516 131522 131528
131535 131568 131543 131551 131559
131569 131610 131579 131589 131599
131611 131636 131617 131623 131629
131637 131761 131668 131699 131730
131762 131781 131766 131770 131774
131782 131799 131786 131790 131794
131800 131835 131808 131816 131824
131836 131878 131846 131856 131866
131879 131918 131888 131897 131906
131919 131935 131923 131927 131931
131936 131962 131942 131948 131954
131963 131994 131970 131977 131984
131995 132021 132001 132007 132013
132022 132038 132026 132030 132034
132039 132060 132044 132049 132054
132061 132088 132067 132073 132079
132089 132111 132094 132099 132104
132112 132149 132121 132130 132139
132150 132184 132158 132166 132174
132185 132219 132193 132201 132209
132220 132245 132226 132232 132238
132246 132430 132292 132338 132384
132431 132658 132487 132543 132599
132659 132802 132694 132729 132764
132803 132838 132811 132819 132827
132839 132878 132848 132857 132866
132879 132920 132889 132899 132909
132921 132963 132931 132941 132951
132964 133048 132985 133006 133027
133049 133075 133055 133061 133067
133076 133114 133085 133094 133103
133115 133156 133125 133135 133145
133157 133185 133164 133171 133178
133186 133215 133193 133200 133207
133216 133272 133230 133244 133258
133273 133340 133289 133305 133321
133341 133398 133355 133369 133383
133399 133493 133422 133445 133468
133494 133540 133505 133516 133527
133541 133597 133555 133569 133583
133598 133710 133626 133654 133682
133711 133784 133729 133747 133765
133785 133804 133789 133793 133797
133805 133851 133816 133827 133838
133852 133943 133874 133896 133918
133944 133972 133951 133958 133965
133973 133994 133978 133983 133988
133995 134273 134064 134133 134202
134274 134317 134284 134294 134304
134318 134337 134322 134326 134330
134338 134376 134347 134356 134365
134377 134675 134451 134525 134599
134676 134731 134689 134702 134715
134732 134864 134765 134798 134831
134865 135098 134898 134931 135072
135099 135140 135109 135119 135129
135141 135210 135158 135175 135192
135211 135231 135216 135221 135226
135232 135283 135244 135256 135268
135284 135317 135292 135300 135308
135318 135395 135337 135356 135375
135396 135454 135410 135424 135438
135455 135484 135462 135469 135476
135485 135514 135492 135499 135506
135515 135566 135527 135539 135551
135567 135611 135578 135589 135600
135612 135633 135617 135622 135627
135634 135674 135644 135654 135664
135675 135699 135681 135687 135693
135700 135724 135706 135712 135718
135725 135741 135729 135733 135737
135742 135766 135748 135754 135760
135767 135804 135776 135785 135794
135805 135918 135833 135861 135889
135919 135938 135923 135927 135931
135939 135993 135952 135965 135978
135994 136012 135998 136002 136006
136013 136029 136017 136021 136025
136030 136073 136040 136050 136060
136074 136166 136097 136120 136143
136167 136341 136210 136253 136296
136342 136468 136373 136404 136435
136469 136546 136488 136507 136526
136547 136613 136563 136579 136595
136614 136649 136622 136630 136638
136650 136685 136658 136666 136674
136686 136720 136694 136702 136710
136721 136760 136730 136739 136748
136761 136794 136769 136777 136785
136795 136827 136803 136811 136819
136828 137129 136903 136978 137053
137130 137198 137147 137164 137181
137199 137381 137244 137289 137334
137382 137444 137397 137412 137427
137445 137483 137454 137463 137472
137484 137590 137510 137536 137562
137591 137765 137634 137677 137720
137766 138063 137840 137914 137988
138064 138259 138112 138160 138208
138260 138309 138272 138284 138296
138310 138384 138328 138346 138364
138385 138599 138438 138491 138544
138600 138718 138629 138658 138687
138719 138782 138734 138749 138764
138783 138847 138799 138815 138831
138848 138919 138865 138882 138899
138920 138995 138938 138956 138974
138996 139094 139020 139044 139068
139095 139156 139110 139125 139140
139157 139220 139172 139187 139202
139221 139291 139238 139255 139272
139292 139356 139308 139324 139340
139357 139525 139399 139441 139483
139526 139571 139537 139548 139559
139572 139840 139639 139706 139773
139841 139923 139861 139881 139901
139924 139974 139936 139948 139960
139975 140027 139988 140001 140014
140028 140198 140070 140112 140154
140199 140314 140227 140255 140283
140315 140478 140355 140395 140435
140479 140545 140495 140511 140527
140546 140615 140563 140580 140597
140616 140767 140653 140690 140727
140768 140827 140782 140796 140810
140828 140850 140833 140838 140843
140851 140878 140857 140863 140869
140879 140916 140888 140897 140906
140917 140949 140925 140933 140941
140950 140988 140959 140968 140977
140989 141041 141002 141015 141028
141042 141062 141047 141052 141057
141063 141137 141081 141099 141117
141138 141171 141146 141154 141162
141172 141241 141189 141206 141223
141242 141440 141291 141340 141389
141441 141525 141462 141483 141504
141526 142035 141653 141780 141907
142036 142120 142057 142078 142099
142121 142186 142137 142153 142169
142187 142230 142197 142207 142217
142231 142257 142237 142243 142249
142258 142295 142267 142276 142285
142296 142353 142310 142324 142338
142354 142532 142398 142442 142486
142533 142580 142544 142555 142566
142581 142619 142590 142599 142608
142620 142762 142655 142690 142725
142763 142851 142785 142807 142829
142852 142907 142865 142878 142891
142908 142950 142918 142928 142938
142951 142998 142962 142973 142984
142999 143028 143006 143013 143020
143029 143165 143063 143097 143131
143166 143245 143185 143204 143223
143246 143311 143262 143278 143294
143312 143340 143319 143326 143333
143341 143374 143349 143357 143365
143375 143407 143383 143391 143399
143408 143470 143423 143438 143453
143471 143520 143483 143495 143507
143521 143550 143528 143535 143542
143551 143589 143560 143569 143578
143590 143648 143604 143618 143632
143649 143703 143662 143675 143688
143704 143751 143715 143726 143737
143752 143786 143760 143768 143776
143787 143820 143795 143803 143811
143821 143863 143831 143841 143851
143864 143911 143875 143886 143897
143912 144135 143967 144022 144077
144136 144183 144147 144158 144169
144184 144279 144207 144230 144253
144280 144300 144285 144290 144295
144301 144320 144305 144309 144313
144321 144346 144327 144333 144339
144347 144409 144362 144377 144392
144410 144570 144450 144490 144530
144571 144703 144604 144637 144670
144704 144778 144722 144740 144758
144779 144824 144790 144801 144812
144825 144986 144865 144905 144945
144987 145107 145017 145047 145077
145108 145199 145130 145152 145174
145200 145285 145221 145242 145263
145286 145395 145313 145340 145367
145396 145447 145408 145420 145432
145448 145473 145454 145460 145466
145474 145550 145493 145512 145531
145551 145657 145577 145603 145629
145658 145724 145674 145690 145706
145725 145797 145743 145761 145779
145798 145847 145810 145822 145834
145848 145876 145855 145862 145869
145877 145966 145899 145921 145943
145967 146138 146009 146051 146093
146139 146200 146154 146169 146184
146201 146229 146208 146215 146222
146230 146500 146297 146364 146431
146501 146620 146530 146559 146588
146621 146866 146682 146743 146804
146867 146903 146876 146885 146894
146904 147106 146954 147004 147054
147107 147127 147112 147117 147122
147128 147160 147136 147144 147152
147161 147260 147185 147209 147233
147261 147403 147296 147331 147366
147404 147658 147467 147530 147593
147659 147819 147699 147739 147779
147820 147871 147832 147844 147856
147872 148021 147909 147946 147983
148022 148377 148110 148198 148286
148378 148476 148402 148426 148450
148477 148542 148493 148509 148525
148543 148565 148548 148553 148558
148566 148587 148571 148576 148581
148588 148663 148606 148624 148642
148664 149138 148782 148900 149018
149139 149178 149148 149157 149166
149179 149240 149194 149209 149224
149241 149377 149275 149309 149343
149378 149544 149419 149460 149501
149545 149624 149564 149583 149602
149625 149674 149637 149649 149661
149675 149729 149688 149701 149714
149730 149867 149764 149798 149832
149868 149916 149880 149892 149904
149917 149935 149921 149925 149929
149936 149976 149946 149956 149966
149977 150008 149982 149987 150006
150009 150032 150014 150019 150024
150033 150074 150043 150053 150063
150075 150147 150093 150111 150129
150148 150190 150158 150168 150178
150191 150249 150205 150219 150233
150250 150267 150254 150258 150262
150268 150300 150276 150284 150292
150301 150324 150306 150311 150316
150325 150345 150330 150335 150340
150346 150366 150351 150356 150361
150367 150416 150379 150391 150403
150417 150652 150475 150533 150591
150653 150674 150658 150663 150668
150675 150697 150680 150685 150690
150698 150714 150702 150706 150710
150715 150762 150726 150737 150748
150763 150796 150771 150779 150787
150797 150817 150802 150807 150812
150818 150860 150828 150838 150848
150861 150899 150870 150879 150888
150900 150941 150910 150920 150930
150942 150962 150947 150952 150957
150963 151045 150983 151003 151023
151046 151208 151086 151126 151166
151209 151501 151282 151355 151428
151502 151585 151522 151542 151562
151586 151678 151609 151632 151655
151679 151785 151705 151731 151757
151786 151834 151798 151810 151822
151835 151944 151862 151889 151916
151945 152067 151975 152005 152035
152068 152086 152072 152076 152080
152087 152280 152135 152183 152231
152281 152348 152297 152313 152329
152349 152387 152358 152367 152376
152388 152499 152415 152442 152469
152500 152560 152515 152530 152545
152561 152612 152573 152585 152597
152613 152755 152648 152683 152718
152756 152841 152777 152798 152819
152842 152956 152870 152898 152926
152957 153079 152987 153017 153047
153080 153125 153091 153102 153113
153126 153255 153158 153190 153222
153256 153292 153265 153274 153283
153293 153333 153303 153313 153323
153334 153639 153410 153486 153562
153640 153699 153654 153668 153682
153700 153786 153721 153742 153763
153787 153811 153793 153799 153805
153812 153863 153824 153836 153848
153864 153899 153872 153880 153888
153900 153925 153906 153912 153918
153926 153967 153936 153946 153956
153968 154008 153978 153988 153998
154009 154037 154016 154023 154030
154038 154064 154044 154050 154056
154065 154097 154073 154081 154089
154098 154205 154124 154150 154176
154206 154226 154211 154216 154221
154227 154263 154236 154245 154254
154264 154290 154270 154276 154282
154291 154362 154308 154325 154342
154363 154520 154402 154441 154480
154521 154584 154536 154551 154566
154585 154603 154589 154593 154597
154604 154656 154617 154630 154643
154657 154748 154679 154701 154723
154749 154778 154756 154763 154770
154779 154876 154803 154827 154851
154877 154917 154887 154897 154907
154918 154963 154929 154940 154951
154964 155003 154973 154982 154991
155004 155048 155015 155026 155037
155049 155084 155057 155065 155073
155085 155177 155108 155131 155154
155178 155213 155186 155194 155202
155214 155319 155240 155266 155292
155320 155445 155351 155382 155413
155446 155497 155458 155470 155482
155498 155633 155531 155564 155597
155634 155699 155650 155666 155682
155700 155752 155713 155726 155739
155753 155852 155777 155801 155825
155853 155882 155860 155867 155874
155883 155951 155900 155917 155934
155952 155985 155960 155968 155976
155986 156037 155998 156010 156022
156038 156078 156048 156058 156068
156079 156139 156094 156109 156124
156140 156169 156147 156154 156161
156170 156262 156193 156216 156239
156263 156321 156277 156291 156305
156322 156383 156337 156352 156367
156384 156419 156392 156400 156408
156420 156443 156425 156430 156435
156444 156537 156467 156490 156513
156538 156616 156557 156576 156595
156617 156652 156625 156633 156641
156653 156676 156658 156663 156668
156677 156771 156700 156723 156746
156772 156792 156777 156782 156787
156793 156921 156825 156857 156889
156922 156966 156933 156944 156955
156967 157075 156994 157021 157048
157076 157127 157088 157100 157112
157128 157158 157135 157142 157149
157159 157201 157169 157179 157189
157202 157252 157214 157226 157238
157253 157347 157276 157299 157322
157348 157364 157352 157356 157360
157365 157402 157374 157383 157392
157403 157435 157411 157419 157427
157436 157454 157440 157444 157448
157455 157471 157459 157463 157467
157472 157582 157499 157526 157553
157583 157623 157593 157603 157613
157624 157666 157634 157644 157654
157667 157687 157672 157677 157682
157688 157713 157694 157700 157706
157714 157747 157722 157730 157738
157748 157805 157762 157776 157790
157806 158112 157882 157958 158034
158113 158623 158240 158367 158494
158624 158752 158656 158688 158720
158753 158854 158778 158803 158828
158855 158932 158874 158893 158912
158933 159173 158993 159053 159113
159174 159534 159264 159354 159444
159535 159655 159565 159595 159625
159656 159887 159713 159770 159827
159888 160151 159953 160018 160083
160152 160248 160176 160200 160224
160249 160593 160335 160421 160507
160594 160916 160674 160754 160834
160917 160933 160921 160925 160929
160934 160951 160938 160942 160946
160952 161101 160989 161026 161063
161102 161140 161111 161120 161129
161141 161237 161165 161189 161213
161238 161256 161242 161246 161250
161257 161438 161302 161347 161392
161439 161586 161475 161511 161547
161587 161789 161637 161687 161737
161790 161988 161839 161888 161937
161989 162541 162127 162265 162403
162542 172533 163156 163770 170649
