0 388 97 194 291
389 480 411 433 455
481 511 488 495 502
512 1938 868 1224 1580
1939 1989 1951 1963 1975
1990 2041 2002 2014 2026
2042 2202 2082 2122 2162
2203 2265 2218 2233 2248
2266 2452 2312 2358 2404
2453 2553 2478 2503 2528
2554 2642 2576 2598 2620
2643 2702 2657 2671 2685
2703 2828 2734 2765 2796
2829 2895 2845 2861 2877
2896 3053 2935 2974 3013
3054 3107 3067 3080 3093
3108 3168 3123 3138 3153
3169 3239 3186 3203 3220
3240 3351 3267 3294 3321
3352 3522 3394 3436 3478
3523 3633 3550 3577 3604
3634 3714 3654 3674 3694
3715 3754 3724 3733 3742
3755 4128 3848 3941 4034
4129 4190 4144 4159 4174
4191 4324 4224 4257 4290
4325 4483 4364 4403 4442
4484 4550 4500 4516 4532
4551 4601 4563 4575 4587
4602 4784 4647 4692 4737
4785 4968 4830 4875 4920
4969 5003 4977 4985 4993
5004 5040 5013 5022 5031
5041 5450 5143 5245 5347
5451 5478 5457 5463 5469
5479 5556 5498 5517 5536
5557 5642 5578 5599 5620
5643 5779 5677 5711 5745
5780 5817 5789 5798 5807
5818 5841 5823 5828 5833
5842 6321 5961 6080 6199
6322 6418 6346 6370 6394
6419 6479 6434 6449 6464
6480 6605 6511 6542 6573
6606 6648 6616 6626 6636
6649 6689 6659 6669 6679
6690 6759 6707 6724 6741
6760 6987 6816 6872 6928
6988 7154 7029 7070 7111
7155 7203 7167 7179 7191
7204 7245 7214 7224 7234
7246 7284 7255 7264 7273
7285 7340 7298 7311 7324
7341 7378 7350 7359 7368
7379 7417 7388 7397 7406
7418 7504 7439 7460 7481
7505 7552 7516 7527 7538
7553 7623 7570 7587 7604
7624 7672 7636 7648 7660
7673 7786 7701 7729 7757
7787 7881 7810 7833 7856
7882 7943 7897 7912 7927
7944 8030 7965 7986 8007
8031 8119 8053 8075 8097
8120 8242 8150 8180 8210
8243 8289 8254 8265 8276
8290 8365 8308 8326 8344
8366 8411 8377 8388 8399
8412 8459 8423 8434 8445
8460 8627 8501 8542 8583
8628 8810 8673 8718 8763
8811 8836 8817 8823 8829
8837 8951 8865 8893 8921
8952 8991 8961 8970 8979
8992 9068 9011 9030 9049
9069 9163 9092 9115 9138
9164 9277 9192 9220 9248
9278 9304 9284 9290 9296
9305 9398 9328 9351 9374
9399 9436 9408 9417 9426
9437 9506 9454 9471 9488
9507 9799 9580 9653 9726
9800 9822 9805 9810 9815
9823 9890 9839 9855 9871
9891 9916 9897 9903 9909
9917 10062 9953 9989 10025
10063 10098 10071 10079 10087
10099 10145 10110 10121 10132
10146 10201 10159 10172 10185
10202 10301 10226 10250 10274
10302 10428 10333 10364 10395
10429 10546 10458 10487 10516
10547 10599 10560 10573 10586
10600 10651 10612 10624 10636
10652 10790 10686 10720 10754
10791 10839 10803 10815 10827
10840 10975 10873 10906 10939
10976 11142 11017 11058 11099
11143 11239 11167 11191 11215
11240 11395 11278 11316 11354
11396 11628 11454 11512 11570
11629 12111 11749 11869 11989
12112 12200 12134 12156 12178
12201 12250 12213 12225 12237
12251 12304 12264 12277 12290
12305 12382 12324 12343 12362
12383 12673 12455 12527 12599
12674 12874 12724 12774 12824
12875 13067 12923 12971 13019
13068 13276 13120 13172 13224
13277 13430 13315 13353 13391
13431 13508 13450 13469 13488
13509 13585 13528 13547 13566
13586 13621 13594 13602 13610
13622 13728 13648 13674 13700
13729 13753 13735 13741 13747
13754 13813 13768 13782 13796
13814 13892 13833 13852 13871
13893 13984 13915 13937 13959
13985 14116 14017 14049 14081
14117 14642 14248 14379 14510
14643 14769 14674 14705 14736
14770 14863 14793 14816 14839
14864 15013 14897 14930 15009
15014 15058 15025 15036 15047
15059 15098 15068 15077 15086
15099 15471 15192 15285 15378
15472 15542 15489 15506 15523
15543 15580 15552 15561 15570
15581 15657 15600 15619 15638
15658 15681 15663 15668 15673
15682 15711 15689 15696 15703
15712 15780 15729 15746 15763
15781 15884 15806 15831 15856
15885 16211 15966 16047 16128
16212 16569 16301 16390 16479
16570 17042 16688 16806 16924
17043 17453 17145 17247 17349
17454 17511 17468 17482 17496
17512 17615 17537 17562 17587
17616 18133 17745 17874 18003
18134 18191 18148 18162 18176
18192 18265 18210 18228 18246
18266 18591 18347 18428 18509
18592 18677 18613 18634 18655
18678 18871 18726 18774 18822
18872 18978 18898 18924 18950
18979 19068 19001 19023 19045
19069 19221 19107 19145 19183
19222 19305 19242 19262 19282
19306 19397 19328 19350 19372
19398 19453 19411 19424 19437
19454 19579 19485 19516 19547
19580 19684 19606 19632 19658
19685 19757 19703 19721 19739
19758 19914 19797 19836 19875
19915 20038 19945 19975 20005
20039 20093 20052 20065 20078
20094 20146 20107 20120 20133
20147 20201 20160 20173 20186
20202 20256 20215 20228 20241
20257 20294 20266 20275 20284
20295 20392 20319 20343 20367
20393 20701 20470 20547 20624
20702 20881 20746 20790 20834
20882 20989 20908 20934 20960
20990 21129 21024 21058 21092
21130 21193 21145 21160 21175
21194 21278 21215 21236 21257
21279 21352 21297 21315 21333
21353 21390 21362 21371 21380
21391 21434 21401 21411 21421
21435 21551 21464 21493 21522
21552 21677 21583 21614 21645
21678 21779 21703 21728 21753
21780 21909 21812 21844 21876
21910 21976 21926 21942 21958
21977 22114 22011 22045 22079
22115 22146 22122 22129 22136
22147 22213 22163 22179 22195
22214 22309 22237 22260 22283
22310 22437 22341 22372 22403
22438 22521 22458 22478 22498
22522 22635 22550 22578 22606
22636 22704 22653 22670 22687
22705 22916 22757 22809 22861
22917 23082 22958 22999 23040
23083 23145 23098 23113 23128
23146 23233 23167 23188 23209
23234 23277 23244 23254 23264
23278 23633 23366 23454 23542
23634 23777 23669 23704 23739
23778 24210 23886 23994 24102
24211 24273 24226 24241 24256
24274 24499 24330 24386 24442
24500 24585 24521 24542 24563
24586 24702 24615 24644 24673
24703 24765 24718 24733 24748
24766 25005 24825 24884 24943
25006 25149 25041 25076 25111
25150 25363 25203 25256 25309
25364 25565 25414 25464 25514
25566 26158 25714 25862 26010
26159 27137 26403 26647 26891
27138 27227 27160 27182 27204
27228 27284 27242 27256 27270
27285 27441 27324 27363 27402
27442 27516 27460 27478 27496
27517 27568 27529 27541 27553
27569 27585 27573 27577 27581
27586 27693 27612 27638 27664
27694 27968 27762 27830 27898
27969 28017 27981 27993 28005
28018 28326 28095 28172 28249
28327 28386 28341 28355 28369
28387 28496 28414 28441 28468
28497 28642 28533 28569 28605
28643 28697 28656 28669 28682
28698 28737 28707 28716 28725
28738 28817 28757 28776 28795
28818 28924 28844 28870 28896
28925 29001 28944 28963 28982
29002 29311 29079 29156 29233
29312 29350 29321 29330 29339
29351 29378 29357 29363 29369
29379 29708 29461 29543 29625
29709 29973 29775 29841 29907
29974 30105 29980 29986 30078
30106 30213 30132 30158 30184
30214 30364 30251 30288 30325
30365 30422 30379 30393 30407
30423 30464 30433 30443 30453
30465 30533 30482 30499 30516
30534 30747 30587 30640 30693
30748 30787 30757 30766 30775
30788 30912 30819 30850 30881
30913 31004 30935 30957 30979
31005 31062 31019 31033 31047
31063 31182 31092 31121 31150
31183 31259 31202 31221 31240
31260 31299 31269 31278 31287
31300 31366 31316 31332 31348
31367 31416 31379 31391 31403
31417 31464 31428 31439 31450
31465 31531 31481 31497 31513
31532 31650 31561 31590 31619
31651 31787 31685 31719 31753
31788 31859 31805 31822 31839
31860 32058 31909 31958 32007
32059 32284 32115 32171 32227
32285 32410 32316 32347 32378
32411 32642 32468 32525 32582
32643 32717 32661 32679 32697
32718 32804 32739 32760 32781
32805 33126 32885 32965 33045
33127 33370 33187 33247 33307
33371 33457 33392 33413 33434
33458 33521 33473 33488 33503
33522 33584 33537 33552 33567
33585 33880 33658 33731 33804
33881 33974 33904 33927 33950
33975 34024 33987 33999 34011
34025 34078 34038 34051 34064
34079 34127 34091 34103 34115
34128 34298 34170 34212 34254
34299 34350 34311 34323 34335
34351 34442 34373 34395 34417
34443 34493 34455 34467 34479
34494 34555 34509 34524 34539
34556 34602 34567 34578 34589
34603 34661 34617 34631 34645
34662 34699 34671 34680 34689
34700 34779 34719 34738 34757
34780 34818 34789 34798 34807
34819 34864 34830 34841 34852
34865 34931 34881 34897 34913
34932 35199 34998 35064 35130
35200 35240 35210 35220 35230
35241 35289 35253 35265 35277
35290 35358 35307 35324 35341
35359 35399 35369 35379 35389
35400 35464 35416 35432 35448
35465 35533 35482 35499 35516
35534 35760 35590 35646 35702
35761 35888 35792 35823 35854
35889 35988 35913 35937 35961
35989 36070 36009 36029 36049
36071 36267 36120 36169 36218
36268 36746 36387 36506 36625
36747 36912 36788 36829 36870
36913 36980 36929 36945 36961
36981 37121 37016 37051 37086
37122 37225 37147 37172 37197
37226 37247 37231 37236 37241
37248 37270 37253 37258 37263
37271 37321 37283 37295 37307
37322 37346 37328 37334 37340
37347 37395 37359 37371 37383
37396 37529 37429 37462 37495
37530 37620 37552 37574 37596
37621 37847 37677 37733 37789
37848 37985 37882 37916 37950
37986 38043 38000 38014 38028
38044 38108 38060 38076 38092
38109 38149 38119 38129 38139
38150 38184 38158 38166 38174
38185 38216 38192 38199 38206
38217 38265 38229 38241 38253
38266 38333 38282 38298 38314
38334 38367 38342 38350 38358
38368 38391 38373 38378 38383
38392 38512 38422 38452 38482
38513 38621 38540 38567 38594
38622 38684 38637 38652 38667
38685 38749 38701 38717 38733
38750 38812 38765 38780 38795
38813 38857 38824 38835 38846
38858 38899 38868 38878 38888
38900 39058 38939 38978 39017
39059 39110 39071 39083 39095
39111 39299 39158 39205 39252
39300 39366 39316 39332 39348
39367 39439 39385 39403 39421
39440 39502 39455 39470 39485
39503 39618 39531 39559 39587
39619 39674 39632 39645 39658
39675 39736 39690 39705 39720
39737 39794 39751 39765 39779
39795 39842 39806 39817 39828
39843 39953 39870 39897 39924
39954 40058 39980 40006 40032
40059 40125 40075 40091 40107
40126 40210 40147 40168 40189
40211 40233 40216 40221 40226
40234 40274 40244 40254 40264
40275 40316 40285 40295 40305
40317 40357 40327 40337 40347
40358 40445 40379 40400 40421
40446 40504 40460 40474 40488
40505 40565 40520 40535 40550
40566 40590 40572 40578 40584
40591 40639 40603 40615 40627
40640 40679 40649 40658 40667
40680 40722 40690 40700 40710
40723 40808 40744 40765 40786
40809 40863 40822 40835 40848
40864 40922 40878 40892 40906
40923 40969 40934 40945 40956
40970 41076 40996 41022 41048
41077 41115 41086 41095 41104
41116 41237 41146 41176 41206
41238 41274 41247 41256 41265
41275 41318 41285 41295 41305
41319 41428 41346 41373 41400
41429 41501 41447 41465 41483
41502 41603 41527 41552 41577
41604 41819 41657 41710 41763
41820 42147 41901 41982 42063
42148 42224 42167 42186 42205
42225 42423 42274 42323 42372
42424 42476 42437 42450 42463
42477 42537 42492 42507 42522
42538 42632 42561 42584 42607
42633 42653 42638 42643 42648
42654 42674 42659 42664 42669
42675 42691 42679 42683 42687
42692 42718 42698 42704 42710
42719 42757 42728 42737 42746
42758 43048 42830 42902 42974
43049 43226 43093 43137 43181
43227 43307 43247 43267 43287
43308 43436 43340 43372 43404
43437 43622 43483 43529 43575
43623 43970 43709 43795 43881
43971 44140 44013 44055 44097
44141 44266 44172 44203 44234
44267 44398 44299 44331 44363
44399 44605 44450 44501 44552
44606 44884 44675 44744 44813
44885 45097 44913 44941 45072
45098 45174 45117 45136 45155
45175 45218 45185 45195 45205
45219 45359 45254 45289 45324
45360 45401 45370 45380 45390
45402 45547 45438 45474 45510
45548 45583 45556 45564 45572
45584 45891 45660 45736 45812
45892 46334 46002 46112 46222
46335 46529 46383 46431 46479
46530 46760 46587 46644 46701
46761 46989 46818 46875 46932
46990 47174 47036 47082 47128
47175 47221 47186 47197 47208
47222 47597 47315 47408 47501
47598 47901 47673 47748 47823
47902 47997 47925 47948 47971
47998 48031 48006 48014 48022
48032 48102 48049 48066 48083
48103 48136 48111 48119 48127
48137 48222 48158 48179 48200
48223 48261 48232 48241 48250
48262 48380 48291 48320 48349
48381 48437 48395 48409 48423
48438 48558 48468 48498 48528
48559 48635 48578 48597 48616
48636 48762 48667 48698 48729
48763 48942 48807 48851 48895
48943 49040 48967 48991 49015
49041 49186 49077 49113 49149
49187 49318 49219 49251 49283
49319 49467 49356 49393 49430
49468 49562 49491 49514 49537
49563 49601 49572 49581 49590
49602 49727 49633 49664 49695
49728 49825 49752 49776 49800
49826 49857 49833 49840 49847
49858 50003 49894 49930 49966
50004 50085 50024 50044 50064
50086 50167 50106 50126 50146
50168 50211 50178 50188 50198
50212 50302 50234 50256 50278
50303 50385 50323 50343 50363
50386 50434 50398 50410 50422
50435 50558 50465 50495 50525
50559 51183 50715 50871 51027
51184 51238 51197 51210 51223
51239 51295 51253 51267 51281
51296 51382 51317 51338 51359
51383 51461 51402 51421 51440
51462 52104 51622 51782 51942
52105 52327 52160 52215 52270
52328 52742 52431 52534 52637
52743 52794 52755 52767 52779
52795 53017 52850 52905 52960
53018 53088 53035 53052 53069
53089 53115 53095 53101 53107
53116 53273 53155 53194 53233
53274 53329 53287 53300 53313
53330 53459 53362 53394 53426
53460 53559 53484 53508 53532
53560 54164 53711 53862 54013
54165 54362 54214 54263 54312
54363 54426 54378 54393 54408
54427 54465 54436 54445 54454
54466 54615 54503 54540 54577
54616 54672 54630 54644 54658
54673 54755 54693 54713 54733
54756 54858 54781 54806 54831
54859 54931 54877 54895 54913
54932 55161 54989 55046 55103
55162 55344 55207 55252 55297
55345 55414 55362 55379 55396
55415 55604 55462 55509 55556
55605 55771 55646 55687 55728
55772 55835 55787 55802 55817
55836 55929 55859 55882 55905
55930 55999 55947 55964 55981
56000 56139 56034 56068 56102
56140 56223 56160 56180 56200
56224 56267 56234 56244 56254
56268 56321 56281 56294 56307
56322 56390 56339 56356 56373
56391 56432 56401 56411 56421
56433 56466 56441 56449 56457
56467 56507 56477 56487 56497
56508 56599 56530 56552 56574
56600 56677 56619 56638 56657
56678 56719 56688 56698 56708
56720 56768 56732 56744 56756
56769 56810 56779 56789 56799
56811 56869 56825 56839 56853
56870 57040 56912 56954 56996
57041 57200 57080 57119 57158
57201 57355 57239 57277 57315
57356 57707 57443 57530 57617
57708 57795 57729 57750 57771
57796 57835 57805 57814 57823
57836 58216 57931 58026 58121
58217 58474 58281 58345 58409
58475 58573 58499 58523 58547
58574 58710 58608 58642 58676
58711 58977 58777 58843 58909
58978 59040 58993 59008 59023
59041 59281 59101 59161 59221
59282 59329 59293 59304 59315
59330 59383 59343 59356 59369
59384 59581 59433 59482 59531
59582 59792 59634 59686 59738
59793 59907 59821 59849 59877
59908 60098 59930 59952 60072
60099 60157 60113 60127 60141
60158 60302 60194 60230 60266
60303 60533 60360 60417 60474
60534 60628 60557 60580 60603
60629 60861 60687 60745 60803
60862 60922 60877 60892 60907
60923 60954 60930 60937 60944
60955 60987 60963 60971 60979
60988 61025 60997 61006 61015
61026 61101 61044 61062 61080
61102 61203 61127 61152 61177
61204 61287 61224 61244 61264
61288 61479 61335 61382 61429
61480 61576 61504 61528 61552
61577 61697 61607 61637 61667
61698 61744 61709 61720 61731
61745 61802 61759 61773 61787
61803 61872 61820 61837 61854
61873 62014 61908 61943 61978
62015 62189 62058 62101 62144
62190 62231 62200 62210 62220
62232 62311 62251 62270 62289
62312 62459 62348 62384 62420
62460 62616 62499 62538 62577
62617 62808 62664 62711 62758
62809 62990 62854 62899 62944
62991 63128 63025 63059 63093
63129 63368 63188 63247 63306
63369 63428 63383 63397 63411
63429 63558 63461 63493 63525
63559 63659 63584 63609 63634
63660 63725 63676 63692 63708
63726 63774 63738 63750 63762
63775 63846 63792 63809 63826
63847 63915 63864 63881 63898
63916 63962 63927 63938 63949
63963 64025 63978 63993 64008
64026 64060 64034 64042 64050
64061 64133 64079 64097 64115
64134 64158 64140 64146 64152
64159 64233 64177 64195 64213
64234 64305 64251 64268 64285
64306 64483 64350 64394 64438
64484 64502 64488 64492 64496
64503 64593 64525 64547 64569
64594 64651 64608 64622 64636
64652 64727 64670 64688 64706
64728 64803 64746 64764 64782
64804 64861 64818 64832 64846
64862 64982 64892 64922 64952
64983 65128 65019 65055 65091
65129 65362 65187 65245 65303
65363 66181 65567 65771 65975
66182 66624 66292 66402 66512
66625 66753 66657 66689 66721
66754 66824 66771 66788 66805
66825 66919 66848 66871 66894
66920 67191 66987 67054 67121
67192 67320 67224 67256 67288
67321 67516 67369 67417 67465
67517 67606 67539 67561 67583
67607 67912 67683 67759 67835
67913 68523 68065 68217 68369
68524 68679 68562 68600 68638
68680 68744 68696 68712 68728
68745 68867 68775 68805 68835
68868 68952 68889 68910 68931
68953 69005 68966 68979 68992
69006 69145 69040 69074 69108
69146 69329 69191 69236 69281
69330 69410 69350 69370 69390
69411 69640 69468 69525 69582
69641 69671 69648 69655 69662
69672 69791 69701 69730 69759
69792 69914 69822 69852 69882
69915 69993 69934 69953 69972
69994 70053 70008 70022 70036
70054 70182 70086 70118 70150
70183 70268 70204 70225 70246
70269 70478 70321 70373 70425
70479 70557 70498 70517 70536
70558 70575 70562 70566 70570
70576 70625 70588 70600 70612
70626 70669 70636 70646 70656
70670 70798 70702 70734 70766
70799 70902 70824 70849 70874
70903 71076 70946 70989 71032
71077 71159 71097 71117 71137
71160 71283 71190 71220 71250
71284 71453 71326 71368 71410
71454 71618 71495 71536 71577
71619 71678 71633 71647 71661
71679 71781 71704 71729 71754
71782 71864 71802 71822 71842
71865 72008 71900 71935 71970
72009 72079 72026 72043 72060
72080 72264 72126 72172 72218
72265 72326 72280 72295 72310
72327 72450 72357 72387 72417
72451 72548 72475 72499 72523
72549 72830 72619 72689 72759
72831 72922 72853 72875 72897
72923 73120 72972 73021 73070
73121 73472 73208 73295 73382
73473 73561 73495 73517 73539
73562 73732 73604 73646 73688
73733 73895 73773 73813 73853
73896 73959 73911 73926 73941
73960 74051 73982 74004 74026
74052 74268 74106 74160 74214
74269 74347 74288 74307 74326
74348 74756 74450 74552 74654
74757 74837 74777 74797 74817
74838 74956 74867 74896 74925
74957 75009 74967 74977 75006
75010 75411 75110 75210 75310
75412 75449 75421 75430 75439
75450 75699 75512 75574 75636
75700 75789 75722 75744 75766
75790 75839 75802 75814 75826
75840 75924 75861 75882 75903
75925 76015 75947 75969 75991
76016 76146 76048 76080 76112
76147 76274 76178 76209 76240
76275 76398 76305 76335 76365
76399 76472 76417 76435 76453
76473 76637 76514 76555 76596
76638 76777 76672 76706 76740
76778 77160 76873 76968 77063
77161 77380 77215 77269 77323
77381 77620 77440 77499 77558
77621 77669 77633 77645 77657
77670 77727 77684 77698 77712
77728 77774 77739 77750 77761
77775 77842 77791 77807 77823
77843 78194 77930 78017 78104
78195 78359 78236 78277 78318
78360 78439 78379 78398 78417
78440 78485 78451 78462 78473
78486 78565 78505 78524 78543
78566 78633 78582 78598 78614
78634 78691 78648 78662 78676
78692 78803 78719 78746 78773
78804 78872 78821 78838 78855
78873 78907 78881 78889 78897
78908 78943 78916 78924 78932
78944 79014 78961 78978 78995
79015 79040 79021 79027 79033
79041 79109 79058 79075 79092
79110 79150 79120 79130 79140
79151 79235 79172 79193 79214
79236 79442 79287 79338 79389
79443 79506 79458 79473 79488
79507 79600 79530 79553 79576
79601 79702 79626 79651 79676
79703 79820 79732 79761 79790
79821 80040 79875 79929 79983
80041 80178 80075 80109 80143
80179 80245 80195 80211 80227
80246 80333 80267 80288 80309
80334 80575 80394 80454 80514
80576 80659 80596 80616 80636
80660 80739 80679 80698 80717
80740 81269 80872 81004 81136
81270 81427 81309 81348 81387
81428 81600 81471 81514 81557
81601 81987 81697 81793 81889
81988 83565 82382 82776 83170
83566 83627 83581 83596 83611
83628 83807 83672 83716 83760
83808 83896 83830 83852 83874
83897 83950 83910 83923 83936
83951 83982 83958 83965 83972
83983 84190 84034 84085 84136
84191 84226 84199 84207 84215
84227 84448 84282 84337 84392
84449 84478 84456 84463 84470
84479 84571 84502 84525 84548
84572 84624 84585 84598 84611
84625 84727 84650 84675 84700
84728 84924 84777 84826 84875
84925 85271 85011 85097 85183
85272 85364 85295 85318 85341
85365 85407 85375 85385 85395
85408 85676 85475 85542 85609
85677 85878 85727 85777 85827
85879 85935 85893 85907 85921
85936 86079 85971 86006 86041
86080 86117 86089 86098 86107
86118 86145 86124 86130 86136
86146 86182 86155 86164 86173
86183 86221 86192 86201 86210
86222 86261 86231 86240 86249
86262 86305 86272 86282 86292
86306 86365 86320 86334 86348
86366 86518 86404 86442 86480
86519 86637 86548 86577 86606
86638 86686 86650 86662 86674
86687 86765 86706 86725 86744
86766 86964 86815 86864 86913
86965 87044 86984 87003 87022
87045 87098 87058 87071 87084
87099 87132 87107 87115 87123
87133 87251 87162 87191 87220
87252 87345 87275 87298 87321
87346 87425 87365 87384 87403
87426 87655 87483 87540 87597
87656 87720 87672 87688 87704
87721 87806 87742 87763 87784
87807 87850 87817 87827 87837
87851 87893 87861 87871 87881
87894 88027 87927 87960 87993
88028 88150 88058 88088 88118
88151 88244 88174 88197 88220
88245 88562 88324 88403 88482
88563 88630 88579 88595 88611
88631 88940 88708 88785 88862
88941 89011 88958 88975 88992
89012 89057 89023 89034 89045
89058 89148 89080 89102 89124
89149 89291 89184 89219 89254
89292 89366 89310 89328 89346
89367 89531 89408 89449 89490
89532 89706 89575 89618 89661
89707 89798 89729 89751 89773
89799 90109 89849 89899 90081
90110 90192 90130 90150 90170
90193 90300 90219 90245 90271
90301 90500 90350 90399 90448
90501 90563 90516 90531 90546
90564 90614 90576 90588 90600
90615 90753 90649 90683 90717
90754 90894 90789 90824 90859
90895 91046 90932 90969 91006
91047 91190 91082 91117 91152
91191 91240 91203 91215 91227
91241 91282 91251 91261 91271
91283 91369 91304 91325 91346
91370 91402 91378 91386 91394
91403 91483 91423 91443 91463
91484 91532 91496 91508 91520
91533 91595 91548 91563 91578
91596 91716 91626 91656 91686
91717 91775 91731 91745 91759
91776 91860 91797 91818 91839
91861 92082 91916 91971 92026
92083 92157 92101 92119 92137
92158 92267 92185 92212 92239
92268 92398 92300 92332 92364
92399 92522 92429 92459 92489
92523 92899 92617 92711 92805
92900 93093 92948 92996 93044
93094 93191 93118 93142 93166
93192 93367 93235 93278 93321
93368 93441 93386 93404 93422
93442 93537 93465 93488 93511
93538 93584 93549 93560 93571
93585 93603 93589 93593 93597
93604 93697 93627 93650 93673
93698 93995 93772 93846 93920
93996 94073 94015 94034 94053
94074 94199 94105 94136 94167
94200 94343 94235 94270 94305
94344 94533 94391 94438 94485
94534 94947 94637 94740 94843
94948 95350 95048 95148 95248
95351 95595 95412 95473 95534
95596 95634 95605 95614 95623
95635 95714 95654 95673 95692
95715 95793 95734 95753 95772
95794 95868 95812 95830 95848
95869 95954 95890 95911 95932
95955 96080 95986 96017 96048
96081 96160 96100 96119 96138
96161 96253 96184 96207 96230
96254 96359 96280 96306 96332
96360 96427 96376 96392 96408
96428 96517 96450 96472 96494
96518 96728 96570 96622 96674
96729 96834 96755 96781 96807
96835 96915 96855 96875 96895
96916 97017 96941 96966 96991
97018 97057 97027 97036 97045
97058 97291 97116 97174 97232
97292 97347 97305 97318 97331
97348 97433 97369 97390 97411
97434 97456 97439 97444 97449
97457 97768 97534 97611 97688
97769 97839 97786 97803 97820
97840 97880 97850 97860 97870
97881 97906 97887 97893 97899
97907 97950 97917 97927 97937
97951 98176 98007 98063 98119
98177 98323 98213 98249 98285
98324 98355 98331 98338 98345
98356 98459 98381 98406 98431
98460 98494 98468 98476 98484
98495 98563 98512 98529 98546
98564 98603 98573 98582 98591
98604 98678 98622 98640 98658
98679 98783 98705 98731 98757
98784 98830 98795 98806 98817
98831 98879 98843 98855 98867
98880 99051 98922 98964 99006
99052 99103 99064 99076 99088
99104 99201 99128 99152 99176
99202 99288 99223 99244 99265
99289 99318 99296 99303 99310
99319 99377 99333 99347 99361
99378 99484 99404 99430 99456
99485 99604 99514 99543 99572
99605 99717 99633 99661 99689
99718 99753 99726 99734 99742
99754 99866 99782 99810 99838
99867 99913 99878 99889 99900
99914 100061 99950 99986 100022
100062 100187 100093 100124 100155
100188 100246 100202 100216 100230
100247 100297 100259 100271 100283
100298 100341 100308 100318 100328
100342 100395 100355 100368 100381
100396 100505 100423 100450 100477
100506 100547 100516 100526 100536
100548 100774 100604 100660 100716
100775 100930 100813 100851 100889
100931 101335 101032 101133 101234
101336 101428 101359 101382 101405
101429 101555 101460 101491 101522
101556 101724 101598 101640 101682
101725 101849 101756 101787 101818
101850 101923 101868 101886 101904
101924 102023 101948 101972 101996
102024 102107 102044 102064 102084
102108 102228 102138 102168 102198
102229 102288 102243 102257 102271
102289 102332 102299 102309 102319
102333 102598 102399 102465 102531
102599 102640 102609 102619 102629
102641 102860 102695 102749 102803
102861 102928 102877 102893 102909
102929 103018 102951 102973 102995
103019 103066 103030 103041 103052
103067 103155 103089 103111 103133
103156 103206 103168 103180 103192
103207 103382 103250 103293 103336
103383 103447 103399 103415 103431
103448 103903 103561 103674 103787
103904 104084 103949 103994 104039
104085 104120 104093 104101 104109
104121 104246 104152 104183 104214
104247 104455 104299 104351 104403
104456 104595 104490 104524 104558
104596 104661 104612 104628 104644
104662 104740 104681 104700 104719
104741 104801 104756 104771 104786
104802 104824 104807 104812 104817
104825 105101 104868 104911 105075
105102 105241 105136 105170 105204
105242 105317 105260 105278 105296
105318 105426 105345 105372 105399
105427 105487 105442 105457 105472
105488 106072 105634 105780 105926
106073 106170 106097 106121 106145
106171 106225 106184 106197 106210
106226 106475 106288 106350 106412
106476 106567 106498 106520 106542
106568 106828 106633 106698 106763
106829 106963 106862 106895 106928
106964 107047 106984 107004 107024
107048 107129 107068 107088 107108
107130 107167 107139 107148 107157
107168 107603 107276 107384 107492
107604 107742 107638 107672 107706
107743 107785 107753 107763 107773
107786 107814 107793 107800 107807
107815 107931 107844 107873 107902
107932 107952 107937 107942 107947
107953 107971 107957 107961 107965
107972 108257 108043 108114 108185
108258 108405 108294 108330 108366
108406 108493 108427 108448 108469
108494 108746 108557 108620 108683
108747 108788 108757 108767 108777
108789 108819 108796 108803 108810
108820 108933 108848 108876 108904
108934 109013 108953 108972 108991
109014 109218 109065 109116 109167
109219 109336 109248 109277 109306
109337 109353 109341 109345 109349
109354 109462 109381 109408 109435
109463 110279 109667 109871 110075
110280 110462 110325 110370 110415
110463 110599 110497 110531 110565
110600 110697 110624 110648 110672
110698 110831 110731 110764 110797
110832 112705 111300 111768 112236
112706 112791 112727 112748 112769
112792 112935 112827 112862 112897
112936 113134 112985 113034 113083
113135 113223 113157 113179 113201
113224 113343 113253 113282 113311
113344 113522 113388 113432 113476
113523 113665 113558 113593 113628
113666 113911 113727 113788 113849
113912 114000 113934 113956 113978
114001 114528 114132 114263 114394
114529 115298 114721 114913 115105
115299 115413 115327 115355 115383
115414 115897 115534 115654 115774
115898 116488 116045 116192 116339
116489 116708 116543 116597 116651
116709 116854 116745 116781 116817
116855 116919 116871 116887 116903
116920 117230 116997 117074 117151
117231 117374 117266 117301 117336
117375 117410 117383 117391 117399
117411 117443 117419 117427 117435
117444 117562 117473 117502 117531
117563 117608 117574 117585 117596
117609 117684 117627 117645 117663
117685 117836 117722 117759 117796
117837 117875 117846 117855 117864
117876 117968 117899 117922 117945
117969 118109 118004 118039 118074
118110 118316 118161 118212 118263
118317 118513 118366 118415 118464
118514 118584 118531 118548 118565
118585 118695 118612 118639 118666
118696 118752 118710 118724 118738
118753 118877 118784 118815 118846
118878 118933 118891 118904 118917
118934 119515 119079 119224 119369
119516 119593 119535 119554 119573
119594 119645 119606 119618 119630
119646 119713 119662 119678 119694
119714 119837 119744 119774 119804
119838 120007 119878 119918 120003
120008 120219 120060 120112 120164
120220 120890 120387 120554 120721
120891 121047 120930 120969 121008
121048 121134 121069 121090 121111
121135 121197 121150 121165 121180
121198 121260 121213 121228 121243
121261 121925 121427 121593 121759
121926 121966 121936 121946 121956
121967 122000 121975 121983 121991
122001 122029 122008 122015 122022
122030 122065 122038 122046 122054
122066 122120 122079 122092 122105
122121 122232 122148 122175 122202
122233 122311 122252 122271 122290
122312 122519 122363 122414 122465
122520 122678 122559 122598 122637
122679 122787 122706 122733 122760
122788 122871 122808 122828 122848
122872 122953 122892 122912 122932
122954 123060 122980 123006 123032
123061 123266 123112 123163 123214
123267 123632 123358 123449 123540
123633 123782 123670 123707 123744
123783 123855 123801 123819 123837
123856 124062 123907 123958 124009
124063 124140 124082 124101 124120
124141 124203 124156 124171 124186
124204 124292 124226 124248 124270
124293 124489 124342 124391 124440
124490 124580 124512 124534 124556
124581 124864 124651 124721 124791
124865 124993 124897 124929 124961
124994 125144 125031 125068 125105
125145 125215 125162 125179 125196
125216 125301 125237 125258 125279
125302 125328 125308 125314 125320
125329 125547 125383 125437 125491
125548 125588 125558 125568 125578
125589 125639 125601 125613 125625
125640 125678 125649 125658 125667
125679 125810 125711 125743 125775
125811 126091 125881 125951 126021
126092 126297 126143 126194 126245
126298 126585 126369 126440 126511
126586 126675 126608 126630 126652
126676 126835 126715 126754 126793
126836 126892 126850 126864 126878
126893 126987 126916 126939 126962
126988 127180 127036 127084 127132
127181 127257 127200 127219 127238
127258 127321 127273 127288 127303
127322 127392 127339 127356 127373
127393 127466 127411 127429 127447
127467 127539 127485 127503 127521
127540 127607 127556 127572 127588
127608 127692 127629 127650 127671
127693 127846 127731 127769 127807
127847 127983 127881 127915 127949
127984 128081 128008 128032 128056
128082 128150 128099 128116 128133
128151 128213 128166 128181 128196
128214 128288 128232 128250 128268
128289 128457 128331 128373 128415
128458 128596 128492 128526 128560
128597 128646 128609 128621 128633
128647 128791 128683 128719 128755
128792 128867 128810 128828 128846
128868 128917 128880 128892 128904
128918 129009 128940 128962 128984
129010 129141 129042 129074 129106
129142 129257 129170 129198 129226
129258 129327 129275 129292 129309
129328 129419 129350 129372 129394
129420 129504 129441 129462 129483
129505 129601 129529 129553 129577
129602 129705 129627 129652 129677
129706 129889 129751 129796 129841
129890 130257 129981 130072 130163
130258 130345 130279 130300 130321
130346 130454 130373 130400 130427
130455 130548 130478 130501 130524
130549 130610 130564 130579 130594
130611 130738 130642 130673 130704
130739 130837 130763 130787 130811
130838 130923 130859 130880 130901
130924 130991 130940 130956 130972
130992 131036 131003 131014 131025
131037 131074 131046 131055 131064
131075 131091 131079 131083 131087
131092 131110 131096 131100 131104
131111 131201 131133 131155 131177
131202 131279 131221 131240 131259
131280 131339 131294 131308 131322
131340 131370 131347 131354 131361
131371 131399 131378 131385 131392
131400 131450 131412 131424 131436
131451 131505 131464 131477 131490
131506 131619 131534 131562 131590
131620 131649 131627 131634 131641
131650 131700 131662 131674 131686
131701 131738 131710 131719 131728
131739 131790 131751 131763 131775
131791 131851 131806 131821 131836
131852 131874 131857 131862 131867
131875 131919 131886 131897 131908
131920 131943 131925 131930 131935
131944 131976 131952 131960 131968
131977 131995 131981 131985 131989
131996 132064 132013 132030 132047
132065 132087 132070 132075 132080
132088 132138 132100 132112 132124
132139 132226 132160 132181 132202
132227 132252 132233 132239 132245
132253 132275 132258 132263 132268
132276 132308 132284 132292 132300
132309 132364 132322 132335 132348
132365 132387 132370 132375 132380
132388 132455 132404 132420 132436
132456 132507 132468 132480 132492
132508 132544 132517 132526 132535
132545 132596 132557 132569 132581
132597 132655 132611 132625 132639
132656 132744 132678 132700 132722
132745 132816 132762 132779 132796
132817 132999 132862 132907 132952
133000 133031 133007 133014 133021
133032 133048 133036 133040 133044
133049 133084 133057 133065 133073
133085 133133 133097 133109 133121
133134 133279 133170 133206 133242
133280 133318 133289 133298 133307
133319 133338 133323 133327 133331
133339 133364 133345 133351 133357
133365 133420 133378 133391 133404
133421 133469 133433 133445 133457
133470 133565 133493 133516 133539
133566 133591 133572 133578 133584
133592 133618 133598 133604 133610
133619 133676 133633 133647 133661
133677 133720 133687 133697 133707
133721 133767 133732 133743 133754
133768 133814 133779 133790 133801
133815 133836 133820 133825 133830
133837 133883 133848 133859 133870
133884 133927 133894 133904 133914
133928 133964 133937 133946 133955
133965 134022 133979 133993 134007
134023 134082 134037 134051 134065
134083 134132 134095 134107 134119
134133 134171 134142 134151 134160
134172 134216 134183 134194 134205
134217 134265 134229 134241 134253
134266 134414 134303 134340 134377
134415 134539 134446 134477 134508
134540 134668 134572 134604 134636
134669 134788 134698 134727 134756
134789 134865 134808 134827 134846
134866 134906 134876 134886 134896
134907 135100 134930 134953 135075
135101 135258 135140 135179 135218
135259 135318 135273 135287 135301
135319 135463 135355 135391 135427
135464 135507 135474 135484 135494
135508 135697 135555 135602 135649
135698 135849 135735 135772 135809
135850 136354 135976 136102 136228
136355 136422 136371 136387 136403
136423 136485 136438 136453 136468
136486 136546 136501 136516 136531
136547 136999 136660 136773 136886
137000 137033 137008 137016 137024
137034 137113 137053 137072 137091
137114 137315 137164 137214 137264
137316 137397 137336 137356 137376
137398 137439 137408 137418 137428
137440 137541 137465 137490 137515
137542 137722 137587 137632 137677
137723 137779 137737 137751 137765
137780 137901 137810 137840 137870
137902 137991 137924 137946 137968
137992 138227 138050 138108 138166
138228 138295 138244 138260 138276
138296 138353 138310 138324 138338
138354 138410 138368 138382 138396
138411 138581 138453 138495 138537
138582 138611 138589 138596 138603
138612 138642 138619 138626 138633
138643 138692 138655 138667 138679
138693 138722 138700 138707 138714
138723 138778 138736 138749 138762
138779 138834 138792 138805 138818
138835 138899 138851 138867 138883
138900 138947 138911 138922 138933
138948 139219 139015 139082 139149
139220 139439 139274 139328 139382
139440 139545 139466 139492 139518
139546 139610 139562 139578 139594
139611 139668 139625 139639 139653
139669 139796 139700 139731 139762
139797 140035 139856 139915 139974
140036 140163 140067 140098 140129
140164 140270 140190 140216 140242
140271 140296 140277 140283 140289
140297 140482 140343 140389 140435
140483 140556 140501 140519 140537
140557 140717 140597 140637 140677
140718 140777 140732 140746 140760
140778 140852 140796 140814 140832
140853 140903 140865 140877 140889
140904 140955 140916 140928 140940
140956 141048 140979 141002 141025
141049 141139 141071 141093 141115
141140 141402 141205 141270 141335
141403 141564 141443 141483 141523
141565 141974 141667 141769 141871
141975 142169 142023 142071 142119
142170 142480 142247 142324 142401
142481 142605 142512 142543 142574
142606 142695 142628 142650 142672
142696 142819 142726 142756 142786
142820 142904 142841 142862 142883
142905 142934 142912 142919 142926
142935 143021 142956 142977 142998
143022 143052 143029 143036 143043
143053 143098 143064 143075 143086
143099 143125 143105 143111 143117
143126 143166 143136 143146 143156
143167 143193 143173 143179 143185
143194 143233 143203 143212 143221
143234 143512 143303 143372 143441
143513 143630 143542 143571 143600
143631 143693 143646 143661 143676
143694 143733 143703 143712 143721
143734 143984 143796 143858 143920
143985 144145 144025 144065 144105
144146 144161 144149 144152 144155
144162 144310 144199 144236 144273
144311 144378 144327 144343 144359
144379 144477 144403 144427 144451
144478 144645 144519 144560 144601
144646 144705 144660 144674 144688
144706 145100 144804 144902 145000
145101 145190 145123 145145 145167
145191 145484 145264 145337 145410
145485 145728 145545 145605 145665
145729 145961 145787 145845 145903
145962 146088 145993 146024 146055
146089 146157 146106 146123 146140
146158 146269 146185 146212 146239
146270 146399 146302 146334 146366
146400 146476 146419 146438 146457
146477 146639 146517 146557 146597
146640 146721 146660 146680 146700
146722 146777 146735 146748 146761
146778 146805 146784 146790 146796
146806 146898 146829 146852 146875
146899 146971 146917 146935 146953
146972 147203 147029 147086 147143
147204 147287 147224 147244 147264
147288 147469 147333 147378 147423
147470 147517 147481 147492 147503
147518 147716 147567 147616 147665
147717 147753 147726 147735 147744
147754 147801 147765 147776 147787
147802 147839 147811 147820 147829
147840 147880 147850 147860 147870
147881 147918 147890 147899 147908
147919 147977 147933 147947 147961
147978 148024 147989 148000 148011
148025 148265 148085 148145 148205
148266 148281 148269 148272 148275
148282 148345 148297 148312 148327
148346 148534 148393 148440 148487
148535 148597 148550 148565 148580
148598 148610 148601 148604 148607
148611 148713 148636 148661 148686
148714 148761 148725 148736 148747
148762 148866 148788 148814 148840
148867 148958 148889 148911 148933
148959 149005 148970 148981 148992
149006 149036 149013 149020 149027
149037 149174 149071 149105 149139
149175 149227 149188 149201 149214
149228 149291 149243 149258 149273
149292 149554 149357 149422 149487
149555 149641 149576 149597 149618
149642 149677 149650 149658 149666
149678 149722 149689 149700 149711
149723 149781 149737 149751 149765
149782 149925 149817 149852 149887
149926 150046 149944 149962 150033
150047 150093 150058 150069 150080
150094 150145 150106 150118 150130
150146 150205 150160 150174 150188
150206 150293 150227 150248 150269
150294 150331 150303 150312 150321
150332 150380 150344 150356 150368
150381 150432 150393 150405 150417
150433 150494 150448 150463 150478
150495 150545 150507 150519 150531
150546 150898 150634 150722 150810
150899 150950 150911 150923 150935
150951 150991 150961 150971 150981
150992 151021 150999 151006 151013
151022 151064 151032 151042 151052
151065 151107 151075 151085 151095
151108 151162 151121 151134 151147
151163 151233 151180 151197 151214
151234 151324 151256 151278 151300
151325 151377 151338 151351 151364
151378 151569 151425 151472 151519
151570 151661 151592 151614 151636
151662 151942 151732 151802 151872
151943 152117 151986 152029 152072
152118 152141 152123 152128 152133
152142 152170 152149 152156 152163
152171 152214 152181 152191 152201
152215 152254 152224 152233 152242
152255 152293 152264 152273 152282
152294 152331 152303 152312 152321
152332 152410 152351 152370 152389
152411 152459 152423 152435 152447
152460 152594 152493 152526 152559
152595 152783 152642 152689 152736
152784 152857 152802 152820 152838
152858 153070 152911 152964 153017
153071 153266 153119 153167 153215
153267 153370 153292 153317 153342
153371 153449 153390 153409 153428
153450 153576 153481 153512 153543
153577 153748 153619 153661 153703
153749 153923 153792 153835 153878
153924 153953 153931 153938 153945
153954 154207 154017 154080 154143
154208 154433 154264 154320 154376
154434 154606 154477 154520 154563
154607 154735 154639 154671 154703
154736 154838 154761 154786 154811
154839 154918 154858 154877 154896
154919 154999 154939 154959 154979
155000 155061 155015 155030 155045
155062 155182 155092 155122 155152
155183 155332 155220 155257 155294
155333 155426 155356 155379 155402
155427 155485 155441 155455 155469
155486 155568 155506 155526 155546
155569 155707 155603 155637 155671
155708 155776 155725 155742 155759
155777 155834 155791 155805 155819
155835 155881 155846 155857 155868
155882 155984 155907 155932 155957
155985 156069 156006 156027 156048
156070 156120 156082 156094 156106
156121 156234 156149 156177 156205
156235 156304 156252 156269 156286
156305 156366 156320 156335 156350
156367 156413 156378 156389 156400
156414 156509 156437 156460 156483
156510 156587 156529 156548 156567
156588 156625 156597 156606 156615
156626 156705 156645 156664 156683
156706 156736 156713 156720 156727
156737 156815 156756 156775 156794
156816 156870 156829 156842 156855
156871 156891 156876 156881 156886
156892 156932 156902 156912 156922
156933 156958 156939 156945 156951
156959 157016 156973 156987 157001
157017 157092 157035 157053 157071
157093 157144 157105 157117 157129
157145 157179 157153 157161 157169
157180 157234 157193 157206 157219
157235 157279 157246 157257 157268
157280 157314 157288 157296 157304
157315 157361 157326 157337 157348
157362 157388 157368 157374 157380
157389 157424 157397 157405 157413
157425 157458 157433 157441 157449
157459 157486 157465 157471 157477
157487 157516 157494 157501 157508
157517 157544 157523 157529 157535
157545 157574 157552 157559 157566
157575 157598 157580 157585 157590
157599 157642 157609 157619 157629
157643 157663 157648 157653 157658
157664 157685 157669 157674 157679
157686 157744 157700 157714 157728
157745 157783 157754 157763 157772
157784 157865 157804 157824 157844
157866 157913 157877 157888 157899
157914 158022 157941 157968 157995
158023 158115 158046 158069 158092
158116 158198 158136 158156 158176
158199 158233 158207 158215 158223
158234 158284 158246 158258 158270
158285 158373 158307 158329 158351
158374 158452 158393 158412 158431
158453 158540 158474 158495 158516
158541 158581 158551 158561 158571
158582 158629 158593 158604 158615
158630 158830 158680 158730 158780
158831 159280 158943 159055 159167
159281 159493 159334 159387 159440
159494 159615 159524 159554 159584
159616 159674 159630 159644 159658
159675 159736 159690 159705 159720
159737 159790 159750 159763 159776
159791 160135 159877 159963 160049
160136 160444 160213 160290 160367
160445 160530 160466 160487 160508
160531 160846 160609 160687 160765
160847 160938 160869 160891 160913
160939 161040 160964 160989 161014
161041 161086 161052 161063 161074
161087 161143 161101 161115 161129
161144 161186 161154 161164 161174
161187 161400 161240 161293 161346
161401 161641 161461 161521 161581
161642 161708 161658 161674 161690
161709 161785 161728 161747 161766
161786 161913 161817 161848 161879
161914 162065 161951 161988 162025
162066 162211 162102 162138 162174
162212 162597 162308 162404 162500
162598 162693 162621 162644 162667
162694 162772 162713 162732 162751
162773 162979 162824 162875 162926
162980 163073 163003 163026 163049
163074 163170 163098 163122 163146
163171 163259 163193 163215 163237
163260 163348 163282 163304 163326
163349 163410 163364 163379 163394
163411 163451 163421 163431 163441
163452 163547 163475 163498 163521
163548 163790 163608 163668 163728
163791 163945 163829 163867 163905
163946 164057 163973 164000 164027
164058 164123 164074 164090 164106
164124 164168 164135 164146 164157
164169 164227 164183 164197 164211
164228 164287 164242 164256 164270
164288 164369 164308 164328 164348
164370 164454 164391 164412 164433
164455 164552 164479 164503 164527
164553 164627 164571 164589 164607
164628 164657 164635 164642 164649
164658 164708 164670 164682 164694
164709 165030 164781 164853 165021
165031 165123 165054 165077 165100
165124 168942 166078 167032 167986
168943 169025 168963 168983 169003
169026 169109 169046 169066 169086
169110 169193 169130 169150 169170
169194 169278 169215 169236 169257
169279 169361 169299 169319 169339
169362 169446 169383 169404 169425
169447 175291 170908 172369 173830
