0 62 15 30 45
63 106 73 83 93
107 862 295 483 671
863 1690 1069 1275 1481
1691 1954 1756 1821 1886
1955 1972 1959 1963 1967
1973 2004 1980 1987 1994
2005 2045 2015 2025 2035
2046 2091 2057 2068 2079
2092 2422 2174 2256 2338
2423 2458 2431 2439 2447
2459 2476 2463 2467 2471
2477 2516 2486 2495 2504
2517 2548 2524 2531 2538
2549 2592 2559 2569 2579
2593 2716 2623 2653 2683
2717 2846 2749 2781 2813
2847 3070 2902 2957 3012
3071 3196 3102 3133 3164
3197 3428 3254 3311 3368
3429 3525 3453 3477 3501
3526 3662 3560 3594 3628
3663 3838 3706 3749 3792
3839 4062 3894 3949 4004
4063 4182 4092 4121 4150
4183 4326 4218 4253 4288
4327 4518 4374 4421 4468
4519 4631 4547 4575 4603
4632 4774 4667 4702 4737
4775 4800 4781 4787 4793
4801 4857 4815 4829 4843
4858 4920 4873 4888 4903
4921 5025 4947 4973 4999
5026 5439 5129 5232 5335
5440 5554 5468 5496 5524
5555 5645 5577 5599 5621
5646 5748 5671 5696 5721
5749 5888 5783 5817 5851
5889 5969 5909 5929 5949
5970 5989 5974 5978 5982
5990 6077 6011 6032 6053
6078 6169 6100 6122 6144
6170 6269 6194 6218 6242
6270 6293 6275 6280 6285
6294 6325 6301 6308 6315
6326 6362 6335 6344 6353
6363 6464 6388 6413 6438
6465 6563 6489 6513 6537
6564 6613 6576 6588 6600
6614 6669 6627 6640 6653
6670 6765 6693 6716 6739
6766 6812 6777 6788 6799
6813 6861 6825 6837 6849
6862 6906 6873 6884 6895
6907 6997 6929 6951 6973
6998 7047 7010 7022 7034
7048 7147 7072 7096 7120
7148 7350 7198 7248 7298
7351 7418 7367 7383 7399
7419 7505 7440 7461 7482
7506 7542 7515 7524 7533
7543 7582 7552 7561 7570
7583 7640 7597 7611 7625
7641 7680 7650 7659 7668
7681 7802 7711 7741 7771
7803 8095 7876 7949 8022
8096 8136 8106 8116 8126
8137 8193 8151 8165 8179
8194 8285 8216 8238 8260
8286 8311 8292 8298 8304
8312 8367 8325 8338 8351
8368 8428 8383 8398 8413
8429 8456 8435 8441 8447
8457 8501 8468 8479 8490
8502 8532 8509 8516 8523
8533 8609 8552 8571 8590
8610 8666 8624 8638 8652
8667 8796 8699 8731 8763
8797 8849 8810 8823 8836
8850 8978 8882 8914 8946
8979 9023 8990 9001 9012
9024 9060 9033 9042 9051
9061 9174 9089 9117 9145
9175 9240 9191 9207 9223
9241 9308 9257 9273 9289
9309 9345 9318 9327 9336
9346 9382 9355 9364 9373
9383 9457 9401 9419 9437
9458 9507 9470 9482 9494
9508 9532 9514 9520 9526
9533 9566 9541 9549 9557
9567 9598 9574 9581 9588
9599 9660 9614 9629 9644
9661 9681 9666 9671 9676
9682 9723 9692 9702 9712
9724 9755 9731 9738 9745
9756 9822 9772 9788 9804
9823 9849 9829 9835 9841
9850 9866 9854 9858 9862
9867 9884 9871 9875 9879
9885 9943 9899 9913 9927
9944 9965 9949 9954 9959
9966 9993 9972 9978 9984
9994 10036 10004 10014 10024
10037 10065 10044 10051 10058
10066 10092 10072 10078 10084
10093 10113 10098 10103 10108
10114 10154 10124 10134 10144
10155 10181 10161 10167 10173
10182 10198 10186 10190 10194
10199 10217 10203 10207 10211
10218 10239 10223 10228 10233
10240 10259 10244 10248 10252
10260 10289 10267 10274 10281
10290 10325 10298 10306 10314
10326 10367 10336 10346 10356
10368 10384 10372 10376 10380
10385 10410 10391 10397 10403
10411 10432 10416 10421 10426
10433 10452 10437 10441 10445
10453 10484 10460 10467 10474
10485 10507 10490 10495 10500
10508 10541 10516 10524 10532
10542 10605 10557 10572 10587
10606 10655 10618 10630 10642
10656 10695 10665 10674 10683
10696 10754 10710 10724 10738
10755 10823 10772 10789 10806
10824 10895 10841 10858 10875
10896 11015 10925 10954 10983
11016 11074 11030 11044 11058
11075 11134 11089 11103 11117
11135 11234 11159 11183 11207
11235 11330 11258 11281 11304
11331 11433 11356 11381 11406
11434 11814 11529 11624 11719
11815 11880 11831 11847 11863
11881 11968 11902 11923 11944
11969 12125 12008 12047 12086
12126 12218 12149 12172 12195
12219 12283 12235 12251 12267
12284 12325 12294 12304 12314
12326 12482 12365 12404 12443
12483 12520 12492 12501 12510
12521 12682 12561 12601 12641
12683 12711 12690 12697 12704
12712 12750 12721 12730 12739
12751 12781 12758 12765 12772
12782 12887 12808 12834 12860
12888 13006 12917 12946 12975
13007 13066 13021 13035 13049
13067 13109 13077 13087 13097
13110 13166 13124 13138 13152
13167 13197 13174 13181 13188
13198 13326 13230 13262 13294
13327 13509 13372 13417 13462
13510 13592 13530 13550 13570
13593 13765 13636 13679 13722
13766 13923 13805 13844 13883
13924 14013 13946 13968 13990
14014 14081 14030 14046 14062
14082 14239 14121 14160 14199
14240 14319 14259 14278 14297
14320 14374 14333 14346 14359
14375 14404 14382 14389 14396
14405 14563 14444 14483 14522
14564 14614 14576 14588 14600
14615 14842 14671 14727 14783
14843 14893 14855 14867 14879
14894 14937 14904 14914 14924
14938 15035 14953 14968 15024
15036 15095 15050 15064 15078
15096 15208 15124 15152 15180
15209 15283 15227 15245 15263
15284 15342 15298 15312 15326
15343 15420 15362 15381 15400
15421 15511 15443 15465 15487
15512 15659 15548 15584 15620
15660 15880 15715 15770 15825
15881 15974 15904 15927 15950
15975 16037 15990 16005 16020
16038 16376 16122 16206 16290
16377 16483 16403 16429 16455
16484 16532 16496 16508 16520
16533 16607 16551 16569 16587
16608 16858 16670 16732 16794
16859 17020 16899 16939 16979
17021 17065 17032 17043 17054
17066 17098 17074 17082 17090
17099 17186 17120 17141 17162
17187 17269 17207 17227 17247
17270 17377 17296 17322 17348
17378 17437 17392 17406 17420
17438 17466 17445 17452 17459
17467 17516 17479 17491 17503
17517 17647 17549 17581 17613
17648 17710 17663 17678 17693
17711 17791 17731 17751 17771
17792 17839 17803 17814 17825
17840 17895 17853 17866 17879
17896 17942 17907 17918 17929
17943 17999 17957 17971 17985
18000 18049 18012 18024 18036
18050 18132 18070 18090 18110
18133 18257 18164 18195 18226
18258 18305 18269 18280 18291
18306 18368 18321 18336 18351
18369 18483 18397 18425 18453
18484 18519 18492 18500 18508
18520 18558 18529 18538 18547
18559 18597 18568 18577 18586
18598 18623 18604 18610 18616
18624 18685 18639 18654 18669
18686 18715 18693 18700 18707
18716 18753 18725 18734 18743
18754 18778 18760 18766 18772
18779 18843 18795 18811 18827
18844 18985 18879 18914 18949
18986 19044 19000 19014 19028
19045 19105 19060 19075 19090
19106 19170 19122 19138 19154
19171 19218 19182 19193 19204
19219 19268 19231 19243 19255
19269 19401 19302 19335 19368
19402 19453 19414 19426 19438
19454 19499 19465 19476 19487
19500 19535 19508 19516 19524
19536 19588 19549 19562 19575
19589 19650 19604 19619 19634
19651 19713 19666 19681 19696
19714 19797 19734 19754 19774
19798 19864 19814 19830 19846
19865 19895 19872 19879 19886
19896 19996 19921 19946 19971
19997 20078 20017 20037 20057
20079 20151 20097 20115 20133
20152 20253 20177 20202 20227
20254 20392 20288 20322 20356
20393 20447 20406 20419 20432
20448 20540 20471 20494 20517
20541 20574 20549 20557 20565
20575 20649 20593 20611 20629
20650 20709 20664 20678 20692
20710 20812 20735 20760 20785
20813 20866 20826 20839 20852
20867 20962 20890 20913 20936
20963 21010 20974 20985 20996
21011 21204 21059 21107 21155
21205 21269 21221 21237 21253
21270 21376 21296 21322 21348
21377 21428 21389 21401 21413
21429 21567 21463 21497 21531
21568 21622 21581 21594 21607
21623 21712 21645 21667 21689
21713 21760 21724 21735 21746
21761 21881 21791 21821 21851
21882 21931 21894 21906 21918
21932 21991 21946 21960 21974
21992 22027 22000 22008 22016
22028 22106 22047 22066 22085
22107 22163 22121 22135 22149
22164 22191 22170 22176 22182
22192 22255 22207 22222 22237
22256 22296 22266 22276 22286
22297 22356 22311 22325 22339
22357 22409 22370 22383 22396
22410 22555 22446 22482 22518
22556 22618 22571 22586 22601
22619 22661 22629 22639 22649
22662 22759 22686 22710 22734
22760 22972 22813 22866 22919
22973 23020 22984 22995 23006
23021 23077 23035 23049 23063
23078 23222 23114 23150 23186
23223 23262 23232 23241 23250
23263 23320 23277 23291 23305
23321 23410 23343 23365 23387
23411 23512 23436 23461 23486
23513 23659 23549 23585 23621
23660 23703 23670 23680 23690
23704 23850 23740 23776 23812
23851 23887 23860 23869 23878
23888 23938 23900 23912 23924
23939 24160 23994 24049 24104
24161 24237 24180 24199 24218
24238 24470 24296 24354 24412
24471 24514 24481 24491 24501
24515 24569 24528 24541 24554
24570 24619 24582 24594 24606
24620 24650 24627 24634 24641
24651 24724 24669 24687 24705
24725 24835 24752 24779 24806
24836 24971 24869 24902 24935
24972 25012 24982 24992 25002
25013 25047 25021 25029 25037
25048 25116 25065 25082 25099
25117 25352 25175 25233 25291
25353 25392 25362 25371 25380
25393 25455 25408 25423 25438
25456 25502 25467 25478 25489
25503 25590 25524 25545 25566
25591 25736 25627 25663 25699
25737 25801 25753 25769 25785
25802 25902 25827 25852 25877
25903 26009 25929 25955 25981
26010 26075 26026 26042 26058
26076 26142 26092 26108 26124
26143 26240 26167 26191 26215
26241 26321 26261 26281 26301
26322 26357 26330 26338 26346
26358 26427 26375 26392 26409
26428 26486 26442 26456 26470
26487 26646 26526 26565 26604
26647 26752 26673 26699 26725
26753 26852 26777 26801 26825
26853 27029 26897 26941 26985
27030 27097 27046 27062 27078
27098 27170 27116 27134 27152
27171 27203 27179 27187 27195
27204 27247 27214 27224 27234
27248 27340 27271 27294 27317
27341 27407 27357 27373 27389
27408 27450 27418 27428 27438
27451 27503 27464 27477 27490
27504 27553 27516 27528 27540
27554 27623 27571 27588 27605
27624 27761 27658 27692 27726
27762 27819 27776 27790 27804
27820 27926 27846 27872 27898
27927 27999 27945 27963 27981
28000 28074 28018 28036 28054
28075 28108 28083 28091 28099
28109 28197 28131 28153 28175
28198 28309 28225 28252 28279
28310 28430 28340 28370 28400
28431 28495 28447 28463 28479
28496 28542 28507 28518 28529
28543 28587 28554 28565 28576
28588 28698 28615 28642 28669
28699 28799 28724 28749 28774
28800 28868 28817 28834 28851
28869 28946 28888 28907 28926
28947 29012 28963 28979 28995
29013 29047 29021 29029 29037
29048 29099 29060 29072 29084
29100 29124 29106 29112 29118
29125 29147 29130 29135 29140
29148 29164 29152 29156 29160
29165 29190 29171 29177 29183
29191 29210 29195 29199 29203
29211 29279 29228 29245 29262
29280 29323 29290 29300 29310
29324 29347 29329 29334 29339
29348 29414 29364 29380 29396
29415 29459 29426 29437 29448
29460 29486 29466 29472 29478
29487 29522 29495 29503 29511
29523 29549 29529 29535 29541
29550 29590 29560 29570 29580
29591 29633 29601 29611 29621
29634 29674 29644 29654 29664
29675 29721 29686 29697 29708
29722 29780 29736 29750 29764
29781 29815 29789 29797 29805
29816 29834 29820 29824 29828
29835 29879 29846 29857 29868
29880 29931 29892 29904 29916
29932 29963 29939 29946 29953
29964 29981 29968 29972 29976
29982 30009 29986 29990 30006
30010 30032 30015 30020 30025
30033 30057 30039 30045 30051
30058 30086 30065 30072 30079
30087 30112 30093 30099 30105
30113 30142 30120 30127 30134
30143 30174 30150 30157 30164
30175 30192 30179 30183 30187
30193 30212 30197 30201 30205
30213 30233 30218 30223 30228
30234 30255 30239 30244 30249
30256 30278 30261 30266 30271
30279 30314 30287 30295 30303
30315 30348 30323 30331 30339
30349 30372 30354 30359 30364
30373 30399 30379 30385 30391
30400 30423 30405 30410 30415
30424 30445 30429 30434 30439
30446 30464 30450 30454 30458
30465 30487 30470 30475 30480
30488 30537 30500 30512 30524
30538 30577 30547 30556 30565
30578 30657 30597 30616 30635
30658 30683 30664 30670 30676
30684 30744 30699 30714 30729
30745 30850 30771 30797 30823
30851 30940 30873 30895 30917
30941 31133 30989 31037 31085
31134 31184 31146 31158 31170
31185 31233 31197 31209 31221
31234 31285 31246 31258 31270
31286 31384 31310 31334 31358
31385 31417 31393 31401 31409
31418 31481 31433 31448 31463
31482 31540 31496 31510 31524
31541 31635 31564 31587 31610
31636 31659 31641 31646 31651
31660 31794 31693 31726 31759
31795 31824 31802 31809 31816
31825 31877 31838 31851 31864
31878 31913 31886 31894 31902
31914 31959 31925 31936 31947
31960 32017 31974 31988 32002
32018 32087 32035 32052 32069
32088 32141 32101 32114 32127
32142 32178 32151 32160 32169
32179 32257 32198 32217 32236
32258 32318 32273 32288 32303
32319 32366 32330 32341 32352
32367 32439 32385 32403 32421
32440 32492 32453 32466 32479
32493 32521 32500 32507 32514
32522 32638 32551 32580 32609
32639 32693 32652 32665 32678
32694 32876 32739 32784 32829
32877 32928 32889 32901 32913
32929 33070 32964 32999 33034
33071 33332 33136 33201 33266
33333 33384 33345 33357 33369
33385 33417 33393 33401 33409
33418 33451 33426 33434 33442
33452 33507 33465 33478 33491
33508 33541 33516 33524 33532
33542 33583 33552 33562 33572
33584 33633 33596 33608 33620
33634 33669 33642 33650 33658
33670 33700 33677 33684 33691
33701 33735 33709 33717 33725
33736 33799 33751 33766 33781
33800 33978 33844 33888 33932
33979 34075 34003 34027 34051
34076 34195 34105 34134 34163
34196 34282 34217 34238 34259
34283 34424 34318 34353 34388
34425 34462 34434 34443 34452
34463 34503 34473 34483 34493
34504 34527 34509 34514 34519
34528 34585 34542 34556 34570
34586 34650 34602 34618 34634
34651 34814 34691 34731 34771
34815 34885 34832 34849 34866
34886 34993 34912 34938 34964
34994 35024 35001 35008 35015
35025 35057 35033 35041 35049
35058 35149 35080 35102 35124
35150 35180 35157 35164 35171
35181 35263 35201 35221 35241
35264 35373 35291 35318 35345
35374 35519 35410 35446 35482
35520 35575 35533 35546 35559
35576 35690 35604 35632 35660
35691 35726 35699 35707 35715
35727 35748 35732 35737 35742
35749 35859 35776 35803 35830
35860 35916 35874 35888 35902
35917 35981 35933 35949 35965
35982 36008 35988 35994 36000
36009 36030 36014 36019 36024
36031 36072 36041 36051 36061
36073 36115 36083 36093 36103
36116 36151 36124 36132 36140
36152 36193 36162 36172 36182
36194 36217 36199 36204 36209
36218 36269 36230 36242 36254
36270 36348 36289 36308 36327
36349 36405 36363 36377 36391
36406 36468 36421 36436 36451
36469 36504 36477 36485 36493
36505 36542 36514 36523 36532
36543 36577 36551 36559 36567
36578 36606 36585 36592 36599
36607 36629 36612 36617 36622
36630 36771 36665 36700 36735
36772 36793 36777 36782 36787
36794 36855 36809 36824 36839
36856 36976 36886 36916 36946
36977 37062 36998 37019 37040
37063 37101 37072 37081 37090
37102 37226 37133 37164 37195
37227 37430 37277 37327 37377
37431 37471 37441 37451 37461
37472 37511 37481 37490 37499
37512 37544 37520 37528 37536
37545 37567 37550 37555 37560
37568 37586 37572 37576 37580
37587 37615 37594 37601 37608
37616 37657 37626 37636 37646
37658 37723 37674 37690 37706
37724 37855 37756 37788 37820
37856 37934 37875 37894 37913
37935 37985 37947 37959 37971
37986 38032 37997 38008 38019
38033 38061 38040 38047 38054
38062 38096 38070 38078 38086
38097 38115 38101 38105 38109
38116 38135 38120 38124 38128
38136 38152 38140 38144 38148
38153 38242 38175 38197 38219
38243 38267 38249 38255 38261
38268 38299 38275 38282 38289
38300 38384 38321 38342 38363
38385 38432 38396 38407 38418
38433 38458 38439 38445 38451
38459 38486 38465 38471 38477
38487 38518 38494 38501 38508
38519 38569 38531 38543 38555
38570 38659 38592 38614 38636
38660 38807 38696 38732 38768
38808 38924 38837 38866 38895
38925 39005 38945 38965 38985
39006 39108 39031 39056 39081
39109 39162 39122 39135 39148
39163 39303 39198 39233 39268
39304 39576 39372 39440 39508
39577 39734 39616 39655 39694
39735 39793 39749 39763 39777
39794 39836 39804 39814 39824
39837 40001 39878 39919 39960
40002 40047 40013 40024 40035
40048 40129 40068 40088 40108
40130 40176 40141 40152 40163
40177 40393 40231 40285 40339
40394 40427 40402 40410 40418
40428 40460 40436 40444 40452
40461 40526 40477 40493 40509
40527 40568 40537 40547 40557
40569 40763 40617 40665 40713
40764 40828 40780 40796 40812
40829 40867 40838 40847 40856
40868 40935 40884 40900 40916
40936 40991 40949 40962 40975
40992 41049 41006 41020 41034
41050 41150 41075 41100 41125
41151 41203 41164 41177 41190
41204 41339 41237 41270 41303
41340 41387 41351 41362 41373
41388 41509 41418 41448 41478
41510 41626 41539 41568 41597
41627 41806 41671 41715 41759
41807 41883 41826 41845 41864
41884 41939 41897 41910 41923
41940 42017 41959 41978 41997
42018 42110 42041 42064 42087
42111 42185 42129 42147 42165
42186 42265 42205 42224 42243
42266 42432 42307 42348 42389
42433 42542 42460 42487 42514
42543 42754 42595 42647 42699
42755 42813 42769 42783 42797
42814 42954 42849 42884 42919
42955 43018 42970 42985 43000
43019 43107 43041 43063 43085
43108 43302 43156 43204 43252
43303 43370 43319 43335 43351
43371 43458 43392 43413 43434
43459 43510 43471 43483 43495
43511 43602 43533 43555 43577
43603 43631 43610 43617 43624
43632 43668 43641 43650 43659
43669 43712 43679 43689 43699
43713 43820 43739 43765 43791
43821 43891 43838 43855 43872
43892 43956 43908 43924 43940
43957 44082 43988 44019 44050
44083 44137 44096 44109 44122
44138 44160 44143 44148 44153
44161 44263 44186 44211 44236
44264 44313 44276 44288 44300
44314 44566 44377 44440 44503
44567 44686 44596 44625 44654
44687 44766 44706 44725 44744
44767 44879 44795 44823 44851
44880 44948 44897 44914 44931
44949 45065 44961 44973 45048
45066 45097 45073 45080 45087
45098 45189 45120 45142 45164
45190 45264 45208 45226 45244
45265 45378 45293 45321 45349
45379 45412 45387 45395 45403
45413 45550 45447 45481 45515
45551 45608 45565 45579 45593
45609 45734 45640 45671 45702
45735 45795 45750 45765 45780
45796 45836 45806 45816 45826
45837 45949 45865 45893 45921
45950 46003 45963 45976 45989
46004 46081 46023 46042 46061
46082 46113 46089 46096 46103
46114 46145 46121 46128 46135
46146 46177 46153 46160 46167
46178 46211 46186 46194 46202
46212 46374 46252 46292 46332
46375 46425 46387 46399 46411
46426 46505 46445 46464 46483
46506 46555 46518 46530 46542
46556 46683 46587 46618 46649
46684 46776 46707 46730 46753
46777 46823 46788 46799 46810
46824 46914 46846 46868 46890
46915 47003 46937 46959 46981
47004 47080 47023 47042 47061
47081 47119 47090 47099 47108
47120 47152 47128 47136 47144
47153 47191 47162 47171 47180
47192 47263 47209 47226 47243
47264 47322 47278 47292 47306
47323 47378 47336 47349 47362
47379 47408 47386 47393 47400
47409 47450 47419 47429 47439
47451 47490 47460 47469 47478
47491 47539 47503 47515 47527
47540 47587 47551 47562 47573
47588 47703 47616 47644 47672
47704 47757 47717 47730 47743
47758 48012 47821 47884 47947
48013 48255 48073 48133 48193
48256 48442 48302 48348 48394
48443 48514 48460 48477 48494
48515 49080 48656 48797 48938
49081 49247 49122 49163 49204
49248 49284 49257 49266 49275
49285 49357 49303 49321 49339
49358 49463 49384 49410 49436
49464 49584 49494 49524 49554
49585 49630 49596 49607 49618
49631 49686 49644 49657 49670
49687 49786 49711 49735 49759
49787 49923 49821 49855 49889
49924 49974 49936 49948 49960
49975 50102 50006 50037 50068
50103 50191 50125 50147 50169
50192 50356 50233 50274 50315
50357 50433 50376 50395 50414
50434 50524 50456 50478 50500
50525 50594 50542 50559 50576
50595 50715 50625 50655 50685
50716 50829 50744 50772 50800
50830 50995 50871 50912 50953
50996 51092 51020 51044 51068
51093 51229 51127 51161 51195
51230 51272 51240 51250 51260
51273 51337 51289 51305 51321
51338 51421 51358 51378 51398
51422 51497 51440 51458 51476
51498 51531 51506 51514 51522
51532 51576 51543 51554 51565
51577 51597 51582 51587 51592
51598 51638 51608 51618 51628
51639 51662 51644 51649 51654
51663 51703 51673 51683 51693
51704 51785 51724 51744 51764
51786 51858 51804 51822 51840
51859 52264 51960 52061 52162
52265 52394 52297 52329 52361
52395 52560 52436 52477 52518
52561 52596 52569 52577 52585
52597 52616 52601 52605 52609
52617 52746 52649 52681 52713
52747 52897 52784 52821 52858
52898 52951 52911 52924 52937
52952 53013 52967 52982 52997
53014 53072 53028 53042 53056
53073 53121 53085 53097 53109
53122 53246 53153 53184 53215
53247 53299 53260 53273 53286
53300 53395 53323 53346 53369
53396 53458 53411 53426 53441
53459 53579 53489 53519 53549
53580 53667 53601 53622 53643
53668 53739 53685 53702 53719
53740 53762 53745 53750 53755
53763 53822 53777 53791 53805
53823 53876 53836 53849 53862
53877 53949 53895 53913 53931
53950 54006 53964 53978 53992
54007 54096 54029 54051 54073
54097 54188 54119 54141 54163
54189 54357 54231 54273 54315
54358 54428 54375 54392 54409
54429 54522 54452 54475 54498
54523 54697 54566 54609 54652
54698 54884 54744 54790 54836
54885 55044 54924 54963 55002
55045 55251 55096 55147 55198
55252 55289 55261 55270 55279
55290 55504 55343 55396 55449
55505 55577 55523 55541 55559
55578 55755 55622 55666 55710
55756 55828 55774 55792 55810
55829 55913 55850 55871 55892
55914 56024 55941 55968 55995
56025 56214 56072 56119 56166
56215 56271 56229 56243 56257
56272 56335 56287 56302 56317
56336 56381 56347 56358 56369
56382 56408 56388 56394 56400
56409 56523 56437 56465 56493
56524 56541 56528 56532 56536
56542 56598 56556 56570 56584
56599 56653 56612 56625 56638
56654 56695 56664 56674 56684
56696 56767 56713 56730 56747
56768 56819 56780 56792 56804
56820 56888 56837 56854 56871
56889 57014 56920 56951 56982
57015 57151 57049 57083 57117
57152 57324 57195 57238 57281
57325 57390 57341 57357 57373
57391 57436 57402 57413 57424
57437 57483 57448 57459 57470
57484 57582 57508 57532 57556
57583 57610 57589 57595 57601
57611 57645 57619 57627 57635
57646 57686 57656 57666 57676
57687 57716 57694 57701 57708
57717 57750 57725 57733 57741
57751 57782 57758 57765 57772
57783 57803 57788 57793 57798
57804 57846 57814 57824 57834
57847 57920 57865 57883 57901
57921 57943 57926 57931 57936
57944 57968 57950 57956 57962
57969 58046 57988 58007 58026
58047 58070 58052 58057 58062
58071 58087 58075 58079 58083
58088 58125 58097 58106 58115
58126 58176 58138 58150 58162
58177 58296 58206 58235 58264
58297 58323 58303 58309 58315
58324 58353 58331 58338 58345
58354 58386 58362 58370 58378
58387 58405 58391 58395 58399
58406 58480 58424 58442 58460
58481 58505 58487 58493 58499
58506 58523 58510 58514 58518
58524 58548 58530 58536 58542
58549 58568 58553 58557 58561
58569 58612 58579 58589 58599
58613 58637 58619 58625 58631
58638 58671 58646 58654 58662
58672 58698 58678 58684 58690
58699 58717 58703 58707 58711
58718 58770 58731 58744 58757
58771 58794 58776 58781 58786
58795 58823 58802 58809 58816
58824 58840 58828 58832 58836
58841 58858 58845 58849 58853
58859 58875 58863 58867 58871
58876 58894 58880 58884 58888
58895 58912 58899 58903 58907
58913 58929 58917 58921 58925
58930 58956 58936 58942 58948
58957 58973 58961 58965 58969
58974 58994 58979 58984 58989
58995 59049 59008 59021 59034
59050 59112 59065 59080 59095
59113 59129 59117 59121 59125
59130 59204 59148 59166 59184
59205 59304 59229 59253 59277
59305 59461 59344 59383 59422
59462 59532 59479 59496 59513
59533 59574 59543 59553 59563
59575 59653 59594 59613 59632
59654 59726 59672 59690 59708
59727 59746 59731 59735 59739
59747 60001 59810 59873 60000
60002 60047 60013 60024 60035
60048 60131 60068 60088 60108
60132 60161 60139 60146 60153
60162 60218 60176 60190 60204
60219 60321 60244 60269 60294
60322 60377 60335 60348 60361
60378 60412 60386 60394 60402
60413 60523 60440 60467 60494
60524 60562 60533 60542 60551
60563 60680 60592 60621 60650
60681 60701 60686 60691 60696
60702 60844 60737 60772 60807
60845 60912 60861 60877 60893
60913 60952 60922 60931 60940
60953 61020 60969 60985 61001
61021 61170 61058 61095 61132
61171 61221 61183 61195 61207
61222 61262 61232 61242 61252
61263 61305 61273 61283 61293
61306 61443 61340 61374 61408
61444 61557 61472 61500 61528
61558 61662 61584 61610 61636
61663 61724 61678 61693 61708
61725 61782 61739 61753 61767
61783 61855 61801 61819 61837
61856 61942 61877 61898 61919
61943 62013 61960 61977 61994
62014 62049 62022 62030 62038
62050 62103 62063 62076 62089
62104 62149 62115 62126 62137
62150 62201 62162 62174 62186
62202 62282 62222 62242 62262
62283 62312 62290 62297 62304
62313 62343 62320 62327 62334
62344 62375 62351 62358 62365
62376 62478 62401 62426 62451
62479 62523 62490 62501 62512
62524 62604 62544 62564 62584
62605 62649 62616 62627 62638
62650 62754 62676 62702 62728
62755 62880 62786 62817 62848
62881 63059 62925 62969 63013
63060 63111 63072 63084 63096
63112 63251 63146 63180 63214
63252 63308 63266 63280 63294
63309 63390 63329 63349 63369
63391 63438 63402 63413 63424
63439 63518 63458 63477 63496
63519 63548 63526 63533 63540
63549 63643 63572 63595 63618
63644 63690 63655 63666 63677
63691 63712 63696 63701 63706
63713 63741 63720 63727 63734
63742 63844 63767 63792 63817
63845 63992 63881 63917 63953
63993 64179 64039 64085 64131
64180 64217 64189 64198 64207
64218 64279 64233 64248 64263
64280 64325 64291 64302 64313
64326 64367 64336 64346 64356
64368 64460 64391 64414 64437
64461 64525 64477 64493 64509
64526 64654 64558 64590 64622
64655 64740 64676 64697 64718
64741 64804 64756 64771 64786
64805 64885 64825 64845 64865
64886 64985 64910 64934 64958
64986 65053 65002 65018 65034
65054 65082 65061 65068 65075
65083 65131 65095 65107 65119
65132 65201 65149 65166 65183
65202 65248 65213 65224 65235
65249 65274 65255 65261 65267
65275 65340 65291 65307 65323
65341 65481 65376 65411 65446
65482 65547 65498 65514 65530
65548 65599 65560 65572 65584
65600 65917 65679 65758 65837
65918 65971 65931 65944 65957
65972 66019 65983 65994 66005
66020 66085 66036 66052 66068
66086 66206 66116 66146 66176
66207 66287 66227 66247 66267
66288 66398 66315 66342 66369
66399 66490 66421 66443 66465
66491 66574 66511 66531 66551
66575 66593 66579 66583 66587
66594 66619 66600 66606 66612
66620 66639 66624 66628 66632
66640 66780 66675 66710 66745
66781 66947 66822 66863 66904
66948 67396 67060 67172 67284
67397 67639 67457 67517 67577
67640 67853 67693 67746 67799
67854 68057 67904 67954 68004
68058 68157 68082 68106 68130
68158 68398 68218 68278 68338
68399 68509 68426 68453 68480
68510 68552 68520 68530 68540
68553 68588 68561 68569 68577
68589 68706 68618 68647 68676
68707 68767 68722 68737 68752
68768 68908 68803 68838 68873
68909 68960 68921 68933 68945
68961 68994 68969 68977 68985
68995 69083 69017 69039 69061
69084 69122 69093 69102 69111
69123 69219 69147 69171 69195
69220 69252 69228 69236 69244
69253 69289 69262 69271 69280
69290 69329 69299 69308 69317
69330 69381 69342 69354 69366
69382 69435 69395 69408 69421
69436 69499 69451 69466 69481
69500 69639 69534 69568 69602
69640 69694 69653 69666 69679
69695 69798 69720 69745 69770
69799 69852 69812 69825 69838
69853 69957 69879 69905 69931
69958 70019 69973 69988 70003
70020 70114 70043 70066 70089
70115 70173 70129 70143 70157
70174 70266 70197 70220 70243
70267 70343 70286 70305 70324
70344 70441 70368 70392 70416
70442 70476 70450 70458 70466
70477 70522 70488 70499 70510
70523 70593 70540 70557 70574
70594 70618 70600 70606 70612
70619 70693 70637 70655 70673
70694 70778 70715 70736 70757
70779 70852 70797 70815 70833
70853 70932 70872 70891 70910
70933 70992 70947 70961 70975
70993 71072 71012 71031 71050
71073 71127 71086 71099 71112
71128 71187 71142 71156 71170
71188 71387 71237 71286 71335
71388 71454 71404 71420 71436
71455 71526 71472 71489 71506
71527 71571 71538 71549 71560
71572 71669 71596 71620 71644
71670 71758 71692 71714 71736
71759 71863 71785 71811 71837
71864 71988 71895 71926 71957
71989 72038 72001 72013 72025
72039 72194 72077 72115 72153
72195 72320 72226 72257 72288
72321 72436 72349 72377 72405
72437 72468 72444 72451 72458
72469 72502 72477 72485 72493
72503 72531 72510 72517 72524
72532 72703 72574 72616 72658
72704 72768 72720 72736 72752
72769 72857 72791 72813 72835
72858 72990 72891 72924 72957
72991 73085 73014 73037 73060
73086 73172 73107 73128 73149
73173 73256 73193 73213 73233
73257 73305 73269 73281 73293
73306 73365 73320 73334 73348
73366 73504 73400 73434 73468
73505 73608 73530 73555 73580
73609 73714 73635 73661 73687
73715 73763 73727 73739 73751
73764 73865 73789 73814 73839
73866 73973 73892 73918 73944
73974 74146 74017 74060 74103
74147 74328 74192 74237 74282
74329 74400 74346 74363 74380
74401 74451 74413 74425 74437
74452 74503 74464 74476 74488
74504 74663 74543 74582 74621
74664 74878 74717 74770 74823
74879 74965 74900 74921 74942
74966 74996 74973 74980 74987
74997 75030 74997 74997 75021
75031 75137 75057 75083 75109
75138 75206 75155 75172 75189
75207 75400 75255 75303 75351
75401 75582 75446 75491 75536
75583 75781 75632 75681 75730
75782 75949 75823 75864 75905
75950 76035 75971 75992 76013
76036 76076 76046 76056 76066
76077 76119 76087 76097 76107
76120 76176 76134 76148 76162
76177 76249 76195 76213 76231
76250 76374 76281 76312 76343
76375 76431 76389 76403 76417
76432 76475 76442 76452 76462
76476 76519 76486 76496 76506
76520 76568 76532 76544 76556
76569 76591 76574 76579 76584
76592 76634 76602 76612 76622
76635 76672 76644 76653 76662
76673 76691 76677 76681 76685
76692 76710 76696 76700 76704
76711 76727 76715 76719 76723
76728 76757 76735 76742 76749
76758 76800 76768 76778 76788
76801 76850 76813 76825 76837
76851 76883 76859 76867 76875
76884 76917 76892 76900 76908
76918 76986 76935 76952 76969
76987 77014 76993 76999 77005
77015 77069 77028 77041 77054
77070 77092 77075 77080 77085
77093 77169 77112 77131 77150
77170 77231 77185 77200 77215
77232 77248 77236 77240 77244
77249 77285 77258 77267 77276
77286 77304 77290 77294 77298
77305 77324 77309 77313 77317
77325 77348 77330 77335 77340
77349 77385 77358 77367 77376
77386 77442 77400 77414 77428
77443 77476 77451 77459 77467
77477 77538 77492 77507 77522
77539 77654 77567 77595 77623
77655 77681 77661 77667 77673
77682 77706 77688 77694 77700
77707 77735 77714 77721 77728
77736 77753 77740 77744 77748
77754 77771 77758 77762 77766
77772 77788 77776 77780 77784
77789 77806 77793 77797 77801
77807 77823 77811 77815 77819
77824 77843 77828 77832 77836
77844 77863 77848 77852 77856
77864 77910 77875 77886 77897
77911 77945 77919 77927 77935
77946 77967 77951 77956 77961
77968 77987 77972 77976 77980
77988 78020 77996 78004 78012
78021 78057 78030 78039 78048
78058 78074 78062 78066 78070
78075 78142 78091 78107 78123
78143 78165 78148 78153 78158
78166 78184 78170 78174 78178
78185 78214 78192 78199 78206
78215 78233 78219 78223 78227
78234 78270 78243 78252 78261
78271 78288 78275 78279 78283
78289 78313 78295 78301 78307
78314 78330 78318 78322 78326
78331 78347 78335 78339 78343
78348 78373 78354 78360 78366
78374 78395 78379 78384 78389
78396 78414 78400 78404 78408
78415 78438 78420 78425 78430
78439 78474 78447 78455 78463
78475 78493 78479 78483 78487
78494 78510 78498 78502 78506
78511 78534 78516 78521 78526
78535 78562 78541 78547 78553
78563 78589 78569 78575 78581
78590 78609 78594 78598 78602
78610 78632 78615 78620 78625
78633 78656 78638 78643 78648
78657 78716 78671 78685 78699
78717 78734 78721 78725 78729
78735 78795 78750 78765 78780
78796 78818 78801 78806 78811
78819 78860 78829 78839 78849
78861 78891 78868 78875 78882
78892 78908 78896 78900 78904
78909 78934 78915 78921 78927
78935 78951 78939 78943 78947
78952 78968 78956 78960 78964
78969 78986 78973 78977 78981
78987 79003 78991 78995 78999
79004 79035 79011 79018 79025
79036 79064 79043 79050 79057
79065 79084 79069 79073 79077
79085 79101 79089 79093 79097
79102 79120 79106 79110 79114
79121 79140 79125 79129 79133
79141 79158 79145 79149 79153
79159 79191 79167 79175 79183
79192 79220 79199 79206 79213
79221 79239 79225 79229 79233
79240 79256 79244 79248 79252
79257 79297 79267 79277 79287
79298 79315 79302 79306 79310
79316 79349 79324 79332 79340
79350 79368 79354 79358 79362
79369 79385 79373 79377 79381
79386 79431 79397 79408 79419
79432 79498 79448 79464 79480
79499 79547 79511 79523 79535
79548 79639 79570 79592 79614
79640 79840 79690 79740 79790
79841 79920 79860 79879 79898
79921 80094 79964 80007 80050
80095 80210 80123 80151 80179
80211 80345 80244 80277 80310
80346 80452 80372 80398 80424
80453 80771 80532 80611 80690
80772 81113 80857 80942 81027
81114 81163 81126 81138 81150
81164 81314 81201 81238 81275
81315 81383 81332 81349 81366
81384 81452 81401 81418 81435
81453 81571 81482 81511 81540
81572 81609 81581 81590 81599
81610 81645 81618 81626 81634
81646 81692 81657 81668 81679
81693 81719 81699 81705 81711
81720 81756 81729 81738 81747
81757 81773 81761 81765 81769
81774 81805 81781 81788 81795
81806 81829 81811 81816 81821
81830 81851 81835 81840 81845
81852 81873 81857 81862 81867
81874 81894 81879 81884 81889
81895 81913 81899 81903 81907
81914 81946 81922 81930 81938
81947 81977 81954 81961 81968
81978 81998 81983 81988 81993
81999 82035 82008 82017 82026
82036 82077 82046 82056 82066
82078 82099 82083 82088 82093
82100 82118 82104 82108 82112
82119 82147 82126 82133 82140
82148 82177 82155 82162 82169
82178 82202 82184 82190 82196
82203 82238 82211 82219 82227
82239 82256 82243 82247 82251
82257 82336 82276 82295 82314
82337 82390 82350 82363 82376
82391 82471 82411 82431 82451
82472 82488 82476 82480 82484
82489 82507 82493 82497 82501
82508 82524 82512 82516 82520
82525 82565 82535 82545 82555
82566 82599 82574 82582 82590
82600 82641 82610 82620 82630
82642 82666 82648 82654 82660
82667 82714 82678 82689 82700
82715 82763 82727 82739 82751
82764 82813 82776 82788 82800
82814 82853 82823 82832 82841
82854 82891 82863 82872 82881
82892 82913 82897 82902 82907
82914 82932 82918 82922 82926
82933 82963 82940 82947 82954
82964 83000 82973 82982 82991
83001 83020 83005 83009 83013
83021 83057 83030 83039 83048
83058 83094 83067 83076 83085
83095 83122 83101 83107 83113
83123 83154 83130 83137 83144
83155 83185 83162 83169 83176
83186 83267 83206 83226 83246
83268 83298 83275 83282 83289
83299 83338 83308 83317 83326
83339 83373 83347 83355 83363
83374 83429 83387 83400 83413
83430 83463 83438 83446 83454
83464 83502 83473 83482 83491
83503 83522 83507 83511 83515
83523 83543 83528 83533 83538
83544 83586 83554 83564 83574
83587 83650 83602 83617 83632
83651 83691 83661 83671 83681
83692 83710 83696 83700 83704
83711 83771 83726 83741 83756
83772 83848 83791 83810 83829
83849 83896 83860 83871 83882
83897 83958 83912 83927 83942
83959 84057 83983 84007 84031
84058 84181 84088 84118 84148
84182 84254 84200 84218 84236
84255 84306 84267 84279 84291
84307 84356 84319 84331 84343
84357 84434 84376 84395 84414
84435 84541 84461 84487 84513
84542 84607 84558 84574 84590
84608 84693 84629 84650 84671
84694 84798 84720 84746 84772
84799 84856 84813 84827 84841
84857 84898 84867 84877 84887
84899 84964 84915 84931 84947
84965 85004 84974 84983 84992
85005 85055 85017 85029 85041
85056 85126 85073 85090 85107
85127 85173 85138 85149 85160
85174 85239 85190 85206 85222
85240 85299 85254 85268 85282
85300 85355 85313 85326 85339
85356 85393 85365 85374 85383
85394 85464 85411 85428 85445
85465 85559 85488 85511 85534
85560 85615 85573 85586 85599
85616 85698 85636 85656 85676
85699 85821 85729 85759 85789
85822 85860 85831 85840 85849
85861 85911 85873 85885 85897
85912 85969 85926 85940 85954
85970 86129 86009 86048 86087
86130 86224 86153 86176 86199
86225 86297 86243 86261 86279
86298 86460 86338 86378 86418
86461 86611 86498 86535 86572
86612 86666 86625 86638 86651
86667 86720 86680 86693 86706
86721 86774 86734 86747 86760
86775 86824 86787 86799 86811
86825 86877 86838 86851 86864
86878 87000 86908 86938 86968
87001 87111 87028 87055 87082
87112 87379 87178 87244 87310
87380 87462 87400 87420 87440
87463 87550 87484 87505 87526
87551 87634 87571 87591 87611
87635 87796 87675 87715 87755
87797 87847 87809 87821 87833
87848 87944 87872 87896 87920
87945 87968 87950 87955 87960
87969 87994 87975 87981 87987
87995 88017 88000 88005 88010
88018 88049 88025 88032 88039
88050 88091 88060 88070 88080
88092 88175 88112 88132 88152
88176 88329 88214 88252 88290
88330 88365 88338 88346 88354
88366 88447 88386 88406 88426
88448 88476 88455 88462 88469
88477 88562 88498 88519 88540
88563 88589 88569 88575 88581
88590 88608 88594 88598 88602
88609 88709 88634 88659 88684
88710 88764 88723 88736 88749
88765 88830 88781 88797 88813
88831 88910 88850 88869 88888
88911 88988 88930 88949 88968
88989 89014 88995 89001 89007
89015 89044 89022 89029 89036
89045 89097 89058 89071 89084
89098 89196 89122 89146 89170
89197 89240 89207 89217 89227
89241 89280 89250 89259 89268
89281 89333 89294 89307 89320
89334 89408 89352 89370 89388
89409 89450 89419 89429 89439
89451 89557 89477 89503 89529
89558 89610 89571 89584 89597
89611 89858 89672 89733 89794
89859 89912 89872 89885 89898
89913 89959 89924 89935 89946
89960 90054 89969 89978 90039
90055 90103 90067 90079 90091
90104 90192 90126 90148 90170
90193 90246 90206 90219 90232
90247 90267 90252 90257 90262
90268 90322 90281 90294 90307
90323 90376 90336 90349 90362
90377 90447 90394 90411 90428
90448 90511 90463 90478 90493
90512 90578 90528 90544 90560
90579 90651 90597 90615 90633
90652 90728 90671 90690 90709
90729 91022 90802 90875 90948
91023 91070 91034 91045 91056
91071 91127 91085 91099 91113
91128 91178 91140 91152 91164
91179 91247 91196 91213 91230
91248 91302 91261 91274 91287
91303 91332 91310 91317 91324
91333 91388 91346 91359 91372
91389 91478 91411 91433 91455
91479 91572 91502 91525 91548
91573 91713 91608 91643 91678
91714 91768 91727 91740 91753
91769 91912 91804 91839 91874
91913 91985 91931 91949 91967
91986 92035 91998 92010 92022
92036 92151 92064 92092 92120
92152 92246 92175 92198 92221
92247 92314 92263 92279 92295
92315 92508 92363 92411 92459
92509 92570 92524 92539 92554
92571 92705 92604 92637 92670
92706 92744 92715 92724 92733
92745 92812 92761 92777 92793
92813 93052 92872 92931 92990
93053 93099 93064 93075 93086
93100 93237 93134 93168 93202
93238 93256 93242 93246 93250
93257 93369 93285 93313 93341
93370 93414 93381 93392 93403
93415 93456 93425 93435 93445
93457 93517 93472 93487 93502
93518 93814 93592 93666 93740
93815 93902 93836 93857 93878
93903 94165 93968 94033 94098
94166 94195 94173 94180 94187
94196 94217 94201 94206 94211
94218 94234 94222 94226 94230
94235 94352 94264 94293 94322
94353 94392 94362 94371 94380
94393 94466 94411 94429 94447
94467 94483 94471 94475 94479
94484 94530 94495 94506 94517
94531 94609 94550 94569 94588
94610 94667 94624 94638 94652
94668 94684 94672 94676 94680
94685 94701 94689 94693 94697
94702 94784 94722 94742 94762
94785 94801 94789 94793 94797
94802 94932 94834 94866 94898
94933 94949 94937 94941 94945
94950 94970 94955 94960 94965
94971 94989 94975 94979 94983
94990 95039 95002 95014 95026
95040 95259 95094 95148 95202
95260 95382 95290 95320 95350
95383 95412 95390 95397 95404
95413 95453 95423 95433 95443
95454 95645 95501 95548 95595
95646 95725 95665 95684 95703
95726 96090 95817 95908 95999
96091 96166 96109 96127 96145
96167 96241 96185 96203 96221
96242 96288 96253 96264 96275
96289 96374 96310 96331 96352
96375 96462 96396 96417 96438
96463 96665 96513 96563 96613
96666 96762 96690 96714 96738
96763 96847 96784 96805 96826
96848 96955 96874 96900 96926
96956 97067 96983 97010 97037
97068 97262 97116 97164 97212
97263 97350 97284 97305 97326
97351 97428 97370 97389 97408
97429 97479 97441 97453 97465
97480 97594 97508 97536 97564
97595 97894 97669 97743 97817
97895 98008 97923 97951 97979
98009 98064 98022 98035 98048
98065 98240 98108 98151 98194
98241 98428 98287 98333 98379
98429 98611 98474 98519 98564
98612 98652 98622 98632 98642
98653 98716 98668 98683 98698
98717 98786 98734 98751 98768
98787 98861 98805 98823 98841
98862 98893 98869 98876 98883
98894 98938 98905 98916 98927
98939 98975 98948 98957 98966
98976 99066 98998 99020 99042
99067 99202 99100 99133 99166
99203 99241 99212 99221 99230
99242 99272 99249 99256 99263
99273 99304 99280 99287 99294
99305 99365 99320 99335 99350
99366 99419 99379 99392 99405
99420 99502 99440 99460 99480
99503 99867 99594 99685 99776
99868 99938 99885 99902 99919
99939 100012 99957 99975 99993
100013 100079 100029 100045 100061
100080 100123 100090 100100 100110
100124 100169 100135 100146 100157
100170 100223 100183 100196 100209
100224 100356 100257 100290 100323
100357 100437 100377 100397 100417
100438 100550 100466 100494 100522
100551 100606 100564 100577 100590
100607 100650 100617 100627 100637
100651 100694 100661 100671 100681
100695 100843 100732 100769 100806
100844 100892 100856 100868 100880
100893 101080 100939 100985 101031
101081 101122 101091 101101 101111
101123 101155 101131 101139 101147
101156 101197 101166 101176 101186
101198 101266 101215 101232 101249
101267 101308 101277 101287 101297
101309 101385 101328 101347 101366
101386 101459 101404 101422 101440
101460 101531 101477 101494 101511
101532 101565 101540 101548 101556
101566 101600 101574 101582 101590
101601 101624 101606 101611 101616
101625 101641 101629 101633 101637
101642 101677 101650 101658 101666
101678 101705 101684 101690 101696
101706 101758 101719 101732 101745
101759 101797 101768 101777 101786
101798 101836 101807 101816 101825
101837 101858 101842 101847 101852
101859 101948 101881 101903 101925
101949 102002 101962 101975 101988
102003 102072 102020 102037 102054
102073 102123 102085 102097 102109
102124 102201 102143 102162 102181
102202 102239 102211 102220 102229
102240 102275 102248 102256 102264
102276 102339 102291 102306 102321
102340 102369 102347 102354 102361
102370 102554 102416 102462 102508
102555 102643 102577 102599 102621
102644 102679 102652 102660 102668
102680 102726 102691 102702 102713
102727 102796 102744 102761 102778
102797 102849 102810 102823 102836
102850 102925 102868 102886 102904
102926 103027 102951 102976 103001
103028 103081 103041 103054 103067
103082 103135 103095 103108 103121
103136 103181 103147 103158 103169
103182 103218 103191 103200 103209
103219 103300 103239 103259 103279
103301 103332 103308 103315 103322
103333 103375 103343 103353 103363
103376 103414 103385 103394 103403
103415 103448 103423 103431 103439
103449 103499 103461 103473 103485
103500 103591 103522 103544 103566
103592 103669 103611 103630 103649
103670 103736 103686 103702 103718
103737 103805 103754 103771 103788
103806 103870 103822 103838 103854
103871 103919 103883 103895 103907
103920 103954 103928 103936 103944
103955 104027 103973 103991 104009
104028 104067 104037 104046 104055
104068 104244 104112 104156 104200
104245 104310 104261 104277 104293
104311 104368 104325 104339 104353
104369 104443 104387 104405 104423
104444 104492 104456 104468 104480
104493 104599 104519 104545 104571
104600 104665 104616 104632 104648
104666 104789 104696 104726 104756
104790 104841 104802 104814 104826
104842 104926 104863 104884 104905
104927 104984 104941 104955 104969
104985 105043 104988 104991 105030
105044 105114 105061 105078 105095
105115 105163 105127 105139 105151
105164 105204 105174 105184 105194
105205 105254 105217 105229 105241
105255 105412 105294 105333 105372
105413 105451 105422 105431 105440
105452 105583 105484 105516 105548
105584 105740 105623 105662 105701
105741 105800 105755 105769 105783
105801 105873 105819 105837 105855
105874 105976 105899 105924 105949
105977 106024 105988 105999 106010
106025 106146 106055 106085 106115
106147 106380 106205 106263 106321
106381 106539 106420 106459 106498
106540 106707 106581 106622 106663
106708 107023 106786 106864 106942
107024 107102 107043 107062 107081
107103 107198 107126 107149 107172
107199 107283 107220 107241 107262
107284 107450 107325 107366 107407
107451 107498 107462 107473 107484
107499 107603 107525 107551 107577
107604 107707 107629 107654 107679
107708 107780 107726 107744 107762
107781 107911 107813 107845 107877
107912 107962 107924 107936 107948
107963 108012 107975 107987 107999
108013 108145 108046 108079 108112
108146 108187 108156 108166 108176
108188 108230 108198 108208 108218
108231 108267 108240 108249 108258
108268 108323 108281 108294 108307
108324 108377 108337 108350 108363
108378 108452 108396 108414 108432
108453 108477 108459 108465 108471
108478 108499 108483 108488 108493
108500 108516 108504 108508 108512
108517 108536 108521 108525 108529
108537 108556 108541 108545 108549
108557 108604 108568 108579 108590
108605 108621 108609 108613 108617
108622 108676 108635 108648 108661
108677 108872 108725 108773 108821
108873 108928 108886 108899 108912
108929 109154 108985 109041 109097
109155 109225 109172 109189 109206
109226 109290 109242 109258 109274
109291 109456 109332 109373 109414
109457 109588 109489 109521 109553
109589 109658 109606 109623 109640
109659 109725 109675 109691 109707
109726 109798 109744 109762 109780
109799 109849 109811 109823 109835
109850 110000 109887 109924 109961
110001 110071 110018 110035 110052
110072 110137 110088 110104 110120
110138 110205 110154 110170 110186
110206 110333 110237 110268 110299
110334 110382 110346 110358 110370
110383 110711 110465 110547 110629
110712 110895 110757 110802 110847
110896 111038 110931 110966 111001
111039 111096 111053 111067 111081
111097 111180 111117 111137 111157
111181 111212 111188 111195 111202
111213 111269 111227 111241 111255
111270 111318 111282 111294 111306
111319 111541 111374 111429 111484
111542 111636 111565 111588 111611
111637 111991 111725 111813 111901
111992 112186 112040 112088 112136
112187 112219 112195 112203 112211
112220 112291 112237 112254 112271
112292 112341 112304 112316 112328
112342 112417 112360 112378 112396
112418 112453 112426 112434 112442
112454 112474 112459 112464 112469
112475 112512 112484 112493 112502
112513 112594 112533 112553 112573
112595 112689 112618 112641 112664
112690 112724 112698 112706 112714
112725 112746 112730 112735 112740
112747 112774 112753 112759 112765
112775 112800 112781 112787 112793
112801 112860 112815 112829 112843
112861 112908 112872 112883 112894
112909 112951 112919 112929 112939
112952 113000 112964 112976 112988
113001 113072 113018 113035 113052
113073 113264 113120 113167 113214
113265 113351 113286 113307 113328
113352 113578 113408 113464 113520
113579 113657 113598 113617 113636
113658 113730 113676 113694 113712
113731 113858 113762 113793 113824
113859 113915 113873 113887 113901
113916 113973 113930 113944 113958
113974 113999 113980 113986 113992
114000 114045 114011 114022 114033
114046 114238 114094 114142 114190
114239 114341 114264 114289 114314
114342 114453 114369 114396 114423
114454 114547 114477 114500 114523
114548 114600 114561 114574 114587
114601 114663 114616 114631 114646
114664 114743 114683 114702 114721
114744 114784 114754 114764 114774
114785 114818 114793 114801 114809
114819 114868 114831 114843 114855
114869 114914 114880 114891 114902
114915 114955 114925 114935 114945
114956 115104 114993 115030 115067
115105 115151 115116 115127 115138
115152 115252 115177 115202 115227
115253 115328 115271 115289 115307
115329 115410 115349 115369 115389
115411 115537 115442 115473 115504
115538 115617 115557 115576 115595
115618 115795 115662 115706 115750
115796 115915 115825 115854 115883
115916 116012 115940 115964 115988
116013 116122 116040 116067 116094
116123 116155 116131 116139 116147
116156 116184 116163 116170 116177
116185 116235 116197 116209 116221
116236 116268 116244 116252 116260
116269 116302 116277 116285 116293
116303 116320 116307 116311 116315
116321 116351 116328 116335 116342
116352 116392 116362 116372 116382
116393 116491 116417 116441 116465
116492 116514 116497 116502 116507
116515 116640 116546 116577 116608
116641 116679 116650 116659 116668
116680 116699 116684 116688 116692
116700 116749 116712 116724 116736
116750 116798 116762 116774 116786
116799 116824 116805 116811 116817
116825 116859 116833 116841 116849
116860 116946 116881 116902 116923
116947 117072 116978 117009 117040
117073 117143 117090 117107 117124
117144 117199 117157 117170 117183
117200 117300 117225 117250 117275
117301 117436 117334 117367 117400
117437 117463 117443 117449 117455
117464 117501 117473 117482 117491
117502 117574 117520 117538 117556
117575 117701 117606 117637 117668
117702 117763 117717 117732 117747
117764 117831 117780 117796 117812
117832 117885 117845 117858 117871
117886 117971 117907 117928 117949
117972 118011 117981 117990 117999
118012 118078 118028 118044 118060
118079 118149 118096 118113 118130
118150 118185 118158 118166 118174
118186 118202 118190 118194 118198
118203 118228 118209 118215 118221
118229 118245 118233 118237 118241
118246 118283 118255 118264 118273
118284 118303 118288 118292 118296
118304 118328 118310 118316 118322
118329 118349 118334 118339 118344
118350 118377 118356 118362 118368
118378 118481 118403 118428 118453
118482 118895 118585 118688 118791
118896 118962 118912 118928 118944
118963 119023 118978 118993 119008
119024 119085 119039 119054 119069
119086 119134 119098 119110 119122
119135 119181 119146 119157 119168
119182 119205 119187 119192 119197
119206 119284 119225 119244 119263
119285 119304 119289 119293 119297
119305 119329 119311 119317 119323
119330 119363 119338 119346 119354
119364 119496 119397 119430 119463
119497 119536 119506 119515 119524
119537 119729 119585 119633 119681
119730 119750 119735 119740 119745
119751 119773 119756 119761 119766
119774 119816 119784 119794 119804
119817 119865 119829 119841 119853
119866 119883 119870 119874 119878
119884 119929 119895 119906 119917
119930 119959 119937 119944 119951
119960 119983 119965 119970 119975
119984 120021 119987 119990 120015
120022 120044 120027 120032 120037
120045 120107 120060 120075 120090
120108 120129 120113 120118 120123
120130 120182 120143 120156 120169
120183 120236 120196 120209 120222
120237 120366 120269 120301 120333
120367 120535 120409 120451 120493
120536 120729 120584 120632 120680
120730 120821 120752 120774 120796
120822 120846 120828 120834 120840
120847 120878 120854 120861 120868
120879 120935 120893 120907 120921
120936 120960 120942 120948 120954
120961 120994 120969 120977 120985
120995 121035 121005 121015 121025
121036 121073 121045 121054 121063
121074 121106 121082 121090 121098
121107 121169 121122 121137 121152
121170 121216 121181 121192 121203
121217 121238 121222 121227 121232
121239 121286 121250 121261 121272
121287 121310 121292 121297 121302
121311 121357 121322 121333 121344
121358 121374 121362 121366 121370
121375 121396 121380 121385 121390
121397 121413 121401 121405 121409
121414 121455 121424 121434 121444
121456 121523 121472 121488 121504
121524 121569 121535 121546 121557
121570 121680 121597 121624 121651
121681 121772 121703 121725 121747
121773 121944 121815 121857 121899
121945 122021 121964 121983 122002
122022 122053 122029 122036 122043
122054 122231 122098 122142 122186
122232 122289 122246 122260 122274
122290 122395 122316 122342 122368
122396 122445 122408 122420 122432
122446 122475 122453 122460 122467
122476 122494 122480 122484 122488
122495 122560 122511 122527 122543
122561 122577 122565 122569 122573
122578 122598 122583 122588 122593
122599 122625 122605 122611 122617
122626 122666 122636 122646 122656
122667 122714 122678 122689 122700
122715 122763 122727 122739 122751
122764 122785 122769 122774 122779
122786 122926 122821 122856 122891
122927 123122 122975 123023 123071
123123 123175 123136 123149 123162
123176 123213 123185 123194 123203
123214 123256 123224 123234 123244
123257 123280 123262 123267 123272
123281 123312 123288 123295 123302
123313 123336 123318 123323 123328
123337 123390 123350 123363 123376
123391 123412 123396 123401 123406
123413 123429 123417 123421 123425
123430 123459 123437 123444 123451
123460 123486 123466 123472 123478
123487 123508 123492 123497 123502
123509 123535 123515 123521 123527
123536 123560 123542 123548 123554
123561 123583 123566 123571 123576
123584 123600 123588 123592 123596
123601 123622 123606 123611 123616
123623 123683 123638 123653 123668
123684 123710 123690 123696 123702
123711 123735 123717 123723 123729
123736 123779 123746 123756 123766
123780 123835 123793 123806 123819
123836 123852 123840 123844 123848
123853 123873 123858 123863 123868
123874 123899 123880 123886 123892
123900 123942 123910 123920 123930
123943 123968 123949 123955 123961
123969 124016 123980 123991 124002
124017 124052 124025 124033 124041
124053 124070 124057 124061 124065
124071 124105 124079 124087 124095
124106 124126 124111 124116 124121
124127 124157 124134 124141 124148
124158 124182 124164 124170 124176
124183 124203 124188 124193 124198
124204 124235 124211 124218 124225
124236 124286 124248 124260 124272
124287 124314 124293 124299 124305
124315 124366 124327 124339 124351
124367 124395 124374 124381 124388
124396 124414 124400 124404 124408
124415 124451 124424 124433 124442
124452 124483 124459 124466 124473
124484 124504 124489 124494 124499
124505 124521 124509 124513 124517
124522 124550 124529 124536 124543
124551 124621 124568 124585 124602
124622 124662 124632 124642 124652
124663 124707 124674 124685 124696
124708 124744 124717 124726 124735
124745 124887 124780 124815 124850
124888 124916 124895 124902 124909
124917 124971 124930 124943 124956
124972 125024 124985 124998 125011
125025 125363 125109 125193 125277
125364 125505 125399 125434 125469
125506 125589 125526 125546 125566
125590 125638 125602 125614 125626
125639 125684 125650 125661 125672
125685 125763 125704 125723 125742
125764 125847 125784 125804 125824
125848 125866 125852 125856 125860
125867 125892 125873 125879 125885
125893 125987 125916 125939 125962
125988 126077 126010 126032 126054
126078 126094 126082 126086 126090
126095 126118 126100 126105 126110
126119 126147 126126 126133 126140
126148 126171 126153 126158 126163
126172 126189 126176 126180 126184
126190 126228 126199 126208 126217
126229 126324 126252 126275 126298
126325 126388 126340 126355 126370
126389 126433 126400 126411 126422
126434 126486 126447 126460 126473
126487 126505 126491 126495 126499
126506 126531 126512 126518 126524
126532 126596 126548 126564 126580
126597 126652 126610 126623 126636
126653 126707 126666 126679 126692
126708 126935 126764 126820 126876
126936 127048 126964 126992 127020
127049 127095 127060 127071 127082
127096 127122 127102 127108 127114
127123 127172 127135 127147 127159
127173 127243 127190 127207 127224
127244 127271 127250 127256 127262
127272 127360 127294 127316 127338
127361 127431 127378 127395 127412
127432 127459 127438 127444 127450
127460 127559 127484 127508 127532
127560 127668 127587 127614 127641
127669 127754 127690 127711 127732
127755 127807 127768 127781 127794
127808 127824 127812 127816 127820
127825 127960 127858 127891 127924
127961 128062 127986 128011 128036
128063 128097 128071 128079 128087
128098 128163 128114 128130 128146
128164 128232 128181 128198 128215
128233 128430 128282 128331 128380
128431 128466 128439 128447 128455
128467 128531 128483 128499 128515
128532 128566 128540 128548 128556
128567 128626 128581 128595 128609
128627 128675 128639 128651 128663
128676 128723 128687 128698 128709
128724 128784 128739 128754 128769
128785 128827 128795 128805 128815
128828 128869 128838 128848 128858
128870 128990 128900 128930 128960
128991 129367 129085 129179 129273
129368 129418 129380 129392 129404
129419 129501 129439 129459 129479
129502 129604 129527 129552 129577
129605 129665 129620 129635 129650
129666 129723 129680 129694 129708
129724 129878 129762 129800 129838
129879 129911 129887 129895 129903
129912 129980 129929 129946 129963
129981 130059 130000 130019 130038
130060 130089 130067 130074 130081
130090 130243 130128 130166 130204
130244 130357 130272 130300 130328
130358 130413 130371 130384 130397
130414 130593 130458 130502 130546
130594 130692 130618 130642 130666
130693 130802 130720 130747 130774
130803 130861 130817 130831 130845
130862 130942 130882 130902 130922
130943 130981 130952 130961 130970
130982 131066 131003 131024 131045
131067 131106 131076 131085 131094
131107 131155 131119 131131 131143
131156 131192 131165 131174 131183
131193 131231 131202 131211 131220
131232 131252 131237 131242 131247
131253 131284 131260 131267 131274
131285 131340 131298 131311 131324
131341 131383 131351 131361 131371
131384 131423 131393 131402 131411
131424 131486 131439 131454 131469
131487 131511 131493 131499 131505
131512 131555 131522 131532 131542
131556 131593 131565 131574 131583
131594 131648 131607 131620 131633
131649 131761 131677 131705 131733
131762 131822 131777 131792 131807
131823 131925 131848 131873 131898
131926 131964 131935 131944 131953
131965 132012 131976 131987 131998
132013 132039 132019 132025 132031
132040 132124 132061 132082 132103
132125 132152 132131 132137 132143
132153 132182 132160 132167 132174
132183 132209 132189 132195 132201
132210 132237 132216 132222 132228
132238 132274 132247 132256 132265
132275 132393 132304 132333 132362
132394 132434 132404 132414 132424
132435 132543 132462 132489 132516
132544 132612 132561 132578 132595
132613 132719 132639 132665 132691
132720 132762 132730 132740 132750
132763 132796 132771 132779 132787
132797 132835 132806 132815 132824
132836 132870 132844 132852 132860
132871 132895 132877 132883 132889
132896 132943 132907 132918 132929
132944 132962 132948 132952 132956
132963 133000 132972 132981 132990
133001 133023 133006 133011 133016
133024 133054 133031 133038 133045
133055 133078 133060 133065 133070
133079 133102 133084 133089 133094
133103 133160 133117 133131 133145
133161 133193 133169 133177 133185
133194 133225 133201 133208 133215
133226 133254 133233 133240 133247
133255 133286 133262 133269 133276
133287 133332 133298 133309 133320
133333 133364 133340 133347 133354
133365 133438 133383 133401 133419
133439 133549 133466 133493 133520
133550 133663 133578 133606 133634
133664 133684 133669 133674 133679
133685 133706 133690 133695 133700
133707 133762 133720 133733 133746
133763 133922 133802 133841 133880
133923 134124 133973 134023 134073
134125 134280 134163 134201 134239
134281 134335 134294 134307 134320
134336 134399 134351 134366 134381
134400 134454 134413 134426 134439
134455 134505 134467 134479 134491
134506 134553 134517 134528 134539
134554 134599 134565 134576 134587
134600 134646 134611 134622 134633
134647 134683 134656 134665 134674
134684 134717 134692 134700 134708
134718 134777 134732 134746 134760
134778 134910 134811 134844 134877
134911 134957 134922 134933 134944
134958 134980 134963 134968 134973
134981 135027 134985 134989 135018
135028 135071 135038 135048 135058
135072 135146 135090 135108 135126
135147 135279 135180 135213 135246
135280 135307 135286 135292 135298
135308 135433 135339 135370 135401
135434 135506 135452 135470 135488
135507 135801 135580 135653 135726
135802 135838 135811 135820 135829
135839 135926 135860 135881 135902
135927 135957 135934 135941 135948
135958 135981 135963 135968 135973
135982 136013 135989 135996 136003
136014 136082 136031 136048 136065
136083 136120 136092 136101 136110
136121 136151 136128 136135 136142
136152 136186 136160 136168 136176
136187 136244 136201 136215 136229
136245 136291 136256 136267 136278
136292 136365 136310 136328 136346
136366 136404 136375 136384 136393
136405 136435 136412 136419 136426
136436 136457 136441 136446 136451
136458 136516 136472 136486 136500
136517 136545 136524 136531 136538
136546 136579 136554 136562 136570
136580 136681 136605 136630 136655
136682 136734 136695 136708 136721
136735 136774 136744 136753 136762
136775 136819 136786 136797 136808
136820 136923 136845 136870 136895
136924 137075 136961 136998 137035
137076 137161 137097 137118 137139
137162 137244 137182 137202 137222
137245 137275 137252 137259 137266
137276 137345 137293 137310 137327
137346 137407 137361 137376 137391
137408 137473 137424 137440 137456
137474 137528 137487 137500 137513
137529 137918 137626 137723 137820
137919 137977 137933 137947 137961
137978 138015 137987 137996 138005
138016 138039 138021 138026 138031
138040 138089 138052 138064 138076
138090 138252 138130 138170 138210
138253 138630 138347 138441 138535
138631 138724 138654 138677 138700
138725 138785 138740 138755 138770
138786 138818 138794 138802 138810
138819 138839 138824 138829 138834
138840 138866 138846 138852 138858
138867 138910 138877 138887 138897
138911 138941 138918 138925 138932
138942 138992 138954 138966 138978
138993 139016 138998 139003 139008
139017 139039 139022 139027 139032
139040 139069 139047 139054 139061
139070 139091 139075 139080 139085
139092 139111 139096 139100 139104
139112 139138 139118 139124 139130
139139 139175 139148 139157 139166
139176 139198 139181 139186 139191
139199 139233 139207 139215 139223
139234 139295 139249 139264 139279
139296 139330 139304 139312 139320
139331 139370 139340 139349 139358
139371 139402 139378 139385 139392
139403 139422 139407 139411 139415
139423 139445 139428 139433 139438
139446 139470 139452 139458 139464
139471 139536 139487 139503 139519
139537 139566 139544 139551 139558
139567 139590 139572 139577 139582
139591 139615 139597 139603 139609
139616 139671 139629 139642 139655
139672 139700 139679 139686 139693
139701 139798 139725 139749 139773
139799 139871 139817 139835 139853
139872 139901 139879 139886 139893
139902 139930 139909 139916 139923
139931 139947 139935 139939 139943
139948 139980 139956 139964 139972
139981 140012 139988 139995 140002
140013 140039 140019 140025 140031
140040 140063 140045 140050 140055
140064 140084 140069 140074 140079
140085 140122 140094 140103 140112
140123 140142 140127 140131 140135
140143 140212 140160 140177 140194
140213 140236 140218 140223 140228
140237 140274 140246 140255 140264
140275 140313 140284 140293 140302
140314 140340 140320 140326 140332
140341 140367 140347 140353 140359
140368 140402 140376 140384 140392
140403 140432 140410 140417 140424
140433 140466 140441 140449 140457
140467 140501 140475 140483 140491
140502 140520 140506 140510 140514
140521 140542 140526 140531 140536
140543 140606 140558 140573 140588
140607 140633 140613 140619 140625
140634 140658 140640 140646 140652
140659 140706 140670 140681 140692
140707 140742 140715 140723 140731
140743 140801 140757 140771 140785
140802 140822 140807 140812 140817
140823 140840 140827 140831 140835
140841 140904 140856 140871 140886
140905 140938 140913 140921 140929
140939 140955 140943 140947 140951
140956 140972 140960 140964 140968
140973 141000 140979 140985 140991
141001 141036 141009 141017 141025
141037 141107 141054 141071 141088
141108 141128 141113 141118 141123
141129 141155 141135 141141 141147
141156 141190 141164 141172 141180
141191 141250 141205 141219 141233
141251 141280 141258 141265 141272
141281 141313 141289 141297 141305
141314 141333 141318 141322 141326
141334 141370 141343 141352 141361
141371 141393 141376 141381 141386
141394 141417 141399 141404 141409
141418 141468 141430 141442 141454
141469 141486 141473 141477 141481
141487 141541 141500 141513 141526
141542 141606 141558 141574 141590
141607 141656 141619 141631 141643
141657 141697 141667 141677 141687
141698 141720 141703 141708 141713
141721 141743 141726 141731 141736
141744 141764 141749 141754 141759
141765 141784 141769 141773 141777
141785 141811 141791 141797 141803
141812 141868 141826 141840 141854
141869 141919 141881 141893 141905
141920 141939 141924 141928 141932
141940 141997 141954 141968 141982
141998 142018 142003 142008 142013
142019 142037 142023 142027 142031
142038 142073 142046 142054 142062
142074 142112 142083 142092 142101
142113 142149 142122 142131 142140
142150 142173 142155 142160 142165
142174 142190 142178 142182 142186
142191 142248 142205 142219 142233
142249 142271 142254 142259 142264
142272 142291 142276 142280 142284
142292 142354 142307 142322 142337
142355 142476 142385 142415 142445
142477 142511 142485 142493 142501
142512 142549 142521 142530 142539
142550 142589 142559 142568 142577
142590 142654 142606 142622 142638
142655 142745 142677 142699 142721
142746 142830 142767 142788 142809
142831 143003 142874 142917 142960
143004 143032 143011 143018 143025
143033 143115 143053 143073 143093
143116 143170 143129 143142 143155
143171 143238 143187 143203 143219
143239 143273 143247 143255 143263
143274 143320 143285 143296 143307
143321 143344 143326 143331 143336
143345 143389 143356 143367 143378
143390 143452 143405 143420 143435
143453 143715 143518 143583 143648
143716 143743 143722 143728 143734
143744 143792 143756 143768 143780
143793 143820 143799 143805 143811
143821 143877 143835 143849 143863
143878 143903 143884 143890 143896
143904 143939 143912 143920 143928
143940 144043 143965 143990 144015
144044 144499 144157 144270 144383
144500 144563 144515 144530 144545
144564 144613 144576 144588 144600
144614 144718 144640 144666 144692
144719 144834 144747 144775 144803
144835 144947 144863 144891 144919
144948 145041 144971 144994 145017
145042 145179 145076 145110 145144
145180 145294 145208 145236 145264
145295 145373 145314 145333 145352
145374 145437 145389 145404 145419
145438 145540 145463 145488 145513
145541 145829 145613 145685 145757
145830 146234 145931 146032 146133
146235 146281 146246 146257 146268
146282 146356 146300 146318 146336
146357 146431 146375 146393 146411
146432 146507 146450 146468 146486
146508 146546 146517 146526 146535
146547 146713 146588 146629 146670
146714 146800 146735 146756 146777
146801 146914 146829 146857 146885
146915 146954 146924 146933 146942
146955 147015 146970 146985 147000
147016 147131 147044 147072 147100
147132 147297 147173 147214 147255
147298 147389 147320 147342 147364
147390 147429 147399 147408 147417
147430 147521 147452 147474 147496
147522 147597 147540 147558 147576
147598 147717 147627 147656 147685
147718 147797 147737 147756 147775
147798 147894 147822 147846 147870
147895 147946 147907 147919 147931
147947 148017 147964 147981 147998
148018 148077 148032 148046 148060
148078 148131 148091 148104 148117
148132 148172 148142 148152 148162
148173 148351 148217 148261 148305
148352 148402 148364 148376 148388
148403 148461 148417 148431 148445
148462 148562 148487 148512 148537
148563 148592 148570 148577 148584
148593 148630 148602 148611 148620
148631 148731 148656 148681 148706
148732 148786 148745 148758 148771
148787 148835 148799 148811 148823
148836 148888 148849 148862 148875
148889 148947 148903 148917 148931
148948 148998 148960 148972 148984
148999 149060 149014 149029 149044
149061 149110 149073 149085 149097
149111 149146 149119 149127 149135
149147 149271 149178 149209 149240
149272 149355 149292 149312 149332
149356 149720 149447 149538 149629
149721 149838 149750 149779 149808
149839 149964 149870 149901 149932
149965 150207 149973 149981 150153
150208 150290 150228 150248 150268
150291 150371 150311 150331 150351
150372 151252 150592 150812 151032
151253 151350 151277 151301 151325
151351 152980 151758 152165 152572
152981 165055 155985 158989 165039
