0 81 20 40 60
82 244 122 162 202
245 688 355 465 575
689 933 750 811 872
934 1005 951 968 985
1006 1033 1012 1018 1024
1034 1111 1053 1072 1091
1112 1154 1122 1132 1142
1155 1189 1163 1171 1179
1190 1370 1235 1280 1325
1371 1418 1382 1393 1404
1419 1489 1436 1453 1470
1490 1802 1568 1646 1724
1803 1888 1824 1845 1866
1889 1914 1895 1901 1907
1915 1935 1920 1925 1930
1936 2006 1953 1970 1987
2007 2043 2016 2025 2034
2044 2151 2070 2096 2122
2152 2293 2187 2222 2257
2294 2496 2344 2394 2444
2497 2663 2538 2579 2620
2664 2680 2668 2672 2676
2681 2703 2686 2691 2696
2704 2749 2715 2726 2737
2750 2767 2754 2758 2762
2768 2839 2785 2802 2819
2840 2911 2857 2874 2891
2912 3182 2979 3046 3113
3183 3247 3199 3215 3231
3248 3605 3337 3426 3515
3606 3712 3632 3658 3684
3713 3735 3718 3723 3728
3736 3795 3750 3764 3778
3796 4174 3890 3984 4078
4175 4275 4200 4225 4250
4276 4369 4299 4322 4345
4370 4414 4381 4392 4403
4415 4493 4434 4453 4472
4494 4587 4517 4540 4563
4588 4716 4620 4652 4684
4717 4775 4731 4745 4759
4776 4836 4791 4806 4821
4837 4967 4869 4901 4933
4968 5184 5022 5076 5130
5185 5253 5202 5219 5236
5254 5321 5270 5286 5302
5322 5405 5342 5362 5382
5406 5599 5454 5502 5550
5600 5822 5655 5710 5765
5823 5945 5853 5883 5913
5946 5981 5954 5962 5970
5982 6051 5999 6016 6033
6052 6147 6075 6098 6121
6148 6216 6165 6182 6199
6217 6264 6228 6239 6250
6265 6304 6274 6283 6292
6305 6360 6318 6331 6344
6361 6398 6370 6379 6388
6399 6451 6412 6425 6438
6452 6520 6469 6486 6503
6521 6600 6540 6559 6578
6601 6687 6622 6643 6664
6688 6789 6713 6738 6763
6790 6870 6810 6830 6850
6871 7114 6931 6991 7051
7115 7282 7156 7197 7238
7283 7397 7311 7339 7367
7398 7564 7439 7480 7521
7565 7650 7586 7607 7628
7651 7684 7659 7667 7675
7685 7719 7693 7701 7709
7720 7808 7742 7764 7786
7809 7826 7813 7817 7821
7827 7850 7832 7837 7842
7851 8547 8025 8199 8373
8548 8614 8564 8580 8596
8615 8722 8641 8667 8693
8723 8797 8741 8759 8777
8798 8928 8830 8862 8894
8929 9095 8970 9011 9052
9096 9373 9165 9234 9303
9374 9424 9386 9398 9410
9425 9638 9478 9531 9584
9639 9722 9659 9679 9699
9723 9757 9731 9739 9747
9758 9796 9767 9776 9785
9797 9835 9806 9815 9824
9836 9860 9842 9848 9854
9861 9891 9868 9875 9882
9892 9934 9902 9912 9922
9935 10045 9962 9989 10016
10046 10204 10085 10124 10163
10205 10247 10215 10225 10235
10248 10305 10262 10276 10290
10306 10478 10349 10392 10435
10479 10584 10505 10531 10557
10585 10641 10599 10613 10627
10642 10816 10685 10728 10771
10817 10942 10848 10879 10910
10943 11037 10966 10989 11012
11038 11087 11050 11062 11074
11088 11142 11101 11114 11127
11143 11212 11160 11177 11194
11213 11270 11227 11241 11255
11271 11413 11306 11341 11376
11414 11485 11431 11448 11465
11486 11545 11500 11514 11528
11546 11668 11576 11606 11636
11669 12229 11809 11949 12089
12230 12276 12241 12252 12263
12277 12313 12286 12295 12304
12314 12342 12321 12328 12335
12343 12419 12362 12381 12400
12420 12462 12430 12440 12450
12463 12499 12472 12481 12490
12500 12549 12512 12524 12536
12550 12642 12573 12596 12619
12643 12715 12661 12679 12697
12716 12749 12724 12732 12740
12750 12784 12758 12766 12774
12785 12837 12798 12811 12824
12838 12887 12850 12862 12874
12888 12921 12896 12904 12912
12922 12951 12929 12936 12943
12952 13018 12968 12984 13000
13019 13067 13031 13043 13055
13068 13113 13079 13090 13101
13114 13144 13121 13128 13135
13145 13177 13153 13161 13169
13178 13203 13184 13190 13196
13204 13227 13209 13214 13219
13228 13305 13247 13266 13285
13306 13339 13314 13322 13330
13340 13371 13347 13354 13361
13372 13402 13379 13386 13393
13403 13444 13413 13423 13433
13445 13483 13454 13463 13472
13484 13525 13494 13504 13514
13526 13557 13533 13540 13547
13558 13582 13564 13570 13576
13583 13609 13589 13595 13601
13610 13639 13617 13624 13631
13640 13666 13646 13652 13658
13667 13824 13706 13745 13784
13825 14061 13884 13943 14002
14062 14128 14078 14094 14110
14129 14178 14141 14153 14165
14179 14206 14185 14191 14197
14207 14228 14212 14217 14222
14229 14258 14236 14243 14250
14259 14287 14266 14273 14280
14288 14338 14300 14312 14324
14339 14362 14344 14349 14354
14363 14405 14373 14383 14393
14406 14467 14421 14436 14451
14468 14511 14478 14488 14498
14512 14566 14525 14538 14551
14567 14620 14580 14593 14606
14621 14681 14636 14651 14666
14682 14710 14689 14696 14703
14711 14750 14720 14729 14738
14751 14783 14759 14767 14775
14784 14823 14793 14802 14811
14824 14850 14830 14836 14842
14851 14895 14862 14873 14884
14896 14925 14903 14910 14917
14926 14964 14935 14944 14953
14965 14990 14971 14977 14983
14991 15102 14993 14995 15075
15103 15136 15111 15119 15127
15137 15162 15143 15149 15155
15163 15190 15169 15175 15181
15191 15232 15201 15211 15221
15233 15266 15241 15249 15257
15267 15329 15282 15297 15312
15330 15363 15338 15346 15354
15364 15415 15376 15388 15400
15416 15531 15444 15472 15500
15532 15586 15545 15558 15571
15587 15611 15593 15599 15605
15612 15669 15626 15640 15654
15670 15736 15686 15702 15718
15737 15789 15750 15763 15776
15790 15825 15798 15806 15814
15826 15933 15852 15878 15904
15934 15980 15945 15956 15967
15981 16020 15990 15999 16008
16021 16053 16029 16037 16045
16054 16093 16063 16072 16081
16094 16156 16109 16124 16139
16157 16225 16174 16191 16208
16226 16248 16231 16236 16241
16249 16281 16257 16265 16273
16282 16299 16286 16290 16294
16300 16336 16309 16318 16327
16337 16364 16343 16349 16355
16365 16395 16372 16379 16386
16396 16425 16403 16410 16417
16426 16464 16435 16444 16453
16465 16491 16471 16477 16483
16492 16525 16500 16508 16516
16526 16550 16532 16538 16544
16551 16590 16560 16569 16578
16591 16616 16597 16603 16609
16617 16644 16623 16629 16635
16645 16677 16653 16661 16669
16678 16712 16686 16694 16702
16713 16735 16718 16723 16728
16736 16757 16741 16746 16751
16758 16791 16766 16774 16782
16792 16842 16804 16816 16828
16843 16873 16850 16857 16864
16874 16902 16881 16888 16895
16903 16929 16909 16915 16921
16930 16953 16935 16940 16945
16954 16991 16963 16972 16981
16992 17010 16996 17000 17004
17011 17044 17019 17027 17035
17045 17088 17055 17065 17075
17089 17124 17097 17105 17113
17125 17154 17132 17139 17146
17155 17233 17174 17193 17212
17234 17320 17255 17276 17297
17321 17399 17340 17359 17378
17400 17451 17412 17424 17436
17452 17528 17471 17490 17509
17529 17557 17536 17543 17550
17558 17719 17598 17638 17678
17720 17737 17724 17728 17732
17738 17799 17753 17768 17783
17800 17862 17815 17830 17845
17863 17947 17884 17905 17926
17948 17982 17956 17964 17972
17983 18022 17992 18001 18010
18023 18056 18031 18039 18047
18057 18108 18069 18081 18093
18109 18162 18122 18135 18148
18163 18235 18181 18199 18217
18236 18283 18247 18258 18269
18284 18358 18302 18320 18338
18359 18449 18381 18403 18425
18450 18541 18472 18494 18516
18542 18573 18549 18556 18563
18574 18655 18594 18614 18634
18656 18701 18667 18678 18689
18702 18751 18714 18726 18738
18752 18833 18772 18792 18812
18834 18870 18843 18852 18861
18871 18933 18886 18901 18916
18934 18978 18945 18956 18967
18979 18998 18983 18987 18991
18999 19025 19005 19011 19017
19026 19045 19030 19034 19038
19046 19069 19051 19056 19061
19070 19089 19074 19078 19082
19090 19111 19095 19100 19105
19112 19138 19118 19124 19130
19139 19171 19147 19155 19163
19172 19191 19176 19180 19184
19192 19212 19197 19202 19207
19213 19248 19221 19229 19237
19249 19273 19255 19261 19267
19274 19292 19278 19282 19286
19293 19316 19298 19303 19308
19317 19345 19324 19331 19338
19346 19377 19353 19360 19367
19378 19403 19384 19390 19396
19404 19434 19411 19418 19425
19435 19451 19439 19443 19447
19452 19472 19457 19462 19467
19473 19505 19481 19489 19497
19506 19537 19513 19520 19527
19538 19560 19543 19548 19553
19561 19591 19568 19575 19582
19592 19608 19596 19600 19604
19609 19628 19613 19617 19621
19629 19647 19633 19637 19641
19648 19669 19653 19658 19663
19670 19698 19677 19684 19691
19699 19781 19719 19739 19759
19782 19798 19786 19790 19794
19799 19822 19804 19809 19814
19823 19882 19837 19851 19865
19883 19949 19899 19915 19931
19950 20081 19982 20014 20046
20082 20189 20108 20134 20160
20190 20237 20201 20212 20223
20238 20279 20248 20258 20268
20280 20305 20286 20292 20298
20306 20330 20312 20318 20324
20331 20354 20336 20341 20346
20355 20418 20370 20385 20400
20419 20449 20426 20433 20440
20450 20490 20460 20470 20480
20491 20519 20498 20505 20512
20520 20566 20531 20542 20553
20567 20636 20584 20601 20618
20637 20660 20642 20647 20652
20661 20702 20671 20681 20691
20703 20762 20717 20731 20745
20763 20786 20768 20773 20778
20787 20812 20793 20799 20805
20813 20837 20819 20825 20831
20838 20865 20844 20850 20856
20866 20907 20876 20886 20896
20908 20956 20920 20932 20944
20957 20995 20966 20975 20984
20996 21063 21012 21028 21044
21064 21108 21075 21086 21097
21109 21141 21117 21125 21133
21142 21164 21147 21152 21157
21165 21198 21173 21181 21189
21199 21227 21206 21213 21220
21228 21251 21233 21238 21243
21252 21268 21256 21260 21264
21269 21301 21277 21285 21293
21302 21331 21309 21316 21323
21332 21408 21351 21370 21389
21409 21438 21416 21423 21430
21439 21469 21446 21453 21460
21470 21496 21476 21482 21488
21497 21515 21501 21505 21509
21516 21570 21529 21542 21555
21571 21613 21581 21591 21601
21614 21665 21626 21638 21650
21666 21718 21679 21692 21705
21719 21769 21731 21743 21755
21770 21826 21784 21798 21812
21827 21861 21835 21843 21851
21862 21886 21868 21874 21880
21887 21916 21894 21901 21908
21917 21943 21923 21929 21935
21944 21960 21948 21952 21956
21961 21985 21967 21973 21979
21986 22028 21996 22006 22016
22029 22049 22034 22039 22044
22050 22124 22068 22086 22104
22125 22185 22140 22155 22170
22186 22208 22191 22196 22201
22209 22242 22217 22225 22233
22243 22280 22252 22261 22270
22281 22309 22288 22295 22302
22310 22326 22314 22318 22322
22327 22363 22336 22345 22354
22364 22401 22373 22382 22391
22402 22430 22409 22416 22423
22431 22463 22439 22447 22455
22464 22488 22470 22476 22482
22489 22517 22496 22503 22510
22518 22550 22526 22534 22542
22551 22570 22555 22559 22563
22571 22590 22575 22579 22583
22591 22610 22595 22599 22603
22611 22637 22617 22623 22629
22638 22669 22645 22652 22659
22670 22723 22683 22696 22709
22724 22755 22731 22738 22745
22756 22837 22776 22796 22816
22838 22916 22857 22876 22895
22917 22975 22931 22945 22959
22976 23123 23012 23048 23084
23124 23175 23136 23148 23160
23176 23213 23185 23194 23203
23214 23245 23221 23228 23235
23246 23296 23258 23270 23282
23297 23351 23310 23323 23336
23352 23489 23386 23420 23454
23490 23562 23508 23526 23544
23563 23672 23590 23617 23644
23673 23805 23706 23739 23772
23806 23825 23810 23814 23818
23826 23846 23831 23836 23841
23847 25243 24196 24545 24894
25244 25470 25300 25356 25412
25471 25529 25485 25499 25513
25530 25745 25583 25636 25689
25746 25786 25756 25766 25776
25787 25841 25800 25813 25826
25842 25867 25848 25854 25860
25868 25954 25889 25910 25931
25955 26060 25981 26007 26033
26061 26190 26093 26125 26157
26191 26257 26207 26223 26239
26258 26303 26269 26280 26291
26304 26350 26315 26326 26337
26351 26383 26359 26367 26375
26384 26436 26397 26410 26423
26437 26487 26449 26461 26473
26488 26620 26521 26554 26587
26621 26658 26630 26639 26648
26659 26794 26692 26725 26758
26795 26836 26805 26815 26825
26837 26905 26854 26871 26888
26906 26951 26917 26928 26939
26952 27034 26972 26992 27012
27035 27063 27042 27049 27056
27064 27100 27073 27082 27091
27101 27163 27116 27131 27146
27164 27215 27176 27188 27200
27216 27252 27225 27234 27243
27253 27291 27262 27271 27280
27292 27365 27310 27328 27346
27366 27414 27378 27390 27402
27415 27476 27430 27445 27460
27477 27519 27487 27497 27507
27520 27566 27531 27542 27553
27567 27666 27591 27615 27639
27667 27768 27692 27717 27742
27769 27835 27785 27801 27817
27836 27894 27850 27864 27878
27895 28154 27959 28023 28087
28155 28602 28266 28377 28488
28603 28727 28634 28665 28696
28728 28848 28758 28788 28818
28849 28944 28872 28895 28918
28945 29093 28982 29019 29056
29094 29167 29112 29130 29148
29168 29218 29180 29192 29204
29219 29322 29244 29269 29294
29323 29386 29338 29353 29368
29387 29485 29411 29435 29459
29486 29546 29501 29516 29531
29547 29629 29567 29587 29607
29630 29824 29678 29726 29774
29825 29902 29844 29863 29882
29903 29989 29924 29945 29966
29990 30223 29992 29994 30165
30224 30359 30257 30290 30323
30360 30411 30372 30384 30396
30412 30558 30448 30484 30520
30559 30628 30576 30593 30610
30629 30666 30638 30647 30656
30667 30698 30674 30681 30688
30699 30737 30708 30717 30726
30738 30786 30750 30762 30774
30787 30823 30796 30805 30814
30824 30846 30829 30834 30839
30847 30875 30854 30861 30868
30876 30893 30880 30884 30888
30894 30921 30900 30906 30912
30922 30938 30926 30930 30934
30939 30977 30948 30957 30966
30978 31018 30988 30998 31008
31019 31066 31030 31041 31052
31067 31113 31078 31089 31100
31114 31140 31120 31126 31132
31141 31159 31145 31149 31153
31160 31179 31164 31168 31172
31180 31215 31188 31196 31204
31216 31246 31223 31230 31237
31247 31270 31252 31257 31262
31271 31304 31279 31287 31295
31305 31349 31316 31327 31338
31350 31381 31357 31364 31371
31382 31440 31396 31410 31424
31441 31495 31454 31467 31480
31496 31518 31501 31506 31511
31519 31550 31526 31533 31540
31551 31571 31556 31561 31566
31572 31597 31578 31584 31590
31598 31620 31603 31608 31613
31621 31637 31625 31629 31633
31638 31673 31646 31654 31662
31674 31695 31679 31684 31689
31696 31716 31701 31706 31711
31717 31745 31724 31731 31738
31746 31774 31753 31760 31767
31775 31792 31779 31783 31787
31793 31812 31797 31801 31805
31813 31886 31831 31849 31867
31887 31924 31896 31905 31914
31925 31947 31930 31935 31940
31948 31990 31958 31968 31978
31991 32020 31998 32005 32012
32021 32046 32027 32033 32039
32047 32075 32054 32061 32068
32076 32122 32087 32098 32109
32123 32184 32138 32153 32168
32185 32210 32191 32197 32203
32211 32227 32215 32219 32223
32228 32273 32239 32250 32261
32274 32298 32280 32286 32292
32299 32319 32304 32309 32314
32320 32348 32327 32334 32341
32349 32367 32353 32357 32361
32368 32388 32373 32378 32383
32389 32419 32396 32403 32410
32420 32438 32424 32428 32432
32439 32480 32449 32459 32469
32481 32514 32489 32497 32505
32515 32600 32536 32557 32578
32601 32654 32614 32627 32640
32655 32798 32690 32725 32760
32799 32847 32811 32823 32835
32848 32911 32863 32878 32893
32912 32945 32920 32928 32936
32946 32987 32956 32966 32976
32988 33144 33027 33066 33105
33145 33239 33168 33191 33214
33240 33337 33264 33288 33312
33338 33790 33451 33564 33677
33791 33965 33834 33877 33920
33966 34034 33983 34000 34017
34035 34463 34142 34249 34356
34464 34505 34474 34484 34494
34506 34922 34610 34714 34818
34923 35058 34956 34989 35022
35059 35097 35068 35077 35086
35098 35115 35102 35106 35110
35116 35151 35124 35132 35140
35152 35177 35158 35164 35170
35178 35277 35202 35226 35250
35278 35321 35288 35298 35308
35322 35367 35333 35344 35355
35368 35400 35376 35384 35392
35401 35467 35417 35433 35449
35468 35510 35478 35488 35498
35511 35673 35551 35591 35631
35674 35729 35687 35700 35713
35730 35778 35742 35754 35766
35779 35853 35797 35815 35833
35854 35892 35863 35872 35881
35893 35921 35900 35907 35914
35922 35987 35938 35954 35970
35988 36026 35997 36006 36015
36027 36062 36035 36043 36051
36063 36123 36078 36093 36108
36124 36166 36134 36144 36154
36167 36231 36183 36199 36215
36232 36297 36248 36264 36280
36298 36376 36317 36336 36355
36377 36419 36387 36397 36407
36420 36494 36438 36456 36474
36495 36569 36513 36531 36549
36570 36654 36591 36612 36633
36655 36746 36677 36699 36721
36747 36788 36757 36767 36777
36789 36905 36818 36847 36876
36906 36976 36923 36940 36957
36977 37054 36996 37015 37034
37055 37095 37065 37075 37085
37096 37162 37112 37128 37144
37163 37283 37193 37223 37253
37284 37399 37312 37340 37368
37400 37437 37409 37418 37427
37438 37478 37448 37458 37468
37479 37496 37483 37487 37491
37497 37536 37506 37515 37524
37537 37589 37550 37563 37576
37590 37659 37607 37624 37641
37660 37849 37707 37754 37801
37850 37942 37873 37896 37919
37943 38004 37958 37973 37988
38005 38150 38041 38077 38113
38151 38205 38164 38177 38190
38206 38284 38225 38244 38263
38285 38377 38308 38331 38354
38378 38462 38399 38420 38441
38463 38508 38474 38485 38496
38509 38582 38527 38545 38563
38583 38614 38590 38597 38604
38615 38669 38628 38641 38654
38670 38777 38696 38722 38748
38778 38906 38810 38842 38874
38907 38973 38923 38939 38955
38974 39065 38996 39018 39040
39066 39232 39107 39148 39189
39233 39323 39255 39277 39299
39324 39353 39331 39338 39345
39354 39477 39384 39414 39444
39478 39522 39489 39500 39511
39523 39568 39534 39545 39556
39569 39698 39601 39633 39665
39699 39800 39724 39749 39774
39801 39879 39820 39839 39858
39880 39979 39904 39928 39952
39980 40057 39999 40018 40037
40058 40162 40084 40110 40136
40163 40272 40190 40217 40244
40273 40389 40302 40331 40360
40390 40419 40397 40404 40411
40420 40503 40440 40460 40480
40504 40685 40549 40594 40639
40686 41013 40767 40848 40929
41014 41094 41034 41054 41074
41095 41398 41170 41245 41320
41399 41528 41431 41463 41495
41529 41614 41550 41571 41592
41615 41760 41651 41687 41723
41761 42004 41821 41881 41941
42005 42162 42044 42083 42122
42163 42256 42186 42209 42232
42257 42336 42276 42295 42314
42337 42414 42356 42375 42394
42415 42469 42428 42441 42454
42470 42659 42517 42564 42611
42660 42725 42676 42692 42708
42726 42777 42738 42750 42762
42778 42875 42802 42826 42850
42876 42974 42900 42924 42948
42975 43029 42988 43001 43014
43030 43067 43039 43048 43057
43068 43123 43081 43094 43107
43124 43195 43141 43158 43175
43196 43454 43260 43324 43388
43455 43558 43480 43505 43530
43559 43647 43581 43603 43625
43648 43692 43659 43670 43681
43693 44081 43790 43887 43984
44082 44118 44091 44100 44109
44119 44187 44136 44153 44170
44188 44672 44309 44430 44551
44673 44711 44682 44691 44700
44712 44775 44727 44742 44757
44776 44825 44788 44800 44812
44826 44864 44835 44844 44853
44865 44891 44871 44877 44883
44892 44909 44896 44900 44904
44910 44969 44924 44938 44952
44970 45002 44977 44984 45000
45003 45070 45019 45035 45051
45071 45122 45083 45095 45107
45123 45171 45135 45147 45159
45172 45307 45205 45238 45271
45308 45350 45318 45328 45338
45351 45467 45380 45409 45438
45468 45493 45474 45480 45486
45494 45551 45508 45522 45536
45552 45705 45590 45628 45666
45706 45926 45761 45816 45871
45927 46083 45966 46005 46044
46084 46137 46097 46110 46123
46138 46191 46151 46164 46177
46192 46266 46210 46228 46246
46267 46319 46280 46293 46306
46320 46357 46329 46338 46347
46358 46381 46363 46368 46373
46382 46411 46389 46396 46403
46412 46431 46416 46420 46424
46432 46547 46460 46488 46516
46548 46835 46619 46690 46761
46836 46902 46852 46868 46884
46903 46965 46918 46933 46948
46966 47013 46977 46988 46999
47014 47032 47018 47022 47026
47033 47062 47040 47047 47054
47063 47085 47068 47073 47078
47086 47104 47090 47094 47098
47105 47130 47111 47117 47123
47131 47168 47140 47149 47158
47169 47530 47259 47349 47439
47531 47585 47544 47557 47570
47586 47980 47684 47782 47880
47981 48066 48002 48023 48044
48067 48264 48116 48165 48214
48265 48375 48292 48319 48346
48376 49461 48647 48918 49189
49462 49505 49472 49482 49492
49506 49556 49518 49530 49542
49557 49593 49566 49575 49584
49594 49627 49602 49610 49618
49628 49664 49637 49646 49655
49665 49811 49701 49737 49773
49812 49887 49830 49848 49866
49888 49974 49909 49930 49951
49975 50034 49989 50003 50017
50035 50124 50057 50079 50101
50125 50154 50132 50139 50146
50155 50195 50165 50175 50185
50196 50260 50212 50228 50244
50261 50345 50282 50303 50324
50346 50414 50363 50380 50397
50415 50473 50429 50443 50457
50474 50528 50487 50500 50513
50529 50688 50568 50607 50646
50689 50730 50699 50709 50719
50731 50784 50744 50757 50770
50785 50869 50806 50827 50848
50870 51007 50904 50938 50972
51008 51137 51040 51072 51104
51138 51211 51156 51174 51192
51212 51384 51255 51298 51341
51385 51415 51392 51399 51406
51416 51494 51435 51454 51473
51495 51813 51574 51653 51732
51814 51881 51830 51846 51862
51882 51929 51893 51904 51915
51930 52007 51949 51968 51987
52008 52074 52024 52040 52056
52075 52169 52098 52121 52144
52170 52241 52187 52204 52221
52242 52328 52263 52284 52305
52329 52373 52340 52351 52362
52374 52458 52395 52416 52437
52459 52632 52502 52545 52588
52633 52664 52640 52647 52654
52665 52786 52695 52725 52755
52787 52833 52798 52809 52820
52834 53003 52876 52918 52960
53004 53088 53025 53046 53067
53089 53180 53111 53133 53155
53181 53287 53207 53233 53259
53288 53415 53319 53350 53381
53416 53461 53427 53438 53449
53462 53509 53473 53484 53495
53510 53548 53519 53528 53537
53549 53603 53562 53575 53588
53604 53654 53616 53628 53640
53655 53717 53670 53685 53700
53718 53762 53729 53740 53751
53763 53781 53767 53771 53775
53782 53812 53789 53796 53803
53813 53843 53820 53827 53834
53844 53872 53851 53858 53865
53873 53907 53881 53889 53897
53908 53976 53925 53942 53959
53977 54028 53989 54001 54013
54029 54068 54038 54047 54056
54069 54230 54109 54149 54189
54231 54340 54258 54285 54312
54341 54435 54364 54387 54410
54436 54529 54459 54482 54505
54530 54690 54570 54610 54650
54691 54816 54722 54753 54784
54817 55143 54898 54979 55060
55144 55205 55159 55174 55189
55206 55252 55217 55228 55239
55253 55306 55266 55279 55292
55307 55531 55363 55419 55475
55532 55585 55545 55558 55571
55586 55617 55593 55600 55607
55618 55664 55629 55640 55651
55665 55687 55670 55675 55680
55688 55721 55696 55704 55712
55722 55803 55742 55762 55782
55804 55850 55815 55826 55837
55851 55965 55879 55907 55935
55966 56013 55977 55988 55999
56014 56241 56070 56126 56182
56242 56627 56338 56434 56530
56628 56655 56634 56640 56646
56656 56714 56670 56684 56698
56715 56790 56733 56751 56769
56791 56826 56799 56807 56815
56827 56875 56839 56851 56863
56876 56927 56888 56900 56912
56928 57003 56946 56964 56982
57004 57077 57022 57040 57058
57078 57124 57089 57100 57111
57125 57184 57139 57153 57167
57185 57222 57194 57203 57212
57223 57298 57241 57259 57277
57299 57389 57321 57343 57365
57390 57446 57404 57418 57432
57447 57500 57460 57473 57486
57501 57559 57515 57529 57543
57560 57635 57578 57596 57614
57636 57679 57646 57656 57666
57680 57716 57689 57698 57707
57717 57786 57734 57751 57768
57787 57819 57795 57803 57811
57820 57855 57828 57836 57844
57856 57928 57874 57892 57910
57929 57990 57944 57959 57974
57991 58037 58002 58013 58024
58038 58125 58059 58080 58101
58126 58162 58135 58144 58153
58163 58187 58169 58175 58181
58188 58223 58196 58204 58212
58224 58268 58235 58246 58257
58269 58324 58282 58295 58308
58325 58378 58338 58351 58364
58379 58428 58391 58403 58415
58429 58652 58484 58539 58594
58653 58762 58680 58707 58734
58763 58802 58772 58781 58790
58803 58933 58835 58867 58899
58934 59000 58950 58966 58982
59001 59153 59039 59077 59115
59154 59202 59166 59178 59190
59203 59328 59234 59265 59296
59329 59455 59360 59391 59422
59456 59492 59465 59474 59483
59493 59552 59507 59521 59535
59553 59583 59560 59567 59574
59584 59616 59592 59600 59608
59617 59686 59634 59651 59668
59687 59821 59720 59753 59786
59822 59927 59848 59874 59900
59928 59972 59939 59950 59961
59973 60045 59979 59985 60033
60046 60168 60076 60106 60136
60169 60230 60184 60199 60214
60231 60424 60279 60327 60375
60425 60458 60433 60441 60449
60459 60536 60478 60497 60516
60537 60647 60564 60591 60618
60648 60707 60662 60676 60690
60708 60808 60733 60758 60783
60809 60891 60829 60849 60869
60892 60941 60904 60916 60928
60942 61007 60958 60974 60990
61008 61043 61016 61024 61032
61044 61091 61055 61066 61077
61092 61152 61107 61122 61137
61153 61255 61178 61203 61228
61256 61322 61272 61288 61304
61323 61517 61371 61419 61467
61518 61587 61535 61552 61569
61588 61636 61600 61612 61624
61637 61677 61647 61657 61667
61678 61746 61695 61712 61729
61747 61770 61752 61757 61762
61771 61906 61804 61837 61870
61907 62146 61966 62025 62084
62147 62430 62217 62287 62357
62431 62546 62459 62487 62515
62547 62584 62556 62565 62574
62585 62629 62596 62607 62618
62630 62674 62641 62652 62663
62675 62741 62691 62707 62723
62742 62808 62758 62774 62790
62809 62910 62834 62859 62884
62911 63054 62946 62981 63016
63055 63111 63069 63083 63097
63112 63227 63140 63168 63196
63228 63356 63260 63292 63324
63357 63452 63380 63403 63426
63453 63559 63479 63505 63531
63560 63657 63584 63608 63632
63658 63789 63690 63722 63754
63790 63873 63810 63830 63850
63874 64022 63911 63948 63985
64023 64078 64036 64049 64062
64079 64149 64096 64113 64130
64150 64252 64175 64200 64225
64253 64321 64270 64287 64304
64322 64524 64372 64422 64472
64525 64607 64545 64565 64585
64608 64709 64633 64658 64683
64710 65313 64860 65010 65160
65314 65355 65324 65334 65344
65356 65450 65379 65402 65425
65451 65539 65473 65495 65517
65540 65630 65562 65584 65606
65631 65702 65648 65665 65682
65703 65891 65750 65797 65844
65892 66063 65934 65976 66018
66064 66133 66081 66098 66115
66134 66187 66147 66160 66173
66188 66238 66200 66212 66224
66239 66292 66252 66265 66278
66293 66399 66319 66345 66371
66400 66922 66530 66660 66790
66923 66935 66926 66929 66932
66936 67181 66997 67058 67119
67182 67327 67218 67254 67290
67328 67504 67372 67416 67460
67505 67602 67529 67553 67577
67603 67661 67617 67631 67645
67662 67791 67694 67726 67758
67792 67816 67798 67804 67810
67817 67951 67850 67883 67916
67952 68094 67987 68022 68057
68095 68147 68108 68121 68134
68148 68231 68168 68188 68208
68232 68298 68248 68264 68280
68299 68409 68326 68353 68380
68410 68464 68423 68436 68449
68465 68566 68490 68515 68540
68567 68657 68589 68611 68633
68658 68970 68736 68814 68892
68971 68999 68978 68985 68992
69000 69037 69009 69018 69027
69038 69085 69049 69060 69071
69086 69179 69109 69132 69155
69180 69217 69189 69198 69207
69218 69246 69225 69232 69239
69247 69283 69256 69265 69274
69284 69344 69299 69314 69329
69345 69397 69358 69371 69384
69398 69435 69407 69416 69425
69436 69480 69447 69458 69469
69481 69526 69492 69503 69514
69527 69585 69541 69555 69569
69586 69659 69604 69622 69640
69660 69700 69670 69680 69690
69701 69754 69714 69727 69740
69755 69798 69765 69775 69785
69799 69887 69821 69843 69865
69888 69917 69895 69902 69909
69918 69956 69927 69936 69945
69957 70031 69975 69993 70011
70032 70107 70050 70068 70086
70108 70137 70115 70122 70129
70138 70185 70149 70160 70171
70186 70221 70194 70202 70210
70222 70279 70236 70250 70264
70280 70351 70297 70314 70331
70352 70455 70377 70402 70427
70456 70556 70481 70506 70531
70557 70622 70573 70589 70605
70623 70691 70640 70657 70674
70692 70774 70712 70732 70752
70775 70823 70787 70799 70811
70824 70878 70837 70850 70863
70879 71000 70909 70939 70969
71001 71060 71015 71029 71043
71061 71174 71089 71117 71145
71175 71231 71189 71203 71217
71232 71271 71241 71250 71259
71272 71317 71283 71294 71305
71318 71373 71331 71344 71357
71374 71428 71387 71400 71413
71429 71600 71471 71513 71555
71601 71670 71618 71635 71652
71671 71737 71687 71703 71719
71738 71797 71752 71766 71780
71798 71864 71814 71830 71846
71865 71882 71869 71873 71877
71883 71904 71888 71893 71898
71905 71928 71910 71915 71920
71929 71995 71945 71961 71977
71996 72035 72005 72014 72023
72036 72116 72056 72076 72096
72117 72154 72126 72135 72144
72155 72230 72173 72191 72209
72231 72282 72243 72255 72267
72283 72361 72302 72321 72340
72362 72414 72375 72388 72401
72415 72450 72423 72431 72439
72451 72491 72461 72471 72481
72492 72563 72509 72526 72543
72564 72752 72611 72658 72705
72753 72808 72766 72779 72792
72809 72864 72822 72835 72848
72865 72938 72883 72901 72919
72939 72986 72950 72961 72972
72987 73058 73004 73021 73038
73059 73130 73076 73093 73110
73131 73425 73204 73277 73350
73426 73494 73443 73460 73477
73495 73551 73509 73523 73537
73552 73615 73567 73582 73597
73616 73996 73711 73806 73901
73997 74069 74015 74033 74051
74070 74110 74080 74090 74100
74111 74182 74128 74145 74162
74183 74286 74208 74233 74258
74287 74483 74336 74385 74434
74484 74504 74489 74494 74499
74505 74552 74516 74527 74538
74553 74658 74579 74605 74631
74659 74826 74700 74741 74782
74827 74893 74843 74859 74875
74894 75002 74920 74946 75000
75003 75056 75016 75029 75042
75057 75126 75074 75091 75108
75127 75173 75138 75149 75160
75174 75242 75191 75208 75225
75243 75276 75251 75259 75267
75277 75322 75288 75299 75310
75323 75388 75339 75355 75371
75389 75533 75425 75461 75497
75534 75688 75572 75610 75648
75689 75732 75699 75709 75719
75733 75849 75762 75791 75820
75850 75909 75864 75878 75892
75910 75986 75929 75948 75967
75987 76037 75999 76011 76023
76038 76119 76058 76078 76098
76120 76167 76131 76142 76153
76168 76227 76182 76196 76210
76228 76255 76234 76240 76246
76256 76288 76264 76272 76280
76289 76313 76295 76301 76307
76314 76353 76323 76332 76341
76354 76621 76420 76486 76552
76622 76835 76675 76728 76781
76836 76906 76853 76870 76887
76907 76980 76925 76943 76961
76981 77086 77007 77033 77059
77087 77147 77102 77117 77132
77148 77203 77161 77174 77187
77204 77336 77237 77270 77303
77337 77490 77375 77413 77451
77491 77580 77513 77535 77557
77581 77628 77592 77603 77614
77629 77814 77675 77721 77767
77815 77910 77838 77861 77884
77911 77953 77921 77931 77941
77954 78072 77983 78012 78041
78073 78134 78088 78103 78118
78135 79094 78374 78613 78852
79095 79409 79173 79251 79329
79410 79464 79423 79436 79449
79465 79548 79485 79505 79525
79549 79650 79574 79599 79624
79651 79689 79660 79669 79678
79690 79750 79705 79720 79735
79751 79812 79766 79781 79796
79813 79866 79826 79839 79852
79867 79910 79877 79887 79897
79911 79969 79925 79939 79953
79970 80013 79980 79990 80000
80014 80107 80037 80060 80083
80108 80306 80157 80206 80255
80307 80401 80330 80353 80376
80402 80464 80417 80432 80447
80465 80506 80475 80485 80495
80507 80540 80515 80523 80531
80541 80586 80552 80563 80574
80587 80626 80596 80605 80614
80627 80669 80637 80647 80657
80670 80717 80681 80692 80703
80718 80784 80734 80750 80766
80785 80863 80804 80823 80842
80864 81226 80954 81044 81134
81227 81277 81239 81251 81263
81278 81319 81288 81298 81308
81320 81345 81326 81332 81338
81346 81456 81373 81400 81427
81457 81541 81478 81499 81520
81542 81566 81548 81554 81560
81567 81601 81575 81583 81591
81602 81631 81609 81616 81623
81632 81688 81646 81660 81674
81689 81705 81693 81697 81701
81706 81724 81710 81714 81718
81725 81757 81733 81741 81749
81758 81810 81771 81784 81797
81811 81832 81816 81821 81826
81833 81872 81842 81851 81860
81873 81964 81895 81917 81939
81965 81986 81970 81975 81980
81987 82033 81998 82009 82020
82034 82059 82040 82046 82052
82060 82085 82066 82072 82078
82086 82164 82105 82124 82143
82165 82181 82169 82173 82177
82182 82202 82187 82192 82197
82203 82241 82212 82221 82230
82242 82268 82248 82254 82260
82269 82291 82274 82279 82284
82292 82324 82300 82308 82316
82325 82416 82347 82369 82391
82417 82444 82423 82429 82435
82445 82495 82457 82469 82481
82496 82571 82514 82532 82550
82572 82709 82606 82640 82674
82710 83224 82838 82966 83094
83225 83364 83259 83293 83327
83365 83514 83402 83439 83476
83515 83613 83539 83563 83587
83614 83650 83623 83632 83641
83651 83784 83684 83717 83750
83785 83818 83793 83801 83809
83819 83881 83834 83849 83864
83882 83935 83895 83908 83921
83936 83973 83945 83954 83963
83974 84037 83989 84004 84019
84038 84101 84053 84068 84083
84102 84208 84128 84154 84180
84209 84236 84215 84221 84227
84237 84274 84246 84255 84264
84275 84418 84310 84345 84380
84419 84503 84440 84461 84482
84504 84574 84521 84538 84555
84575 84668 84598 84621 84644
84669 84712 84679 84689 84699
84713 84769 84727 84741 84755
84770 84814 84781 84792 84803
84815 84932 84844 84873 84902
84933 84975 84943 84953 84963
84976 85075 85000 85024 85048
85076 85102 85082 85088 85094
85103 85153 85115 85127 85139
85154 85228 85172 85190 85208
85229 85253 85235 85241 85247
85254 85277 85259 85264 85269
85278 85331 85291 85304 85317
85332 85357 85338 85344 85350
85358 85383 85364 85370 85376
85384 85426 85394 85404 85414
85427 85447 85432 85437 85442
85448 85552 85474 85500 85526
85553 85665 85581 85609 85637
85666 85737 85683 85700 85717
85738 86062 85819 85900 85981
86063 86145 86083 86103 86123
86146 86252 86172 86198 86224
86253 86319 86269 86285 86301
86320 86386 86336 86352 86368
86387 86460 86405 86423 86441
86461 86480 86465 86469 86473
86481 86508 86487 86493 86499
86509 86533 86515 86521 86527
86534 86645 86561 86588 86615
86646 86692 86657 86668 86679
86693 86727 86701 86709 86717
86728 86773 86739 86750 86761
86774 86834 86789 86804 86819
86835 86881 86846 86857 86868
86882 86912 86889 86896 86903
86913 86964 86925 86937 86949
86965 87041 86984 87003 87022
87042 87098 87056 87070 87084
87099 87127 87106 87113 87120
87128 87152 87134 87140 87146
87153 87187 87161 87169 87177
87188 87437 87250 87312 87374
87438 87466 87445 87452 87459
87467 87574 87493 87519 87545
87575 87622 87586 87597 87608
87623 87653 87630 87637 87644
87654 87694 87664 87674 87684
87695 87754 87709 87723 87737
87755 87808 87768 87781 87794
87809 87872 87824 87839 87854
87873 87909 87882 87891 87900
87910 87938 87917 87924 87931
87939 87970 87946 87953 87960
87971 88034 87986 88001 88016
88035 88072 88044 88053 88062
88073 88118 88084 88095 88106
88119 88157 88128 88137 88146
88158 88190 88166 88174 88182
88191 88207 88195 88199 88203
88208 88232 88214 88220 88226
88233 88259 88239 88245 88251
88260 88277 88264 88268 88272
88278 88305 88284 88290 88296
88306 88322 88310 88314 88318
88323 88360 88332 88341 88350
88361 88390 88368 88375 88382
88391 88420 88398 88405 88412
88421 88448 88427 88433 88439
88449 88489 88459 88469 88479
88490 88577 88511 88532 88553
88578 88724 88614 88650 88686
88725 88862 88759 88793 88827
88863 89309 88974 89085 89196
89310 89514 89361 89412 89463
89515 89605 89537 89559 89581
89606 89674 89623 89640 89657
89675 89719 89686 89697 89708
89720 89800 89740 89760 89780
89801 89855 89814 89827 89840
89856 89993 89890 89924 89958
89994 90041 89995 89996 90030
90042 90078 90051 90060 90069
90079 90191 90107 90135 90163
90192 90258 90208 90224 90240
90259 90292 90267 90275 90283
90293 90339 90304 90315 90326
90340 90369 90347 90354 90361
90370 90550 90415 90460 90505
90551 90599 90563 90575 90587
90600 90661 90615 90630 90645
90662 90812 90699 90736 90773
90813 90836 90818 90823 90828
90837 90885 90849 90861 90873
90886 90902 90890 90894 90898
90903 90931 90910 90917 90924
90932 90960 90939 90946 90953
90961 91045 90982 91003 91024
91046 91112 91062 91078 91094
91113 91363 91175 91237 91299
91364 91449 91385 91406 91427
91450 91542 91473 91496 91519
91543 91647 91569 91595 91621
91648 91698 91660 91672 91684
91699 91789 91721 91743 91765
91790 92060 91857 91924 91991
92061 92100 92070 92079 92088
92101 92213 92129 92157 92185
92214 92283 92231 92248 92265
92284 92318 92292 92300 92308
92319 92389 92336 92353 92370
92390 92469 92409 92428 92447
92470 92582 92498 92526 92554
92583 92945 92673 92763 92853
92946 93017 92963 92980 92997
93018 93046 93025 93032 93039
93047 93099 93060 93073 93086
93100 93267 93141 93182 93223
93268 93314 93279 93290 93301
93315 93370 93328 93341 93354
93371 93514 93406 93441 93476
93515 93553 93524 93533 93542
93554 93594 93564 93574 93584
93595 93622 93601 93607 93613
93623 93671 93635 93647 93659
93672 93711 93681 93690 93699
93712 93733 93717 93722 93727
93734 93855 93764 93794 93824
93856 93896 93866 93876 93886
93897 93987 93919 93941 93963
93988 94004 93992 93996 94000
94005 94022 94009 94013 94017
94023 94126 94048 94073 94098
94127 94153 94133 94139 94145
94154 94174 94159 94164 94169
94175 94206 94182 94189 94196
94207 94257 94219 94231 94243
94258 94325 94274 94290 94306
94326 94368 94336 94346 94356
94369 94411 94379 94389 94399
94412 94467 94425 94438 94451
94468 94550 94488 94508 94528
94551 94599 94563 94575 94587
94600 94664 94616 94632 94648
94665 94835 94707 94749 94791
94836 94910 94854 94872 94890
94911 95039 94943 94975 95007
95040 95083 95050 95060 95070
95084 95137 95097 95110 95123
95138 95264 95169 95200 95231
95265 95362 95289 95313 95337
95363 95699 95447 95531 95615
95700 95909 95752 95804 95856
95910 95990 95930 95950 95970
95991 96087 96015 96039 96063
96088 96139 96100 96112 96124
96140 96187 96151 96162 96173
96188 96258 96205 96222 96239
96259 96349 96281 96303 96325
96350 96436 96371 96392 96413
96437 96486 96449 96461 96473
96487 96620 96520 96553 96586
96621 96653 96629 96637 96645
96654 96706 96667 96680 96693
96707 96743 96716 96725 96734
96744 97067 96824 96904 96984
97068 97125 97082 97096 97110
97126 97150 97132 97138 97144
97151 97449 97225 97299 97373
97450 97498 97462 97474 97486
97499 97537 97508 97517 97526
97538 97574 97547 97556 97565
97575 97611 97584 97593 97602
97612 97642 97619 97626 97633
97643 97681 97652 97661 97670
97682 97742 97697 97712 97727
97743 97789 97754 97765 97776
97790 97854 97806 97822 97838
97855 97895 97865 97875 97885
97896 97956 97911 97926 97941
97957 98020 97972 97987 98002
98021 98810 98218 98415 98612
98811 99124 98889 98967 99045
99125 99255 99157 99189 99221
99256 99371 99284 99312 99340
99372 99505 99405 99438 99471
99506 99644 99540 99574 99608
99645 99693 99657 99669 99681
99694 99813 99723 99752 99781
99814 99927 99842 99870 99898
99928 99976 99940 99952 99964
99977 100044 99993 100009 100025
100045 100144 100069 100093 100117
100145 100194 100157 100169 100181
100195 100465 100262 100329 100396
100466 100534 100483 100500 100517
100535 100688 100573 100611 100649
100689 100827 100723 100757 100791
100828 100954 100859 100890 100921
100955 101075 100985 101015 101045
101076 101399 101156 101236 101316
101400 101493 101423 101446 101469
101494 101619 101525 101556 101587
101620 101870 101682 101744 101806
101871 101933 101886 101901 101916
101934 102032 101958 101982 102006
102033 102199 102074 102115 102156
102200 102293 102223 102246 102269
102294 102385 102316 102338 102360
102386 102466 102406 102426 102446
102467 102615 102504 102541 102578
102616 102649 102624 102632 102640
102650 102709 102664 102678 102692
102710 102802 102733 102756 102779
102803 102888 102824 102845 102866
102889 102937 102901 102913 102925
102938 102966 102945 102952 102959
102967 102998 102974 102981 102988
102999 103055 103013 103027 103041
103056 103113 103070 103084 103098
103114 103174 103129 103144 103159
103175 103201 103181 103187 103193
103202 103262 103217 103232 103247
103263 103310 103274 103285 103296
103311 103363 103324 103337 103350
103364 103499 103397 103430 103463
103500 103617 103529 103558 103587
103618 103682 103634 103650 103666
103683 103730 103694 103705 103716
103731 103771 103741 103751 103761
103772 103870 103796 103820 103844
103871 103913 103881 103891 103901
103914 103944 103921 103928 103935
103945 103976 103952 103959 103966
103977 104052 103995 104013 104031
104053 104084 104060 104067 104074
104085 104190 104111 104137 104163
104191 104258 104207 104223 104239
104259 104283 104265 104271 104277
104284 104305 104289 104294 104299
104306 104370 104322 104338 104354
104371 104397 104377 104383 104389
104398 104471 104416 104434 104452
104472 104556 104493 104514 104535
104557 104701 104593 104629 104665
104702 104797 104725 104748 104771
104798 104929 104830 104862 104894
104930 105098 104947 104964 105072
105099 105144 105110 105121 105132
105145 105245 105170 105195 105220
105246 105324 105265 105284 105303
105325 105791 105441 105557 105673
105792 105881 105814 105836 105858
105882 106200 105961 106040 106119
106201 106342 106236 106271 106306
106343 106393 106355 106367 106379
106394 106513 106423 106452 106481
106514 106624 106541 106568 106595
106625 106689 106641 106657 106673
106690 106793 106715 106740 106765
106794 106877 106814 106834 106854
106878 106999 106908 106938 106968
107000 107055 107013 107026 107039
107056 107089 107064 107072 107080
107090 107117 107096 107102 107108
107118 107150 107126 107134 107142
107151 107198 107162 107173 107184
107199 107256 107213 107227 107241
107257 107301 107268 107279 107290
107302 107350 107314 107326 107338
107351 107424 107369 107387 107405
107425 107561 107459 107493 107527
107562 107631 107579 107596 107613
107632 108241 107784 107936 108088
108242 108466 108298 108354 108410
108467 108546 108486 108505 108524
108547 108895 108634 108721 108808
108896 108982 108917 108938 108959
108983 109122 109017 109051 109085
109123 109257 109156 109189 109222
109258 109444 109304 109350 109396
109445 109547 109470 109495 109520
109548 109606 109562 109576 109590
109607 109796 109654 109701 109748
109797 109924 109828 109859 109890
109925 110110 109971 110017 110063
110111 110334 110166 110221 110276
110335 110396 110350 110365 110380
110397 110442 110408 110419 110430
110443 110539 110467 110491 110515
110540 110662 110570 110600 110630
110663 110721 110677 110691 110705
110722 110762 110732 110742 110752
110763 110848 110784 110805 110826
110849 110916 110865 110881 110897
110917 110990 110935 110953 110971
110991 111020 110998 111005 111012
111021 111045 111027 111033 111039
111046 111109 111061 111076 111091
111110 111140 111117 111124 111131
111141 111169 111148 111155 111162
111170 111206 111179 111188 111197
111207 111259 111220 111233 111246
111260 111323 111275 111290 111305
111324 111369 111335 111346 111357
111370 111415 111381 111392 111403
111416 111472 111430 111444 111458
111473 111566 111496 111519 111542
111567 111719 111605 111643 111681
111720 111762 111730 111740 111750
111763 111888 111794 111825 111856
111889 111944 111902 111915 111928
111945 112053 111972 111999 112026
112054 112106 112067 112080 112093
112107 112148 112117 112127 112137
112149 112203 112162 112175 112188
112204 112263 112218 112232 112246
112264 112416 112302 112340 112378
112417 112509 112440 112463 112486
112510 112645 112543 112576 112609
112646 112741 112669 112692 112715
112742 112772 112749 112756 112763
112773 112814 112783 112793 112803
112815 112856 112825 112835 112845
112857 112931 112875 112893 112911
112932 112997 112948 112964 112980
112998 113054 113012 113026 113040
113055 113102 113066 113077 113088
113103 113167 113119 113135 113151
113168 113324 113207 113246 113285
113325 113410 113346 113367 113388
113411 113430 113415 113419 113423
113431 113554 113461 113491 113521
113555 113665 113582 113609 113636
113666 113706 113676 113686 113696
113707 113884 113751 113795 113839
113885 113985 113910 113935 113960
113986 114060 114004 114022 114040
114061 114115 114074 114087 114100
114116 114140 114122 114128 114134
114141 114196 114154 114167 114180
114197 114418 114252 114307 114362
114419 114521 114444 114469 114494
114522 114620 114546 114570 114594
114621 114776 114659 114697 114735
114777 114817 114787 114797 114807
114818 114912 114841 114864 114887
114913 114954 114923 114933 114943
114955 114990 114963 114971 114979
114991 115084 115014 115037 115060
115085 115169 115106 115127 115148
115170 115222 115183 115196 115209
115223 115411 115270 115317 115364
115412 115523 115439 115466 115493
115524 115848 115605 115686 115767
115849 115907 115863 115877 115891
115908 115994 115929 115950 115971
115995 116231 116054 116113 116172
116232 116299 116248 116264 116280
116300 116345 116311 116322 116333
116346 116365 116350 116354 116358
116366 116417 116378 116390 116402
116418 116458 116428 116438 116448
116459 116533 116477 116495 116513
116534 116620 116555 116576 116597
116621 116670 116633 116645 116657
116671 116726 116684 116697 116710
116727 116770 116737 116747 116757
116771 116835 116787 116803 116819
116836 116905 116853 116870 116887
116906 116943 116915 116924 116933
116944 116998 116957 116970 116983
116999 117096 117023 117047 117071
117097 117187 117119 117141 117163
117188 117249 117203 117218 117233
117250 117323 117268 117286 117304
117324 117379 117337 117350 117363
117380 117421 117390 117400 117410
117422 117456 117430 117438 117446
117457 117517 117472 117487 117502
117518 117617 117542 117566 117590
117618 117647 117625 117632 117639
117648 117707 117662 117676 117690
117708 117741 117716 117724 117732
117742 117776 117750 117758 117766
117777 117859 117797 117817 117837
117860 117902 117870 117880 117890
117903 117978 117921 117939 117957
117979 118029 117991 118003 118015
118030 118115 118051 118072 118093
118116 118205 118138 118160 118182
118206 118250 118217 118228 118239
118251 118330 118270 118289 118308
118331 118381 118343 118355 118367
118382 118438 118396 118410 118424
118439 118467 118446 118453 118460
118468 118611 118503 118538 118573
118612 118650 118621 118630 118639
118651 118743 118674 118697 118720
118744 118776 118752 118760 118768
118777 118843 118793 118809 118825
118844 118914 118861 118878 118895
118915 118994 118934 118953 118972
118995 119044 119007 119019 119031
119045 119084 119054 119063 119072
119085 119125 119095 119105 119115
119126 119166 119136 119146 119156
119167 119237 119184 119201 119218
119238 119304 119254 119270 119286
119305 119375 119322 119339 119356
119376 119442 119392 119408 119424
119443 119496 119456 119469 119482
119497 119532 119505 119513 119521
119533 119589 119547 119561 119575
119590 119613 119595 119600 119605
119614 119665 119626 119638 119650
119666 119692 119672 119678 119684
119693 119757 119709 119725 119741
119758 119793 119766 119774 119782
119794 119851 119808 119822 119836
119852 119894 119862 119872 119882
119895 119928 119903 119911 119919
119929 119993 119945 119961 119977
119994 120064 119995 119996 120048
120065 120275 120117 120169 120221
120276 120359 120296 120316 120336
120360 120437 120379 120398 120417
120438 120555 120467 120496 120525
120556 120630 120574 120592 120610
120631 120661 120638 120645 120652
120662 120757 120685 120708 120731
120758 120785 120764 120770 120776
120786 120924 120820 120854 120888
120925 120960 120933 120941 120949
120961 121073 120989 121017 121045
121074 121095 121079 121084 121089
121096 121142 121107 121118 121129
121143 121341 121192 121241 121290
121342 121410 121359 121376 121393
121411 121517 121437 121463 121489
121518 121545 121524 121530 121536
121546 121581 121554 121562 121570
121582 121600 121586 121590 121594
121601 121644 121611 121621 121631
121645 121681 121654 121663 121672
121682 121706 121688 121694 121700
121707 121730 121712 121717 121722
121731 121755 121737 121743 121749
121756 121782 121762 121768 121774
121783 121812 121790 121797 121804
121813 121892 121832 121851 121870
121893 121912 121897 121901 121905
121913 121935 121918 121923 121928
121936 121960 121942 121948 121954
121961 122007 121972 121983 121994
122008 122027 122012 122016 122020
122028 122056 122035 122042 122049
122057 122144 122078 122099 122120
122145 122178 122153 122161 122169
122179 122226 122190 122201 122212
122227 122276 122239 122251 122263
122277 122328 122289 122301 122313
122329 122375 122340 122351 122362
122376 122444 122393 122410 122427
122445 122511 122461 122477 122493
122512 122594 122532 122552 122572
122595 122642 122606 122617 122628
122643 122699 122657 122671 122685
122700 122744 122711 122722 122733
122745 122807 122760 122775 122790
122808 122922 122836 122864 122892
122923 122975 122936 122949 122962
122976 123016 122986 122996 123006
123017 123061 123028 123039 123050
123062 123109 123073 123084 123095
123110 123178 123127 123144 123161
123179 123308 123211 123243 123275
123309 123364 123322 123335 123348
123365 123457 123388 123411 123434
123458 123488 123465 123472 123479
123489 123557 123506 123523 123540
123558 123614 123572 123586 123600
123615 123660 123626 123637 123648
123661 123697 123670 123679 123688
123698 123747 123710 123722 123734
123748 123820 123766 123784 123802
123821 123903 123841 123861 123881
123904 123971 123920 123936 123952
123972 124024 123985 123998 124011
124025 124064 124034 124043 124052
124065 124180 124093 124121 124149
124181 124206 124187 124193 124199
124207 124229 124212 124217 124222
124230 124311 124250 124270 124290
124312 124356 124323 124334 124345
124357 124414 124371 124385 124399
124415 124489 124433 124451 124469
124490 124521 124497 124504 124511
124522 124607 124543 124564 124585
124608 124680 124626 124644 124662
124681 124730 124693 124705 124717
124731 124780 124743 124755 124767
124781 124809 124788 124795 124802
124810 124839 124817 124824 124831
124840 124856 124844 124848 124852
124857 124894 124866 124875 124884
124895 124937 124905 124915 124925
124938 124954 124942 124946 124950
124955 124988 124963 124971 124979
124989 125027 124998 125007 125016
125028 125051 125033 125038 125043
125052 125082 125059 125066 125073
125083 125104 125088 125093 125098
125105 125133 125112 125119 125126
125134 125161 125140 125146 125152
125162 125195 125170 125178 125186
125196 125213 125200 125204 125208
125214 125232 125218 125222 125226
125233 125250 125237 125241 125245
125251 125307 125265 125279 125293
125308 125337 125315 125322 125329
125338 125362 125344 125350 125356
125363 125393 125370 125377 125384
125394 125419 125400 125406 125412
125420 125446 125426 125432 125438
125447 125466 125451 125455 125459
125467 125486 125471 125475 125479
125487 125508 125492 125497 125502
125509 125545 125518 125527 125536
125546 125565 125550 125554 125558
125566 125595 125573 125580 125587
125596 125619 125601 125606 125611
125620 125642 125625 125630 125635
125643 125681 125652 125661 125670
125682 125699 125686 125690 125694
125700 125742 125710 125720 125730
125743 125762 125747 125751 125755
125763 125808 125774 125785 125796
125809 125833 125815 125821 125827
125834 125875 125844 125854 125864
125876 125897 125881 125886 125891
125898 125929 125905 125912 125919
125930 125956 125936 125942 125948
125957 125981 125963 125969 125975
125982 126013 125989 125996 126003
126014 126075 126029 126044 126059
126076 126103 126082 126088 126094
126104 126121 126108 126112 126116
126122 126139 126126 126130 126134
126140 126157 126144 126148 126152
126158 126179 126163 126168 126173
126180 126196 126184 126188 126192
126197 126217 126202 126207 126212
126218 126242 126224 126230 126236
126243 126270 126249 126255 126261
126271 126293 126276 126281 126286
126294 126319 126300 126306 126312
126320 126343 126325 126330 126335
126344 126360 126348 126352 126356
126361 126378 126365 126369 126373
126379 126414 126387 126395 126403
126415 126438 126420 126425 126430
126439 126475 126448 126457 126466
126476 126512 126485 126494 126503
126513 126541 126520 126527 126534
126542 126559 126546 126550 126554
126560 126600 126570 126580 126590
126601 126631 126608 126615 126622
126632 126666 126640 126648 126656
126667 126694 126673 126679 126685
126695 126726 126702 126709 126716
126727 126765 126736 126745 126754
126766 126801 126774 126782 126790
126802 126862 126817 126832 126847
126863 126913 126875 126887 126899
126914 126957 126924 126934 126944
126958 127113 126996 127034 127072
127114 127237 127144 127174 127204
127238 127270 127246 127254 127262
127271 127309 127280 127289 127298
127310 127328 127314 127318 127322
127329 127373 127340 127351 127362
127374 127406 127382 127390 127398
127407 127466 127421 127435 127449
127467 127516 127479 127491 127503
127517 127552 127525 127533 127541
127553 127585 127561 127569 127577
127586 127615 127593 127600 127607
127616 127639 127621 127626 127631
127640 127682 127650 127660 127670
127683 127717 127691 127699 127707
127718 127752 127726 127734 127742
127753 127781 127760 127767 127774
127782 127807 127788 127794 127800
127808 127872 127824 127840 127856
127873 127906 127881 127889 127897
127907 127957 127919 127931 127943
127958 128000 127968 127978 127988
128001 128043 128011 128021 128031
128044 128077 128052 128060 128068
128078 128118 128088 128098 128108
128119 128160 128129 128139 128149
128161 128180 128165 128169 128173
128181 128216 128189 128197 128205
128217 128249 128225 128233 128241
128250 128284 128258 128266 128274
128285 128306 128290 128295 128300
128307 128325 128311 128315 128319
128326 128342 128330 128334 128338
128343 128378 128351 128359 128367
128379 128395 128383 128387 128391
128396 128427 128403 128410 128417
128428 128446 128432 128436 128440
128447 128463 128451 128455 128459
128464 128485 128469 128474 128479
128486 128504 128490 128494 128498
128505 128528 128510 128515 128520
128529 128548 128533 128537 128541
128549 128584 128557 128565 128573
128585 128606 128590 128595 128600
128607 128626 128611 128615 128619
128627 128643 128631 128635 128639
128644 128671 128650 128656 128662
128672 128714 128682 128692 128702
128715 128763 128727 128739 128751
128764 128862 128788 128812 128836
128863 128882 128867 128871 128875
128883 128903 128888 128893 128898
128904 128933 128911 128918 128925
128934 128955 128939 128944 128949
128956 128982 128962 128968 128974
128983 129049 128999 129015 129031
129050 129072 129055 129060 129065
129073 129110 129082 129091 129100
129111 129138 129117 129123 129129
129139 129175 129148 129157 129166
129176 129216 129186 129196 129206
129217 129263 129228 129239 129250
129264 129299 129272 129280 129288
129300 129335 129308 129316 129324
129336 129366 129343 129350 129357
129367 129403 129376 129385 129394
129404 129433 129411 129418 129425
129434 129471 129443 129452 129461
129472 129488 129476 129480 129484
129489 129519 129496 129503 129510
129520 129594 129538 129556 129574
129595 129622 129601 129607 129613
129623 129642 129627 129631 129635
129643 129668 129649 129655 129661
129669 129714 129680 129691 129702
129715 129736 129720 129725 129730
129737 129766 129744 129751 129758
129767 129806 129776 129785 129794
129807 129839 129815 129823 129831
129840 129870 129847 129854 129861
129871 129904 129879 129887 129895
129905 129945 129915 129925 129935
129946 130041 129969 129992 130015
130042 130117 130060 130078 130096
130118 130159 130128 130138 130148
130160 130216 130174 130188 130202
130217 130253 130226 130235 130244
130254 130282 130261 130268 130275
130283 130325 130293 130303 130313
130326 130360 130334 130342 130350
130361 130399 130370 130379 130388
130400 130441 130410 130420 130430
130442 130488 130453 130464 130475
130489 130552 130504 130519 130534
130553 130605 130566 130579 130592
130606 130634 130613 130620 130627
130635 130653 130639 130643 130647
130654 130670 130658 130662 130666
130671 130692 130676 130681 130686
130693 130727 130701 130709 130717
130728 130749 130733 130738 130743
130750 130767 130754 130758 130762
130768 130791 130773 130778 130783
130792 130826 130800 130808 130816
130827 130861 130835 130843 130851
130862 130947 130883 130904 130925
130948 130974 130954 130960 130966
130975 131021 130986 130997 131008
131022 131090 131039 131056 131073
131091 131152 131106 131121 131136
131153 131208 131166 131179 131192
131209 131238 131216 131223 131230
131239 131276 131248 131257 131266
131277 131305 131284 131291 131298
131306 131347 131316 131326 131336
131348 131388 131358 131368 131378
131389 131433 131400 131411 131422
131434 131500 131450 131466 131482
131501 131526 131507 131513 131519
131527 131564 131536 131545 131554
131565 131628 131580 131595 131610
131629 131689 131644 131659 131674
131690 131728 131699 131708 131717
131729 131786 131743 131757 131771
131787 131827 131797 131807 131817
131828 131876 131840 131852 131864
131877 131916 131886 131895 131904
131917 132029 131945 131973 132001
132030 132119 132052 132074 132096
132120 132199 132139 132158 132177
132200 132230 132207 132214 132221
132231 132266 132239 132247 132255
132267 132315 132279 132291 132303
132316 132358 132326 132336 132346
132359 132433 132377 132395 132413
132434 132459 132440 132446 132452
132460 132484 132466 132472 132478
132485 132521 132494 132503 132512
132522 132551 132529 132536 132543
132552 132575 132557 132562 132567
132576 132618 132586 132596 132606
132619 132657 132628 132637 132646
132658 132687 132665 132672 132679
132688 132735 132699 132710 132721
132736 132783 132747 132758 132769
132784 132837 132797 132810 132823
132838 132884 132849 132860 132871
132885 132919 132893 132901 132909
132920 133020 132945 132970 132995
133021 133050 133028 133035 133042
133051 133084 133059 133067 133075
133085 133118 133093 133101 133109
133119 133205 133140 133161 133182
133206 133264 133220 133234 133248
133265 133462 133314 133363 133412
133463 133505 133473 133483 133493
133506 133546 133516 133526 133536
133547 133585 133556 133565 133574
133586 133632 133597 133608 133619
133633 133658 133639 133645 133651
133659 133729 133676 133693 133710
133730 133755 133736 133742 133748
133756 133787 133763 133770 133777
133788 133814 133794 133800 133806
133815 133847 133823 133831 133839
133848 133887 133857 133866 133875
133888 133953 133904 133920 133936
133954 133996 133964 133974 133984
133997 134019 134002 134007 134012
134020 134071 134032 134044 134056
134072 134144 134090 134108 134126
134145 134259 134173 134201 134229
134260 134332 134278 134296 134314
134333 134362 134340 134347 134354
134363 134426 134378 134393 134408
134427 134447 134432 134437 134442
134448 134491 134458 134468 134478
134492 134521 134499 134506 134513
134522 134555 134530 134538 134546
134556 134578 134561 134566 134571
134579 134603 134585 134591 134597
134604 134654 134616 134628 134640
134655 134695 134665 134675 134685
134696 134748 134709 134722 134735
134749 134854 134775 134801 134827
134855 134904 134867 134879 134891
134905 134932 134911 134917 134923
134933 135044 134949 134965 135033
135045 135142 135069 135093 135117
135143 135170 135149 135155 135161
135171 135348 135215 135259 135303
135349 135367 135353 135357 135361
135368 135453 135389 135410 135431
135454 135500 135465 135476 135487
135501 135545 135512 135523 135534
135546 135604 135560 135574 135588
135605 135632 135611 135617 135623
135633 135678 135644 135655 135666
135679 135833 135717 135755 135793
135834 135870 135843 135852 135861
135871 135917 135882 135893 135904
135918 135953 135926 135934 135942
135954 135971 135958 135962 135966
135972 136020 135984 135996 136008
136021 136065 136032 136043 136054
136066 136129 136081 136096 136111
136130 136203 136148 136166 136184
136204 136255 136216 136228 136240
136256 136338 136276 136296 136316
136339 136381 136349 136359 136369
136382 136421 136391 136400 136409
136422 136488 136438 136454 136470
136489 136546 136503 136517 136531
136547 136617 136564 136581 136598
136618 136658 136628 136638 136648
136659 136708 136671 136683 136695
136709 136731 136714 136719 136724
136732 136754 136737 136742 136747
136755 136788 136763 136771 136779
136789 136805 136793 136797 136801
136806 136844 136815 136824 136833
136845 136893 136857 136869 136881
136894 136920 136900 136906 136912
136921 136957 136930 136939 136948
136958 137031 136976 136994 137012
137032 137088 137046 137060 137074
137089 137136 137100 137111 137122
137137 137195 137151 137165 137179
137196 137235 137205 137214 137223
137236 137255 137240 137244 137248
137256 137285 137263 137270 137277
137286 137363 137305 137324 137343
137364 137387 137369 137374 137379
137388 137416 137395 137402 137409
137417 137452 137425 137433 137441
137453 137470 137457 137461 137465
137471 137529 137485 137499 137513
137530 137581 137542 137554 137566
137582 137698 137611 137640 137669
137699 137724 137705 137711 137717
137725 137744 137729 137733 137737
137745 137769 137751 137757 137763
137770 137818 137782 137794 137806
137819 137849 137826 137833 137840
137850 137930 137870 137890 137910
137931 137970 137940 137949 137958
137971 138014 137981 137991 138001
138015 138031 138019 138023 138027
138032 138051 138036 138040 138044
138052 138092 138062 138072 138082
138093 138113 138098 138103 138108
138114 138144 138121 138128 138135
138145 138162 138149 138153 138157
138163 138189 138169 138175 138181
138190 138206 138194 138198 138202
138207 138230 138212 138217 138222
138231 138252 138236 138241 138246
138253 138269 138257 138261 138265
138270 138294 138276 138282 138288
138295 138312 138299 138303 138307
138313 138337 138319 138325 138331
138338 138358 138343 138348 138353
138359 138388 138366 138373 138380
138389 138441 138402 138415 138428
138442 138460 138446 138450 138454
138461 138494 138469 138477 138485
138495 138511 138499 138503 138507
138512 138542 138519 138526 138533
138543 138570 138549 138555 138561
138571 138594 138576 138581 138586
138595 138617 138600 138605 138610
138618 138642 138624 138630 138636
138643 138688 138654 138665 138676
138689 138738 138701 138713 138725
138739 138772 138747 138755 138763
138773 138813 138783 138793 138803
138814 138830 138818 138822 138826
138831 138861 138838 138845 138852
138862 138879 138866 138870 138874
138880 138911 138887 138894 138901
138912 138947 138920 138928 138936
138948 138973 138954 138960 138966
138974 138993 138978 138982 138986
138994 139013 138998 139002 139006
139014 139059 139025 139036 139047
139060 139099 139069 139078 139087
139100 139134 139108 139116 139124
139135 139152 139139 139143 139147
139153 139177 139159 139165 139171
139178 139204 139184 139190 139196
139205 139275 139222 139239 139256
139276 139312 139285 139294 139303
139313 139412 139337 139361 139385
139413 139446 139421 139429 139437
139447 139490 139457 139467 139477
139491 139541 139503 139515 139527
139542 139608 139558 139574 139590
139609 139737 139641 139673 139705
139738 139836 139762 139786 139810
139837 139863 139843 139849 139855
139864 139886 139869 139874 139879
139887 139915 139894 139901 139908
139916 139948 139924 139932 139940
139949 139972 139954 139959 139964
139973 140001 139980 139987 139994
140002 140060 140016 140030 140044
140061 140085 140067 140073 140079
140086 140106 140091 140096 140101
140107 140133 140113 140119 140125
140134 140165 140141 140148 140155
140166 140209 140176 140186 140196
140210 140236 140216 140222 140228
140237 140260 140242 140247 140252
140261 140301 140271 140281 140291
140302 140321 140306 140310 140314
140322 140349 140328 140334 140340
140350 140382 140358 140366 140374
140383 140429 140394 140405 140416
140430 140462 140438 140446 140454
140463 140485 140468 140473 140478
140486 140517 140493 140500 140507
140518 140583 140534 140550 140566
140584 140651 140600 140616 140632
140652 140688 140661 140670 140679
140689 140711 140694 140699 140704
140712 140731 140716 140720 140724
140732 140763 140739 140746 140753
140764 140786 140769 140774 140779
140787 140829 140797 140807 140817
140830 140866 140839 140848 140857
140867 140888 140872 140877 140882
140889 140905 140893 140897 140901
140906 140923 140910 140914 140918
140924 140951 140930 140936 140942
140952 140980 140959 140966 140973
140981 141031 140993 141005 141017
141032 141061 141039 141046 141053
141062 141090 141069 141076 141083
141091 141129 141100 141109 141118
141130 141167 141139 141148 141157
141168 141191 141173 141178 141183
141192 141228 141201 141210 141219
141229 141267 141238 141247 141256
141268 141303 141276 141284 141292
141304 141330 141310 141316 141322
141331 141382 141343 141355 141367
141383 141437 141396 141409 141422
141438 141463 141444 141450 141456
141464 141505 141474 141484 141494
141506 141523 141510 141514 141518
141524 141550 141530 141536 141542
141551 141577 141557 141563 141569
141578 141613 141586 141594 141602
141614 141640 141620 141626 141632
141641 141669 141648 141655 141662
141670 141701 141677 141684 141691
141702 141743 141712 141722 141732
141744 141782 141753 141762 141771
141783 141810 141789 141795 141801
141811 141838 141817 141823 141829
141839 141892 141852 141865 141878
141893 141929 141902 141911 141920
141930 141968 141939 141948 141957
141969 142011 141979 141989 141999
142012 142064 142025 142038 142051
142065 142098 142073 142081 142089
142099 142134 142107 142115 142123
142135 142163 142142 142149 142156
142164 142182 142168 142172 142176
142183 142199 142187 142191 142195
142200 142229 142207 142214 142221
142230 142253 142235 142240 142245
142254 142275 142259 142264 142269
142276 142300 142282 142288 142294
142301 142334 142309 142317 142325
142335 142356 142340 142345 142350
142357 142386 142364 142371 142378
142387 142411 142393 142399 142405
142412 142441 142419 142426 142433
142442 142459 142446 142450 142454
142460 142507 142471 142482 142493
142508 142530 142513 142518 142523
142531 142565 142539 142547 142555
142566 142593 142572 142578 142584
142594 142627 142602 142610 142618
142628 142663 142636 142644 142652
142664 142701 142673 142682 142691
142702 142756 142715 142728 142741
142757 142797 142767 142777 142787
142798 142837 142807 142816 142825
142838 142855 142842 142846 142850
142856 142918 142871 142886 142901
142919 142974 142932 142945 142958
142975 143041 142991 143007 143023
143042 143060 143046 143050 143054
143061 143079 143065 143069 143073
143080 143119 143089 143098 143107
143120 143171 143132 143144 143156
143172 143205 143180 143188 143196
143206 143238 143214 143222 143230
143239 143263 143245 143251 143257
143264 143305 143274 143284 143294
143306 143353 143317 143328 143339
143354 143371 143358 143362 143366
143372 143391 143376 143380 143384
143392 143417 143398 143404 143410
143418 143451 143426 143434 143442
143452 143477 143458 143464 143470
143478 143499 143483 143488 143493
143500 143531 143507 143514 143521
143532 143569 143541 143550 143559
143570 143587 143574 143578 143582
143588 143607 143592 143596 143600
143608 143628 143613 143618 143623
143629 143664 143637 143645 143653
143665 143697 143673 143681 143689
143698 143722 143704 143710 143716
143723 143742 143727 143731 143735
143743 143765 143748 143753 143758
143766 143786 143771 143776 143781
143787 143809 143792 143797 143802
143810 143829 143814 143818 143822
143830 143853 143835 143840 143845
143854 143890 143863 143872 143881
143891 143913 143896 143901 143906
143914 144033 143943 143972 144001
144034 144142 144061 144088 144115
144143 144219 144162 144181 144200
144220 144272 144233 144246 144259
144273 144348 144291 144309 144327
144349 144451 144374 144399 144424
144452 144540 144474 144496 144518
144541 144632 144563 144585 144607
144633 144733 144658 144683 144708
144734 144926 144782 144830 144878
144927 144962 144935 144943 144951
144963 145046 144983 145003 145023
145047 145164 145076 145105 145134
145165 145207 145175 145185 145195
145208 145274 145224 145240 145256
145275 145347 145293 145311 145329
145348 145452 145374 145400 145426
145453 145503 145465 145477 145489
145504 145559 145517 145530 145543
145560 145668 145587 145614 145641
145669 145777 145696 145723 145750
145778 145996 145832 145886 145940
145997 146083 146018 146039 146060
146084 146126 146094 146104 146114
146127 146200 146145 146163 146181
146201 146246 146212 146223 146234
146247 146318 146264 146281 146298
146319 146367 146331 146343 146355
146368 146407 146377 146386 146395
146408 146457 146420 146432 146444
146458 146575 146487 146516 146545
146576 146658 146596 146616 146636
146659 146740 146679 146699 146719
146741 146850 146768 146795 146822
146851 146931 146871 146891 146911
146932 146996 146948 146964 146980
146997 147079 147017 147037 147057
147080 147109 147087 147094 147101
147110 147172 147125 147140 147155
147173 147222 147185 147197 147209
147223 147358 147256 147289 147322
147359 147467 147386 147413 147440
147468 147555 147489 147510 147531
147556 147575 147560 147564 147568
147576 147606 147583 147590 147597
147607 147648 147617 147627 147637
147649 147680 147656 147663 147670
147681 147701 147686 147691 147696
147702 147756 147715 147728 147741
147757 147787 147764 147771 147778
147788 147855 147804 147820 147836
147856 147921 147872 147888 147904
147922 147983 147937 147952 147967
147984 148032 147996 148008 148020
148033 148126 148056 148079 148102
148127 148174 148138 148149 148160
148175 148219 148186 148197 148208
148220 148303 148240 148260 148280
148304 148370 148320 148336 148352
148371 148562 148418 148465 148512
148563 148659 148587 148611 148635
148660 148701 148670 148680 148690
148702 148838 148736 148770 148804
148839 148884 148850 148861 148872
148885 148960 148903 148921 148939
148961 148993 148969 148977 148985
148994 149030 149003 149012 149021
149031 149076 149042 149053 149064
149077 149160 149097 149117 149137
149161 149202 149171 149181 149191
149203 149236 149211 149219 149227
149237 149292 149250 149263 149276
149293 149346 149306 149319 149332
149347 149378 149354 149361 149368
149379 149417 149388 149397 149406
149418 149450 149426 149434 149442
149451 149491 149461 149471 149481
149492 149533 149502 149512 149522
149534 149599 149550 149566 149582
149600 149680 149620 149640 149660
149681 149776 149704 149727 149750
149777 149830 149790 149803 149816
149831 149903 149849 149867 149885
149904 149989 149925 149946 149967
149990 150081 149992 149994 150060
150082 150109 150088 150094 150100
150110 150154 150121 150132 150143
150155 150473 150234 150313 150392
150474 150869 150572 150670 150768
150870 158916 152881 154892 156903
158917 159008 158939 158961 158983
159009 159087 159028 159047 159066
