0 964 241 482 723
965 3228 1530 2095 2660
3229 3340 3256 3283 3310
3341 3422 3361 3381 3401
3423 3751 3505 3587 3669
3752 3797 3763 3774 3785
3798 3858 3813 3828 3843
3859 3924 3875 3891 3907
3925 3945 3930 3935 3940
3946 4195 4008 4070 4132
4196 4266 4213 4230 4247
4267 4323 4281 4295 4309
4324 4396 4342 4360 4378
4397 4548 4434 4471 4508
4549 4646 4573 4597 4621
4647 4725 4666 4685 4704
4726 4763 4735 4744 4753
4764 4924 4804 4844 4884
4925 4998 4943 4961 4979
4999 5090 5021 5043 5065
5091 5347 5155 5219 5283
5348 5425 5367 5386 5405
5426 5479 5439 5452 5465
5480 5614 5513 5546 5579
5615 5804 5662 5709 5756
5805 5991 5851 5897 5943
5992 6059 6008 6024 6040
6060 6390 6142 6224 6306
6391 6661 6458 6525 6592
6662 6751 6684 6706 6728
6752 6917 6793 6834 6875
6918 6982 6934 6950 6966
6983 7070 7004 7025 7046
7071 7157 7092 7113 7134
7158 7401 7218 7278 7338
7402 7516 7430 7458 7486
7517 7612 7540 7563 7586
7613 7967 7701 7789 7877
7968 8013 7979 7990 8001
8014 8046 8022 8030 8038
8047 8095 8059 8071 8083
8096 8188 8119 8142 8165
8189 8297 8216 8243 8270
8298 8367 8315 8332 8349
8368 9076 8545 8722 8899
9077 9136 9091 9105 9119
9137 9216 9156 9175 9194
9217 9277 9232 9247 9262
9278 9933 9441 9604 9767
9934 10048 9962 9990 10018
10049 10222 10092 10135 10178
10223 10665 10333 10443 10553
10666 10714 10678 10690 10702
10715 10939 10771 10827 10883
10940 10994 10953 10966 10979
10995 11234 11054 11113 11172
11235 11286 11247 11259 11271
11287 11418 11319 11351 11383
11419 11510 11441 11463 11485
11511 11572 11526 11541 11556
11573 11735 11613 11653 11693
11736 11968 11794 11852 11910
11969 12099 12001 12033 12065
12100 12148 12112 12124 12136
12149 12303 12187 12225 12263
12304 13090 12500 12696 12892
13091 13162 13108 13125 13142
13163 13788 13319 13475 13631
13789 13912 13819 13849 13879
13913 14749 14122 14331 14540
14750 15093 14812 14874 15069
15094 15420 15175 15256 15337
15421 15991 15563 15705 15847
15992 17479 16363 16734 17105
17480 17572 17503 17526 17549
17573 17995 17678 17783 17888
17996 18361 18087 18178 18269
18362 18513 18399 18436 18473
18514 19111 18663 18812 18961
19112 20028 19341 19570 19799
20029 20420 20126 20223 20320
20421 20535 20449 20477 20505
20536 20630 20559 20582 20605
20631 20775 20667 20703 20739
20776 20909 20809 20842 20875
20910 21636 21091 21272 21453
21637 21714 21656 21675 21694
21715 21821 21741 21767 21793
21822 21941 21851 21880 21909
21942 22585 22102 22262 22422
22586 23016 22693 22800 22907
23017 23301 23088 23159 23230
23302 23354 23315 23328 23341
23355 24474 23634 23913 24192
24475 25498 24730 24985 25240
25499 25791 25572 25645 25718
25792 26129 25876 25960 26044
26130 26347 26184 26238 26292
26348 26537 26395 26442 26489
26538 26657 26567 26596 26625
26658 26776 26687 26716 26745
26777 26917 26812 26847 26882
26918 27045 26949 26980 27011
27046 27752 27222 27398 27574
27753 27839 27774 27795 27816
27840 28503 28005 28170 28335
28504 28603 28528 28552 28576
28604 28664 28619 28634 28649
28665 28784 28694 28723 28752
28785 28814 28792 28799 28806
28815 28839 28821 28827 28833
28840 28869 28847 28854 28861
28870 28926 28884 28898 28912
28927 29016 28949 28971 28993
29017 29064 29028 29039 29050
29065 29132 29081 29097 29113
29133 29238 29159 29185 29211
29239 29273 29247 29255 29263
29274 29300 29280 29286 29292
29301 29336 29309 29317 29325
29337 29441 29363 29389 29415
29442 29844 29542 29642 29742
29845 30073 29883 29921 30054
30074 30138 30090 30106 30122
30139 30223 30160 30181 30202
30224 30279 30237 30250 30263
30280 30340 30295 30310 30325
30341 30398 30355 30369 30383
30399 30469 30416 30433 30450
30470 30522 30483 30496 30509
30523 31071 30660 30797 30934
31072 31303 31129 31186 31243
31304 31600 31378 31452 31526
31601 31779 31645 31689 31733
31780 31851 31797 31814 31831
31852 31919 31868 31884 31900
31920 32493 32063 32206 32349
32494 32715 32549 32604 32659
32716 32898 32761 32806 32851
32899 33710 33101 33303 33505
33711 33854 33746 33781 33816
33855 34018 33895 33935 33975
34019 34068 34031 34043 34055
34069 34128 34083 34097 34111
34129 34409 34199 34269 34339
34410 34832 34515 34620 34725
34833 34888 34846 34859 34872
34889 35087 34938 34987 35036
35088 35460 35181 35274 35367
35461 35640 35505 35549 35593
35641 35972 35723 35805 35887
35973 36373 36073 36173 36273
36374 36477 36399 36424 36449
36478 36844 36569 36660 36751
36845 37354 36972 37099 37226
37355 37433 37374 37393 37412
37434 37711 37503 37572 37641
37712 37846 37745 37778 37811
37847 37984 37881 37915 37949
37985 38048 38000 38015 38030
38049 38346 38123 38197 38271
38347 38639 38420 38493 38566
38640 38686 38651 38662 38673
38687 38864 38731 38775 38819
38865 39055 38912 38959 39006
39056 39115 39070 39084 39098
39116 39649 39249 39382 39515
39650 39796 39686 39722 39758
39797 39844 39808 39819 39830
39845 39985 39880 39915 39950
39986 40097 40013 40040 40067
40098 40142 40109 40120 40131
40143 40241 40167 40191 40215
40242 40293 40254 40266 40278
40294 40417 40324 40354 40384
40418 40451 40426 40434 40442
40452 40506 40465 40478 40491
40507 40609 40532 40557 40582
40610 40635 40616 40622 40628
40636 40660 40642 40648 40654
40661 40699 40670 40679 40688
40700 40802 40725 40750 40775
40803 40866 40818 40833 40848
40867 40933 40883 40899 40915
40934 40990 40948 40962 40976
40991 41040 41003 41015 41027
41041 41091 41053 41065 41077
41092 41131 41101 41110 41119
41132 41167 41140 41148 41156
41168 41190 41173 41178 41183
41191 41228 41200 41209 41218
41229 41254 41235 41241 41247
41255 41276 41260 41265 41270
41277 41328 41289 41301 41313
41329 41348 41333 41337 41341
41349 41376 41355 41361 41367
41377 41466 41399 41421 41443
41467 41521 41480 41493 41506
41522 41559 41531 41540 41549
41560 41609 41572 41584 41596
41610 41699 41632 41654 41676
41700 41813 41728 41756 41784
41814 41866 41827 41840 41853
41867 41942 41885 41903 41921
41943 42019 41962 41981 42000
42020 42046 42026 42032 42038
42047 42169 42077 42107 42137
42170 42211 42180 42190 42200
42212 43229 42466 42720 42974
43230 43506 43299 43368 43437
43507 43610 43532 43557 43582
43611 43669 43625 43639 43653
43670 43723 43683 43696 43709
43724 43765 43734 43744 43754
43766 43815 43778 43790 43802
43816 44321 43942 44068 44194
44322 44563 44382 44442 44502
44564 44613 44576 44588 44600
44614 44725 44641 44668 44695
44726 44800 44744 44762 44780
44801 44946 44837 44873 44909
44947 44993 44958 44969 44980
44994 45045 44995 44996 45033
45046 45132 45067 45088 45109
45133 45243 45160 45187 45214
45244 45691 45355 45466 45577
45692 45983 45764 45836 45908
45984 46068 46005 46026 46047
46069 46112 46079 46089 46099
46113 46182 46130 46147 46164
46183 46475 46256 46329 46402
46476 47288 46679 46882 47085
47289 47364 47307 47325 47343
47365 47513 47402 47439 47476
47514 47583 47531 47548 47565
47584 47744 47624 47664 47704
47745 47789 47756 47767 47778
47790 47880 47812 47834 47856
47881 48003 47911 47941 47971
48004 48090 48025 48046 48067
48091 48193 48116 48141 48166
48194 48261 48210 48226 48242
48262 48348 48283 48304 48325
48349 48429 48369 48389 48409
48430 48530 48455 48480 48505
48531 48613 48551 48571 48591
48614 48693 48633 48652 48671
48694 49236 48829 48964 49099
49237 49272 49245 49253 49261
49273 49299 49279 49285 49291
49300 49352 49313 49326 49339
49353 49417 49369 49385 49401
49418 49439 49423 49428 49433
49440 49463 49445 49450 49455
49464 49518 49477 49490 49503
49519 49574 49532 49545 49558
49575 49710 49608 49641 49674
49711 49747 49720 49729 49738
49748 49797 49760 49772 49784
49798 49848 49810 49822 49834
49849 49869 49854 49859 49864
49870 49896 49876 49882 49888
49897 49919 49902 49907 49912
49920 49956 49929 49938 49947
49957 49974 49961 49965 49969
49975 50042 49991 50007 50023
50043 50112 50060 50077 50094
50113 50142 50120 50127 50134
50143 50196 50156 50169 50182
50197 50247 50209 50221 50233
50248 50292 50259 50270 50281
50293 50405 50321 50349 50377
50406 50698 50479 50552 50625
50699 50764 50715 50731 50747
50765 50833 50782 50799 50816
50834 50871 50843 50852 50861
50872 50928 50886 50900 50914
50929 50957 50936 50943 50950
50958 51002 50969 50980 50991
51003 51204 51053 51103 51153
51205 51320 51233 51261 51289
51321 51350 51328 51335 51342
51351 51613 51416 51481 51546
51614 51649 51622 51630 51638
51650 51868 51704 51758 51812
51869 52216 51955 52041 52127
52217 52735 52346 52475 52604
52736 53997 53051 53366 53681
53998 54044 54009 54020 54031
54045 54114 54062 54079 54096
54115 54244 54147 54179 54211
54245 54978 54428 54611 54794
54979 55037 54993 55007 55021
55038 55060 55043 55048 55053
55061 55713 55224 55387 55550
55714 56332 55868 56022 56176
56333 56594 56398 56463 56528
56595 56682 56616 56637 56658
56683 56810 56714 56745 56776
56811 56863 56824 56837 56850
56864 56911 56875 56886 56897
56912 57048 56946 56980 57014
57049 57153 57075 57101 57127
57154 57231 57173 57192 57211
57232 57284 57245 57258 57271
57285 57385 57310 57335 57360
57386 57488 57411 57436 57461
57489 57742 57552 57615 57678
57743 57797 57756 57769 57782
57798 57842 57809 57820 57831
57843 57900 57857 57871 57885
57901 57950 57913 57925 57937
57951 57989 57960 57969 57978
57990 58034 58001 58012 58023
58035 58235 58085 58135 58185
58236 58274 58245 58254 58263
58275 58394 58304 58333 58362
58395 58457 58410 58425 58440
58458 58502 58469 58480 58491
58503 58539 58512 58521 58530
58540 58700 58580 58620 58660
58701 58870 58743 58785 58827
58871 58940 58888 58905 58922
58941 59098 58980 59019 59058
59099 59190 59121 59143 59165
59191 59368 59235 59279 59323
59369 59447 59388 59407 59426
59448 59717 59515 59582 59649
59718 59768 59730 59742 59754
59769 59933 59810 59851 59892
59934 59986 59947 59960 59973
59987 60129 59990 59993 60096
60130 60722 60278 60426 60574
60723 61339 60877 61031 61185
61340 61961 61495 61650 61805
61962 62264 62037 62112 62187
62265 62421 62304 62343 62382
62422 62571 62459 62496 62533
62572 62616 62583 62594 62605
62617 62651 62625 62633 62641
62652 62698 62663 62674 62685
62699 62766 62715 62731 62747
62767 62877 62794 62821 62848
62878 62952 62896 62914 62932
62953 63008 62966 62979 62992
63009 63070 63024 63039 63054
63071 63151 63091 63111 63131
63152 63180 63159 63166 63173
63181 63289 63208 63235 63262
63290 63346 63304 63318 63332
63347 63385 63356 63365 63374
63386 63529 63421 63456 63491
63530 63658 63562 63594 63626
63659 63954 63732 63805 63878
63955 64028 63973 63991 64009
64029 64164 64062 64095 64128
64165 64269 64191 64217 64243
64270 64322 64283 64296 64309
64323 64446 64353 64383 64413
64447 64526 64466 64485 64504
64527 64891 64618 64709 64800
64892 64968 64911 64930 64949
64969 65194 65025 65081 65137
65195 65339 65231 65267 65303
65340 65477 65374 65408 65442
65478 65522 65489 65500 65511
65523 65562 65532 65541 65550
65563 65598 65571 65579 65587
65599 65633 65607 65615 65623
65634 65678 65645 65656 65667
65679 65737 65693 65707 65721
65738 65795 65752 65766 65780
65796 66128 65879 65962 66045
66129 66245 66158 66187 66216
66246 66709 66361 66476 66591
66710 66866 66749 66788 66827
66867 66926 66881 66895 66909
66927 67026 66951 66975 66999
67027 67069 67037 67047 67057
67070 67133 67085 67100 67115
67134 67194 67149 67164 67179
67195 67326 67227 67259 67291
67327 67935 67479 67631 67783
67936 68007 67953 67970 67987
68008 68082 68026 68044 68062
68083 68301 68137 68191 68245
68302 68385 68322 68342 68362
68386 68524 68420 68454 68488
68525 68568 68535 68545 68555
68569 68785 68623 68677 68731
68786 68973 68832 68878 68924
68974 69241 69040 69106 69172
69242 69319 69261 69280 69299
69320 69473 69358 69396 69434
69474 69731 69538 69602 69666
69732 70121 69829 69926 70023
70122 70279 70161 70200 70239
70280 70330 70292 70304 70316
70331 70368 70340 70349 70358
70369 70526 70408 70447 70486
70527 70674 70563 70599 70635
70675 71009 70758 70841 70924
71010 71065 71023 71036 71049
71066 71110 71077 71088 71099
71111 71152 71121 71131 71141
71153 71203 71165 71177 71189
71204 71261 71218 71232 71246
71262 71318 71276 71290 71304
71319 71357 71328 71337 71346
71358 71392 71366 71374 71382
71393 71422 71400 71407 71414
71423 71500 71442 71461 71480
71501 71539 71510 71519 71528
71540 71595 71553 71566 71579
71596 71641 71607 71618 71629
71642 71742 71667 71692 71717
71743 71799 71757 71771 71785
71800 71923 71830 71860 71890
71924 71989 71940 71956 71972
71990 72322 72073 72156 72239
72323 72723 72423 72523 72623
72724 72859 72757 72790 72823
72860 73148 72932 73004 73076
73149 73287 73183 73217 73251
73288 73396 73315 73342 73369
73397 73452 73410 73423 73436
73453 73585 73486 73519 73552
73586 73648 73601 73616 73631
73649 73913 73715 73781 73847
73914 73951 73923 73932 73941
73952 74035 73972 73992 74012
74036 74113 74055 74074 74093
74114 74268 74152 74190 74228
74269 74384 74297 74325 74353
74385 74448 74400 74415 74430
74449 74498 74461 74473 74485
74499 74600 74524 74549 74574
74601 74641 74611 74621 74631
74642 74725 74662 74682 74702
74726 74779 74739 74752 74765
74780 74820 74790 74800 74810
74821 74911 74843 74865 74887
74912 75028 74933 74954 75021
75029 75203 75072 75115 75158
75204 75228 75210 75216 75222
75229 75281 75242 75255 75268
75282 75380 75306 75330 75354
75381 75475 75404 75427 75450
75476 75627 75513 75550 75587
75628 75723 75651 75674 75697
75724 75833 75751 75778 75805
75834 75888 75847 75860 75873
75889 76018 75921 75953 75985
76019 76547 76151 76283 76415
76548 76615 76564 76580 76596
76616 76689 76634 76652 76670
76690 77115 76796 76902 77008
77116 77248 77149 77182 77215
77249 77332 77269 77289 77309
77333 77416 77353 77373 77393
77417 77527 77444 77471 77498
77528 77565 77537 77546 77555
77566 78048 77686 77806 77926
78049 78185 78083 78117 78151
78186 78444 78250 78314 78378
78445 79842 78794 79143 79492
79843 79906 79858 79873 79888
79907 79987 79927 79947 79967
79988 80170 80033 80078 80123
80171 80209 80180 80189 80198
80210 80477 80276 80342 80408
80478 80994 80607 80736 80865
80995 81164 81037 81079 81121
81165 81227 81180 81195 81210
81228 81292 81244 81260 81276
81293 81403 81320 81347 81374
81404 81600 81453 81502 81551
81601 81643 81611 81621 81631
81644 81692 81656 81668 81680
81693 82021 81775 81857 81939
82022 82073 82034 82046 82058
82074 82331 82138 82202 82266
82332 82384 82345 82358 82371
82385 82419 82393 82401 82409
82420 82443 82425 82430 82435
82444 82489 82455 82466 82477
82490 82527 82499 82508 82517
82528 82639 82555 82582 82609
82640 82747 82666 82692 82718
82748 82880 82781 82814 82847
82881 82981 82906 82931 82956
82982 83066 83003 83024 83045
83067 83172 83093 83119 83145
83173 83419 83234 83295 83356
83420 83581 83460 83500 83540
83582 83612 83589 83596 83603
83613 83669 83627 83641 83655
83670 83716 83681 83692 83703
83717 83813 83741 83765 83789
83814 83868 83827 83840 83853
83869 83988 83898 83927 83956
83989 84144 84027 84065 84103
84145 84513 84237 84329 84421
84514 84544 84521 84528 84535
84545 84586 84555 84565 84575
84587 84618 84594 84601 84608
84619 84647 84626 84633 84640
84648 84995 84734 84820 84906
84996 85046 85008 85020 85032
85047 85449 85147 85247 85347
85450 85576 85481 85512 85543
85577 85996 85681 85785 85889
85997 86037 86007 86017 86027
86038 86096 86052 86066 86080
86097 86175 86116 86135 86154
86176 86310 86209 86242 86275
86311 86464 86349 86387 86425
86465 86593 86497 86529 86561
86594 86688 86617 86640 86663
86689 86787 86713 86737 86761
86788 86881 86811 86834 86857
86882 87176 86955 87028 87101
87177 87238 87192 87207 87222
87239 87522 87309 87379 87449
87523 87610 87544 87565 87586
87611 88252 87771 87931 88091
88253 88442 88300 88347 88394
88443 88781 88527 88611 88695
88782 88831 88794 88806 88818
88832 88940 88859 88886 88913
88941 89042 88966 88991 89016
89043 89172 89075 89107 89139
89173 89259 89194 89215 89236
89260 89364 89286 89312 89338
89365 89438 89383 89401 89419
89439 89648 89491 89543 89595
89649 89750 89674 89699 89724
89751 89946 89799 89847 89895
89947 90058 89960 89973 90042
90059 90335 90128 90197 90266
90336 90432 90360 90384 90408
90433 90501 90450 90467 90484
90502 90717 90555 90608 90661
90718 90810 90741 90764 90787
90811 90886 90829 90847 90865
90887 91105 90941 90995 91049
91106 91209 91131 91156 91181
91210 91355 91246 91282 91318
91356 91593 91415 91474 91533
91594 91741 91630 91666 91702
91742 91788 91753 91764 91775
91789 91840 91801 91813 91825
91841 92641 92041 92241 92441
92642 92800 92681 92720 92759
92801 92851 92813 92825 92837
92852 92889 92861 92870 92879
92890 92921 92897 92904 92911
92922 92999 92941 92960 92979
93000 93083 93020 93040 93060
93084 93257 93127 93170 93213
93258 93400 93293 93328 93363
93401 93464 93416 93431 93446
93465 93496 93472 93479 93486
93497 93566 93514 93531 93548
93567 93640 93585 93603 93621
93641 93689 93653 93665 93677
93690 93735 93701 93712 93723
93736 93795 93750 93764 93778
93796 93851 93809 93822 93835
93852 93893 93862 93872 93882
93894 93948 93907 93920 93933
93949 94150 93999 94049 94099
94151 94254 94176 94201 94226
94255 94930 94423 94591 94759
94931 95271 95016 95101 95186
95272 95993 95452 95632 95812
95994 96051 96008 96022 96036
96052 96234 96097 96142 96187
96235 96328 96258 96281 96304
96329 96715 96425 96521 96617
96716 96853 96750 96784 96818
96854 96979 96885 96916 96947
96980 97120 97015 97050 97085
97121 97217 97145 97169 97193
97218 97589 97310 97402 97494
97590 97666 97609 97628 97647
97667 97886 97721 97775 97829
97887 98067 97932 97977 98022
98068 98387 98147 98226 98305
98388 98550 98428 98468 98508
98551 98786 98609 98667 98725
98787 98823 98796 98805 98814
98824 99046 98879 98934 98989
99047 99198 99084 99121 99158
99199 99246 99210 99221 99232
99247 99407 99287 99327 99367
99408 99557 99445 99482 99519
99558 99713 99596 99634 99672
99714 99739 99720 99726 99732
99740 99777 99749 99758 99767
99778 99852 99796 99814 99832
99853 99963 99880 99907 99934
99964 100363 100063 100162 100261
100364 100566 100414 100464 100514
100567 100674 100593 100619 100645
100675 100756 100695 100715 100735
100757 100843 100778 100799 100820
100844 100881 100853 100862 100871
100882 100933 100894 100906 100918
100934 100969 100942 100950 100958
100970 101067 100994 101018 101042
101068 101143 101086 101104 101122
101144 101183 101153 101162 101171
101184 101290 101210 101236 101262
101291 101456 101332 101373 101414
101457 101493 101466 101475 101484
101494 101719 101550 101606 101662
101720 101879 101759 101798 101837
101880 102107 101936 101992 102048
102108 102214 102134 102160 102186
102215 102341 102246 102277 102308
102342 103421 102611 102880 103149
103422 103553 103454 103486 103518
103554 103618 103570 103586 103602
103619 103655 103628 103637 103646
103656 103769 103684 103712 103740
103770 103850 103790 103810 103830
103851 103987 103885 103919 103953
103988 104662 104156 104324 104492
104663 104848 104709 104755 104801
104849 105282 104886 104923 105210
105283 105408 105314 105345 105376
105409 105440 105416 105423 105430
105441 105485 105452 105463 105474
105486 105517 105493 105500 105507
105518 105550 105526 105534 105542
105551 105671 105581 105611 105641
105672 105742 105689 105706 105723
105743 105829 105764 105785 105806
105830 105883 105843 105856 105869
105884 105933 105896 105908 105920
105934 105982 105946 105958 105970
105983 106180 106032 106081 106130
106181 106340 106220 106259 106298
106341 106568 106397 106453 106509
106569 106798 106626 106683 106740
106799 106831 106807 106815 106823
106832 107207 106925 107018 107111
107208 107637 107315 107422 107529
107638 108595 107877 108116 108355
108596 109026 108703 108810 108917
109027 109239 109080 109133 109186
109240 109269 109247 109254 109261
109270 109311 109280 109290 109300
109312 109459 109348 109384 109420
109460 109885 109566 109672 109778
109886 110534 110048 110210 110372
110535 110571 110544 110553 110562
110572 110626 110585 110598 110611
110627 110727 110652 110677 110702
110728 110936 110780 110832 110884
110937 111028 110959 110981 111003
111029 111087 111043 111057 111071
111088 111262 111131 111174 111217
111263 111317 111276 111289 111302
111318 111353 111326 111334 111342
111354 111404 111366 111378 111390
111405 111441 111414 111423 111432
111442 111500 111456 111470 111484
111501 111812 111578 111655 111732
111813 111849 111822 111831 111840
111850 112236 111946 112042 112138
112237 112324 112258 112279 112300
112325 112393 112342 112359 112376
112394 112469 112412 112430 112448
112470 112514 112481 112492 112503
112515 112818 112590 112665 112740
112819 112901 112839 112859 112879
112902 113851 113139 113376 113613
113852 114100 113914 113976 114038
114101 114267 114142 114183 114224
114268 115044 114462 114656 114850
115045 115476 115152 115259 115366
115477 115670 115525 115573 115621
115671 115834 115711 115751 115791
115835 116241 115936 116037 116138
116242 116346 116268 116294 116320
116347 116817 116464 116581 116698
116818 117064 116879 116940 117001
117065 117389 117146 117227 117308
117390 117537 117426 117462 117498
117538 117613 117556 117574 117592
117614 117718 117640 117666 117692
117719 117797 117738 117757 117776
117798 117924 117829 117860 117891
117925 118025 117950 117975 118000
118026 118107 118046 118066 118086
118108 118204 118132 118156 118180
118205 118342 118239 118273 118307
118343 118500 118382 118421 118460
118501 118793 118574 118647 118720
118794 118864 118811 118828 118845
118865 118981 118894 118923 118952
118982 119022 118992 119002 119012
119023 119069 119034 119045 119056
119070 119128 119084 119098 119112
119129 119197 119146 119163 119180
119198 119249 119210 119222 119234
119250 119407 119289 119328 119367
119408 119542 119441 119474 119507
119543 119798 119606 119669 119732
119799 119854 119812 119825 119838
119855 119922 119871 119887 119903
119923 119972 119935 119947 119959
119973 120181 119979 119985 120135
120182 120371 120229 120276 120323
120372 120512 120407 120442 120477
120513 120673 120553 120593 120633
120674 120809 120707 120740 120773
120810 120878 120827 120844 120861
120879 120970 120901 120923 120945
120971 121075 120997 121023 121049
121076 121841 121267 121458 121649
121842 122188 121928 122014 122100
122189 122343 122227 122265 122303
122344 122391 122355 122366 122377
122392 122455 122407 122422 122437
122456 122534 122475 122494 122513
122535 122608 122553 122571 122589
122609 122651 122619 122629 122639
122652 122684 122660 122668 122676
122685 122733 122697 122709 122721
122734 122800 122750 122766 122782
122801 122907 122827 122853 122879
122908 122953 122919 122930 122941
122954 122983 122961 122968 122975
122984 123019 122992 123000 123008
123020 123048 123027 123034 123041
123049 123340 123121 123193 123265
123341 123377 123350 123359 123368
123378 123520 123413 123448 123483
123521 123579 123535 123549 123563
123580 123739 123619 123658 123697
123740 123796 123754 123768 123782
123797 123839 123807 123817 123827
123840 123881 123850 123860 123870
123882 124423 124017 124152 124287
124424 125224 124624 124824 125024
125225 125442 125279 125333 125387
125443 125526 125463 125483 125503
125527 125635 125554 125581 125608
125636 126126 125758 125880 126002
126127 126570 126237 126347 126457
126571 126634 126586 126601 126616
126635 126789 126673 126711 126749
126790 126873 126810 126830 126850
126874 127113 126933 126992 127051
127114 127292 127158 127202 127246
127293 127406 127321 127349 127377
127407 127545 127441 127475 127509
127546 127647 127571 127596 127621
127648 127681 127656 127664 127672
127682 127738 127696 127710 127724
127739 127866 127770 127801 127832
127867 127894 127873 127879 127885
127895 127974 127914 127933 127952
127975 128114 128009 128043 128077
128115 128192 128134 128153 128172
128193 128415 128248 128303 128358
128416 128503 128437 128458 128479
128504 128630 128535 128566 128597
128631 128695 128647 128663 128679
128696 128761 128712 128728 128744
128762 128802 128772 128782 128792
128803 128829 128809 128815 128821
128830 128881 128842 128854 128866
128882 128938 128896 128910 128924
128939 129058 128968 128997 129026
129059 129145 129080 129101 129122
129146 129268 129176 129206 129236
129269 129398 129301 129333 129365
129399 129455 129413 129427 129441
129456 130006 129593 129730 129867
130007 130127 130037 130067 130097
130128 130229 130153 130178 130203
130230 130448 130284 130338 130392
130449 130545 130473 130497 130521
130546 130644 130570 130594 130618
130645 130661 130649 130653 130657
130662 130824 130702 130742 130782
130825 130899 130843 130861 130879
130900 131095 130948 130996 131044
131096 131394 131170 131244 131318
131395 131496 131420 131445 131470
131497 131596 131521 131545 131569
131597 131683 131618 131639 131660
131684 131876 131732 131780 131828
131877 132147 131944 132011 132078
132148 132223 132166 132184 132202
132224 132770 132360 132496 132632
132771 132837 132787 132803 132819
132838 133111 132906 132974 133042
133112 133181 133129 133146 133163
133182 133219 133191 133200 133209
133220 133267 133231 133242 133253
133268 133284 133272 133276 133280
133285 133320 133293 133301 133309
133321 133348 133327 133333 133339
133349 133369 133354 133359 133364
133370 133395 133376 133382 133388
133396 133424 133403 133410 133417
133425 133447 133430 133435 133440
133448 133464 133452 133456 133460
133465 133484 133469 133473 133477
133485 133503 133489 133493 133497
133504 133520 133508 133512 133516
133521 133547 133527 133533 133539
133548 133579 133555 133562 133569
133580 133660 133600 133620 133640
133661 133744 133681 133701 133721
133745 133932 133791 133837 133883
133933 133975 133943 133953 133963
133976 133996 133981 133986 133991
133997 134021 134003 134009 134015
134022 134043 134027 134032 134037
134044 134087 134054 134064 134074
134088 134114 134094 134100 134106
134115 134172 134129 134143 134157
134173 134318 134209 134245 134281
134319 134417 134343 134367 134391
134418 134482 134434 134450 134466
134483 134587 134509 134535 134561
134588 134653 134604 134620 134636
134654 135065 134740 134826 135048
135066 135190 135097 135128 135159
135191 135265 135209 135227 135245
135266 135328 135281 135296 135311
135329 135350 135334 135339 135344
135351 135376 135357 135363 135369
135377 135408 135384 135391 135398
135409 135779 135501 135593 135685
135780 135918 135814 135848 135882
135919 136024 135945 135971 135997
136025 136099 136043 136061 136079
136100 136281 136145 136190 136235
136282 136376 136305 136328 136351
136377 136529 136415 136453 136491
136530 137285 136718 136906 137094
137286 137393 137312 137338 137364
137394 137775 137489 137584 137679
137776 137873 137800 137824 137848
137874 137950 137893 137912 137931
137951 137983 137959 137967 137975
137984 138064 138004 138024 138044
138065 138131 138081 138097 138113
138132 138176 138143 138154 138165
138177 138221 138188 138199 138210
138222 138260 138231 138240 138249
138261 138311 138273 138285 138297
138312 138410 138336 138360 138384
138411 138492 138431 138451 138471
138493 138715 138548 138603 138658
138716 138917 138766 138816 138866
138918 139202 138989 139060 139131
139203 139483 139273 139343 139413
139484 139593 139511 139538 139565
139594 139667 139612 139630 139648
139668 139720 139681 139694 139707
139721 139787 139737 139753 139769
139788 139834 139799 139810 139821
139835 139876 139845 139855 139865
139877 139944 139893 139909 139925
139945 139976 139952 139959 139966
139977 140044 139993 140009 140025
140045 140157 140073 140101 140129
140158 140207 140170 140182 140194
140208 140342 140241 140274 140307
140343 140435 140366 140389 140412
140436 140638 140486 140536 140586
140639 140876 140698 140757 140816
140877 141009 140910 140943 140976
141010 141040 141017 141024 141031
141041 141213 141084 141127 141170
141214 141254 141224 141234 141244
141255 141711 141369 141483 141597
141712 141892 141757 141802 141847
141893 141970 141912 141931 141950
141971 142088 142000 142029 142058
142089 142172 142109 142129 142149
142173 142231 142187 142201 142215
142232 142279 142243 142254 142265
142280 142482 142330 142380 142430
142483 142643 142523 142563 142603
142644 142986 142729 142814 142899
142987 143399 143090 143193 143296
143400 143587 143446 143492 143538
143588 143716 143620 143652 143684
143717 143786 143734 143751 143768
143787 143837 143799 143811 143823
143838 143906 143855 143872 143889
143907 143952 143918 143929 143940
143953 144023 143970 143987 144004
144024 144123 144048 144072 144096
144124 144383 144188 144252 144316
144384 144500 144413 144442 144471
144501 144602 144526 144551 144576
144603 144904 144678 144753 144828
144905 145179 144973 145041 145109
145180 145327 145216 145252 145288
145328 145419 145350 145372 145394
145420 145470 145432 145444 145456
145471 146461 145718 145965 146212
146462 146510 146474 146486 146498
146511 146635 146542 146573 146604
146636 146735 146660 146684 146708
146736 146882 146772 146808 146844
146883 146927 146894 146905 146916
146928 146986 146942 146956 146970
146987 147188 147037 147087 147137
147189 147479 147261 147333 147405
147480 147604 147511 147542 147573
147605 147768 147645 147685 147725
147769 148038 147836 147903 147970
148039 148094 148052 148065 148078
148095 148396 148170 148245 148320
148397 148471 148415 148433 148451
148472 148555 148492 148512 148532
148556 148627 148573 148590 148607
148628 148721 148651 148674 148697
148722 148784 148737 148752 148767
148785 148988 148835 148885 148935
148989 149104 149017 149045 149073
149105 149180 149123 149141 149159
149181 149225 149192 149203 149214
149226 149290 149242 149258 149274
149291 149405 149319 149347 149375
149406 149525 149435 149464 149493
149526 149708 149571 149616 149661
149709 149880 149751 149793 149835
149881 149954 149899 149917 149935
149955 150396 149966 149977 150297
150397 150443 150408 150419 150430
150444 150460 150448 150452 150456
150461 150487 150467 150473 150479
150488 150535 150499 150510 150521
150536 150585 150548 150560 150572
150586 150863 150655 150724 150793
150864 150981 150893 150922 150951
150982 151454 151100 151218 151336
151455 151527 151473 151491 151509
151528 151554 151534 151540 151546
151555 151756 151605 151655 151705
151757 151809 151770 151783 151796
151810 152157 151896 151982 152068
152158 153381 152463 152768 153073
153382 153403 153387 153392 153397
153404 153498 153427 153450 153473
153499 153620 153529 153559 153589
153621 153647 153627 153633 153639
153648 153755 153674 153700 153726
153756 153815 153770 153784 153798
153816 153987 153858 153900 153942
153988 154069 154008 154028 154048
154070 154092 154075 154080 154085
154093 154177 154114 154135 154156
154178 154373 154226 154274 154322
154374 154413 154383 154392 154401
154414 154452 154423 154432 154441
154453 154501 154465 154477 154489
154502 154625 154532 154562 154592
154626 154693 154642 154658 154674
154694 154750 154708 154722 154736
154751 154933 154796 154841 154886
154934 155001 154950 154966 154982
155002 155018 155006 155010 155014
155019 155043 155025 155031 155037
155044 155098 155057 155070 155083
155099 155181 155119 155139 155159
155182 155265 155202 155222 155242
155266 155398 155299 155332 155365
155399 155440 155409 155419 155429
155441 155570 155473 155505 155537
155571 155614 155581 155591 155601
155615 155730 155643 155671 155699
155731 155863 155764 155797 155830
155864 155998 155897 155930 155963
155999 156178 156043 156087 156131
156179 156302 156209 156239 156269
156303 156344 156313 156323 156333
156345 156844 156469 156593 156717
156845 157122 156914 156983 157052
157123 157209 157144 157165 157186
157210 157290 157230 157250 157270
157291 157384 157314 157337 157360
157385 157478 157408 157431 157454
157479 157547 157496 157513 157530
157548 157614 157564 157580 157596
157615 157688 157633 157651 157669
157689 157749 157704 157719 157734
157750 157805 157763 157776 157789
157806 158144 157890 157974 158058
158145 159900 158583 159021 159459
159901 159981 159921 159941 159961
159982 160039 159996 160010 160024
160040 161163 160320 160600 160880
161164 161309 161200 161236 161272
161310 162583 161628 161946 162264
162584 162923 162668 162752 162836
162924 162962 162933 162942 162951
162963 163014 162975 162987 162999
163015 163440 163121 163227 163333
163441 163661 163496 163551 163606
163662 164204 163797 163932 164067
164205 164350 164241 164277 164313
164351 164698 164437 164523 164609
164699 164765 164715 164731 164747
164766 164968 164816 164866 164916
164969 165046 164976 164983 165033
165047 165123 165066 165085 165104
165124 165234 165151 165178 165205
165235 165521 165306 165377 165448
165522 165567 165533 165544 165555
165568 165663 165591 165614 165637
165664 166012 165751 165838 165925
166013 166277 166079 166145 166211
166278 166330 166291 166304 166317
166331 166390 166345 166359 166373
166391 166558 166432 166473 166514
166559 166623 166575 166591 166607
166624 166843 166678 166732 166786
166844 166936 166867 166890 166913
166937 167021 166958 166979 167000
167022 167560 167156 167290 167424
167561 167980 167665 167769 167873
167981 168181 168031 168081 168131
168182 168615 168290 168398 168506
168616 168691 168634 168652 168670
168692 169007 168770 168848 168926
169008 169057 169020 169032 169044
169058 169099 169068 169078 169088
169100 169152 169113 169126 169139
169153 169942 169350 169547 169744
169943 170267 170024 170105 170186
170268 170381 170296 170324 170352
170382 170461 170401 170420 170439
170462 170505 170472 170482 170492
170506 170588 170526 170546 170566
170589 170810 170644 170699 170754
170811 170834 170816 170821 170826
170835 170992 170874 170913 170952
170993 171079 171014 171035 171056
171080 171252 171123 171166 171209
171253 171419 171294 171335 171376
171420 171509 171442 171464 171486
171510 171572 171525 171540 171555
171573 171598 171579 171585 171591
171599 171667 171616 171633 171650
171668 171739 171685 171702 171719
171740 171881 171775 171810 171845
171882 171984 171907 171932 171957
171985 172005 171990 171995 172000
172006 172046 172016 172026 172036
172047 172072 172053 172059 172065
172073 172126 172086 172099 172112
172127 172190 172142 172157 172172
172191 172294 172216 172241 172266
172295 172355 172310 172325 172340
172356 172440 172377 172398 172419
172441 172570 172473 172505 172537
172571 172640 172588 172605 172622
172641 172699 172655 172669 172683
172700 172750 172712 172724 172736
172751 172814 172766 172781 172796
172815 172970 172853 172891 172929
172971 172996 172977 172983 172989
172997 173015 173001 173005 173009
173016 173075 173030 173044 173058
173076 173303 173132 173188 173244
173304 173506 173354 173404 173454
173507 173523 173511 173515 173519
173524 173663 173558 173592 173626
173664 173689 173670 173676 173682
173690 173711 173695 173700 173705
173712 173742 173719 173726 173733
173743 173775 173751 173759 173767
173776 173799 173781 173786 173791
173800 173818 173804 173808 173812
173819 173854 173827 173835 173843
173855 173916 173870 173885 173900
173917 173992 173935 173953 173971
173993 174079 174014 174035 174056
174080 174122 174090 174100 174110
174123 174203 174143 174163 174183
174204 174407 174254 174304 174354
174408 174586 174452 174496 174540
174587 174774 174633 174679 174725
174775 174797 174780 174785 174790
174798 174845 174809 174820 174831
174846 174866 174851 174856 174861
174867 174893 174873 174879 174885
174894 174928 174902 174910 174918
174929 174956 174935 174941 174947
174957 174985 174964 174971 174978
174986 175020 174994 175002 175010
175021 175037 175025 175029 175033
175038 175134 175062 175086 175110
175135 175157 175140 175145 175150
175158 175206 175170 175182 175194
175207 175277 175224 175241 175258
175278 175412 175311 175344 175377
175413 175560 175449 175485 175521
175561 175793 175619 175677 175735
175794 176046 175857 175920 175983
176047 176116 176064 176081 176098
176117 176336 176171 176225 176279
176337 176430 176360 176383 176406
176431 176562 176463 176495 176527
176563 176583 176568 176573 176578
176584 176604 176589 176594 176599
176605 176636 176612 176619 176626
176637 176672 176645 176653 176661
176673 176964 176745 176817 176889
176965 177085 176995 177025 177055
177086 177361 177154 177222 177290
177362 177735 177455 177548 177641
177736 177864 177768 177800 177832
177865 178099 177923 177981 178039
178100 178384 178171 178242 178313
178385 178449 178401 178417 178433
178450 178599 178487 178524 178561
178600 178747 178636 178672 178708
178748 178820 178766 178784 178802
178821 178918 178845 178869 178893
178919 178942 178924 178929 178934
178943 179011 178960 178977 178994
179012 179197 179058 179104 179150
179198 179300 179223 179248 179273
179301 179389 179323 179345 179367
179390 179715 179471 179552 179633
179716 179776 179731 179746 179761
179777 179946 179819 179861 179903
179947 180023 179960 179973 180015
180024 180075 180036 180048 180060
180076 180144 180093 180110 180127
180145 180361 180199 180253 180307
180362 180478 180391 180420 180449
180479 180802 180559 180639 180719
180803 180884 180823 180843 180863
180885 180962 180904 180923 180942
180963 181005 180973 180983 180993
181006 181365 181095 181184 181273
181366 181402 181375 181384 181393
181403 181604 181453 181503 181553
181605 182104 181729 181853 181977
182105 182189 182126 182147 182168
182190 182413 182245 182300 182355
182414 182706 182487 182560 182633
182707 183593 182928 183149 183370
183594 184182 183741 183888 184035
184183 184258 184201 184219 184237
184259 184419 184299 184339 184379
184420 184952 184553 184686 184819
184953 185041 184975 184997 185019
185042 185385 185127 185212 185297
185386 185472 185407 185428 185449
185473 185690 185527 185581 185635
185691 185731 185701 185711 185721
185732 186018 185803 185874 185945
186019 186062 186029 186039 186049
186063 186415 186151 186239 186327
186416 186559 186451 186486 186521
186560 187077 186689 186818 186947
187078 187539 187193 187308 187423
187540 187636 187564 187588 187612
187637 187733 187661 187685 187709
187734 187751 187738 187742 187746
187752 187817 187768 187784 187800
187818 187866 187830 187842 187854
187867 187927 187882 187897 187912
187928 188040 187956 187984 188012
188041 188102 188056 188071 188086
188103 188160 188117 188131 188145
188161 188233 188179 188197 188215
188234 188271 188243 188252 188261
188272 188306 188280 188288 188296
188307 188329 188312 188317 188322
188330 188361 188337 188344 188351
188362 188436 188380 188398 188416
188437 188527 188459 188481 188503
188528 188849 188608 188688 188768
188850 188909 188864 188878 188892
188910 188953 188920 188930 188940
188954 189017 188969 188984 188999
189018 189081 189033 189048 189063
189082 189170 189104 189126 189148
189171 189222 189183 189195 189207
189223 189307 189244 189265 189286
189308 189364 189322 189336 189350
189365 189443 189384 189403 189422
189444 189703 189508 189572 189636
189704 189865 189744 189784 189824
189866 190116 189928 189990 190052
190117 190917 190317 190517 190717
190918 190988 190935 190952 190969
190989 191147 191028 191067 191106
191148 191232 191169 191190 191211
191233 191265 191241 191249 191257
191266 191304 191275 191284 191293
191305 191390 191326 191347 191368
191391 191446 191404 191417 191430
191447 191499 191460 191473 191486
191500 191577 191519 191538 191557
191578 191617 191587 191596 191605
191618 191661 191628 191638 191648
191662 191683 191667 191672 191677
191684 191833 191721 191758 191795
191834 191951 191863 191892 191921
191952 192247 192025 192098 192171
192248 192280 192256 192264 192272
192281 192381 192306 192331 192356
192382 192845 192497 192612 192727
192846 192985 192880 192914 192948
192986 193762 193180 193374 193568
193763 193832 193780 193797 193814
193833 193877 193844 193855 193866
193878 194406 194010 194142 194274
194407 194502 194430 194453 194476
194503 195156 194627 194751 195117
195157 195688 195289 195421 195553
195689 195829 195724 195759 195794
195830 195892 195845 195860 195875
195893 195948 195906 195919 195932
195949 196011 195964 195979 195994
196012 196068 196026 196040 196054
196069 196143 196087 196105 196123
196144 196181 196153 196162 196171
196182 196231 196194 196206 196218
196232 196455 196287 196342 196397
196456 196554 196480 196504 196528
196555 196623 196572 196589 196606
196624 196777 196662 196700 196738
196778 196837 196792 196806 196820
196838 196879 196848 196858 196868
196880 196923 196890 196900 196910
196924 196949 196930 196936 196942
196950 196994 196961 196972 196983
196995 197086 197017 197039 197061
197087 197157 197104 197121 197138
197158 197177 197162 197166 197170
197178 197205 197184 197190 197196
197206 197254 197218 197230 197242
197255 197322 197271 197287 197303
197323 197403 197343 197363 197383
197404 197548 197440 197476 197512
197549 197636 197570 197591 197612
197637 197759 197667 197697 197727
197760 198038 197829 197898 197967
198039 198314 198107 198175 198243
198315 198512 198364 198413 198462
198513 198564 198525 198537 198549
198565 198593 198572 198579 198586
198594 198651 198608 198622 198636
198652 198703 198664 198676 198688
198704 199109 198805 198906 199007
199110 199539 199217 199324 199431
199540 199616 199559 199578 199597
199617 199839 199672 199727 199782
199840 200036 199889 199938 199987
200037 200073 200046 200055 200064
200074 200119 200085 200096 200107
200120 200297 200164 200208 200252
200298 200383 200319 200340 200361
200384 200546 200424 200464 200504
200547 200592 200558 200569 200580
200593 200633 200603 200613 200623
200634 200671 200643 200652 200661
200672 200714 200682 200692 200702
200715 200781 200731 200747 200763
200782 200892 200809 200836 200863
200893 200938 200904 200915 200926
200939 201060 200969 200999 201029
201061 201116 201074 201087 201100
201117 201215 201141 201165 201189
201216 201237 201221 201226 201231
201238 201258 201243 201248 201253
201259 201293 201267 201275 201283
201294 201362 201311 201328 201345
201363 201391 201370 201377 201384
201392 201422 201399 201406 201413
201423 201452 201430 201437 201444
201453 201493 201463 201473 201483
201494 201517 201499 201504 201509
201518 201576 201532 201546 201560
201577 201647 201594 201611 201628
201648 201709 201663 201678 201693
201710 201732 201715 201720 201725
201733 201838 201759 201785 201811
201839 202046 201890 201941 201992
202047 202123 202066 202085 202104
202124 202205 202144 202164 202184
202206 202265 202220 202234 202248
202266 202399 202299 202332 202365
202400 202597 202449 202498 202547
202598 202857 202662 202726 202790
202858 202956 202882 202906 202930
202957 203060 202982 203007 203032
203061 203122 203076 203091 203106
203123 203296 203166 203209 203252
203297 203406 203324 203351 203378
203407 203484 203426 203445 203464
203485 203681 203534 203583 203632
203682 203890 203734 203786 203838
203891 204015 203922 203953 203984
204016 204096 204036 204056 204076
204097 204130 204105 204113 204121
204131 204159 204138 204145 204152
204160 204182 204165 204170 204175
204183 204206 204188 204193 204198
204207 204235 204214 204221 204228
204236 204254 204240 204244 204248
204255 204275 204260 204265 204270
204276 204348 204294 204312 204330
204349 204384 204357 204365 204373
204385 204429 204396 204407 204418
204430 204494 204446 204462 204478
204495 204520 204501 204507 204513
204521 204715 204569 204617 204665
204716 204784 204733 204750 204767
204785 204863 204804 204823 204842
204864 204883 204868 204872 204876
204884 204999 204912 204940 204968
205000 205037 205009 205018 205027
205038 205106 205055 205072 205089
205107 205124 205111 205115 205119
205125 205206 205145 205165 205185
205207 205228 205212 205217 205222
205229 205268 205238 205247 205256
205269 205306 205278 205287 205296
205307 205339 205315 205323 205331
205340 205388 205352 205364 205376
205389 205524 205422 205455 205488
205525 205746 205580 205635 205690
205747 205800 205760 205773 205786
205801 205861 205816 205831 205846
205862 205971 205889 205916 205943
205972 206008 205981 205990 205999
206009 206042 206017 206025 206033
206043 206062 206047 206051 206055
206063 206139 206082 206101 206120
206140 206198 206154 206168 206182
206199 206277 206218 206237 206256
206278 206316 206287 206296 206305
206317 206417 206342 206367 206392
206418 206444 206424 206430 206436
206445 206472 206451 206457 206463
206473 206513 206483 206493 206503
206514 206630 206543 206572 206601
206631 206673 206641 206651 206661
206674 206702 206681 206688 206695
206703 206754 206715 206727 206739
206755 206801 206766 206777 206788
206802 206825 206807 206812 206817
206826 206950 206857 206888 206919
206951 206983 206959 206967 206975
206984 207041 206998 207012 207026
207042 207072 207049 207056 207063
207073 207106 207081 207089 207097
207107 207173 207123 207139 207155
207174 207204 207181 207188 207195
207205 207291 207226 207247 207268
207292 207349 207306 207320 207334
207350 207382 207358 207366 207374
207383 207406 207388 207393 207398
207407 207437 207414 207421 207428
207438 207456 207442 207446 207450
207457 207481 207463 207469 207475
207482 207523 207492 207502 207512
207524 207584 207539 207554 207569
207585 207631 207596 207607 207618
207632 207693 207647 207662 207677
207694 207717 207699 207704 207709
207718 207754 207727 207736 207745
207755 207802 207766 207777 207788
207803 207862 207817 207831 207845
207863 207901 207872 207881 207890
207902 207964 207917 207932 207947
207965 208082 207994 208023 208052
208083 208154 208100 208117 208134
208155 208173 208159 208163 208167
208174 208191 208178 208182 208186
208192 208279 208213 208234 208255
208280 208296 208284 208288 208292
208297 208322 208303 208309 208315
208323 208345 208328 208333 208338
208346 208379 208354 208362 208370
208380 208455 208398 208416 208434
208456 208514 208470 208484 208498
208515 208560 208526 208537 208548
208561 208630 208578 208595 208612
208631 208707 208650 208669 208688
208708 208810 208733 208758 208783
208811 208870 208825 208839 208853
208871 208906 208879 208887 208895
208907 209056 208944 208981 209018
209057 209127 209074 209091 209108
209128 209197 209145 209162 209179
209198 209239 209208 209218 209228
209240 209260 209245 209250 209255
209261 209277 209265 209269 209273
209278 209303 209284 209290 209296
209304 209320 209308 209312 209316
209321 209353 209329 209337 209345
209354 209382 209361 209368 209375
209383 209482 209407 209431 209455
209483 209504 209488 209493 209498
209505 209524 209509 209513 209517
209525 209567 209535 209545 209555
209568 209724 209607 209646 209685
209725 210265 209793 209861 210198
210266 210510 210327 210388 210449
210511 210609 210535 210559 210583
210610 210780 210652 210694 210736
210781 210813 210789 210797 210805
210814 210993 210858 210902 210946
210994 212161 211285 211576 211867
212162 212300 212196 212230 212264
212301 212401 212326 212351 212376
212402 212443 212412 212422 212432
212444 212561 212473 212502 212531
212562 212605 212572 212582 212592
212606 212818 212659 212712 212765
212819 212855 212828 212837 212846
212856 212879 212861 212866 212871
212880 213154 212948 213016 213084
213155 213221 213171 213187 213203
213222 213498 213291 213360 213429
213499 213577 213518 213537 213556
213578 213796 213632 213686 213740
213797 213859 213812 213827 213842
213860 214320 213975 214090 214205
214321 214443 214351 214381 214411
214444 214472 214451 214458 214465
214473 214522 214485 214497 214509
214523 214661 214557 214591 214625
214662 214696 214670 214678 214686
214697 214833 214731 214765 214799
214834 215087 214897 214960 215023
215088 219910 216293 217498 218703
