0 464 116 232 348
465 860 563 661 759
861 913 874 887 900
914 989 932 950 968
990 1054 1006 1022 1038
1055 1119 1071 1087 1103
1120 1137 1124 1128 1132
1138 1211 1156 1174 1192
1212 1622 1314 1416 1518
1623 2527 1849 2075 2301
2528 2632 2554 2580 2606
2633 2854 2688 2743 2798
2855 2873 2859 2863 2867
2874 3054 2919 2964 3009
3055 3416 3145 3235 3325
3417 3684 3483 3549 3615
3685 3765 3705 3725 3745
3766 3957 3813 3860 3907
3958 4302 4044 4130 4216
4303 4842 4437 4571 4705
4843 4916 4861 4879 4897
4917 4979 4932 4947 4962
4980 5104 5011 5042 5073
5105 5196 5127 5149 5171
5197 5327 5229 5261 5293
5328 5474 5364 5400 5436
5475 5537 5490 5505 5520
5538 5728 5585 5632 5679
5729 5820 5751 5773 5795
5821 5838 5825 5829 5833
5839 5866 5845 5851 5857
5867 5958 5889 5911 5933
5959 6025 5975 5991 6007
6026 6177 6063 6100 6137
6178 6222 6189 6200 6211
6223 6301 6242 6261 6280
6302 6356 6315 6328 6341
6357 6760 6457 6557 6657
6761 7098 6845 6929 7013
7099 7342 7159 7219 7279
7343 7473 7375 7407 7439
7474 7560 7495 7516 7537
7561 7615 7574 7587 7600
7616 7705 7638 7660 7682
7706 7754 7718 7730 7742
7755 7807 7768 7781 7794
7808 7837 7815 7822 7829
7838 7957 7867 7896 7925
7958 8251 8031 8104 8177
8252 8381 8284 8316 8348
8382 8411 8389 8396 8403
8412 8530 8441 8470 8499
8531 8690 8570 8609 8648
8691 8742 8703 8715 8727
8743 8861 8772 8801 8830
8862 8894 8870 8878 8886
8895 9228 8978 9061 9144
9229 9408 9273 9317 9361
9409 9631 9464 9519 9574
9632 9755 9662 9692 9722
9756 9833 9775 9794 9813
9834 9914 9854 9874 9894
9915 10041 9946 9977 10008
10042 10114 10060 10078 10096
10115 10319 10166 10217 10268
10320 10421 10345 10370 10395
10422 10547 10453 10484 10515
10548 10641 10571 10594 10617
10642 11021 10736 10830 10924
11022 11115 11045 11068 11091
11116 11192 11135 11154 11173
11193 11489 11267 11341 11415
11490 11655 11531 11572 11613
11656 11752 11680 11704 11728
11753 11823 11770 11787 11804
11824 11944 11854 11884 11914
11945 11989 11956 11967 11978
11990 12066 12009 12028 12047
12067 12131 12083 12099 12115
12132 12173 12142 12152 12162
12174 12247 12192 12210 12228
12248 12309 12263 12278 12293
12310 12369 12324 12338 12352
12370 12408 12379 12388 12397
12409 12626 12463 12517 12571
12627 12727 12652 12677 12702
12728 12768 12738 12748 12758
12769 12832 12784 12799 12814
12833 12873 12843 12853 12863
12874 12975 12899 12924 12949
12976 13096 13006 13036 13066
13097 13331 13155 13213 13271
13332 13378 13343 13354 13365
13379 13447 13396 13413 13430
13448 13568 13478 13508 13538
13569 13716 13605 13641 13677
13717 13884 13758 13799 13840
13885 13917 13893 13901 13909
13918 13969 13930 13942 13954
13970 14050 13990 14010 14030
14051 14089 14060 14069 14078
14090 14115 14096 14102 14108
14116 14200 14137 14158 14179
14201 14323 14231 14261 14291
14324 14514 14371 14418 14465
14515 14565 14527 14539 14551
14566 14855 14638 14710 14782
14856 14956 14881 14906 14931
14957 15096 14967 14977 15072
15097 15150 15110 15123 15136
15151 15220 15168 15185 15202
15221 15354 15254 15287 15320
15355 15399 15366 15377 15388
15400 15470 15417 15434 15451
15471 15583 15499 15527 15555
15584 15635 15596 15608 15620
15636 15840 15687 15738 15789
15841 15959 15870 15899 15928
15960 16103 15995 16030 16065
16104 16707 16254 16404 16554
16708 17101 16806 16904 17002
17102 17195 17125 17148 17171
17196 17295 17220 17244 17268
17296 17342 17307 17318 17329
17343 17464 17373 17403 17433
17465 17519 17478 17491 17504
17520 17610 17542 17564 17586
17611 17716 17637 17663 17689
17717 17836 17746 17775 17804
17837 17921 17858 17879 17900
17922 17977 17935 17948 17961
17978 18014 17987 17996 18005
18015 18138 18045 18075 18105
18139 18244 18165 18191 18217
18245 18387 18280 18315 18350
18388 18467 18407 18426 18445
18468 18603 18501 18534 18567
18604 18685 18624 18644 18664
18686 18813 18717 18748 18779
18814 18967 18852 18890 18928
18968 19178 19020 19072 19124
19179 19638 19293 19407 19521
19639 19700 19654 19669 19684
19701 19868 19742 19783 19824
19869 20225 19958 20047 20136
20226 20477 20288 20350 20412
20478 20802 20559 20640 20721
20803 20944 20838 20873 20908
20945 21007 20960 20975 20990
21008 21066 21022 21036 21050
21067 21109 21077 21087 21097
21110 21170 21125 21140 21155
21171 21210 21180 21189 21198
21211 21358 21247 21283 21319
21359 21485 21390 21421 21452
21486 21682 21535 21584 21633
21683 21765 21703 21723 21743
21766 21902 21800 21834 21868
21903 22015 21931 21959 21987
22016 22698 22186 22356 22526
22699 22828 22731 22763 22795
22829 22874 22840 22851 22862
22875 22916 22885 22895 22905
22917 22962 22928 22939 22950
22963 23019 22977 22991 23005
23020 23102 23040 23060 23080
23103 23339 23162 23221 23280
23340 23789 23452 23564 23676
23790 23806 23794 23798 23802
23807 23899 23830 23853 23876
23900 24004 23926 23952 23978
24005 24385 24100 24195 24290
24386 24541 24424 24462 24500
24542 24735 24590 24638 24686
24736 24999 24801 24866 24931
25000 25058 25014 25028 25042
25059 25208 25096 25133 25170
25209 25334 25240 25271 25302
25335 25384 25347 25359 25371
25385 25781 25484 25583 25682
25782 26000 25836 25890 25944
26001 26638 26160 26319 26478
26639 26732 26662 26685 26708
26733 26834 26758 26783 26808
26835 27083 26897 26959 27021
27084 27303 27138 27192 27246
27304 27365 27319 27334 27349
27366 27410 27377 27388 27399
27411 27569 27450 27489 27528
27570 27611 27580 27590 27600
27612 27664 27625 27638 27651
27665 27725 27680 27695 27710
27726 27796 27743 27760 27777
27797 27862 27813 27829 27845
27863 28037 27906 27949 27992
28038 28095 28052 28066 28080
28096 28385 28168 28240 28312
28386 28444 28400 28414 28428
28445 28554 28472 28499 28526
28555 29107 28693 28831 28969
29108 29275 29149 29190 29231
29276 29347 29293 29310 29327
29348 29461 29376 29404 29432
29462 29593 29494 29526 29558
29594 29634 29604 29614 29624
29635 29677 29645 29655 29665
29678 29726 29690 29702 29714
29727 29919 29775 29823 29871
29920 30206 29939 29958 30153
30207 30407 30257 30307 30357
30408 30563 30446 30484 30522
30564 30623 30578 30592 30606
30624 30688 30640 30656 30672
30689 30720 30696 30703 30710
30721 30926 30772 30823 30874
30927 30976 30939 30951 30963
30977 31119 31012 31047 31082
31120 31316 31169 31218 31267
31317 31429 31345 31373 31401
31430 31499 31447 31464 31481
31500 31602 31525 31550 31575
31603 31740 31637 31671 31705
31741 31933 31789 31837 31885
31934 31991 31948 31962 31976
31992 32023 31999 32006 32013
32024 32086 32039 32054 32069
32087 32143 32101 32115 32129
32144 32240 32168 32192 32216
32241 32311 32258 32275 32292
32312 32361 32324 32336 32348
32362 32538 32406 32450 32494
32539 32562 32544 32549 32554
32563 32657 32586 32609 32632
32658 32772 32686 32714 32742
32773 33267 32896 33019 33142
33268 33597 33350 33432 33514
33598 33853 33661 33724 33787
33854 34181 33935 34016 34097
34182 34251 34199 34216 34233
34252 34589 34336 34420 34504
34590 34678 34612 34634 34656
34679 34778 34703 34727 34751
34779 34852 34797 34815 34833
34853 34881 34860 34867 34874
34882 34966 34903 34924 34945
34967 35133 35008 35049 35090
35134 35189 35147 35160 35173
35190 35396 35241 35292 35343
35397 35618 35452 35507 35562
35619 35725 35645 35671 35697
35726 35782 35740 35754 35768
35783 35837 35796 35809 35822
35838 36134 35912 35986 36060
36135 36162 36141 36147 36153
36163 36234 36180 36197 36214
36235 36319 36256 36277 36298
36320 36359 36329 36338 36347
36360 36464 36386 36412 36438
36465 36510 36476 36487 36498
36511 36643 36544 36577 36610
36644 36697 36657 36670 36683
36698 36761 36713 36728 36743
36762 36877 36790 36818 36846
36878 36941 36893 36908 36923
36942 37029 36963 36984 37005
37030 37164 37063 37096 37129
37165 37277 37193 37221 37249
37278 37353 37296 37314 37332
37354 37425 37371 37388 37405
37426 37494 37443 37460 37477
37495 37548 37508 37521 37534
37549 37617 37566 37583 37600
37618 37672 37631 37644 37657
37673 37781 37700 37727 37754
37782 37895 37810 37838 37866
37896 38051 37934 37972 38010
38052 38230 38096 38140 38184
38231 38342 38258 38285 38312
38343 38467 38374 38405 38436
38468 38523 38481 38494 38507
38524 38674 38561 38598 38635
38675 38774 38699 38723 38747
38775 38808 38783 38791 38799
38809 38964 38847 38885 38923
38965 38999 38973 38981 38989
39000 39170 39042 39084 39126
39171 39373 39221 39271 39321
39374 39443 39391 39408 39425
39444 39563 39473 39502 39531
39564 39676 39592 39620 39648
39677 39804 39708 39739 39770
39805 40108 39880 39955 40030
40109 40220 40136 40163 40190
40221 40289 40238 40255 40272
40290 40350 40305 40320 40335
40351 40414 40366 40381 40396
40415 40531 40444 40473 40502
40532 40626 40555 40578 40601
40627 40684 40641 40655 40669
40685 40762 40704 40723 40742
40763 40805 40773 40783 40793
40806 40850 40817 40828 40839
40851 40873 40856 40861 40866
40874 40918 40885 40896 40907
40919 40954 40927 40935 40943
40955 41018 40970 40985 41000
41019 41358 41103 41187 41271
41359 41397 41368 41377 41386
41398 41567 41440 41482 41524
41568 41620 41581 41594 41607
41621 41657 41630 41639 41648
41658 41775 41687 41716 41745
41776 41829 41789 41802 41815
41830 41936 41856 41882 41908
41937 42001 41953 41969 41985
42002 42059 42016 42030 42044
42060 42149 42082 42104 42126
42150 42181 42157 42164 42171
42182 42204 42187 42192 42197
42205 42221 42209 42213 42217
42222 42262 42232 42242 42252
42263 42300 42272 42281 42290
42301 42350 42313 42325 42337
42351 42407 42365 42379 42393
42408 42426 42412 42416 42420
42427 42481 42440 42453 42466
42482 42534 42495 42508 42521
42535 42655 42565 42595 42625
42656 42727 42673 42690 42707
42728 42771 42738 42748 42758
42772 42962 42819 42866 42913
42963 43036 42981 42999 43017
43037 43259 43092 43147 43202
43260 43327 43276 43292 43308
43328 43552 43384 43440 43496
43553 43767 43606 43659 43712
43768 43829 43783 43798 43813
43830 43872 43840 43850 43860
43873 43913 43883 43893 43903
43914 44001 43935 43956 43977
44002 44064 44017 44032 44047
44065 44326 44130 44195 44260
44327 44545 44381 44435 44489
44546 44630 44567 44588 44609
44631 44704 44649 44667 44685
44705 44729 44711 44717 44723
44730 44751 44735 44740 44745
44752 44773 44757 44762 44767
44774 44959 44820 44866 44912
44960 45363 44969 44978 45270
45364 45449 45385 45406 45427
45450 46011 45590 45730 45870
46012 46054 46022 46032 46042
46055 46093 46064 46073 46082
46094 46226 46127 46160 46193
46227 46337 46254 46281 46308
46338 46593 46401 46464 46527
46594 46650 46608 46622 46636
46651 46833 46696 46741 46786
46834 46919 46855 46876 46897
46920 47020 46945 46970 46995
47021 47083 47036 47051 47066
47084 47908 47290 47496 47702
47909 48046 47943 47977 48011
48047 48113 48063 48079 48095
48114 48185 48131 48148 48165
48186 48509 48266 48346 48426
48510 48628 48539 48568 48597
48629 48732 48654 48679 48704
48733 48823 48755 48777 48799
48824 48983 48863 48902 48941
48984 49069 49005 49026 49047
49070 49099 49077 49084 49091
49100 49166 49116 49132 49148
49167 49248 49187 49207 49227
49249 49404 49287 49325 49363
49405 49624 49459 49513 49567
49625 49775 49662 49699 49736
49776 49913 49810 49844 49878
49914 49927 49917 49920 49923
49928 49972 49939 49950 49961
49973 50121 50010 50047 50084
50122 50221 50146 50170 50194
50222 50274 50235 50248 50261
50275 50307 50283 50291 50299
50308 50346 50317 50326 50335
50347 50416 50364 50381 50398
50417 50541 50448 50479 50510
50542 50793 50604 50666 50728
50794 50898 50820 50846 50872
50899 51229 50981 51063 51145
51230 51350 51260 51290 51320
51351 51824 51469 51587 51705
51825 52173 51912 51999 52086
52174 52368 52222 52270 52318
52369 52522 52407 52445 52483
52523 52661 52557 52591 52625
52662 52751 52684 52706 52728
52752 52842 52774 52796 52818
52843 53007 52884 52925 52966
53008 53174 53049 53090 53131
53175 53297 53205 53235 53265
53298 53329 53305 53312 53319
53330 53379 53342 53354 53366
53380 53411 53387 53394 53401
53412 54065 53575 53738 53901
54066 54140 54084 54102 54120
54141 54240 54165 54189 54213
54241 54319 54260 54279 54298
54320 54377 54334 54348 54362
54378 54453 54396 54414 54432
54454 54498 54465 54476 54487
54499 54639 54534 54569 54604
54640 54857 54694 54748 54802
54858 55038 54903 54948 54993
55039 55084 55050 55061 55072
55085 55171 55106 55127 55148
55172 55250 55191 55210 55229
55251 55365 55279 55307 55335
55366 55526 55406 55446 55486
55527 55686 55566 55605 55644
55687 55794 55713 55739 55765
55795 55894 55819 55843 55867
55895 55926 55902 55909 55916
55927 55965 55936 55945 55954
55966 56140 56009 56052 56095
56141 56187 56152 56163 56174
56188 56259 56205 56222 56239
56260 56348 56282 56304 56326
56349 56412 56364 56379 56394
56413 56562 56450 56487 56524
56563 56705 56598 56633 56668
56706 56758 56719 56732 56745
56759 56911 56797 56835 56873
56912 57256 56998 57084 57170
57257 57397 57292 57327 57362
57398 57663 57464 57530 57596
57664 57763 57688 57712 57736
57764 57912 57801 57838 57875
57913 57985 57931 57949 57967
57986 58127 58021 58056 58091
58128 58306 58172 58216 58260
58307 58403 58331 58355 58379
58404 58627 58459 58514 58569
58628 58696 58645 58662 58679
58697 58749 58710 58723 58736
58750 58843 58773 58796 58819
58844 58908 58860 58876 58892
58909 59129 58964 59019 59074
59130 59182 59143 59156 59169
59183 59254 59200 59217 59234
59255 59290 59263 59271 59279
59291 59316 59297 59303 59309
59317 59407 59339 59361 59383
59408 59437 59415 59422 59429
59438 59510 59456 59474 59492
59511 59577 59527 59543 59559
59578 59678 59603 59628 59653
59679 59748 59696 59713 59730
59749 59850 59774 59799 59824
59851 59883 59859 59867 59875
59884 59966 59904 59924 59944
59967 60037 59975 59983 60027
60038 60096 60052 60066 60080
60097 60166 60114 60131 60148
60167 60373 60218 60269 60320
60374 60487 60402 60430 60458
60488 60569 60508 60528 60548
60570 60747 60614 60658 60702
60748 60984 60807 60866 60925
60985 61231 61046 61107 61168
61232 61445 61285 61338 61391
61446 61492 61457 61468 61479
61493 61539 61504 61515 61526
61540 61554 61543 61546 61549
61555 61598 61565 61575 61585
61599 61707 61626 61653 61680
61708 61772 61724 61740 61756
61773 61830 61787 61801 61815
61831 61896 61847 61863 61879
61897 62122 61953 62009 62065
62123 62142 62127 62131 62135
62143 62168 62149 62155 62161
62169 62196 62175 62181 62187
62197 62249 62210 62223 62236
62250 62273 62255 62260 62265
62274 62370 62298 62322 62346
62371 62521 62408 62445 62482
62522 62592 62539 62556 62573
62593 62699 62619 62645 62671
62700 62771 62717 62734 62751
62772 62915 62807 62842 62877
62916 63012 62940 62964 62988
63013 63087 63031 63049 63067
63088 63125 63097 63106 63115
63126 63187 63141 63156 63171
63188 63282 63211 63234 63257
63283 63418 63316 63349 63382
63419 63540 63449 63479 63509
63541 63649 63568 63595 63622
63650 63758 63677 63704 63731
63759 63862 63784 63809 63834
63863 63916 63876 63889 63902
63917 64119 63967 64017 64067
64120 64173 64133 64146 64159
64174 64270 64198 64222 64246
64271 64454 64316 64361 64406
64455 64777 64535 64615 64695
64778 64837 64792 64806 64820
64838 65057 64892 64946 65000
65058 65110 65071 65084 65097
65111 65325 65164 65217 65270
65326 65378 65339 65352 65365
65379 65419 65389 65399 65409
65420 65532 65448 65476 65504
65533 65615 65553 65573 65593
65616 65702 65637 65658 65679
65703 65893 65750 65797 65844
65894 66021 65925 65956 65987
66022 66137 66050 66078 66106
66138 66172 66146 66154 66162
66173 66441 66240 66307 66374
66442 66594 66480 66518 66556
66595 66754 66634 66673 66712
66755 66863 66782 66809 66836
66864 66881 66868 66872 66876
66882 67087 66933 66984 67035
67088 67298 67140 67192 67244
67299 67376 67318 67337 67356
67377 67573 67426 67475 67524
67574 67683 67601 67628 67655
67684 67746 67699 67714 67729
67747 67868 67777 67807 67837
67869 68066 67918 67967 68016
68067 68326 68131 68195 68259
68327 68580 68390 68453 68516
68581 68662 68601 68621 68641
68663 68770 68689 68715 68741
68771 68868 68795 68819 68843
68869 69004 68902 68935 68968
69005 69180 69048 69091 69134
69181 69280 69205 69229 69253
69281 69361 69301 69321 69341
69362 69459 69386 69410 69434
69460 69724 69526 69592 69658
69725 69838 69753 69781 69809
69839 69939 69864 69889 69914
69940 69969 69947 69954 69961
69970 70631 70135 70300 70465
70632 70777 70668 70704 70740
70778 70870 70801 70824 70847
70871 71135 70937 71003 71069
71136 71227 71158 71180 71202
71228 71567 71312 71396 71480
71568 71925 71657 71746 71835
71926 72127 71976 72026 72076
72128 72409 72198 72268 72338
72410 72805 72508 72606 72704
72806 73062 72870 72934 72998
73063 73124 73078 73093 73108
73125 73563 73234 73343 73452
73564 73621 73578 73592 73606
73622 73740 73651 73680 73709
73741 73814 73759 73777 73795
73815 74275 73930 74045 74160
74276 74563 74347 74418 74489
74564 75452 74672 74780 75339
75453 75765 75531 75609 75687
75766 75864 75790 75814 75838
75865 75907 75875 75885 75895
75908 76988 76178 76448 76718
76989 77056 77005 77021 77037
77057 77284 77113 77169 77225
77285 77597 77363 77441 77519
77598 77682 77619 77640 77661
77683 77712 77690 77697 77704
77713 77816 77738 77763 77788
77817 77875 77831 77845 77859
77876 77928 77889 77902 77915
77929 78088 77968 78007 78046
78089 78155 78105 78121 78137
78156 78202 78167 78178 78189
78203 78265 78218 78233 78248
78266 78382 78295 78324 78353
78383 78675 78456 78529 78602
78676 78878 78726 78776 78826
78879 78937 78893 78907 78921
78938 79045 78964 78990 79016
79046 79236 79093 79140 79187
79237 79259 79242 79247 79252
79260 79306 79271 79282 79293
79307 79348 79317 79327 79337
79349 79406 79363 79377 79391
79407 79478 79424 79441 79458
79479 79543 79495 79511 79527
79544 79686 79579 79614 79649
79687 79718 79694 79701 79708
79719 79748 79726 79733 79740
79749 79772 79754 79759 79764
79773 79873 79798 79823 79848
79874 79931 79888 79902 79916
79932 79959 79938 79944 79950
79960 80015 79973 79986 79999
80016 80122 80042 80068 80094
80123 80223 80148 80173 80198
80224 80246 80229 80234 80239
80247 80327 80267 80287 80307
80328 80362 80336 80344 80352
80363 80383 80368 80373 80378
80384 80436 80397 80410 80423
80437 80460 80442 80447 80452
80461 80487 80467 80473 80479
80488 80552 80504 80520 80536
80553 80637 80574 80595 80616
80638 80688 80650 80662 80674
80689 80748 80703 80717 80731
80749 80777 80756 80763 80770
80778 80865 80799 80820 80841
80866 81023 80905 80944 80983
81024 81079 81037 81050 81063
81080 81269 81127 81174 81221
81270 81363 81293 81316 81339
81364 81420 81378 81392 81406
81421 81448 81427 81433 81439
81449 81471 81454 81459 81464
81472 81499 81478 81484 81490
81500 81523 81505 81510 81515
81524 81547 81529 81534 81539
81548 81573 81554 81560 81566
81574 81635 81589 81604 81619
81636 81658 81641 81646 81651
81659 81686 81665 81671 81677
81687 81719 81695 81703 81711
81720 81757 81729 81738 81747
81758 81798 81768 81778 81788
81799 81844 81810 81821 81832
81845 81880 81853 81861 81869
81881 81969 81903 81925 81947
81970 82106 82004 82038 82072
82107 82138 82114 82121 82128
82139 82267 82171 82203 82235
82268 82334 82284 82300 82316
82335 82374 82344 82353 82362
82375 82431 82389 82403 82417
82432 82478 82443 82454 82465
82479 82610 82511 82543 82575
82611 82678 82627 82643 82659
82679 82705 82685 82691 82697
82706 82730 82712 82718 82724
82731 82772 82741 82751 82761
82773 82820 82784 82795 82806
82821 82880 82835 82849 82863
82881 82930 82893 82905 82917
82931 82979 82943 82955 82967
82980 83027 82991 83002 83013
83028 83141 83056 83084 83112
83142 83173 83149 83156 83163
83174 83193 83178 83182 83186
83194 83216 83199 83204 83209
83217 83251 83225 83233 83241
83252 83438 83298 83344 83390
83439 83707 83506 83573 83640
83708 83847 83742 83776 83810
83848 83949 83873 83898 83923
83950 83999 83962 83974 83986
84000 84020 84005 84010 84015
84021 84193 84064 84107 84150
84194 84374 84239 84284 84329
84375 84451 84394 84413 84432
84452 84523 84469 84486 84503
84524 84588 84540 84556 84572
84589 84619 84596 84603 84610
84620 84650 84627 84634 84641
84651 84810 84690 84729 84768
84811 84959 84848 84885 84922
84960 85159 85009 85058 85107
85160 85202 85170 85180 85190
85203 85280 85222 85241 85260
85281 85421 85316 85351 85386
85422 85470 85434 85446 85458
85471 85545 85489 85507 85525
85546 85642 85570 85594 85618
85643 85679 85652 85661 85670
85680 85789 85707 85734 85761
85790 85827 85799 85808 85817
85828 85885 85842 85856 85870
85886 85925 85895 85904 85913
85926 86011 85947 85968 85989
86012 86193 86057 86102 86147
86194 86632 86303 86412 86521
86633 86700 86649 86665 86681
86701 86719 86705 86709 86713
86720 86754 86728 86736 86744
86755 86844 86777 86799 86821
86845 86861 86849 86853 86857
86862 86894 86870 86878 86886
86895 86994 86919 86943 86967
86995 87096 87020 87045 87070
87097 87165 87114 87131 87148
87166 87198 87174 87182 87190
87199 87215 87203 87207 87211
87216 87235 87220 87224 87228
87236 87323 87257 87278 87299
87324 87358 87332 87340 87348
87359 87643 87430 87501 87572
87644 87838 87692 87740 87788
87839 88000 87879 87919 87959
88001 88017 88005 88009 88013
88018 88181 88058 88098 88138
88182 88249 88198 88214 88230
88250 88471 88305 88360 88415
88472 88596 88503 88534 88565
88597 88710 88625 88653 88681
88711 88729 88715 88719 88723
88730 88964 88788 88846 88904
88965 89058 88988 89011 89034
89059 89135 89078 89097 89116
89136 89449 89214 89292 89370
89450 89536 89471 89492 89513
89537 89634 89561 89585 89609
89635 89745 89662 89689 89716
89746 89956 89798 89850 89902
89957 90090 89967 89977 90066
90091 90144 90104 90117 90130
90145 90211 90161 90177 90193
90212 90285 90230 90248 90266
90286 90337 90298 90310 90322
90338 90434 90362 90386 90410
90435 90470 90443 90451 90459
90471 90553 90491 90511 90531
90554 90874 90634 90714 90794
90875 90922 90886 90897 90908
90923 91077 90961 90999 91037
91078 91299 91133 91188 91243
91300 91430 91332 91364 91396
91431 91541 91458 91485 91512
91542 91665 91572 91602 91632
91666 91832 91707 91748 91789
91833 92210 91927 92021 92115
92211 92360 92248 92285 92322
92361 92494 92394 92427 92460
92495 92663 92537 92579 92621
92664 92834 92706 92748 92790
92835 92909 92853 92871 92889
92910 93026 92939 92968 92997
93027 93535 93154 93281 93408
93536 93983 93647 93758 93869
93984 94164 94029 94074 94119
94165 94375 94217 94269 94321
94376 94412 94385 94394 94403
94413 94530 94442 94471 94500
94531 94608 94550 94569 94588
94609 94720 94636 94663 94690
94721 94916 94769 94817 94865
94917 95059 94952 94987 95022
95060 95082 95065 95070 95075
95083 95167 95104 95125 95146
95168 95217 95180 95192 95204
95218 95241 95223 95228 95233
95242 95309 95258 95274 95290
95310 95429 95339 95368 95397
95430 95475 95441 95452 95463
95476 95681 95527 95578 95629
95682 95709 95688 95694 95700
95710 95739 95717 95724 95731
95740 95801 95755 95770 95785
95802 95894 95825 95848 95871
95895 96015 95925 95955 95985
96016 96032 96020 96024 96028
96033 96238 96084 96135 96186
96239 96284 96250 96261 96272
96285 96337 96298 96311 96324
96338 96373 96346 96354 96362
96374 96443 96391 96408 96425
96444 96490 96455 96466 96477
96491 96512 96496 96501 96506
96513 96613 96538 96563 96588
96614 96654 96624 96634 96644
96655 96788 96688 96721 96754
96789 96855 96805 96821 96837
96856 96901 96867 96878 96889
96902 96946 96913 96924 96935
96947 97010 96962 96977 96992
97011 97161 97048 97085 97122
97162 97194 97170 97178 97186
97195 97307 97223 97251 97279
97308 97356 97320 97332 97344
97357 97444 97378 97399 97420
97445 97496 97457 97469 97481
97497 97587 97519 97541 97563
97588 97666 97607 97626 97645
97667 97752 97688 97709 97730
97753 97848 97776 97799 97822
97849 98069 97904 97959 98014
98070 98238 98112 98154 98196
98239 98291 98252 98265 98278
98292 98365 98310 98328 98346
98366 98398 98374 98382 98390
98399 98454 98412 98425 98438
98455 98634 98499 98543 98587
98635 98941 98711 98787 98863
98942 99182 99002 99062 99122
99183 99253 99200 99217 99234
99254 99310 99268 99282 99296
99311 99345 99319 99327 99335
99346 99375 99353 99360 99367
99376 99441 99392 99408 99424
99442 99858 99546 99650 99754
99859 100094 99917 99975 100033
100095 100139 100106 100117 100128
100140 100314 100183 100226 100269
100315 100491 100359 100403 100447
100492 100546 100505 100518 100531
100547 100600 100560 100573 100586
100601 100646 100612 100623 100634
100647 100855 100699 100751 100803
100856 101065 100908 100960 101012
101066 101234 101108 101150 101192
101235 101595 101325 101415 101505
101596 101951 101684 101772 101860
101952 102050 101976 102000 102024
102051 102098 102062 102073 102084
102099 102184 102120 102141 102162
102185 102321 102219 102253 102287
102322 102491 102364 102406 102448
102492 102678 102538 102584 102630
102679 102784 102705 102731 102757
102785 102820 102793 102801 102809
102821 102845 102827 102833 102839
102846 102901 102859 102872 102885
102902 103015 102930 102958 102986
103016 103208 103064 103112 103160
103209 103440 103266 103323 103380
103441 103703 103506 103571 103636
103704 103781 103723 103742 103761
103782 103919 103816 103850 103884
103920 104108 103967 104014 104061
104109 104284 104152 104195 104238
104285 104521 104344 104403 104462
104522 104782 104587 104652 104717
104783 104821 104792 104801 104810
104822 105037 104866 104910 105027
105038 105238 105088 105138 105188
105239 105270 105246 105253 105260
105271 105302 105278 105285 105292
105303 105567 105369 105435 105501
105568 105776 105620 105672 105724
105777 105909 105810 105843 105876
105910 106091 105955 106000 106045
106092 106302 106144 106196 106248
106303 106653 106390 106477 106564
106654 106694 106664 106674 106684
106695 106718 106700 106705 106710
106719 106886 106760 106801 106842
106887 106927 106897 106907 106917
106928 107073 106964 107000 107036
107074 107149 107092 107110 107128
107150 107201 107162 107174 107186
107202 107301 107226 107250 107274
107302 107435 107335 107368 107401
107436 107457 107441 107446 107451
107458 107551 107481 107504 107527
107552 107664 107580 107608 107636
107665 107854 107712 107759 107806
107855 107881 107861 107867 107873
107882 107932 107894 107906 107918
107933 107968 107941 107949 107957
107969 108035 107985 108001 108017
108036 108072 108045 108054 108063
108073 108197 108104 108135 108166
108198 108288 108220 108242 108264
108289 108378 108311 108333 108355
108379 108495 108408 108437 108466
108496 108577 108516 108536 108556
108578 108634 108592 108606 108620
108635 108764 108667 108699 108731
108765 108826 108780 108795 108810
108827 108895 108844 108861 108878
108896 108933 108905 108914 108923
108934 108970 108943 108952 108961
108971 109007 108980 108989 108998
109008 109035 109014 109020 109026
109036 109140 109062 109088 109114
109141 109219 109160 109179 109198
109220 109260 109230 109240 109250
109261 109330 109278 109295 109312
109331 109371 109341 109351 109361
109372 109498 109403 109434 109465
109499 109530 109506 109513 109520
109531 109649 109560 109589 109618
109650 109728 109669 109688 109707
109729 109788 109743 109757 109771
109789 109941 109827 109865 109903
109942 110132 109989 110036 110083
110133 110183 110145 110157 110169
110184 110272 110206 110228 110250
110273 110363 110295 110317 110339
110364 110531 110405 110446 110487
110532 110567 110540 110548 110556
110568 110643 110586 110604 110622
110644 110721 110663 110682 110701
110722 110827 110748 110774 110800
110828 110866 110837 110846 110855
110867 111008 110902 110937 110972
111009 111112 111034 111059 111084
111113 111329 111167 111221 111275
111330 111510 111375 111420 111465
111511 111627 111540 111569 111598
111628 111716 111650 111672 111694
111717 111845 111749 111781 111813
111846 111965 111875 111904 111933
111966 112012 111977 111988 111999
112013 112195 112058 112103 112148
112196 112268 112214 112232 112250
112269 112344 112287 112305 112323
112345 112472 112376 112407 112438
112473 112533 112488 112503 112518
112534 112712 112578 112622 112666
112713 112751 112722 112731 112740
112752 112781 112759 112766 112773
112782 112803 112787 112792 112797
112804 112843 112813 112822 112831
112844 112891 112855 112866 112877
112892 112934 112902 112912 112922
112935 112972 112944 112953 112962
112973 113001 112980 112987 112994
113002 113022 113007 113012 113017
113023 113044 113028 113033 113038
113045 113063 113049 113053 113057
113064 113091 113070 113076 113082
113092 113164 113110 113128 113146
113165 113182 113169 113173 113177
113183 113250 113199 113215 113231
113251 113298 113262 113273 113284
113299 113405 113325 113351 113377
113406 113435 113413 113420 113427
113436 113458 113441 113446 113451
113459 113499 113469 113479 113489
113500 113528 113507 113514 113521
113529 113665 113563 113597 113631
113666 113711 113677 113688 113699
113712 113749 113721 113730 113739
113750 113784 113758 113766 113774
113785 113817 113793 113801 113809
113818 113837 113822 113826 113830
113838 113854 113842 113846 113850
113855 113878 113860 113865 113870
113879 113897 113883 113887 113891
113898 113946 113910 113922 113934
113947 113964 113951 113955 113959
113965 114016 113977 113989 114001
114017 114044 114023 114029 114035
114045 114065 114050 114055 114060
114066 114095 114073 114080 114087
114096 114144 114108 114120 114132
114145 114203 114159 114173 114187
114204 114226 114209 114214 114219
114227 114260 114235 114243 114251
114261 114304 114271 114281 114291
114305 114323 114309 114313 114317
114324 114361 114333 114342 114351
114362 114381 114366 114370 114374
114382 114427 114393 114404 114415
114428 114681 114491 114554 114617
114682 114958 114751 114820 114889
114959 115043 114980 115001 115022
115044 115198 115082 115120 115158
115199 115308 115226 115253 115280
115309 115375 115325 115341 115357
115376 115509 115409 115442 115475
115510 115540 115517 115524 115531
115541 115585 115552 115563 115574
115586 115628 115596 115606 115616
115629 115656 115635 115641 115647
115657 115677 115662 115667 115672
115678 115702 115684 115690 115696
115703 115888 115749 115795 115841
115889 115920 115896 115903 115910
115921 115947 115927 115933 115939
115948 115988 115958 115968 115978
115989 116054 116005 116021 116037
116055 116084 116062 116069 116076
116085 116122 116094 116103 116112
116123 116271 116160 116197 116234
116272 116326 116285 116298 116311
116327 116376 116339 116351 116363
116377 116422 116388 116399 116410
116423 116501 116442 116461 116480
116502 116676 116545 116588 116631
116677 116737 116692 116707 116722
116738 116859 116768 116798 116828
116860 117010 116897 116934 116971
117011 117158 117047 117083 117119
117159 117200 117169 117179 117189
117201 117234 117209 117217 117225
117235 117256 117240 117245 117250
117257 117304 117268 117279 117290
117305 117397 117328 117351 117374
117398 117489 117420 117442 117464
117490 117583 117513 117536 117559
117584 117693 117611 117638 117665
117694 117837 117729 117764 117799
117838 117856 117842 117846 117850
117857 117931 117875 117893 117911
117932 117975 117942 117952 117962
117976 118020 117987 117998 118009
118021 118064 118031 118041 118051
118065 118176 118092 118119 118146
118177 118241 118193 118209 118225
118242 118334 118265 118288 118311
118335 118437 118360 118385 118410
118438 118499 118453 118468 118483
118500 118566 118516 118532 118548
118567 118626 118581 118595 118609
118627 118682 118640 118653 118666
118683 118747 118699 118715 118731
118748 118804 118762 118776 118790
118805 118839 118813 118821 118829
118840 118905 118856 118872 118888
118906 118931 118912 118918 118924
118932 118985 118945 118958 118971
118986 119007 118991 118996 119001
119008 119086 119027 119046 119065
119087 119117 119094 119101 119108
119118 119154 119127 119136 119145
119155 119185 119162 119169 119176
119186 119217 119193 119200 119207
119218 119280 119233 119248 119263
119281 119314 119289 119297 119305
119315 119333 119319 119323 119327
119334 119350 119338 119342 119346
119351 119391 119361 119371 119381
119392 119422 119399 119406 119413
119423 119486 119438 119453 119468
119487 119576 119509 119531 119553
119577 119639 119592 119607 119622
119640 119733 119663 119686 119709
119734 119770 119743 119752 119761
119771 119914 119806 119841 119876
119915 119989 119933 119951 119969
119990 120075 119992 119994 120054
120076 120183 120102 120128 120154
120184 120258 120202 120220 120238
120259 120331 120277 120295 120313
120332 120380 120344 120356 120368
120381 120421 120391 120401 120411
120422 120477 120435 120448 120461
120478 120559 120498 120518 120538
120560 120603 120570 120580 120590
120604 120679 120622 120640 120658
120680 120819 120714 120748 120782
120820 120902 120840 120860 120880
120903 120919 120907 120911 120915
120920 120979 120934 120948 120962
120980 121073 121003 121026 121049
121074 121324 121136 121198 121260
121325 121381 121339 121353 121367
121382 121404 121387 121392 121397
121405 121558 121443 121481 121519
121559 121603 121570 121581 121592
121604 121646 121614 121624 121634
121647 121741 121670 121693 121716
121742 121804 121757 121772 121787
121805 121821 121809 121813 121817
121822 121861 121831 121840 121849
121862 121894 121870 121878 121886
121895 121962 121911 121927 121943
121963 122001 121972 121981 121990
122002 122093 122024 122046 122068
122094 122128 122102 122110 122118
122129 122170 122139 122149 122159
122171 122216 122182 122193 122204
122217 122266 122229 122241 122253
122267 122381 122295 122323 122351
122382 122443 122397 122412 122427
122444 122476 122452 122460 122468
122477 122531 122490 122503 122516
122532 122552 122537 122542 122547
122553 122584 122560 122567 122574
122585 122683 122609 122633 122657
122684 122710 122690 122696 122702
122711 122876 122752 122793 122834
122877 123097 122932 122987 123042
123098 123159 123113 123128 123143
123160 123223 123175 123190 123205
123224 123399 123267 123310 123353
123400 123488 123422 123444 123466
123489 123582 123512 123535 123558
123583 123647 123599 123615 123631
123648 123722 123666 123684 123702
123723 123756 123731 123739 123747
123757 123805 123769 123781 123793
123806 123859 123819 123832 123845
123860 123930 123877 123894 123911
123931 123977 123942 123953 123964
123978 124005 123984 123990 123996
124006 124102 124030 124054 124078
124103 124163 124118 124133 124148
124164 124207 124174 124184 124194
124208 124252 124219 124230 124241
124253 124270 124257 124261 124265
124271 124313 124281 124291 124301
124314 124401 124335 124356 124377
124402 124444 124412 124422 124432
124445 124523 124464 124483 124502
124524 124557 124532 124540 124548
124558 124588 124565 124572 124579
124589 124607 124593 124597 124601
124608 124624 124612 124616 124620
124625 124644 124629 124633 124637
124645 124679 124653 124661 124669
124680 124702 124685 124690 124695
124703 124742 124712 124721 124730
124743 124783 124753 124763 124773
124784 124896 124812 124840 124868
124897 124948 124909 124921 124933
124949 125004 124962 124975 124988
125005 125026 125010 125015 125020
125027 125046 125031 125035 125039
125047 125105 125061 125075 125089
125106 125142 125115 125124 125133
125143 125188 125154 125165 125176
125189 125243 125202 125215 125228
125244 125385 125279 125314 125349
125386 125519 125419 125452 125485
125520 125537 125524 125528 125532
125538 125556 125542 125546 125550
125557 125775 125611 125665 125719
125776 125814 125785 125794 125803
125815 125845 125822 125829 125836
125846 126203 125935 126024 126113
126204 126234 126211 126218 126225
126235 126305 126252 126269 126286
126306 126378 126324 126342 126360
126379 126459 126399 126419 126439
126460 126596 126494 126528 126562
126597 126671 126615 126633 126651
126672 126743 126689 126706 126723
126744 126902 126783 126822 126861
126903 127070 126944 126985 127026
127071 127269 127120 127169 127218
127270 127334 127286 127302 127318
127335 127996 127500 127665 127830
127997 128076 128016 128035 128054
128077 128257 128122 128167 128212
128258 128428 128300 128342 128384
128429 128502 128447 128465 128483
128503 128584 128523 128543 128563
128585 128692 128611 128637 128663
128693 128793 128718 128743 128768
128794 128910 128823 128852 128881
128911 128992 128931 128951 128971
128993 129124 129025 129057 129089
129125 129195 129142 129159 129176
129196 129246 129208 129220 129232
129247 129353 129273 129299 129325
129354 129417 129369 129384 129399
129418 129538 129448 129478 129508
129539 129645 129565 129591 129617
129646 129884 129705 129764 129823
129885 129971 129906 129927 129948
129972 130071 129996 130020 130044
130072 130162 130094 130116 130138
130163 130228 130179 130195 130211
130229 130275 130240 130251 130262
130276 130329 130289 130302 130315
130330 130524 130378 130426 130474
130525 130793 130592 130659 130726
130794 130878 130815 130836 130857
130879 131155 130948 131017 131086
131156 131291 131189 131222 131255
131292 131389 131316 131340 131364
131390 131457 131406 131422 131438
131458 131602 131494 131530 131566
131603 133292 132025 132447 132869
133293 140821 133719 134145 139365
140822 141046 140878 140934 140990
