0 147 36 72 108
148 448 223 298 373
449 480 456 463 470
481 1518 740 999 1258
1519 1553 1527 1535 1543
1554 1641 1575 1596 1617
1642 1802 1682 1722 1762
1803 1828 1809 1815 1821
1829 1858 1836 1843 1850
1859 1880 1864 1869 1874
1881 1901 1886 1891 1896
1902 1953 1914 1926 1938
1954 1994 1964 1974 1984
1995 2021 2001 2007 2013
2022 2041 2026 2030 2034
2042 2093 2054 2066 2078
2094 2119 2100 2106 2112
2120 2144 2126 2132 2138
2145 2182 2154 2163 2172
2183 2220 2192 2201 2210
2221 2271 2233 2245 2257
2272 2396 2303 2334 2365
2397 2434 2406 2415 2424
2435 2481 2446 2457 2468
2482 2524 2492 2502 2512
2525 2583 2539 2553 2567
2584 2639 2597 2610 2623
2640 2686 2651 2662 2673
2687 2738 2699 2711 2723
2739 2779 2749 2759 2769
2780 2849 2797 2814 2831
2850 3159 2927 3004 3081
3160 3177 3164 3168 3172
3178 3252 3196 3214 3232
3253 3598 3339 3425 3511
3599 3697 3623 3647 3671
3698 3809 3725 3752 3779
3810 4112 3885 3960 4035
4113 4166 4126 4139 4152
4167 4221 4180 4193 4206
4222 4289 4238 4254 4270
4290 4331 4300 4310 4320
4332 4366 4340 4348 4356
4367 4383 4371 4375 4379
4384 4454 4401 4418 4435
4455 4524 4472 4489 4506
4525 4614 4547 4569 4591
4615 4713 4639 4663 4687
4714 4750 4723 4732 4741
4751 4788 4760 4769 4778
4789 4875 4810 4831 4852
4876 4910 4884 4892 4900
4911 4999 4933 4955 4977
5000 5066 5016 5032 5048
5067 5096 5074 5081 5088
5097 5140 5107 5117 5127
5141 5160 5145 5149 5153
5161 5184 5166 5171 5176
5185 5242 5199 5213 5227
5243 5306 5258 5273 5288
5307 5356 5319 5331 5343
5357 5411 5370 5383 5396
5412 5449 5421 5430 5439
5450 5551 5475 5500 5525
5552 5583 5559 5566 5573
5584 5682 5608 5632 5656
5683 5780 5707 5731 5755
5781 5860 5800 5819 5838
5861 5916 5874 5887 5900
5917 5949 5925 5933 5941
5950 6020 5967 5984 6001
6021 6042 6026 6031 6036
6043 6078 6051 6059 6067
6079 6102 6084 6089 6094
6103 6131 6110 6117 6124
6132 6153 6137 6142 6147
6154 6219 6170 6186 6202
6220 6281 6235 6250 6265
6282 6348 6298 6314 6330
6349 6418 6366 6383 6400
6419 6491 6437 6455 6473
6492 6526 6500 6508 6516
6527 6565 6536 6545 6554
6566 6584 6570 6574 6578
6585 6624 6594 6603 6612
6625 6662 6634 6643 6652
6663 6682 6667 6671 6675
6683 6708 6689 6695 6701
6709 6759 6721 6733 6745
6760 6810 6772 6784 6796
6811 6869 6825 6839 6853
6870 6900 6877 6884 6891
6901 7059 6940 6979 7018
7060 7083 7065 7070 7075
7084 7114 7091 7098 7105
7115 7167 7128 7141 7154
7168 7186 7172 7176 7180
7187 7210 7192 7197 7202
7211 7228 7215 7219 7223
7229 7261 7237 7245 7253
7262 7279 7266 7270 7274
7280 7349 7297 7314 7331
7350 7461 7377 7404 7431
7462 7487 7468 7474 7480
7488 7510 7493 7498 7503
7511 7539 7518 7525 7532
7540 7565 7546 7552 7558
7566 7610 7577 7588 7599
7611 7652 7621 7631 7641
7653 7694 7663 7673 7683
7695 7813 7724 7753 7782
7814 7842 7821 7828 7835
7843 7869 7849 7855 7861
7870 7950 7890 7910 7930
7951 7997 7962 7973 7984
7998 8053 8011 8024 8037
8054 8139 8075 8096 8117
8140 8223 8160 8180 8200
8224 8250 8230 8236 8242
8251 8270 8255 8259 8263
8271 8299 8278 8285 8292
8300 8326 8306 8312 8318
8327 8353 8333 8339 8345
8354 8402 8366 8378 8390
8403 8442 8412 8421 8430
8443 8472 8450 8457 8464
8473 8493 8478 8483 8488
8494 8532 8503 8512 8521
8533 8564 8540 8547 8554
8565 8583 8569 8573 8577
8584 8622 8593 8602 8611
8623 8645 8628 8633 8638
8646 8663 8650 8654 8658
8664 8691 8670 8676 8682
8692 8711 8696 8700 8704
8712 8733 8717 8722 8727
8734 8770 8743 8752 8761
8771 8817 8782 8793 8804
8818 8901 8838 8858 8878
8902 8994 8925 8948 8971
8995 9015 9000 9005 9010
9016 9048 9024 9032 9040
9049 9070 9054 9059 9064
9071 9088 9075 9079 9083
9089 9122 9097 9105 9113
9123 9156 9131 9139 9147
9157 9187 9164 9171 9178
9188 9226 9197 9206 9215
9227 9245 9231 9235 9239
9246 9268 9251 9256 9261
9269 9316 9280 9291 9302
9317 9338 9322 9327 9332
9339 9479 9374 9409 9444
9480 9505 9486 9492 9498
9506 9552 9517 9528 9539
9553 9587 9561 9569 9577
9588 9648 9603 9618 9633
9649 9665 9653 9657 9661
9666 9686 9671 9676 9681
9687 9731 9698 9709 9720
9732 9753 9737 9742 9747
9754 9885 9786 9818 9850
9886 9939 9899 9912 9925
9940 10096 9979 10018 10057
10097 10153 10111 10125 10139
10154 10295 10189 10224 10259
10296 10374 10315 10334 10353
10375 10399 10381 10387 10393
10400 10417 10404 10408 10412
10418 10440 10423 10428 10433
10441 10551 10468 10495 10522
10552 10586 10560 10568 10576
10587 10779 10635 10683 10731
10780 10822 10790 10800 10810
10823 10981 10862 10901 10940
10982 11009 10988 10994 11000
11010 11052 11020 11030 11040
11053 11069 11057 11061 11065
11070 11095 11076 11082 11088
11096 11114 11100 11104 11108
11115 11132 11119 11123 11127
11133 11177 11144 11155 11166
11178 11449 11245 11312 11379
11450 11483 11458 11466 11474
11484 11724 11544 11604 11664
11725 11827 11750 11775 11800
11828 11931 11853 11878 11903
11932 11995 11947 11962 11977
11996 12088 12019 12042 12065
12089 12125 12098 12107 12116
12126 12252 12157 12188 12219
12253 12376 12283 12313 12343
12377 12435 12391 12405 12419
12436 12516 12456 12476 12496
12517 12631 12545 12573 12601
12632 12672 12642 12652 12662
12673 12805 12706 12739 12772
12806 12913 12832 12858 12884
12914 13049 12947 12980 13013
13050 13132 13070 13090 13110
13133 13213 13153 13173 13193
13214 13323 13241 13268 13295
13324 13363 13333 13342 13351
13364 13436 13382 13400 13418
13437 13566 13469 13501 13533
13567 13610 13577 13587 13597
13611 13665 13624 13637 13650
13666 13715 13678 13690 13702
13716 13750 13724 13732 13740
13751 13841 13773 13795 13817
13842 13892 13854 13866 13878
13893 13940 13904 13915 13926
13941 14078 13975 14009 14043
14079 14244 14120 14161 14202
14245 14308 14260 14275 14290
14309 14404 14332 14355 14378
14405 14439 14413 14421 14429
14440 14457 14444 14448 14452
14458 14518 14473 14488 14503
14519 14633 14547 14575 14603
14634 14677 14644 14654 14664
14678 14732 14691 14704 14717
14733 14764 14740 14747 14754
14765 14859 14788 14811 14834
14860 14915 14873 14886 14899
14916 14945 14923 14930 14937
14946 14980 14954 14962 14970
14981 15014 14985 14989 15009
15015 15106 15037 15059 15081
15107 15141 15115 15123 15131
15142 15214 15160 15178 15196
15215 15270 15228 15241 15254
15271 15320 15283 15295 15307
15321 15384 15336 15351 15366
15385 15407 15390 15395 15400
15408 15435 15414 15420 15426
15436 15454 15440 15444 15448
15455 15475 15460 15465 15470
15476 15502 15482 15488 15494
15503 15534 15510 15517 15524
15535 15562 15541 15547 15553
15563 15583 15568 15573 15578
15584 15642 15598 15612 15626
15643 15675 15651 15659 15667
15676 15728 15689 15702 15715
15729 15763 15737 15745 15753
15764 15833 15781 15798 15815
15834 15942 15861 15888 15915
15943 16075 15976 16009 16042
16076 16124 16088 16100 16112
16125 16208 16145 16165 16185
16209 16279 16226 16243 16260
16280 16341 16295 16310 16325
16342 16375 16350 16358 16366
16376 16440 16392 16408 16424
16441 16557 16470 16499 16528
16558 16609 16570 16582 16594
16610 16852 16670 16730 16790
16853 16948 16876 16899 16922
16949 17015 16965 16981 16997
17016 17186 17058 17100 17142
17187 17469 17257 17327 17397
17470 17513 17480 17490 17500
17514 17541 17520 17526 17532
17542 17615 17560 17578 17596
17616 17638 17621 17626 17631
17639 17757 17668 17697 17726
17758 18141 17853 17948 18043
18142 18225 18162 18182 18202
18226 18271 18237 18248 18259
18272 18314 18282 18292 18302
18315 18381 18331 18347 18363
18382 18507 18413 18444 18475
18508 18568 18523 18538 18553
18569 18629 18584 18599 18614
18630 18694 18646 18662 18678
18695 18803 18722 18749 18776
18804 18841 18813 18822 18831
18842 18863 18847 18852 18857
18864 18907 18874 18884 18894
18908 18983 18926 18944 18962
18984 19135 19021 19058 19095
19136 19254 19165 19194 19223
19255 19339 19276 19297 19318
19340 19593 19403 19466 19529
19594 19638 19605 19616 19627
19639 19697 19653 19667 19681
19698 19763 19714 19730 19746
19764 19841 19783 19802 19821
19842 19906 19858 19874 19890
19907 19945 19916 19925 19934
19946 19977 19953 19960 19967
19978 20014 19987 19996 20005
20015 20068 20028 20041 20054
20069 20097 20076 20083 20090
20098 20202 20124 20150 20176
20203 20246 20213 20223 20233
20247 20278 20254 20261 20268
20279 20330 20291 20303 20315
20331 20388 20345 20359 20373
20389 20413 20395 20401 20407
20414 20455 20424 20434 20444
20456 20515 20470 20484 20498
20516 20614 20540 20564 20588
20615 20691 20634 20653 20672
20692 20811 20721 20750 20779
20812 20884 20830 20848 20866
20885 20951 20901 20917 20933
20952 21033 20972 20992 21012
21034 21054 21039 21044 21049
21055 21235 21100 21145 21190
21236 21395 21275 21314 21353
21396 21507 21423 21450 21477
21508 21524 21512 21516 21520
21525 21575 21537 21549 21561
21576 21601 21582 21588 21594
21602 21627 21608 21614 21620
21628 21659 21635 21642 21649
21660 21702 21670 21680 21690
21703 21736 21711 21719 21727
21737 21808 21754 21771 21788
21809 21847 21818 21827 21836
21848 21891 21858 21868 21878
21892 21921 21899 21906 21913
21922 21958 21931 21940 21949
21959 22135 22003 22047 22091
22136 22179 22146 22156 22166
22180 22223 22190 22200 22210
22224 22277 22237 22250 22263
22278 22308 22285 22292 22299
22309 22424 22337 22365 22393
22425 22575 22462 22499 22536
22576 22625 22588 22600 22612
22626 22684 22640 22654 22668
22685 22763 22704 22723 22742
22764 22807 22774 22784 22794
22808 22842 22816 22824 22832
22843 22885 22853 22863 22873
22886 22960 22904 22922 22940
22961 23003 22971 22981 22991
23004 23142 23038 23072 23106
23143 23197 23156 23169 23182
23198 23297 23222 23246 23270
23298 23329 23305 23312 23319
23330 23420 23352 23374 23396
23421 23482 23436 23451 23466
23483 23518 23491 23499 23507
23519 23622 23544 23569 23594
23623 23691 23640 23657 23674
23692 23727 23700 23708 23716
23728 23762 23736 23744 23752
23763 23852 23785 23807 23829
23853 23923 23870 23887 23904
23924 23971 23935 23946 23957
23972 24040 23989 24006 24023
24041 24124 24061 24081 24101
24125 24152 24131 24137 24143
24153 24181 24160 24167 24174
24182 24215 24190 24198 24206
24216 24302 24237 24258 24279
24303 24340 24312 24321 24330
24341 24388 24352 24363 24374
24389 24415 24395 24401 24407
24416 24561 24452 24488 24524
24562 24589 24568 24574 24580
24590 24658 24607 24624 24641
24659 24681 24664 24669 24674
24682 24717 24690 24698 24706
24718 24740 24723 24728 24733
24741 24763 24746 24751 24756
24764 24833 24781 24798 24815
24834 24877 24844 24854 24864
24878 24911 24886 24894 24902
24912 24952 24922 24932 24942
24953 25015 24968 24983 24998
25016 25098 25036 25056 25076
25099 25139 25109 25119 25129
25140 25175 25148 25156 25164
25176 25199 25181 25186 25191
25200 25279 25219 25238 25257
25280 25316 25289 25298 25307
25317 25402 25338 25359 25380
25403 25506 25428 25453 25478
25507 25533 25513 25519 25525
25534 25553 25538 25542 25546
25554 25575 25559 25564 25569
25576 25593 25580 25584 25588
25594 25614 25599 25604 25609
25615 25632 25619 25623 25627
25633 25666 25641 25649 25657
25667 25726 25681 25695 25709
25727 25747 25732 25737 25742
25748 25765 25752 25756 25760
25766 25789 25771 25776 25781
25790 25821 25797 25804 25811
25822 25844 25827 25832 25837
25845 25875 25852 25859 25866
25876 25926 25888 25900 25912
25927 25970 25937 25947 25957
25971 26068 25995 26019 26043
26069 26120 26081 26093 26105
26121 26202 26141 26161 26181
26203 26263 26218 26233 26248
26264 26327 26279 26294 26309
26328 26370 26338 26348 26358
26371 26402 26378 26385 26392
26403 26448 26414 26425 26436
26449 26502 26462 26475 26488
26503 26536 26511 26519 26527
26537 26568 26544 26551 26558
26569 26597 26576 26583 26590
26598 26629 26605 26612 26619
26630 26663 26638 26646 26654
26664 26685 26669 26674 26679
26686 26703 26690 26694 26698
26704 26780 26723 26742 26761
26781 26826 26792 26803 26814
26827 26885 26841 26855 26869
26886 26927 26896 26906 26916
26928 26986 26942 26956 26970
26987 27109 27017 27047 27077
27110 27134 27116 27122 27128
27135 27164 27142 27149 27156
27165 27193 27172 27179 27186
27194 27230 27203 27212 27221
27231 27263 27239 27247 27255
27264 27351 27285 27306 27327
27352 27426 27370 27388 27406
27427 27508 27447 27467 27487
27509 27559 27521 27533 27545
27560 27593 27568 27576 27584
27594 27632 27603 27612 27621
27633 27672 27642 27651 27660
27673 27761 27695 27717 27739
27762 27826 27778 27794 27810
27827 27884 27841 27855 27869
27885 27937 27898 27911 27924
27938 27999 27953 27968 27983
28000 28075 28018 28036 28054
28076 28191 28104 28132 28160
28192 28250 28206 28220 28234
28251 28278 28257 28263 28269
28279 28387 28306 28333 28360
28388 28458 28405 28422 28439
28459 28521 28474 28489 28504
28522 28725 28572 28622 28672
28726 28810 28747 28768 28789
28811 28855 28822 28833 28844
28856 28880 28862 28868 28874
28881 28901 28886 28891 28896
28902 28961 28916 28930 28944
28962 29030 28979 28996 29013
29031 29090 29045 29059 29073
29091 29120 29098 29105 29112
29121 29142 29126 29131 29136
29143 29163 29148 29153 29158
29164 29231 29180 29196 29212
29232 29296 29248 29264 29280
29297 29362 29313 29329 29345
29363 29437 29381 29399 29417
29438 29508 29455 29472 29489
29509 29562 29522 29535 29548
29563 29607 29574 29585 29596
29608 29665 29622 29636 29650
29666 29764 29690 29714 29738
29765 29849 29786 29807 29828
29850 30025 29887 29924 30018
30026 30063 30035 30044 30053
30064 30168 30090 30116 30142
30169 30205 30178 30187 30196
30206 30311 30232 30258 30284
30312 30395 30332 30352 30372
30396 30513 30425 30454 30483
30514 30551 30523 30532 30541
30552 30710 30591 30630 30669
30711 30768 30725 30739 30753
30769 30837 30786 30803 30820
30838 31081 30898 30958 31018
31082 31195 31110 31138 31166
31196 31325 31228 31260 31292
31326 31395 31343 31360 31377
31396 31475 31415 31434 31453
31476 31562 31497 31518 31539
31563 31590 31569 31575 31581
31591 31634 31601 31611 31621
31635 31674 31644 31653 31662
31675 31753 31694 31713 31732
31754 31784 31761 31768 31775
31785 31816 31792 31799 31806
31817 31846 31824 31831 31838
31847 31968 31877 31907 31937
31969 32027 31983 31997 32011
32028 32065 32037 32046 32055
32066 32147 32086 32106 32126
32148 32191 32158 32168 32178
32192 32213 32197 32202 32207
32214 32239 32220 32226 32232
32240 32303 32255 32270 32285
32304 32323 32308 32312 32316
32324 32378 32337 32350 32363
32379 32397 32383 32387 32391
32398 32425 32404 32410 32416
32426 32447 32431 32436 32441
32448 32473 32454 32460 32466
32474 32498 32480 32486 32492
32499 32555 32513 32527 32541
32556 32573 32560 32564 32568
32574 32614 32584 32594 32604
32615 32632 32619 32623 32627
32633 32671 32642 32651 32660
32672 32728 32686 32700 32714
32729 32776 32740 32751 32762
32777 32817 32787 32797 32807
32818 32883 32834 32850 32866
32884 32902 32888 32892 32896
32903 32931 32910 32917 32924
32932 32959 32938 32944 32950
32960 32993 32968 32976 32984
32994 33035 33004 33014 33024
33036 33055 33040 33044 33048
33056 33087 33063 33070 33077
33088 33120 33096 33104 33112
33121 33154 33129 33137 33145
33155 33185 33162 33169 33176
33186 33220 33194 33202 33210
33221 33243 33226 33231 33236
33244 33307 33259 33274 33289
33308 33386 33327 33346 33365
33387 33442 33400 33413 33426
33443 33473 33450 33457 33464
33474 33543 33491 33508 33525
33544 33606 33559 33574 33589
33607 33645 33616 33625 33634
33646 33736 33668 33690 33712
33737 33841 33763 33789 33815
33842 33899 33856 33870 33884
33900 33952 33913 33926 33939
33953 33975 33958 33963 33968
33976 34009 33984 33992 34000
34010 34037 34016 34022 34028
34038 34058 34043 34048 34053
34059 34095 34068 34077 34086
34096 34131 34104 34112 34120
34132 34206 34150 34168 34186
34207 34223 34211 34215 34219
34224 34250 34230 34236 34242
34251 34269 34255 34259 34263
34270 34308 34279 34288 34297
34309 34369 34324 34339 34354
34370 34399 34377 34384 34391
34400 34428 34407 34414 34421
34429 34455 34435 34441 34447
34456 34475 34460 34464 34468
34476 34494 34480 34484 34488
34495 34516 34500 34505 34510
34517 34548 34524 34531 34538
34549 34574 34555 34561 34567
34575 34612 34584 34593 34602
34613 34664 34625 34637 34649
34665 34782 34694 34723 34752
34783 34801 34787 34791 34795
34802 34862 34817 34832 34847
34863 34974 34890 34917 34944
34975 35008 34983 34991 34999
35009 35031 35014 35019 35024
35032 35064 35040 35048 35056
35065 35117 35078 35091 35104
35118 35155 35127 35136 35145
35156 35265 35183 35210 35237
35266 35302 35275 35284 35293
35303 35336 35311 35319 35327
35337 35370 35345 35353 35361
35371 35406 35379 35387 35395
35407 35454 35418 35429 35440
35455 35491 35464 35473 35482
35492 35571 35511 35530 35549
35572 35659 35593 35614 35635
35660 35694 35668 35676 35684
35695 35731 35704 35713 35722
35732 35761 35739 35746 35753
35762 35790 35769 35776 35783
35791 35829 35800 35809 35818
35830 35852 35835 35840 35845
35853 35928 35871 35889 35907
35929 35958 35936 35943 35950
35959 35994 35967 35975 35983
35995 36029 36003 36011 36019
36030 36077 36041 36052 36063
36078 36145 36094 36110 36126
36146 36187 36156 36166 36176
36188 36236 36200 36212 36224
36237 36332 36260 36283 36306
36333 36417 36354 36375 36396
36418 36520 36443 36468 36493
36521 36568 36532 36543 36554
36569 36635 36585 36601 36617
36636 36662 36642 36648 36654
36663 36711 36675 36687 36699
36712 36739 36718 36724 36730
36740 36774 36748 36756 36764
36775 36809 36783 36791 36799
36810 36882 36828 36846 36864
36883 36934 36895 36907 36919
36935 36982 36946 36957 36968
36983 37030 36994 37005 37016
37031 37074 37041 37051 37061
37075 37151 37094 37113 37132
37152 37194 37162 37172 37182
37195 37239 37206 37217 37228
37240 37359 37269 37298 37327
37360 37786 37466 37572 37678
37787 38049 37852 37917 37982
38050 38142 38073 38096 38119
38143 38218 38161 38179 38197
38219 38373 38257 38295 38333
38374 38482 38401 38428 38455
38483 38562 38502 38521 38540
38563 38708 38599 38635 38671
38709 38812 38734 38759 38784
38813 38902 38835 38857 38879
38903 39044 38938 38973 39008
39045 39083 39054 39063 39072
39084 39124 39094 39104 39114
39125 39210 39146 39167 39188
39211 39260 39223 39235 39247
39261 39312 39273 39285 39297
39313 39369 39327 39341 39355
39370 39414 39381 39392 39403
39415 39482 39431 39447 39463
39483 39538 39496 39509 39522
39539 39634 39562 39585 39608
39635 39763 39667 39699 39731
39764 39934 39806 39848 39890
39935 40037 39960 39985 40010
40038 40103 40054 40070 40086
40104 40202 40128 40152 40176
40203 40323 40233 40263 40293
40324 40373 40336 40348 40360
40374 40502 40406 40438 40470
40503 40548 40514 40525 40536
40549 40706 40588 40627 40666
40707 40829 40737 40767 40797
40830 40867 40839 40848 40857
40868 40981 40896 40924 40952
40982 41036 40995 41008 41021
41037 41099 41052 41067 41082
41100 41127 41106 41112 41118
41128 41208 41148 41168 41188
41209 41251 41219 41229 41239
41252 41291 41261 41270 41279
41292 41371 41311 41330 41349
41372 41475 41397 41422 41447
41476 41565 41498 41520 41542
41566 41657 41588 41610 41632
41658 41755 41682 41706 41730
41756 41806 41768 41780 41792
41807 42010 41857 41907 41957
42011 42104 42034 42057 42080
42105 42167 42120 42135 42150
42168 42219 42180 42192 42204
42220 42319 42244 42268 42292
42320 42426 42346 42372 42398
42427 42480 42440 42453 42466
42481 42593 42509 42537 42565
42594 42655 42609 42624 42639
42656 42698 42666 42676 42686
42699 42759 42714 42729 42744
42760 42823 42775 42790 42805
42824 42903 42843 42862 42881
42904 42937 42912 42920 42928
42938 43000 42953 42968 42983
43001 43086 43022 43043 43064
43087 43122 43095 43103 43111
43123 43169 43134 43145 43156
43170 43210 43180 43190 43200
43211 43249 43220 43229 43238
43250 43342 43273 43296 43319
43343 43388 43354 43365 43376
43389 43564 43432 43475 43518
43565 43729 43606 43647 43688
43730 43828 43754 43778 43802
43829 43877 43841 43853 43865
43878 43956 43897 43916 43935
43957 44004 43968 43979 43990
44005 44044 44014 44023 44032
44045 44088 44055 44065 44075
44089 44130 44099 44109 44119
44131 44206 44149 44167 44185
44207 44328 44237 44267 44297
44329 44370 44339 44349 44359
44371 44488 44400 44429 44458
44489 44520 44496 44503 44510
44521 44583 44536 44551 44566
44584 44621 44593 44602 44611
44622 44719 44646 44670 44694
44720 44774 44733 44746 44759
44775 44823 44787 44799 44811
44824 44891 44840 44856 44872
44892 44955 44907 44922 44937
44956 44981 44962 44968 44974
44982 45277 44986 44990 45207
45278 45316 45287 45296 45305
45317 45350 45325 45333 45341
45351 45431 45371 45391 45411
45432 45557 45463 45494 45525
45558 45654 45582 45606 45630
45655 45683 45662 45669 45676
45684 45742 45698 45712 45726
45743 46000 45807 45871 45935
46001 46032 46008 46015 46022
46033 46101 46050 46067 46084
46102 46135 46110 46118 46126
46136 46237 46161 46186 46211
46238 46292 46251 46264 46277
46293 46391 46317 46341 46365
46392 46450 46406 46420 46434
46451 46564 46479 46507 46535
46565 46697 46598 46631 46664
46698 46741 46708 46718 46728
46742 46900 46781 46820 46859
46901 46952 46913 46925 46937
46953 47063 46980 47007 47034
47064 47133 47081 47098 47115
47134 47183 47146 47158 47170
47184 47246 47199 47214 47229
47247 47346 47271 47295 47319
47347 47422 47365 47383 47401
47423 47504 47443 47463 47483
47505 47978 47623 47741 47859
47979 48136 48018 48057 48096
48137 48316 48181 48225 48269
48317 48469 48355 48393 48431
48470 48615 48506 48542 48578
48616 49029 48719 48822 48925
49030 49050 49035 49040 49045
49051 49070 49055 49059 49063
49071 49268 49120 49169 49218
49269 49290 49274 49279 49284
49291 49319 49298 49305 49312
49320 49368 49332 49344 49356
49369 49434 49385 49401 49417
49435 49468 49443 49451 49459
49469 49513 49480 49491 49502
49514 49571 49528 49542 49556
49572 49618 49583 49594 49605
49619 49701 49639 49659 49679
49702 49749 49713 49724 49735
49750 49782 49758 49766 49774
49783 49800 49787 49791 49795
49801 49823 49806 49811 49816
49824 49854 49831 49838 49845
49855 49876 49860 49865 49870
49877 49896 49881 49885 49889
49897 49949 49910 49923 49936
49950 50013 49965 49980 49995
50014 50462 50126 50238 50350
50463 50537 50481 50499 50517
50538 50631 50561 50584 50607
50632 50714 50652 50672 50692
50715 50785 50732 50749 50766
50786 50897 50813 50840 50867
50898 50949 50910 50922 50934
50950 51004 50963 50976 50989
51005 51092 51026 51047 51068
51093 51241 51130 51167 51204
51242 51291 51254 51266 51278
51292 51342 51304 51316 51328
51343 51453 51370 51397 51424
51454 51505 51466 51478 51490
51506 51580 51524 51542 51560
51581 51607 51587 51593 51599
51608 51650 51618 51628 51638
51651 51682 51658 51665 51672
51683 51714 51690 51697 51704
51715 51756 51725 51735 51745
51757 51854 51781 51805 51829
51855 51877 51860 51865 51870
51878 51972 51901 51924 51947
51973 52063 51995 52017 52039
52064 52155 52086 52108 52130
52156 52276 52186 52216 52246
52277 52368 52299 52321 52343
52369 52412 52379 52389 52399
52413 52449 52422 52431 52440
52450 52502 52463 52476 52489
52503 52543 52513 52523 52533
52544 52584 52554 52564 52574
52585 52643 52599 52613 52627
52644 52739 52667 52690 52713
52740 52861 52770 52800 52830
52862 52910 52874 52886 52898
52911 52937 52917 52923 52929
52938 52965 52944 52950 52956
52966 52991 52972 52978 52984
52992 53059 53008 53024 53040
53060 53118 53074 53088 53102
53119 53164 53130 53141 53152
53165 53182 53169 53173 53177
53183 53285 53208 53233 53258
53286 53392 53312 53338 53364
53393 53492 53417 53441 53465
53493 53568 53511 53529 53547
53569 53693 53600 53631 53662
53694 53742 53706 53718 53730
53743 53889 53779 53815 53851
53890 53917 53896 53902 53908
53918 54013 53941 53964 53987
54014 54044 54021 54028 54035
54045 54114 54062 54079 54096
54115 54186 54132 54149 54166
54187 54245 54201 54215 54229
54246 54307 54261 54276 54291
54308 54378 54325 54342 54359
54379 54442 54394 54409 54424
54443 54484 54453 54463 54473
54485 54560 54503 54521 54539
54561 54631 54578 54595 54612
54632 54689 54646 54660 54674
54690 54780 54712 54734 54756
54781 54820 54790 54799 54808
54821 54991 54863 54905 54947
54992 55052 55007 55022 55037
55053 55097 55064 55075 55086
55098 55148 55110 55122 55134
55149 55212 55164 55179 55194
55213 55268 55226 55239 55252
55269 55300 55276 55283 55290
55301 55361 55316 55331 55346
55362 55382 55367 55372 55377
55383 55445 55398 55413 55428
55446 55495 55458 55470 55482
55496 55545 55508 55520 55532
55546 55594 55558 55570 55582
55595 55636 55605 55615 55625
55637 55664 55643 55649 55655
55665 55819 55703 55741 55779
55820 55890 55837 55854 55871
55891 55974 55911 55931 55951
55975 56041 55991 56007 56023
56042 56433 56139 56236 56333
56434 56506 56452 56470 56488
56507 56900 56605 56703 56801
56901 57056 56939 56977 57015
57057 57271 57110 57163 57216
57272 57301 57279 57286 57293
57302 57330 57309 57316 57323
57331 57490 57370 57409 57448
57491 57550 57505 57519 57533
57551 57620 57568 57585 57602
57621 57678 57635 57649 57663
57679 57699 57684 57689 57694
57700 57744 57711 57722 57733
57745 57772 57751 57757 57763
57773 57853 57793 57813 57833
57854 57926 57872 57890 57908
57927 57966 57936 57945 57954
57967 58016 57979 57991 58003
58017 58113 58041 58065 58089
58114 58182 58131 58148 58165
58183 58378 58231 58279 58327
58379 58433 58392 58405 58418
58434 58623 58481 58528 58575
58624 58660 58633 58642 58651
58661 58714 58674 58687 58700
58715 58869 58753 58791 58829
58870 59102 58928 58986 59044
59103 59155 59116 59129 59142
59156 59383 59212 59268 59324
59384 59439 59397 59410 59423
59440 59693 59503 59566 59629
59694 59809 59722 59750 59778
59810 59867 59824 59838 59852
59868 59912 59879 59890 59901
59913 59972 59927 59941 59955
59973 60039 59979 59985 60027
60040 60114 60058 60076 60094
60115 60176 60130 60145 60160
60177 60194 60181 60185 60189
60195 60234 60204 60213 60222
60235 60256 60240 60245 60250
60257 60329 60275 60293 60311
60330 60350 60335 60340 60345
60351 60371 60356 60361 60366
60372 60388 60376 60380 60384
60389 60413 60395 60401 60407
60414 60431 60418 60422 60426
60432 60448 60436 60440 60444
60449 60469 60454 60459 60464
60470 60599 60502 60534 60566
60600 60653 60613 60626 60639
60654 60714 60669 60684 60699
60715 60741 60721 60727 60733
60742 60765 60747 60752 60757
60766 60798 60774 60782 60790
60799 60830 60806 60813 60820
60831 60853 60836 60841 60846
60854 60877 60859 60864 60869
60878 60899 60883 60888 60893
60900 60935 60908 60916 60924
60936 60963 60942 60948 60954
60964 60988 60970 60976 60982
60989 61019 60996 61003 61010
61020 61049 61027 61034 61041
61050 61075 61056 61062 61068
61076 61112 61085 61094 61103
61113 61216 61138 61163 61188
61217 61263 61228 61239 61250
61264 61412 61301 61338 61375
61413 61464 61425 61437 61449
61465 61701 61524 61583 61642
61702 61791 61724 61746 61768
61792 61985 61840 61888 61936
61986 62029 61996 62006 62016
62030 62143 62058 62086 62114
62144 63107 62384 62624 62864
63108 63304 63157 63206 63255
63305 63393 63327 63349 63371
63394 63535 63429 63464 63499
63536 63591 63549 63562 63575
63592 63699 63618 63644 63670
63700 63755 63713 63726 63739
63756 63792 63765 63774 63783
63793 63841 63805 63817 63829
63842 63920 63861 63880 63899
63921 63975 63934 63947 63960
63976 64041 63992 64008 64024
64042 64094 64055 64068 64081
64095 64547 64208 64321 64434
64548 64603 64561 64574 64587
64604 64656 64617 64630 64643
64657 64750 64680 64703 64726
64751 65225 64869 64987 65105
65226 65297 65243 65260 65277
65298 65533 65356 65414 65472
65534 65627 65557 65580 65603
65628 65684 65642 65656 65670
65685 65866 65730 65775 65820
65867 65923 65881 65895 65909
65924 66002 65943 65962 65981
66003 66058 66016 66029 66042
66059 66157 66083 66107 66131
66158 66197 66167 66176 66185
66198 66342 66234 66270 66306
66343 66418 66361 66379 66397
66419 66473 66432 66445 66458
66474 66588 66502 66530 66558
66589 66709 66619 66649 66679
66710 66816 66736 66762 66788
66817 66844 66823 66829 66835
66845 67060 66898 66951 67004
67061 67099 67070 67079 67088
67100 67312 67153 67206 67259
67313 67515 67363 67413 67463
67516 67566 67528 67540 67552
67567 67614 67578 67589 67600
67615 67696 67635 67655 67675
67697 67751 67710 67723 67736
67752 67792 67762 67772 67782
67793 67818 67799 67805 67811
67819 67844 67825 67831 67837
67845 67884 67854 67863 67872
67885 67902 67889 67893 67897
67903 67924 67908 67913 67918
67925 68002 67944 67963 67982
68003 68020 68007 68011 68015
68021 68044 68026 68031 68036
68045 68072 68051 68057 68063
68073 68129 68087 68101 68115
68130 68156 68136 68142 68148
68157 68174 68161 68165 68169
68175 68250 68193 68211 68229
68251 68291 68261 68271 68281
68292 68316 68298 68304 68310
68317 68340 68322 68327 68332
68341 68370 68348 68355 68362
68371 68425 68384 68397 68410
68426 68514 68448 68470 68492
68515 68547 68523 68531 68539
68548 68593 68559 68570 68581
68594 68645 68606 68618 68630
68646 68695 68658 68670 68682
68696 68797 68721 68746 68771
68798 68849 68810 68822 68834
68850 68894 68861 68872 68883
68895 69112 68949 69003 69057
69113 69173 69128 69143 69158
69174 69297 69204 69234 69264
69298 69460 69338 69378 69418
69461 69557 69485 69509 69533
69558 69644 69579 69600 69621
69645 69787 69680 69715 69750
69788 69846 69802 69816 69830
69847 69942 69870 69893 69916
69943 70018 69961 69979 69997
70019 70280 70084 70149 70214
70281 70321 70291 70301 70311
70322 70476 70360 70398 70436
70477 70541 70493 70509 70525
70542 70798 70606 70670 70734
70799 70844 70810 70821 70832
70845 70986 70880 70915 70950
70987 71016 70994 71001 71008
71017 71074 71031 71045 71059
71075 71147 71093 71111 71129
71148 71207 71162 71176 71190
71208 71299 71230 71252 71274
71300 71414 71328 71356 71384
71415 71465 71427 71439 71451
71466 71494 71473 71480 71487
71495 71514 71499 71503 71507
71515 71574 71529 71543 71557
71575 71733 71614 71653 71692
71734 71798 71750 71766 71782
71799 71891 71822 71845 71868
71892 71917 71898 71904 71910
71918 71951 71926 71934 71942
71952 71971 71956 71960 71964
71972 72009 71981 71990 71999
72010 72175 72051 72092 72133
72176 72354 72220 72264 72308
72355 72451 72379 72403 72427
72452 72481 72459 72466 72473
72482 72668 72528 72574 72620
72669 72724 72682 72695 72708
72725 72887 72765 72805 72845
72888 73011 72918 72948 72978
73012 73116 73038 73064 73090
73117 73179 73132 73147 73162
73180 73384 73231 73282 73333
73385 73413 73392 73399 73406
73414 73458 73425 73436 73447
73459 73540 73479 73499 73519
73541 73593 73554 73567 73580
73594 73675 73614 73634 73654
73676 73726 73688 73700 73712
73727 73785 73741 73755 73769
73786 73876 73808 73830 73852
73877 73903 73883 73889 73895
73904 73952 73916 73928 73940
73953 73990 73962 73971 73980
73991 74010 73995 73999 74003
74011 74062 74023 74035 74047
74063 74111 74075 74087 74099
74112 74137 74118 74124 74130
74138 74190 74151 74164 74177
74191 74263 74209 74227 74245
74264 74293 74271 74278 74285
74294 74710 74398 74502 74606
74711 74794 74731 74751 74771
74795 74861 74811 74827 74843
74862 74911 74874 74886 74898
74912 74974 74927 74942 74957
74975 75175 74981 74987 75129
75176 75254 75195 75214 75233
75255 75598 75340 75425 75510
75599 75640 75609 75619 75629
75641 75694 75654 75667 75680
75695 75872 75739 75783 75827
75873 76039 75914 75955 75996
76040 76108 76057 76074 76091
76109 76173 76125 76141 76157
76174 76259 76195 76216 76237
76260 76391 76292 76324 76356
76392 76489 76416 76440 76464
76490 76913 76595 76700 76805
76914 77092 76958 77002 77046
77093 77219 77124 77155 77186
77220 77289 77237 77254 77271
77290 77341 77302 77314 77326
77342 77620 77411 77480 77549
77621 77665 77632 77643 77654
77666 77770 77692 77718 77744
77771 77883 77799 77827 77855
77884 77919 77892 77900 77908
77920 78030 77947 77974 78001
78031 78233 78081 78131 78181
78234 78325 78256 78278 78300
78326 78361 78334 78342 78350
78362 78572 78414 78466 78518
78573 78737 78614 78655 78696
78738 78884 78774 78810 78846
78885 79051 78926 78967 79008
79052 79132 79072 79092 79112
79133 79428 79206 79279 79352
79429 79557 79461 79493 79525
79558 79943 79654 79750 79846
79944 80159 79997 80050 80103
80160 80325 80201 80242 80283
80326 80471 80362 80398 80434
80472 80532 80487 80502 80517
80533 80590 80547 80561 80575
80591 80622 80598 80605 80612
80623 80795 80666 80709 80752
80796 80831 80804 80812 80820
80832 81102 80899 80966 81033
81103 81175 81121 81139 81157
81176 81232 81190 81204 81218
81233 81282 81245 81257 81269
81283 81350 81299 81315 81331
81351 81410 81365 81379 81393
81411 81503 81434 81457 81480
81504 81569 81520 81536 81552
81570 81647 81589 81608 81627
81648 81684 81657 81666 81675
81685 81762 81704 81723 81742
81763 81889 81794 81825 81856
81890 82073 81935 81980 82025
82074 82174 82099 82124 82149
82175 82330 82213 82251 82289
82331 82479 82368 82405 82442
82480 82690 82532 82584 82636
82691 82792 82716 82741 82766
82793 82883 82815 82837 82859
82884 82944 82899 82914 82929
82945 82996 82957 82969 82981
82997 83056 83011 83025 83039
83057 83084 83063 83069 83075
83085 83160 83103 83121 83139
83161 83242 83181 83201 83221
83243 83286 83253 83263 83273
83287 83398 83314 83341 83368
83399 83463 83415 83431 83447
83464 83504 83474 83484 83494
83505 83524 83509 83513 83517
83525 83551 83531 83537 83543
83552 83575 83557 83562 83567
83576 83600 83582 83588 83594
83601 83636 83609 83617 83625
83637 83790 83675 83713 83751
83791 83842 83803 83815 83827
83843 83980 83877 83911 83945
83981 84017 83990 83999 84008
84018 84124 84044 84070 84096
84125 84499 84218 84311 84404
84500 84639 84534 84568 84602
84640 84663 84645 84650 84655
84664 84714 84676 84688 84700
84715 84771 84729 84743 84757
84772 84860 84794 84816 84838
84861 85764 85086 85311 85536
85765 85787 85770 85775 85780
85788 85808 85793 85798 85803
85809 85852 85819 85829 85839
85853 85878 85859 85865 85871
85879 85926 85890 85901 85912
85927 85993 85943 85959 85975
85994 86021 86000 86006 86012
86022 86138 86051 86080 86109
86139 86214 86157 86175 86193
86215 86268 86228 86241 86254
86269 86332 86284 86299 86314
86333 86386 86346 86359 86372
86387 86436 86399 86411 86423
86437 86459 86442 86447 86452
86460 86497 86469 86478 86487
86498 86601 86523 86548 86573
86602 86940 86686 86770 86854
86941 87060 86970 86999 87028
87061 87156 87084 87107 87130
87157 87306 87194 87231 87268
87307 87382 87325 87343 87361
87383 87944 87523 87663 87803
87945 88031 87966 87987 88008
88032 88105 88050 88068 88086
88106 88328 88161 88216 88271
88329 88398 88346 88363 88380
88399 88443 88410 88421 88432
88444 88508 88460 88476 88492
88509 88558 88521 88533 88545
88559 88599 88569 88579 88589
88600 88643 88610 88620 88630
88644 88715 88661 88678 88695
88716 88815 88740 88764 88788
88816 88935 88845 88874 88903
88936 89009 88954 88972 88990
89010 89300 89082 89154 89226
89301 89333 89309 89317 89325
89334 89819 89455 89576 89697
89820 89938 89849 89878 89907
89939 90013 89954 89969 90009
90014 90064 90026 90038 90050
90065 90108 90075 90085 90095
90109 90313 90160 90211 90262
90314 90361 90325 90336 90347
90362 90575 90415 90468 90521
90576 90879 90651 90726 90801
90880 90936 90894 90908 90922
90937 91582 91098 91259 91420
91583 91640 91597 91611 91625
91641 91701 91656 91671 91686
91702 91784 91722 91742 91762
91785 92280 91908 92031 92154
92281 92588 92357 92433 92509
92589 92671 92609 92629 92649
92672 92752 92692 92712 92732
92753 92822 92770 92787 92804
92823 92925 92848 92873 92898
92926 93064 92960 92994 93028
93065 93128 93080 93095 93110
93129 93190 93144 93159 93174
93191 93213 93196 93201 93206
93214 93462 93276 93338 93400
93463 93568 93489 93515 93541
93569 93666 93593 93617 93641
93667 93742 93685 93703 93721
93743 93804 93758 93773 93788
93805 93853 93817 93829 93841
93854 93899 93865 93876 93887
93900 93949 93912 93924 93936
93950 93989 93959 93968 93977
93990 94079 94012 94034 94056
94080 94106 94086 94092 94098
94107 94130 94112 94117 94122
94131 94155 94137 94143 94149
94156 94179 94161 94166 94171
94180 94223 94190 94200 94210
94224 94242 94228 94232 94236
94243 94262 94247 94251 94255
94263 94302 94272 94281 94290
94303 94337 94311 94319 94327
94338 94392 94351 94364 94377
94393 94447 94406 94419 94432
94448 94497 94460 94472 94484
94498 94557 94512 94526 94540
94558 94677 94587 94616 94645
94678 94716 94687 94696 94705
94717 94753 94726 94735 94744
94754 94815 94769 94784 94799
94816 94860 94827 94838 94849
94861 94928 94877 94893 94909
94929 94966 94938 94947 94956
94967 95007 94977 94987 94997
95008 95081 95026 95044 95062
95082 95131 95094 95106 95118
95132 95247 95160 95188 95216
95248 95283 95256 95264 95272
95284 95364 95304 95324 95344
95365 95448 95385 95405 95425
95449 95501 95462 95475 95488
95502 95537 95510 95518 95526
95538 95668 95570 95602 95634
95669 95713 95680 95691 95702
95714 95795 95734 95754 95774
95796 95848 95809 95822 95835
95849 95888 95858 95867 95876
95889 95917 95896 95903 95910
95918 95997 95937 95956 95975
95998 96020 96003 96008 96013
96021 96071 96033 96045 96057
96072 96107 96080 96088 96096
96108 96163 96121 96134 96147
96164 96182 96168 96172 96176
96183 96225 96193 96203 96213
96226 96270 96237 96248 96259
96271 96302 96278 96285 96292
96303 96357 96316 96329 96342
96358 96419 96373 96388 96403
96420 96439 96424 96428 96432
96440 96476 96449 96458 96467
96477 96500 96482 96487 96492
96501 96541 96511 96521 96531
96542 96574 96550 96558 96566
96575 96600 96581 96587 96593
96601 96656 96614 96627 96640
96657 96693 96666 96675 96684
96694 96716 96699 96704 96709
96717 96747 96724 96731 96738
96748 96782 96756 96764 96772
96783 96805 96788 96793 96798
96806 96829 96811 96816 96821
96830 96854 96836 96842 96848
96855 96874 96859 96863 96867
96875 96897 96880 96885 96890
96898 96918 96903 96908 96913
96919 96948 96926 96933 96940
96949 97028 96968 96987 97006
97029 97057 97036 97043 97050
97058 97078 97063 97068 97073
97079 97106 97085 97091 97097
97107 97124 97111 97115 97119
97125 97146 97130 97135 97140
97147 97187 97157 97167 97177
97188 97210 97193 97198 97203
97211 97232 97216 97221 97226
97233 97253 97238 97243 97248
97254 97276 97259 97264 97269
97277 97325 97289 97301 97313
97326 97369 97336 97346 97356
97370 97426 97384 97398 97412
97427 97478 97439 97451 97463
97479 97525 97490 97501 97512
97526 97796 97593 97660 97727
97797 97834 97806 97815 97824
97835 97872 97844 97853 97862
97873 97942 97890 97907 97924
97943 98091 97980 98017 98054
98092 98138 98103 98114 98125
98139 98174 98147 98155 98163
98175 98238 98190 98205 98220
98239 98410 98281 98323 98365
98411 98433 98416 98421 98426
98434 98489 98447 98460 98473
98490 98517 98496 98502 98508
98518 98543 98524 98530 98536
98544 98593 98556 98568 98580
98594 98622 98601 98608 98615
98623 98649 98629 98635 98641
98650 98701 98662 98674 98686
98702 98730 98709 98716 98723
98731 98751 98736 98741 98746
98752 98796 98763 98774 98785
98797 98908 98824 98851 98878
98909 98931 98914 98919 98924
98932 98974 98942 98952 98962
98975 99002 98981 98987 98993
99003 99039 99012 99021 99030
99040 99075 99048 99056 99064
99076 99152 99095 99114 99133
99153 99216 99168 99183 99198
99217 99379 99257 99297 99337
99380 99432 99393 99406 99419
99433 99453 99438 99443 99448
99454 99471 99458 99462 99466
99472 99490 99476 99480 99484
99491 99513 99496 99501 99506
99514 99694 99559 99604 99649
99695 99745 99707 99719 99731
99746 99777 99753 99760 99767
99778 99817 99787 99796 99805
99818 99884 99834 99850 99866
99885 99916 99892 99899 99906
99917 99958 99927 99937 99947
99959 100038 99978 99997 100016
100039 100079 100049 100059 100069
100080 100122 100090 100100 100110
100123 100155 100131 100139 100147
100156 100612 100270 100384 100498
100613 100674 100628 100643 100658
100675 100819 100711 100747 100783
100820 100892 100838 100856 100874
100893 101051 100932 100971 101010
101052 101199 101088 101124 101160
101200 101540 101285 101370 101455
101541 101626 101562 101583 101604
101627 101793 101668 101709 101750
101794 101991 101843 101892 101941
101992 102111 102021 102050 102079
102112 102165 102125 102138 102151
102166 102213 102177 102188 102199
102214 102382 102256 102298 102340
102383 102479 102407 102431 102455
102480 102597 102509 102538 102567
102598 102678 102618 102638 102658
102679 102764 102700 102721 102742
102765 102883 102794 102823 102852
102884 103015 102916 102948 102980
103016 103172 103055 103094 103133
103173 103197 103179 103185 103191
103198 103224 103204 103210 103216
103225 103260 103233 103241 103249
103261 103295 103269 103277 103285
103296 103323 103302 103308 103314
103324 103384 103339 103354 103369
103385 103752 103476 103567 103658
103753 103867 103781 103809 103837
103868 104095 103924 103980 104036
104096 104144 104108 104120 104132
104145 104161 104149 104153 104157
104162 104286 104193 104224 104255
104287 104656 104379 104471 104563
104657 104804 104693 104729 104765
104805 105263 104853 104901 105195
105264 105328 105280 105296 105312
105329 105699 105421 105513 105605
105700 105821 105730 105760 105790
105822 105959 105856 105890 105924
105960 106061 105985 106010 106035
106062 106106 106073 106084 106095
106107 106158 106119 106131 106143
106159 106189 106166 106173 106180
106190 106381 106237 106284 106331
106382 106484 106407 106432 106457
106485 106703 106539 106593 106647
106704 106761 106718 106732 106746
106762 106806 106773 106784 106795
106807 106923 106836 106865 106894
106924 107098 106967 107010 107053
107099 107241 107134 107169 107204
107242 107370 107274 107306 107338
107371 107524 107409 107447 107485
107525 107564 107534 107543 107552
107565 107726 107605 107645 107685
107727 107870 107762 107797 107832
107871 107962 107893 107915 107937
107963 108233 108030 108097 108164
108234 108552 108313 108392 108471
108553 108604 108565 108577 108589
108605 108656 108617 108629 108641
108657 108699 108667 108677 108687
108700 108954 108763 108826 108889
108955 109104 108992 109029 109066
109105 109358 109168 109231 109294
109359 109434 109377 109395 109413
109435 109469 109443 109451 109459
109470 109487 109474 109478 109482
109488 109511 109493 109498 109503
109512 109576 109528 109544 109560
109577 109597 109582 109587 109592
109598 109638 109608 109618 109628
109639 109723 109660 109681 109702
109724 109930 109775 109826 109877
109931 110158 109987 110043 110099
110159 110184 110165 110171 110177
110185 110286 110210 110235 110260
110287 110446 110326 110365 110404
110447 110532 110468 110489 110510
110533 110576 110543 110553 110563
110577 110670 110600 110623 110646
110671 110812 110706 110741 110776
110813 110851 110822 110831 110840
110852 111039 110898 110944 110990
111040 111152 111068 111096 111124
111153 111323 111195 111237 111279
111324 111449 111355 111386 111417
111450 111501 111462 111474 111486
111502 111588 111523 111544 111565
111589 111765 111633 111677 111721
111766 111896 111798 111830 111862
111897 111915 111901 111905 111909
111916 111940 111922 111928 111934
111941 111973 111949 111957 111965
111974 111990 111978 111982 111986
111991 112096 112017 112043 112069
112097 112223 112128 112159 112190
112224 113448 112530 112836 113142
113449 113589 113484 113519 113554
113590 113840 113652 113714 113776
113841 113892 113853 113865 113877
113893 113933 113903 113913 113923
113934 114040 113960 113986 114012
114041 114098 114055 114069 114083
114099 114195 114123 114147 114171
114196 114429 114254 114312 114370
114430 114532 114455 114480 114505
114533 114746 114586 114639 114692
114747 114821 114765 114783 114801
114822 114857 114830 114838 114846
114858 114986 114890 114922 114954
114987 115118 115019 115051 115083
115119 115226 115145 115171 115197
115227 115647 115332 115437 115542
115648 115725 115667 115686 115705
115726 115811 115747 115768 115789
115812 115972 115852 115892 115932
115973 116132 116012 116051 116090
116133 116224 116155 116177 116199
116225 116321 116249 116273 116297
116322 116586 116388 116454 116520
116587 116710 116617 116647 116677
116711 116832 116741 116771 116801
116833 117111 116902 116971 117040
117112 117159 117123 117134 117145
117160 117227 117176 117192 117208
117228 117268 117238 117248 117258
117269 117343 117287 117305 117323
117344 117457 117372 117400 117428
117458 117614 117497 117536 117575
117615 117645 117622 117629 117636
117646 117750 117672 117698 117724
117751 117851 117776 117801 117826
117852 118023 117894 117936 117978
118024 118090 118040 118056 118072
118091 118124 118099 118107 118115
118125 118173 118137 118149 118161
118174 118283 118201 118228 118255
118284 118354 118301 118318 118335
118355 118470 118383 118411 118439
118471 118618 118507 118543 118579
118619 118721 118644 118669 118694
118722 118775 118735 118748 118761
118776 118876 118801 118826 118851
118877 118978 118902 118927 118952
118979 119098 119008 119037 119066
119099 119142 119109 119119 119129
119143 119185 119153 119163 119173
119186 119261 119204 119222 119240
119262 119681 119366 119470 119574
119682 119754 119700 119718 119736
119755 119974 119809 119863 119917
119975 120010 119981 119987 120006
120011 120103 120034 120057 120080
120104 120380 120173 120242 120311
120381 120498 120410 120439 120468
120499 120585 120520 120541 120562
120586 120640 120599 120612 120625
120641 120675 120649 120657 120665
120676 120720 120687 120698 120709
120721 120810 120743 120765 120787
120811 121037 120867 120923 120979
121038 121097 121052 121066 121080
121098 121285 121144 121190 121236
121286 121369 121306 121326 121346
121370 121443 121388 121406 121424
121444 121492 121456 121468 121480
121493 121917 121599 121705 121811
121918 121975 121932 121946 121960
121976 122193 122030 122084 122138
122194 122247 122207 122220 122233
122248 122531 122318 122388 122458
122532 122728 122581 122630 122679
122729 122851 122759 122789 122819
122852 122965 122880 122908 122936
122966 123007 122976 122986 122996
123008 123070 123023 123038 123053
123071 123115 123082 123093 123104
123116 123175 123130 123144 123158
123176 123320 123212 123248 123284
123321 123462 123356 123391 123426
123463 123496 123471 123479 123487
123497 123527 123504 123511 123518
123528 123561 123536 123544 123552
123562 123600 123571 123580 123589
123601 123636 123609 123617 123625
123637 123689 123650 123663 123676
123690 123745 123703 123716 123729
123746 123882 123780 123814 123848
123883 124010 123914 123945 123976
124011 124143 124044 124077 124110
124144 124735 124291 124438 124585
124736 124921 124782 124828 124874
124922 125084 124962 125002 125042
125085 125126 125095 125105 125115
125127 125160 125135 125143 125151
125161 125310 125198 125235 125272
125311 125364 125324 125337 125350
125365 125436 125382 125399 125416
125437 125586 125474 125511 125548
125587 125753 125628 125669 125710
125754 125809 125767 125780 125793
125810 125950 125845 125880 125915
125951 126001 125963 125975 125987
126002 126078 126021 126040 126059
126079 126318 126138 126197 126256
126319 126498 126363 126407 126451
126499 126553 126512 126525 126538
126554 126599 126565 126576 126587
126600 126652 126613 126626 126639
126653 126778 126684 126715 126746
126779 126890 126806 126833 126860
126891 126942 126903 126915 126927
126943 127114 126985 127027 127069
127115 127144 127122 127129 127136
127145 127224 127164 127183 127202
127225 127577 127313 127401 127489
127578 127717 127612 127646 127680
127718 127837 127747 127776 127805
127838 127969 127870 127902 127934
127970 128000 127977 127984 127991
128001 128047 128012 128023 128034
128048 128099 128060 128072 128084
128100 128216 128129 128158 128187
128217 128278 128232 128247 128262
128279 128312 128287 128295 128303
128313 128437 128344 128375 128406
128438 128524 128459 128480 128501
128525 128598 128543 128561 128579
128599 128734 128632 128665 128698
128735 128825 128757 128779 128801
128826 128885 128840 128854 128868
128886 128959 128904 128922 128940
128960 129032 128978 128996 129014
129033 129112 129052 129071 129090
129113 129160 129124 129135 129146
129161 129213 129174 129187 129200
129214 129264 129226 129238 129250
129265 129288 129270 129275 129280
129289 129330 129299 129309 129319
129331 129404 129349 129367 129385
129405 129469 129421 129437 129453
129470 129578 129497 129524 129551
129579 129624 129590 129601 129612
129625 129714 129647 129669 129691
129715 129902 129761 129807 129853
129903 130002 129927 129951 129975
130003 130077 130021 130039 130057
130078 130144 130094 130110 130126
130145 130194 130157 130169 130181
130195 130245 130207 130219 130231
130246 130338 130269 130292 130315
130339 130413 130357 130375 130393
130414 130451 130423 130432 130441
130452 130558 130478 130504 130530
130559 130638 130578 130597 130616
130639 130688 130651 130663 130675
130689 130783 130712 130735 130758
130784 130836 130797 130810 130823
130837 130882 130848 130859 130870
130883 130936 130896 130909 130922
130937 130990 130950 130963 130976
130991 131056 131007 131023 131039
131057 131112 131070 131083 131096
131113 131266 131151 131189 131227
131267 131381 131295 131323 131351
131382 131432 131394 131406 131418
131433 131601 131475 131517 131559
131602 131731 131634 131666 131698
131732 132076 131818 131904 131990
132077 132312 132135 132193 132251
132313 132541 132370 132427 132484
132542 132832 132614 132686 132758
132833 132966 132866 132899 132932
132967 133044 132986 133005 133024
133045 133098 133058 133071 133084
133099 133144 133110 133121 133132
133145 133232 133166 133187 133208
133233 133264 133240 133247 133254
133265 133415 133302 133339 133376
133416 133572 133455 133494 133533
133573 133624 133585 133597 133609
133625 133729 133651 133677 133703
133730 133994 133796 133862 133928
133995 134042 134006 134017 134028
134043 134073 134050 134057 134064
134074 134103 134081 134088 134095
134104 134131 134110 134116 134122
134132 134156 134138 134144 134150
134157 134183 134163 134169 134175
134184 134213 134191 134198 134205
134214 134235 134219 134224 134229
134236 134267 134243 134250 134257
134268 134394 134299 134330 134361
134395 134505 134422 134449 134476
134506 134519 134509 134512 134515
134520 134538 134524 134528 134532
134539 134618 134558 134577 134596
134619 134643 134625 134631 134637
134644 134664 134649 134654 134659
134665 134779 134693 134721 134749
134780 134804 134786 134792 134798
134805 134826 134810 134815 134820
134827 134843 134831 134835 134839
134844 134861 134848 134852 134856
134862 134888 134868 134874 134880
134889 134913 134895 134901 134907
134914 135166 134935 134956 135123
135167 135341 135210 135253 135296
135342 135379 135351 135360 135369
135380 135443 135395 135410 135425
135444 135474 135451 135458 135465
135475 135492 135479 135483 135487
135493 135549 135507 135521 135535
135550 135640 135572 135594 135616
135641 135735 135664 135687 135710
135736 135768 135744 135752 135760
135769 135798 135776 135783 135790
135799 135864 135815 135831 135847
135865 135925 135880 135895 135910
135926 135992 135942 135958 135974
135993 136044 136005 136017 136029
136045 136075 136052 136059 136066
136076 136105 136083 136090 136097
136106 136128 136111 136116 136121
136129 136174 136140 136151 136162
136175 136197 136180 136185 136190
136198 136220 136203 136208 136213
136221 136242 136226 136231 136236
136243 136271 136250 136257 136264
136272 136342 136289 136306 136323
136343 136377 136351 136359 136367
136378 136414 136387 136396 136405
136415 136454 136424 136433 136442
136455 136481 136461 136467 136473
136482 136501 136486 136490 136494
136502 136523 136507 136512 136517
136524 136562 136533 136542 136551
136563 136620 136577 136591 136605
136621 136652 136628 136635 136642
136653 136684 136660 136667 136674
136685 136711 136691 136697 136703
136712 136738 136718 136724 136730
136739 136767 136746 136753 136760
136768 136787 136772 136776 136780
136788 136812 136794 136800 136806
136813 136832 136817 136821 136825
136833 136858 136839 136845 136851
136859 136954 136882 136905 136928
136955 137018 136970 136985 137000
137019 137480 137134 137249 137364
137481 137531 137493 137505 137517
137532 137687 137570 137608 137646
137688 137804 137717 137746 137775
137805 137870 137821 137837 137853
137871 138211 137956 138041 138126
138212 138317 138238 138264 138290
138318 138524 138369 138420 138471
138525 138676 138562 138599 138636
138677 138869 138725 138773 138821
138870 138896 138876 138882 138888
138897 138978 138917 138937 138957
138979 139012 138987 138995 139003
139013 139125 139041 139069 139097
139126 139190 139142 139158 139174
139191 139336 139227 139263 139299
139337 139467 139369 139401 139433
139468 139540 139486 139504 139522
139541 139643 139566 139591 139616
139644 139736 139667 139690 139713
139737 139806 139754 139771 139788
139807 139925 139836 139865 139894
139926 140086 139966 140006 140046
140087 140172 140108 140129 140150
140173 140209 140182 140191 140200
140210 140282 140228 140246 140264
140283 140360 140302 140321 140340
140361 140484 140391 140421 140451
140485 140564 140504 140523 140542
140565 140641 140584 140603 140622
140642 140702 140657 140672 140687
140703 140733 140710 140717 140724
140734 140759 140740 140746 140752
140760 140853 140783 140806 140829
140854 140951 140878 140902 140926
140952 141053 140977 141002 141027
141054 141078 141060 141066 141072
141079 141109 141086 141093 141100
141110 141132 141115 141120 141125
141133 141330 141182 141231 141280
141331 141549 141385 141439 141493
141550 141727 141594 141638 141682
141728 141802 141746 141764 141782
141803 141875 141821 141839 141857
141876 142009 141909 141942 141975
142010 142188 142054 142098 142142
142189 142454 142255 142321 142387
142455 142584 142487 142519 142551
142585 142647 142600 142615 142630
142648 142676 142655 142662 142669
142677 142713 142686 142695 142704
142714 142761 142725 142736 142747
142762 142846 142783 142804 142825
142847 142917 142864 142881 142898
142918 142985 142934 142950 142966
142986 143096 143013 143040 143067
143097 143244 143133 143169 143205
143245 143293 143257 143269 143281
143294 143310 143298 143302 143306
143311 143376 143327 143343 143359
143377 143412 143385 143393 143401
143413 143463 143425 143437 143449
143464 143511 143475 143486 143497
143512 143613 143537 143562 143587
143614 143857 143674 143734 143794
143858 143926 143875 143892 143909
143927 143988 143942 143957 143972
143989 144119 144021 144053 144085
144120 144194 144138 144156 144174
144195 144270 144213 144231 144249
144271 144354 144291 144311 144331
144355 144413 144369 144383 144397
144414 144458 144425 144436 144447
144459 144478 144463 144467 144471
144479 144507 144486 144493 144500
144508 144564 144522 144536 144550
144565 144602 144574 144583 144592
144603 144654 144615 144627 144639
144655 144715 144670 144685 144700
144716 144803 144737 144758 144779
144804 144839 144812 144820 144828
144840 144883 144850 144860 144870
144884 144907 144889 144894 144899
144908 144949 144918 144928 144938
144950 144982 144958 144966 144974
144983 145025 144993 145003 145013
145026 145117 145048 145070 145092
145118 145147 145125 145132 145139
145148 145208 145163 145178 145193
145209 145282 145227 145245 145263
145283 145303 145288 145293 145298
145304 145335 145311 145318 145325
145336 145353 145340 145344 145348
145354 145429 145372 145390 145408
145430 145490 145445 145460 145475
145491 145553 145506 145521 145536
145554 145575 145559 145564 145569
145576 145597 145581 145586 145591
145598 145681 145618 145638 145658
145682 145727 145693 145704 145715
145728 145781 145741 145754 145767
145782 145811 145789 145796 145803
145812 145841 145819 145826 145833
145842 145924 145862 145882 145902
145925 146008 145945 145965 145985
146009 146048 146018 146027 146036
146049 146095 146060 146071 146082
146096 146174 146115 146134 146153
146175 146273 146199 146223 146247
146274 146365 146296 146318 146340
146366 146382 146370 146374 146378
146383 146399 146387 146391 146395
146400 146425 146406 146412 146418
146426 146442 146430 146434 146438
146443 146474 146450 146457 146464
146475 146540 146491 146507 146523
146541 146599 146555 146569 146583
146600 146630 146607 146614 146621
146631 146648 146635 146639 146643
146649 146665 146653 146657 146661
146666 146686 146671 146676 146681
146687 146710 146692 146697 146702
146711 146794 146731 146751 146771
146795 146836 146805 146815 146825
146837 146868 146844 146851 146858
146869 146900 146876 146883 146890
146901 146937 146910 146919 146928
146938 146974 146947 146956 146965
146975 147000 146981 146987 146993
147001 147021 147006 147011 147016
147022 147041 147026 147030 147034
147042 147073 147049 147056 147063
147074 147108 147082 147090 147098
147109 147140 147116 147123 147130
147141 147167 147147 147153 147159
147168 147193 147174 147180 147186
147194 147221 147200 147206 147212
147222 147269 147233 147244 147255
147270 147298 147277 147284 147291
147299 147326 147305 147311 147317
147327 147354 147333 147339 147345
147355 147382 147361 147367 147373
147383 147439 147397 147411 147425
147440 147468 147447 147454 147461
147469 147514 147480 147491 147502
147515 147546 147522 147529 147536
147547 147590 147557 147567 147577
147591 147660 147608 147625 147642
147661 147972 147738 147815 147892
147973 147998 147979 147985 147991
147999 148020 148004 148009 148014
148021 148047 148027 148033 148039
148048 148113 148064 148080 148096
148114 148164 148126 148138 148150
148165 148205 148175 148185 148195
148206 148243 148215 148224 148233
148244 148280 148253 148262 148271
148281 148317 148290 148299 148308
148318 148340 148323 148328 148333
148341 148366 148347 148353 148359
148367 148407 148377 148387 148397
148408 148462 148421 148434 148447
148463 148511 148475 148487 148499
148512 148556 148523 148534 148545
148557 148667 148584 148611 148638
148668 148701 148676 148684 148692
148702 148730 148709 148716 148723
148731 148757 148737 148743 148749
148758 148871 148786 148814 148842
148872 148897 148878 148884 148890
148898 148933 148906 148914 148922
148934 148957 148939 148944 148949
148958 149007 148970 148982 148994
149008 149053 149019 149030 149041
149054 149073 149058 149062 149066
149074 149105 149081 149088 149095
149106 149148 149116 149126 149136
149149 149179 149156 149163 149170
149180 149208 149187 149194 149201
149209 149239 149216 149223 149230
149240 149271 149247 149254 149261
149272 149309 149281 149290 149299
149310 149329 149314 149318 149322
149330 149359 149337 149344 149351
149360 149399 149369 149378 149387
149400 149447 149411 149422 149433
149448 149471 149453 149458 149463
149472 149498 149478 149484 149490
149499 149530 149506 149513 149520
149531 149565 149539 149547 149555
149566 149596 149573 149580 149587
149597 149673 149616 149635 149654
149674 149721 149685 149696 149707
149722 149824 149747 149772 149797
149825 149884 149839 149853 149867
149885 149930 149896 149907 149918
149931 150026 149948 149965 150018
150027 150148 150057 150087 150117
150149 150283 150182 150215 150248
150284 150436 150322 150360 150398
150437 150489 150450 150463 150476
150490 150739 150552 150614 150676
150740 150827 150761 150782 150803
150828 150994 150869 150910 150951
150995 151175 151040 151085 151130
151176 151235 151190 151204 151218
151236 151344 151263 151290 151317
151345 151387 151355 151365 151375
151388 151482 151411 151434 151457
151483 151543 151498 151513 151528
151544 151614 151561 151578 151595
151615 151744 151647 151679 151711
151745 151787 151755 151765 151775
151788 151855 151804 151820 151836
151856 151993 151890 151924 151958
151994 152068 152012 152030 152048
152069 152201 152102 152135 152168
152202 152998 152401 152600 152799
152999 153062 153014 153029 153044
153063 153116 153076 153089 153102
153117 153401 153188 153259 153330
153402 153510 153429 153456 153483
153511 153599 153533 153555 153577
153600 153667 153616 153632 153648
153668 153697 153675 153682 153689
153698 153839 153733 153768 153803
153840 154089 153902 153964 154026
154090 154133 154100 154110 154120
154134 154159 154140 154146 154152
154160 154178 154164 154168 154172
154179 154199 154184 154189 154194
154200 154284 154221 154242 154263
154285 154315 154292 154299 154306
154316 154372 154330 154344 154358
154373 154389 154377 154381 154385
154390 154478 154412 154434 154456
154479 154773 154552 154625 154698
154774 154796 154779 154784 154789
154797 154821 154803 154809 154815
154822 154859 154831 154840 154849
154860 154908 154872 154884 154896
154909 155323 155012 155115 155218
155324 155714 155421 155518 155615
155715 156007 155788 155861 155934
156008 156124 156037 156066 156095
156125 156301 156169 156213 156257
156302 156384 156322 156342 156362
156385 156568 156430 156475 156520
156569 156843 156637 156705 156773
156844 156879 156852 156860 156868
156880 156921 156890 156900 156910
156922 157150 156979 157036 157093
157151 157238 157172 157193 157214
157239 157329 157261 157283 157305
157330 157366 157339 157348 157357
157367 157417 157379 157391 157403
157418 157493 157436 157454 157472
157494 157848 157582 157670 157758
157849 157948 157873 157897 157921
157949 158119 157991 158033 158075
158120 158152 158128 158136 158144
158153 158174 158158 158163 158168
158175 158221 158186 158197 158208
158222 158259 158231 158240 158249
158260 158364 158286 158312 158338
158365 158405 158375 158385 158395
158406 158470 158422 158438 158454
158471 158553 158491 158511 158531
158554 158616 158569 158584 158599
158617 158819 158667 158717 158767
158820 158874 158833 158846 158859
158875 159077 158925 158975 159025
159078 159112 159086 159094 159102
159113 159146 159121 159129 159137
159147 159185 159156 159165 159174
159186 159217 159193 159200 159207
159218 159260 159228 159238 159248
159261 159424 159301 159341 159381
159425 159498 159443 159461 159479
159499 159641 159534 159569 159604
159642 159744 159667 159692 159717
159745 159901 159784 159823 159862
159902 159959 159916 159930 159944
159960 159989 159967 159974 159981
159990 160024 159998 160006 160014
160025 160158 160058 160091 160124
160159 160389 160216 160273 160330
160390 160656 160456 160522 160588
160657 160717 160672 160687 160702
160718 160821 160743 160768 160793
160822 160930 160849 160876 160903
160931 160994 160946 160961 160976
160995 161034 161004 161013 161022
161035 161130 161058 161081 161104
161131 161204 161149 161167 161185
161205 161251 161216 161227 161238
161252 161312 161267 161282 161297
161313 161396 161333 161353 161373
161397 161432 161405 161413 161421
161433 161491 161447 161461 161475
161492 161540 161504 161516 161528
161541 161587 161552 161563 161574
161588 161635 161599 161610 161621
161636 161679 161646 161656 161666
161680 161716 161689 161698 161707
161717 161744 161723 161729 161735
161745 161766 161750 161755 161760
161767 161824 161781 161795 161809
161825 161876 161837 161849 161861
161877 161900 161882 161887 161892
161901 161949 161913 161925 161937
161950 162021 161967 161984 162001
162022 162123 162047 162072 162097
162124 162155 162131 162138 162145
162156 162212 162170 162184 162198
162213 162268 162226 162239 162252
162269 162308 162278 162287 162296
162309 162349 162319 162329 162339
162350 162406 162364 162378 162392
162407 162425 162411 162415 162419
162426 162463 162435 162444 162453
162464 162553 162486 162508 162530
162554 162582 162561 162568 162575
162583 162664 162603 162623 162643
162665 162727 162680 162695 162710
162728 162975 162789 162850 162911
162976 163050 162994 163012 163030
163051 163198 163087 163123 163159
163199 163487 163271 163343 163415
163488 163523 163496 163504 163512
163524 163600 163543 163562 163581
163601 163642 163611 163621 163631
163643 163675 163651 163659 163667
163676 163695 163680 163684 163688
163696 163742 163707 163718 163729
163743 163791 163755 163767 163779
163792 163840 163804 163816 163828
163841 163889 163853 163865 163877
163890 163935 163901 163912 163923
163936 164004 163953 163970 163987
164005 164244 164064 164123 164182
164245 164288 164255 164265 164275
164289 164314 164295 164301 164307
164315 164358 164325 164335 164345
164359 164403 164370 164381 164392
164404 164449 164415 164426 164437
164450 164475 164456 164462 164468
164476 164492 164480 164484 164488
164493 164517 164499 164505 164511
164518 164552 164526 164534 164542
164553 164569 164557 164561 164565
164570 164597 164576 164582 164588
164598 164690 164621 164644 164667
164691 164733 164701 164711 164721
164734 164855 164764 164794 164824
164856 164965 164883 164910 164937
164966 165047 164974 164982 165033
165048 165106 165062 165076 165090
165107 165188 165127 165147 165167
165189 165299 165216 165243 165270
165300 165473 165343 165386 165429
165474 165540 165490 165506 165522
165541 165611 165558 165575 165592
165612 165682 165629 165646 165663
165683 165741 165697 165711 165725
165742 165767 165748 165754 165760
165768 165794 165774 165780 165786
165795 165823 165802 165809 165816
165824 165842 165828 165832 165836
165843 165880 165852 165861 165870
165881 165906 165887 165893 165899
165907 165934 165913 165919 165925
165935 165965 165942 165949 165956
165966 166001 165974 165982 165990
166002 166029 166008 166014 166020
166030 166058 166037 166044 166051
166059 166138 166078 166097 166116
166139 166191 166152 166165 166178
166192 166332 166227 166262 166297
166333 166377 166344 166355 166366
166378 166442 166394 166410 166426
166443 166484 166453 166463 166473
166485 166503 166489 166493 166497
166504 166521 166508 166512 166516
166522 166543 166527 166532 166537
166544 166583 166553 166562 166571
166584 166617 166592 166600 166608
166618 166652 166626 166634 166642
166653 166678 166659 166665 166671
166679 166699 166684 166689 166694
166700 166822 166730 166760 166790
166823 166845 166828 166833 166838
166846 166883 166855 166864 166873
166884 166930 166895 166906 166917
166931 166947 166935 166939 166943
166948 167022 166966 166984 167002
167023 167049 167029 167035 167041
167050 167070 167055 167060 167065
167071 167109 167080 167089 167098
167110 167160 167122 167134 167146
167161 167179 167165 167169 167173
167180 167339 167219 167258 167297
167340 167398 167354 167368 167382
167399 167424 167405 167411 167417
167425 167453 167432 167439 167446
167454 167505 167466 167478 167490
167506 167548 167516 167526 167536
167549 167597 167561 167573 167585
167598 167672 167616 167634 167652
167673 167748 167691 167709 167727
167749 167801 167762 167775 167788
167802 167827 167808 167814 167820
167828 167869 167838 167848 167858
167870 167921 167882 167894 167906
167922 167940 167926 167930 167934
167941 167971 167948 167955 167962
167972 167991 167976 167980 167984
167992 168027 168000 168008 168016
168028 168055 168034 168040 168046
168056 168085 168063 168070 168077
168086 168146 168101 168116 168131
168147 168172 168153 168159 168165
168173 168193 168178 168183 168188
168194 168226 168202 168210 168218
168227 168262 168235 168243 168251
168263 168286 168268 168273 168278
168287 168342 168300 168313 168326
168343 168533 168390 168437 168484
168534 168561 168540 168546 168552
168562 168618 168576 168590 168604
168619 168641 168624 168629 168634
168642 168694 168655 168668 168681
168695 168719 168701 168707 168713
168720 168739 168724 168728 168732
168740 168761 168745 168750 168755
168762 168987 168818 168874 168930
168988 169192 169039 169090 169141
169193 169214 169198 169203 169208
169215 169236 169220 169225 169230
169237 169256 169241 169245 169249
169257 169276 169261 169265 169269
169277 169327 169289 169301 169313
169328 169542 169381 169434 169487
169543 169619 169562 169581 169600
169620 169721 169645 169670 169695
169722 169778 169736 169750 169764
169779 169868 169801 169823 169845
169869 169903 169877 169885 169893
169904 169967 169919 169934 169949
169968 170014 169979 169990 170001
170015 170096 170035 170055 170075
170097 170147 170109 170121 170133
170148 170185 170157 170166 170175
170186 170222 170195 170204 170213
170223 170274 170235 170247 170259
170275 170354 170294 170313 170332
170355 170394 170364 170373 170382
170395 170497 170420 170445 170470
170498 170578 170518 170538 170558
170579 170626 170590 170601 170612
170627 170686 170641 170655 170669
170687 170881 170735 170783 170831
170882 171108 170938 170994 171050
171109 171191 171129 171149 171169
171192 171328 171226 171260 171294
171329 171578 171391 171453 171515
171579 171786 171630 171681 171732
171787 171923 171821 171855 171889
171924 172029 171950 171976 172002
172030 172107 172049 172068 172087
172108 172159 172120 172132 172144
172160 172193 172168 172176 172184
172194 172329 172227 172260 172293
172330 172368 172339 172348 172357
172369 172407 172378 172387 172396
172408 172473 172424 172440 172456
172474 172698 172530 172586 172642
172699 172791 172722 172745 172768
172792 172840 172804 172816 172828
172841 172902 172856 172871 172886
172903 173100 172952 173001 173050
173101 173156 173114 173127 173140
173157 173181 173163 173169 173175
173182 173218 173191 173200 173209
173219 173254 173227 173235 173243
173255 173282 173261 173267 173273
173283 173323 173293 173303 173313
173324 173396 173342 173360 173378
173397 173426 173404 173411 173418
173427 173509 173447 173467 173487
173510 173551 173520 173530 173540
173552 173584 173560 173568 173576
173585 173613 173592 173599 173606
173614 173642 173621 173628 173635
173643 173672 173650 173657 173664
173673 173704 173680 173687 173694
173705 173732 173711 173717 173723
173733 173767 173741 173749 173757
173768 173819 173780 173792 173804
173820 173863 173830 173840 173850
173864 173888 173870 173876 173882
173889 174000 173916 173943 173970
174001 174117 174030 174059 174088
174118 174144 174124 174130 174136
174145 174161 174149 174153 174157
174162 174181 174166 174170 174174
174182 174211 174189 174196 174203
174212 174254 174222 174232 174242
174255 174288 174263 174271 174279
174289 174337 174301 174313 174325
174338 174369 174345 174352 174359
174370 174416 174381 174392 174403
174417 174447 174424 174431 174438
174448 174475 174454 174460 174466
174476 174498 174481 174486 174491
174499 174527 174506 174513 174520
174528 174559 174535 174542 174549
174560 174619 174574 174588 174602
174620 174683 174635 174650 174665
174684 174759 174702 174720 174738
174760 174791 174767 174774 174781
174792 174881 174814 174836 174858
174882 174937 174895 174908 174921
174938 174978 174948 174958 174968
174979 175062 174999 175019 175039
175063 175094 175070 175077 175084
175095 175173 175114 175133 175152
175174 175311 175208 175242 175276
175312 175395 175332 175352 175372
175396 175514 175425 175454 175483
175515 175571 175529 175543 175557
175572 175626 175585 175598 175611
175627 175669 175637 175647 175657
175670 175871 175720 175770 175820
175872 176018 175908 175944 175980
176019 176157 176053 176087 176121
176158 176217 176172 176186 176200
176218 176281 176233 176248 176263
176282 176313 176289 176296 176303
176314 176403 176336 176358 176380
176404 176460 176418 176432 176446
176461 176514 176474 176487 176500
176515 176602 176536 176557 176578
176603 176755 176641 176679 176717
176756 176871 176784 176812 176840
176872 176916 176883 176894 176905
176917 176933 176921 176925 176929
176934 176959 176940 176946 176952
176960 176989 176967 176974 176981
176990 177036 177001 177012 177023
177037 177110 177055 177073 177091
177111 177211 177136 177161 177186
177212 177232 177217 177222 177227
177233 177249 177237 177241 177245
177250 177267 177254 177258 177262
177268 177291 177273 177278 177283
177292 177326 177300 177308 177316
177327 177369 177337 177347 177357
177370 177406 177379 177388 177397
177407 177428 177412 177417 177422
177429 177507 177448 177467 177486
177508 177618 177535 177562 177589
177619 177659 177629 177639 177649
177660 177965 177736 177812 177888
177966 178043 177985 178004 178023
178044 178177 178077 178110 178143
178178 178211 178186 178194 178202
178212 178239 178218 178224 178230
178240 178268 178247 178254 178261
178269 178300 178276 178283 178290
178301 178330 178308 178315 178322
178331 178354 178336 178341 178346
178355 178386 178362 178369 178376
178387 178410 178392 178397 178402
178411 178440 178418 178425 178432
178441 178472 178448 178455 178462
178473 178500 178479 178485 178491
178501 178531 178508 178515 178522
178532 178568 178541 178550 178559
178569 178602 178577 178585 178593
178603 178635 178611 178619 178627
178636 178656 178641 178646 178651
178657 178695 178666 178675 178684
178696 178737 178706 178716 178726
178738 178762 178744 178750 178756
178763 178793 178770 178777 178784
178794 178821 178800 178806 178812
178822 178880 178836 178850 178864
178881 178926 178892 178903 178914
178927 178982 178940 178953 178966
178983 179124 179018 179053 179088
179125 179936 179327 179529 179731
179937 180032 179952 179967 180024
180033 181170 180317 180601 180885
181171 181187 181175 181179 181183
181188 181216 181195 181202 181209
181217 190154 183451 185685 187919
190155 190235 190175 190195 190215
190236 190435 190285 190334 190383
190436 190629 190484 190532 190580
190630 190662 190638 190646 190654
