0 112 28 56 84
113 1412 437 761 1085
1413 1434 1418 1423 1428
1435 1478 1445 1455 1465
1479 2138 1643 1807 1971
2139 2698 2278 2417 2556
2699 2806 2725 2751 2777
2807 2847 2817 2827 2837
2848 2936 2870 2892 2914
2937 2974 2946 2955 2964
2975 3041 2991 3007 3023
3042 3127 3063 3084 3105
3128 3176 3140 3152 3164
3177 3267 3199 3221 3243
3268 3319 3280 3292 3304
3320 3412 3343 3366 3389
3413 3464 3425 3437 3449
3465 3507 3475 3485 3495
3508 3565 3522 3536 3550
3566 3639 3584 3602 3620
3640 3715 3658 3676 3694
3716 3761 3727 3738 3749
3762 3799 3771 3780 3789
3800 3834 3808 3816 3824
3835 3910 3853 3871 3889
3911 4021 3938 3965 3992
4022 4063 4032 4042 4052
4064 4085 4069 4074 4079
4086 4126 4096 4106 4116
4127 4185 4141 4155 4169
4186 4304 4215 4244 4273
4305 4343 4314 4323 4332
4344 4393 4356 4368 4380
4394 4476 4414 4434 4454
4477 4497 4482 4487 4492
4498 4564 4514 4530 4546
4565 4671 4591 4617 4643
4672 4765 4695 4718 4741
4766 4874 4793 4820 4847
4875 4996 4905 4935 4965
4997 5069 5015 5033 5051
5070 5166 5094 5118 5142
5167 5216 5179 5191 5203
5217 5323 5243 5269 5295
5324 5578 5387 5450 5513
5579 5686 5605 5631 5657
5687 5773 5708 5729 5750
5774 5910 5808 5842 5876
5911 5989 5930 5949 5968
5990 6180 6037 6084 6131
6181 6259 6200 6219 6238
6260 6489 6317 6374 6431
6490 6635 6526 6562 6598
6636 6720 6657 6678 6699
6721 6829 6748 6775 6802
6830 6923 6853 6876 6899
6924 7191 6990 7056 7122
7192 7339 7228 7264 7300
7340 7368 7347 7354 7361
7369 7405 7378 7387 7396
7406 7564 7445 7484 7523
7565 7632 7581 7597 7613
7633 7651 7637 7641 7645
7652 7670 7656 7660 7664
7671 7697 7677 7683 7689
7698 7716 7702 7706 7710
7717 7744 7723 7729 7735
7745 8327 7890 8035 8180
8328 8497 8370 8412 8454
8498 9328 8705 8912 9119
9329 9855 9460 9591 9722
9856 10102 9917 9978 10039
10103 10223 10133 10163 10193
10224 10444 10279 10334 10389
10445 10558 10473 10501 10529
10559 10582 10564 10569 10574
10583 10620 10592 10601 10610
10621 10771 10658 10695 10732
10772 11007 10830 10888 10946
11008 11058 11020 11032 11044
11059 11256 11108 11157 11206
11257 11325 11274 11291 11308
11326 11455 11358 11390 11422
11456 11647 11503 11550 11597
11648 11750 11673 11698 11723
11751 11814 11766 11781 11796
11815 11884 11832 11849 11866
11885 12011 11916 11947 11978
12012 12270 12076 12140 12204
12271 12338 12287 12303 12319
12339 12455 12368 12397 12426
12456 12581 12487 12518 12549
12582 12650 12599 12616 12633
12651 12853 12701 12751 12801
12854 12889 12862 12870 12878
12890 12920 12897 12904 12911
12921 13135 12974 13027 13080
13136 13202 13152 13168 13184
13203 13271 13220 13237 13254
13272 13577 13348 13424 13500
13578 13727 13615 13652 13689
13728 13889 13768 13808 13848
13890 13958 13907 13924 13941
13959 14041 13979 13999 14019
14042 14146 14068 14094 14120
14147 14452 14223 14299 14375
14453 14679 14509 14565 14621
14680 14971 14752 14824 14896
14972 15034 14978 14984 15024
15035 15149 15063 15091 15119
15150 15221 15167 15184 15201
15222 15280 15236 15250 15264
15281 15337 15295 15309 15323
15338 15552 15391 15444 15497
15553 15764 15605 15657 15709
15765 15913 15802 15839 15876
15914 16033 15943 15972 16001
16034 16202 16076 16118 16160
16203 16271 16220 16237 16254
16272 16340 16289 16306 16323
16341 16510 16383 16425 16467
16511 16575 16527 16543 16559
16576 16650 16594 16612 16630
16651 16813 16691 16731 16771
16814 16972 16853 16892 16931
16973 17300 17054 17135 17216
17301 17662 17391 17481 17571
17663 18043 17758 17853 17948
18044 18099 18057 18070 18083
18100 18218 18129 18158 18187
18219 18496 18288 18357 18426
18497 18702 18548 18599 18650
18703 18948 18764 18825 18886
18949 19027 18968 18987 19006
19028 19103 19046 19064 19082
19104 19258 19142 19180 19218
19259 19424 19300 19341 19382
19425 19509 19446 19467 19488
19510 19856 19596 19682 19768
19857 20308 19969 20081 20193
20309 20484 20352 20395 20438
20485 21145 20650 20815 20980
21146 21339 21194 21242 21290
21340 21457 21369 21398 21427
21458 21610 21496 21534 21572
21611 21750 21645 21679 21713
21751 21827 21770 21789 21808
21828 21886 21842 21856 21870
21887 21963 21906 21925 21944
21964 21998 21972 21980 21988
21999 22060 22014 22029 22044
22061 22120 22075 22089 22103
22121 22152 22128 22135 22142
22153 22213 22168 22183 22198
22214 22349 22247 22280 22313
22350 22426 22369 22388 22407
22427 22470 22437 22447 22457
22471 22512 22481 22491 22501
22513 22550 22522 22531 22540
22551 22614 22566 22581 22596
22615 22672 22629 22643 22657
22673 22733 22688 22703 22718
22734 22814 22754 22774 22794
22815 22997 22860 22905 22950
22998 23520 23128 23258 23388
23521 23569 23533 23545 23557
23570 23743 23613 23656 23699
23744 23848 23770 23796 23822
23849 23891 23859 23869 23879
23892 23993 23917 23942 23967
23994 24026 24002 24010 24018
24027 24055 24034 24041 24048
24056 24121 24072 24088 24104
24122 24751 24279 24436 24593
24752 24956 24803 24854 24905
24957 25029 24975 24993 25011
25030 25146 25059 25088 25117
25147 25249 25172 25197 25222
25250 25394 25286 25322 25358
25395 25444 25407 25419 25431
25445 25483 25454 25463 25472
25484 25615 25516 25548 25580
25616 25664 25628 25640 25652
25665 25768 25690 25715 25740
25769 25892 25799 25829 25859
25893 26018 25924 25955 25986
26019 26149 26051 26083 26115
26150 26282 26183 26216 26249
26283 26328 26294 26305 26316
26329 26382 26342 26355 26368
26383 26424 26393 26403 26413
26425 26460 26433 26441 26449
26461 26514 26474 26487 26500
26515 26586 26532 26549 26566
26587 26713 26618 26649 26680
26714 26805 26736 26758 26780
26806 26885 26825 26844 26863
26886 26966 26906 26926 26946
26967 27120 27005 27043 27081
27121 27186 27137 27153 27169
27187 27235 27199 27211 27223
27236 27318 27256 27276 27296
27319 27412 27342 27365 27388
27413 27466 27426 27439 27452
27467 27522 27480 27493 27506
27523 27585 27538 27553 27568
27586 27674 27608 27630 27652
27675 27780 27701 27727 27753
27781 27841 27796 27811 27826
27842 27909 27858 27874 27890
27910 28164 27973 28036 28099
28165 28244 28184 28203 28222
28245 28297 28258 28271 28284
28298 28372 28316 28334 28352
28373 28415 28383 28393 28403
28416 28548 28449 28482 28515
28549 28619 28566 28583 28600
28620 28654 28628 28636 28644
28655 28673 28659 28663 28667
28674 28966 28747 28820 28893
28967 29023 28981 28995 29009
29024 29080 29038 29052 29066
29081 29138 29095 29109 29123
29139 29196 29153 29167 29181
29197 29316 29226 29255 29284
29317 29402 29338 29359 29380
29403 29559 29442 29481 29520
29560 29616 29574 29588 29602
29617 29776 29656 29695 29734
29777 29831 29790 29803 29816
29832 30032 29873 29914 30024
30033 30071 30042 30051 30060
30072 30108 30081 30090 30099
30109 30223 30137 30165 30193
30224 30295 30241 30258 30275
30296 30321 30302 30308 30314
30322 30405 30342 30362 30382
30406 30479 30424 30442 30460
30480 30519 30489 30498 30507
30520 30688 30562 30604 30646
30689 30708 30693 30697 30701
30709 30778 30726 30743 30760
30779 30917 30813 30847 30881
30918 30952 30926 30934 30942
30953 31057 30979 31005 31031
31058 31200 31093 31128 31163
31201 31258 31215 31229 31243
31259 31320 31274 31289 31304
31321 31360 31330 31339 31348
31361 31438 31380 31399 31418
31439 31627 31486 31533 31580
31628 31829 31678 31728 31778
31830 31898 31847 31864 31881
31899 31946 31910 31921 31932
31947 32021 31965 31983 32001
32022 32080 32036 32050 32064
32081 32190 32108 32135 32162
32191 32224 32199 32207 32215
32225 32241 32229 32233 32237
32242 32325 32262 32282 32302
32326 32386 32341 32356 32371
32387 32577 32434 32481 32528
32578 32622 32589 32600 32611
32623 32688 32639 32655 32671
32689 32742 32702 32715 32728
32743 32803 32758 32773 32788
32804 32832 32811 32818 32825
32833 32913 32853 32873 32893
32914 32944 32921 32928 32935
32945 32976 32952 32959 32966
32977 33034 32991 33005 33019
33035 33167 33068 33101 33134
33168 33220 33181 33194 33207
33221 33312 33243 33265 33287
33313 33462 33350 33387 33424
33463 33568 33489 33515 33541
33569 33621 33582 33595 33608
33622 33679 33636 33650 33664
33680 33758 33699 33718 33737
33759 33891 33792 33825 33858
33892 34052 33932 33972 34012
34053 34102 34065 34077 34089
34103 34163 34118 34133 34148
34164 34244 34184 34204 34224
34245 34402 34284 34323 34362
34403 34710 34479 34555 34631
34711 34965 34774 34837 34900
34966 35038 34984 35002 35020
35039 35459 35144 35249 35354
35460 35602 35495 35530 35565
35603 35959 35692 35781 35870
35960 36037 35979 35998 36017
36038 36177 36072 36106 36140
36178 36532 36266 36354 36442
36533 36590 36547 36561 36575
36591 36665 36609 36627 36645
36666 36779 36694 36722 36750
36780 36865 36801 36822 36843
36866 36979 36894 36922 36950
36980 37052 36998 37016 37034
37053 37246 37101 37149 37197
37247 37292 37258 37269 37280
37293 37385 37316 37339 37362
37386 37742 37475 37564 37653
37743 37802 37757 37771 37785
37803 38001 37852 37901 37950
38002 38159 38041 38080 38119
38160 38356 38209 38258 38307
38357 38472 38385 38413 38441
38473 38548 38491 38509 38527
38549 38794 38610 38671 38732
38795 38886 38817 38839 38861
38887 38958 38904 38921 38938
38959 39016 38973 38987 39001
39017 39169 39055 39093 39131
39170 39278 39197 39224 39251
39279 39382 39304 39329 39354
39383 39460 39402 39421 39440
39461 39568 39487 39513 39539
39569 39706 39603 39637 39671
39707 39752 39718 39729 39740
39753 39786 39761 39769 39777
39787 39818 39794 39801 39808
39819 39907 39841 39863 39885
39908 40340 40016 40124 40232
40341 40418 40360 40379 40398
40419 40530 40446 40473 40500
40531 40680 40568 40605 40642
40681 40808 40712 40743 40774
40809 40860 40821 40833 40845
40861 40942 40881 40901 40921
40943 41025 40963 40983 41003
41026 41129 41051 41076 41101
41130 41364 41188 41246 41304
41365 41437 41383 41401 41419
41438 41490 41451 41464 41477
41491 41533 41501 41511 41521
41534 41722 41581 41628 41675
41723 41774 41735 41747 41759
41775 41895 41805 41835 41865
41896 42008 41924 41952 41980
42009 42131 42039 42069 42099
42132 42202 42149 42166 42183
42203 42262 42217 42231 42245
42263 42375 42291 42319 42347
42376 42491 42404 42432 42460
42492 42553 42507 42522 42537
42554 42618 42570 42586 42602
42619 42667 42631 42643 42655
42668 42812 42704 42740 42776
42813 42919 42839 42865 42891
42920 42974 42933 42946 42959
42975 43052 42994 43013 43032
43053 43294 43113 43173 43233
43295 43330 43303 43311 43319
43331 43368 43340 43349 43358
43369 43406 43378 43387 43396
43407 43470 43422 43437 43452
43471 43492 43476 43481 43486
43493 43542 43505 43517 43529
43543 43577 43551 43559 43567
43578 43646 43595 43612 43629
43647 43682 43655 43663 43671
43683 43818 43716 43749 43782
43819 44124 43895 43971 44047
44125 44254 44157 44189 44221
44255 44423 44297 44339 44381
44424 44681 44488 44552 44616
44682 44716 44690 44698 44706
44717 44839 44747 44777 44807
44840 44912 44858 44876 44894
44913 44956 44923 44933 44943
44957 45004 44967 44977 45003
45005 45042 45014 45023 45032
45043 45135 45066 45089 45112
45136 45215 45155 45174 45193
45216 45369 45254 45292 45330
45370 45468 45394 45418 45442
45469 45512 45479 45489 45499
45513 45690 45557 45601 45645
45691 45774 45711 45731 45751
45775 46141 45866 45957 46048
46142 46209 46158 46174 46190
46210 46277 46226 46242 46258
46278 46359 46298 46318 46338
46360 46489 46392 46424 46456
46490 46702 46543 46596 46649
46703 47026 46783 46863 46943
47027 47250 47082 47137 47192
47251 47425 47294 47337 47380
47426 47542 47455 47484 47513
47543 47649 47569 47595 47621
47650 47780 47682 47714 47746
47781 47860 47800 47819 47838
47861 47893 47869 47877 47885
47894 47959 47910 47926 47942
47960 48103 47995 48030 48065
48104 48177 48122 48140 48158
48178 48270 48201 48224 48247
48271 48303 48279 48287 48295
48304 48416 48332 48360 48388
48417 48498 48437 48457 48477
48499 48554 48512 48525 48538
48555 48659 48581 48607 48633
48660 48697 48669 48678 48687
48698 48767 48715 48732 48749
48768 48797 48775 48782 48789
48798 48879 48818 48838 48858
48880 48923 48890 48900 48910
48924 48991 48940 48956 48972
48992 49026 49000 49008 49016
49027 49099 49045 49063 49081
49100 49153 49113 49126 49139
49154 49214 49169 49184 49199
49215 49323 49242 49269 49296
49324 49366 49334 49344 49354
49367 49445 49386 49405 49424
49446 49582 49480 49514 49548
49583 49672 49605 49627 49649
49673 49819 49709 49745 49781
49820 49860 49830 49840 49850
49861 49918 49875 49889 49903
49919 49972 49932 49945 49958
49973 50032 49987 50001 50015
50033 50080 50044 50055 50066
50081 50206 50112 50143 50174
50207 50244 50216 50225 50234
50245 50299 50258 50271 50284
50300 50334 50308 50316 50324
50335 50360 50341 50347 50353
50361 50416 50374 50387 50400
50417 50446 50424 50431 50438
50447 50467 50452 50457 50462
50468 50518 50480 50492 50504
50519 50551 50527 50535 50543
50552 50603 50564 50576 50588
50604 50637 50612 50620 50628
50638 50664 50644 50650 50656
50665 50693 50672 50679 50686
50694 50713 50698 50702 50706
50714 50739 50720 50726 50732
50740 50756 50744 50748 50752
50757 50819 50772 50787 50802
50820 50880 50835 50850 50865
50881 50964 50901 50921 50941
50965 51039 50983 51001 51019
51040 51081 51050 51060 51070
51082 51098 51086 51090 51094
51099 51118 51103 51107 51111
51119 51146 51125 51131 51137
51147 51171 51153 51159 51165
51172 51230 51186 51200 51214
51231 51271 51241 51251 51261
51272 51341 51289 51306 51323
51342 51360 51346 51350 51354
51361 51448 51382 51403 51424
51449 51468 51453 51457 51461
51469 51526 51483 51497 51511
51527 51543 51531 51535 51539
51544 51564 51549 51554 51559
51565 51586 51570 51575 51580
51587 51614 51593 51599 51605
51615 51634 51619 51623 51627
51635 51675 51645 51655 51665
51676 51694 51680 51684 51688
51695 51711 51699 51703 51707
51712 51752 51722 51732 51742
51753 51825 51771 51789 51807
51826 51859 51834 51842 51850
51860 51876 51864 51868 51872
51877 51904 51883 51889 51895
51905 52035 51937 51969 52001
52036 52054 52040 52044 52048
52055 52111 52069 52083 52097
52112 52133 52117 52122 52127
52134 52282 52171 52208 52245
52283 52395 52311 52339 52367
52396 52418 52401 52406 52411
52419 52448 52426 52433 52440
52449 52478 52456 52463 52470
52479 52528 52491 52503 52515
52529 52611 52549 52569 52589
52612 52669 52626 52640 52654
52670 52741 52687 52704 52721
52742 52764 52747 52752 52757
52765 52796 52772 52779 52786
52797 52816 52801 52805 52809
52817 52841 52823 52829 52835
52842 52890 52854 52866 52878
52891 52979 52913 52935 52957
52980 53039 52994 53008 53022
53040 53061 53045 53050 53055
53062 53088 53068 53074 53080
53089 53133 53100 53111 53122
53134 53211 53153 53172 53191
53212 53396 53258 53304 53350
53397 53445 53409 53421 53433
53446 53490 53457 53468 53479
53491 53622 53523 53555 53587
53623 53777 53661 53699 53737
53778 54071 53851 53924 53997
54072 54295 54127 54182 54237
54296 54388 54319 54342 54365
54389 54503 54417 54445 54473
54504 54657 54542 54580 54618
54658 54751 54681 54704 54727
54752 54827 54770 54788 54806
54828 54928 54853 54878 54903
54929 55084 54967 55005 55043
55085 55170 55106 55127 55148
55171 55280 55198 55225 55252
55281 55480 55330 55379 55428
55481 55579 55505 55529 55553
55580 55634 55593 55606 55619
55635 55763 55667 55699 55731
55764 55818 55777 55790 55803
55819 55888 55836 55853 55870
55889 55944 55902 55915 55928
55945 55991 55956 55967 55978
55992 56061 56009 56026 56043
56062 56107 56073 56084 56095
56108 56296 56155 56202 56249
56297 56412 56325 56353 56381
56413 56698 56484 56555 56626
56699 56779 56719 56739 56759
56780 56841 56795 56810 56825
56842 56877 56850 56858 56866
56878 56958 56898 56918 56938
56959 57018 56973 56987 57001
57019 57067 57031 57043 57055
57068 57108 57078 57088 57098
57109 57127 57113 57117 57121
57128 57169 57138 57148 57158
57170 57199 57177 57184 57191
57200 57244 57211 57222 57233
57245 57291 57256 57267 57278
57292 57323 57299 57306 57313
57324 57375 57336 57348 57360
57376 57444 57393 57410 57427
57445 57468 57450 57455 57460
57469 57520 57481 57493 57505
57521 57558 57530 57539 57548
57559 57631 57577 57595 57613
57632 57738 57658 57684 57710
57739 57783 57750 57761 57772
57784 57823 57793 57802 57811
57824 57905 57844 57864 57884
57906 57923 57910 57914 57918
57924 57941 57928 57932 57936
57942 57978 57951 57960 57969
57979 58015 57988 57997 58006
58016 58071 58029 58042 58055
58072 58155 58092 58112 58132
58156 58192 58165 58174 58183
58193 58223 58200 58207 58214
58224 58257 58232 58240 58248
58258 58274 58262 58266 58270
58275 58317 58285 58295 58305
58318 58344 58324 58330 58336
58345 58430 58366 58387 58408
58431 58495 58447 58463 58479
58496 58545 58508 58520 58532
58546 58665 58575 58604 58633
58666 58718 58679 58692 58705
58719 58809 58741 58763 58785
58810 58847 58819 58828 58837
58848 58864 58852 58856 58860
58865 58891 58871 58877 58883
58892 58912 58897 58902 58907
58913 58955 58923 58933 58943
58956 58992 58965 58974 58983
58993 59014 58998 59003 59008
59015 59052 59024 59033 59042
59053 59077 59059 59065 59071
59078 59101 59083 59088 59093
59102 59141 59111 59120 59129
59142 59188 59153 59164 59175
59189 59221 59197 59205 59213
59222 59248 59228 59234 59240
59249 59423 59292 59335 59378
59424 59443 59428 59432 59436
59444 59491 59455 59466 59477
59492 59531 59501 59510 59519
59532 59558 59538 59544 59550
59559 59577 59563 59567 59571
59578 59640 59593 59608 59623
59641 59670 59648 59655 59662
59671 59744 59689 59707 59725
59745 59893 59782 59819 59856
59894 59917 59899 59904 59909
59918 59947 59925 59932 59939
59948 59967 59952 59956 59960
59968 59993 59974 59980 59986
59994 60003 59995 59996 60000
60004 60067 60019 60034 60049
60068 60124 60082 60096 60110
60125 60199 60143 60161 60179
60200 60361 60240 60280 60320
60362 60446 60383 60404 60425
60447 60640 60495 60543 60591
60641 60687 60652 60663 60674
60688 60748 60703 60718 60733
60749 60827 60768 60787 60806
60828 61308 60948 61068 61188
61309 61420 61336 61363 61390
61421 61637 61475 61529 61583
61638 61833 61686 61734 61782
61834 61931 61858 61882 61906
61932 62020 61954 61976 61998
62021 62501 62141 62261 62381
62502 62586 62523 62544 62565
62587 62718 62619 62651 62683
62719 62789 62736 62753 62770
62790 62988 62839 62888 62937
62989 63052 63004 63019 63034
63053 63162 63080 63107 63134
63163 63185 63168 63173 63178
63186 63205 63190 63194 63198
63206 63232 63212 63218 63224
63233 63269 63242 63251 63260
63270 63347 63289 63308 63327
63348 63550 63398 63448 63498
63551 63634 63571 63591 63611
63635 63820 63681 63727 63773
63821 63881 63836 63851 63866
63882 63935 63895 63908 63921
63936 64017 63956 63976 63996
64018 64083 64034 64050 64066
64084 64135 64096 64108 64120
64136 64207 64153 64170 64187
64208 64258 64220 64232 64244
64259 64422 64299 64339 64379
64423 64517 64446 64469 64492
64518 64559 64528 64538 64548
64560 64784 64616 64672 64728
64785 64834 64797 64809 64821
64835 65006 64877 64919 64961
65007 65074 65023 65039 65055
65075 65189 65103 65131 65159
65190 65310 65220 65250 65280
65311 65504 65359 65407 65455
65505 65752 65566 65627 65688
65753 65864 65780 65807 65834
65865 65970 65891 65917 65943
65971 66153 66016 66061 66106
66154 66253 66178 66202 66226
66254 66334 66274 66294 66314
66335 66363 66342 66349 66356
66364 66698 66447 66530 66613
66699 66824 66730 66761 66792
66825 66861 66834 66843 66852
66862 66940 66881 66900 66919
66941 67019 66960 66979 66998
67020 67158 67054 67088 67122
67159 67248 67181 67203 67225
67249 67330 67269 67289 67309
67331 67428 67355 67379 67403
67429 67570 67464 67499 67534
67571 67674 67596 67621 67646
67675 67777 67700 67725 67750
67778 67880 67803 67828 67853
67881 68049 67923 67965 68007
68050 68133 68070 68090 68110
68134 68361 68190 68246 68302
68362 68412 68374 68386 68398
68413 68494 68433 68453 68473
68495 68650 68533 68571 68609
68651 68687 68660 68669 68678
68688 68750 68703 68718 68733
68751 68782 68758 68765 68772
68783 68872 68805 68827 68849
68873 68915 68883 68893 68903
68916 69032 68945 68974 69003
69033 69151 69062 69091 69120
69152 69202 69164 69176 69188
69203 69221 69207 69211 69215
69222 69271 69234 69246 69258
69272 69305 69280 69288 69296
69306 69409 69331 69356 69381
69410 69513 69435 69460 69485
69514 69562 69526 69538 69550
69563 69650 69584 69605 69626
69651 69723 69669 69687 69705
69724 69758 69732 69740 69748
69759 69812 69772 69785 69798
69813 69846 69821 69829 69837
69847 69865 69851 69855 69859
69866 69884 69870 69874 69878
69885 69925 69895 69905 69915
69926 69996 69943 69960 69977
69997 70105 70024 70051 70078
70106 70222 70135 70164 70193
70223 70308 70244 70265 70286
70309 70471 70349 70389 70429
70472 70580 70499 70526 70553
70581 70637 70595 70609 70623
70638 70708 70655 70672 70689
70709 70746 70718 70727 70736
70747 70803 70761 70775 70789
70804 70831 70810 70816 70822
70832 70894 70847 70862 70877
70895 71098 70945 70995 71045
71099 71170 71116 71133 71150
71171 71285 71199 71227 71255
71286 71367 71306 71326 71346
71368 71420 71381 71394 71407
71421 71498 71440 71459 71478
71499 71668 71541 71583 71625
71669 71816 71705 71741 71777
71817 71929 71845 71873 71901
71930 72017 71951 71972 71993
72018 72105 72039 72060 72081
72106 72147 72116 72126 72136
72148 72203 72161 72174 72187
72204 72246 72214 72224 72234
72247 72386 72281 72315 72349
72387 72517 72419 72451 72483
72518 72610 72541 72564 72587
72611 72668 72625 72639 72653
72669 72771 72694 72719 72744
72772 72810 72781 72790 72799
72811 72879 72828 72845 72862
72880 72929 72892 72904 72916
72930 73138 72982 73034 73086
73139 73183 73150 73161 73172
73184 73270 73205 73226 73247
73271 73321 73283 73295 73307
73322 73413 73344 73366 73388
73414 73483 73431 73448 73465
73484 73575 73506 73528 73550
73576 73599 73581 73586 73591
73600 73634 73608 73616 73624
73635 73669 73643 73651 73659
73670 73707 73679 73688 73697
73708 74104 73807 73906 74005
74105 74245 74140 74175 74210
74246 74295 74258 74270 74282
74296 74365 74313 74330 74347
74366 74442 74385 74404 74423
74443 74562 74472 74501 74530
74563 74608 74574 74585 74596
74609 74960 74696 74783 74870
74961 75010 74970 74979 75006
75011 75245 75069 75127 75185
75246 75410 75287 75328 75369
75411 75563 75449 75487 75525
75564 75606 75574 75584 75594
75607 75990 75702 75797 75892
75991 76094 76016 76041 76066
76095 76295 76145 76195 76245
76296 76363 76312 76328 76344
76364 76754 76461 76558 76655
76755 76798 76765 76775 76785
76799 76868 76816 76833 76850
76869 76916 76880 76891 76902
76917 76952 76925 76933 76941
76953 76976 76958 76963 76968
76977 77006 76984 76991 76998
77007 77052 77018 77029 77040
77053 77133 77073 77093 77113
77134 77198 77150 77166 77182
77199 77246 77210 77221 77232
77247 77362 77275 77303 77331
77363 77437 77381 77399 77417
77438 77602 77479 77520 77561
77603 77734 77635 77667 77699
77735 77844 77762 77789 77816
77845 78012 77886 77927 77968
78013 78210 78062 78111 78160
78211 78237 78217 78223 78229
78238 78365 78269 78300 78331
78366 78529 78406 78446 78486
78530 78580 78542 78554 78566
78581 78653 78599 78617 78635
78654 78762 78681 78708 78735
78763 79064 78838 78913 78988
79065 79083 79069 79073 79077
79084 79119 79092 79100 79108
79120 79393 79188 79256 79324
79394 79543 79431 79468 79505
79544 79593 79556 79568 79580
79594 79713 79623 79652 79681
79714 79860 79750 79786 79822
79861 79990 79893 79925 79957
79991 80072 80011 80031 80051
80073 80132 80087 80101 80115
80133 80185 80146 80159 80172
80186 80273 80207 80228 80249
80274 80427 80312 80350 80388
80428 80579 80465 80502 80539
80580 80630 80592 80604 80616
80631 80792 80671 80711 80751
80793 80878 80814 80835 80856
80879 81085 80930 80981 81032
81086 81197 81113 81140 81167
81198 81367 81240 81282 81324
81368 81467 81392 81416 81440
81468 81718 81530 81592 81654
81719 81837 81748 81777 81806
81838 81910 81856 81874 81892
81911 82105 81959 82007 82055
82106 82298 82154 82202 82250
82299 82350 82311 82323 82335
82351 82405 82364 82377 82390
82406 82511 82432 82458 82484
82512 82644 82545 82578 82611
82645 82761 82674 82703 82732
82762 82810 82774 82786 82798
82811 83112 82886 82961 83036
83113 83147 83121 83129 83137
83148 83190 83158 83168 83178
83191 83300 83218 83245 83272
83301 83376 83319 83337 83355
83377 83428 83389 83401 83413
83429 83529 83454 83479 83504
83530 83735 83581 83632 83683
83736 83777 83746 83756 83766
83778 83823 83789 83800 83811
83824 83852 83831 83838 83845
83853 83885 83861 83869 83877
83886 83945 83900 83914 83928
83946 84090 83982 84018 84054
84091 84116 84097 84103 84109
84117 84138 84122 84127 84132
84139 84204 84155 84171 84187
84205 84383 84249 84293 84337
84384 84479 84407 84430 84453
84480 84580 84505 84530 84555
84581 84698 84610 84639 84668
84699 84801 84724 84749 84774
84802 84931 84834 84866 84898
84932 85137 84983 85034 85085
85138 85294 85177 85216 85255
85295 85356 85310 85325 85340
85357 85373 85361 85365 85369
85374 85402 85381 85388 85395
85403 85442 85412 85421 85430
85443 85488 85454 85465 85476
85489 85640 85526 85563 85600
85641 85728 85662 85683 85704
85729 85807 85748 85767 85786
85808 85870 85823 85838 85853
85871 85959 85893 85915 85937
85960 86022 85975 85990 86005
86023 86090 86039 86055 86071
86091 86235 86127 86163 86199
86236 86272 86245 86254 86263
86273 86357 86294 86315 86336
86358 86393 86366 86374 86382
86394 86461 86410 86426 86442
86462 86516 86475 86488 86501
86517 86585 86534 86551 86568
86586 86734 86623 86660 86697
86735 86767 86743 86751 86759
86768 86846 86787 86806 86825
86847 86879 86855 86863 86871
86880 86927 86891 86902 86913
86928 86965 86937 86946 86955
86966 87006 86976 86986 86996
87007 87096 87029 87051 87073
87097 87150 87110 87123 87136
87151 87256 87177 87203 87229
87257 87318 87272 87287 87302
87319 87451 87352 87385 87418
87452 87743 87524 87596 87668
87744 87796 87757 87770 87783
87797 87828 87804 87811 87818
87829 87893 87845 87861 87877
87894 87977 87914 87934 87954
87978 88144 88019 88060 88101
88145 88245 88170 88195 88220
88246 88308 88261 88276 88291
88309 88363 88322 88335 88348
88364 88409 88375 88386 88397
88410 88482 88428 88446 88464
88483 88602 88512 88541 88570
88603 88648 88614 88625 88636
88649 88778 88681 88713 88745
88779 88972 88827 88875 88923
88973 89095 89003 89033 89063
89096 89153 89110 89124 89138
89154 89197 89164 89174 89184
89198 89232 89206 89214 89222
89233 89305 89251 89269 89287
89306 89555 89368 89430 89492
89556 89688 89589 89622 89655
89689 89757 89706 89723 89740
89758 89833 89776 89794 89812
89834 89951 89863 89892 89921
89952 90055 89963 89974 90039
90056 90240 90102 90148 90194
90241 90347 90267 90293 90319
90348 90522 90391 90434 90477
90523 90704 90568 90613 90658
90705 90859 90743 90781 90819
90860 90964 90886 90912 90938
90965 91063 90989 91013 91037
91064 91462 91163 91262 91361
91463 91728 91529 91595 91661
91729 91779 91741 91753 91765
91780 92000 91835 91890 91945
92001 92109 92028 92055 92082
92110 92409 92184 92258 92332
92410 92539 92442 92474 92506
92540 92591 92552 92564 92576
92592 92690 92616 92640 92664
92691 92768 92710 92729 92748
92769 92966 92818 92867 92916
92967 93075 92994 93021 93048
93076 93257 93121 93166 93211
93258 93878 93413 93568 93723
93879 93955 93898 93917 93936
93956 94033 93975 93994 94013
94034 94072 94043 94052 94061
94073 94127 94086 94099 94112
94128 94234 94154 94180 94206
94235 94276 94245 94255 94265
94277 94316 94286 94295 94304
94317 94349 94325 94333 94341
94350 94478 94382 94414 94446
94479 94522 94489 94499 94509
94523 94597 94541 94559 94577
94598 94682 94619 94640 94661
94683 94736 94696 94709 94722
94737 94839 94762 94787 94812
94840 94929 94862 94884 94906
94930 94976 94941 94952 94963
94977 95014 94986 94995 95004
95015 95043 95022 95029 95036
95044 95256 95097 95150 95203
95257 95311 95270 95283 95296
95312 95398 95333 95354 95375
95399 95494 95422 95445 95468
95495 95591 95519 95543 95567
95592 95712 95622 95652 95682
95713 95820 95739 95765 95791
95821 95839 95825 95829 95833
95840 95861 95845 95850 95855
95862 95894 95870 95878 95886
95895 95956 95910 95925 95940
95957 96010 95970 95983 95996
96011 96085 96029 96047 96065
96086 96145 96100 96114 96128
96146 96237 96168 96190 96212
96238 96312 96256 96274 96292
96313 96340 96319 96325 96331
96341 96391 96353 96365 96377
96392 96463 96409 96426 96443
96464 97076 96617 96770 96923
97077 97205 97109 97141 97173
97206 97260 97219 97232 97245
97261 97298 97270 97279 97288
97299 97369 97316 97333 97350
97370 97410 97380 97390 97400
97411 97529 97440 97469 97498
97530 97715 97576 97622 97668
97716 97850 97749 97782 97815
97851 98044 97899 97947 97995
98045 98124 98064 98083 98102
98125 98202 98144 98163 98182
98203 98272 98220 98237 98254
98273 98334 98288 98303 98318
98335 98413 98354 98373 98392
98414 98446 98422 98430 98438
98447 98507 98462 98477 98492
98508 98550 98518 98528 98538
98551 98835 98622 98693 98764
98836 98954 98865 98894 98923
98955 99025 98972 98989 99006
99026 99193 99067 99108 99149
99194 99471 99263 99332 99401
99472 99526 99485 99498 99511
99527 99578 99539 99551 99563
99579 99609 99586 99593 99600
99610 99647 99619 99628 99637
99648 99671 99653 99658 99663
99672 99689 99676 99680 99684
99690 99720 99697 99704 99711
99721 99769 99733 99745 99757
99770 99838 99787 99804 99821
99839 99917 99858 99877 99896
99918 99958 99928 99938 99948
99959 100076 99988 100017 100046
100077 100100 100082 100087 100092
100101 100148 100112 100123 100134
100149 100168 100153 100157 100161
100169 100204 100177 100185 100193
100205 100234 100212 100219 100226
100235 100277 100245 100255 100265
100278 100548 100345 100412 100479
100549 100633 100570 100591 100612
100634 100834 100684 100734 100784
100835 100886 100847 100859 100871
100887 101039 100925 100963 101001
101040 101184 101076 101112 101148
101185 101300 101213 101241 101269
101301 101382 101321 101341 101361
101383 101640 101447 101511 101575
101641 101830 101688 101735 101782
101831 101900 101848 101865 101882
101901 101970 101918 101935 101952
101971 102014 101981 101991 102001
102015 102076 102030 102045 102060
102077 102205 102109 102141 102173
102206 102439 102264 102322 102380
102440 102679 102499 102558 102617
102680 102967 102751 102822 102893
102968 103079 102995 103022 103049
103080 103133 103093 103106 103119
103134 103256 103164 103194 103224
103257 103334 103276 103295 103314
103335 103461 103366 103397 103428
103462 103515 103475 103488 103501
103516 103709 103564 103612 103660
103710 103876 103751 103792 103833
103877 103976 103901 103925 103949
103977 104040 103992 104007 104022
104041 104316 104109 104177 104245
104317 104593 104386 104455 104524
104594 104700 104620 104646 104672
104701 104747 104712 104723 104734
104748 104872 104779 104810 104841
104873 104974 104898 104923 104948
104975 105103 104981 104987 105075
105104 105268 105145 105186 105227
105269 105349 105289 105309 105329
105350 105518 105392 105434 105476
105519 105628 105546 105573 105600
105629 106061 105737 105845 105953
106062 106432 106154 106246 106338
106433 106733 106508 106583 106658
106734 106863 106766 106798 106830
106864 106933 106881 106898 106915
106934 107173 106993 107052 107111
107174 107236 107189 107204 107219
107237 107386 107274 107311 107348
107387 107499 107415 107443 107471
107500 107666 107541 107582 107623
107667 107742 107685 107703 107721
107743 107863 107773 107803 107833
107864 108009 107900 107936 107972
108010 108140 108042 108074 108106
108141 108260 108170 108199 108228
108261 108345 108282 108303 108324
108346 108392 108357 108368 108379
108393 108443 108405 108417 108429
108444 108630 108490 108536 108582
108631 108839 108683 108735 108787
108840 108920 108860 108880 108900
108921 109067 108957 108993 109029
109068 109106 109077 109086 109095
109107 109181 109125 109143 109161
109182 109262 109202 109222 109242
109263 109349 109284 109305 109326
109350 109668 109429 109508 109587
109669 109815 109705 109741 109777
109816 109921 109842 109868 109894
109922 109995 109940 109958 109976
109996 110126 110028 110060 110092
110127 110306 110171 110215 110259
110307 110442 110340 110373 110406
110443 110750 110519 110595 110671
110751 110858 110777 110803 110829
110859 110924 110875 110891 110907
110925 110991 110941 110957 110973
110992 111034 111002 111012 111022
111035 111090 111048 111061 111074
111091 111145 111104 111117 111130
111146 111192 111157 111168 111179
111193 111260 111209 111225 111241
111261 111317 111275 111289 111303
111318 111430 111346 111374 111402
111431 111541 111458 111485 111512
111542 111663 111572 111602 111632
111664 111834 111706 111748 111790
111835 111885 111847 111859 111871
111886 112023 111920 111954 111988
112024 112090 112040 112056 112072
112091 112268 112135 112179 112223
112269 112397 112301 112333 112365
112398 112548 112435 112472 112509
112549 112721 112592 112635 112678
112722 112878 112761 112800 112839
112879 112978 112903 112927 112951
112979 113141 113019 113059 113099
113142 113179 113151 113160 113169
113180 113265 113201 113222 113243
113266 113337 113283 113300 113317
113338 113478 113373 113408 113443
113479 113548 113496 113513 113530
113549 113771 113604 113659 113714
113772 113804 113780 113788 113796
113805 113876 113822 113839 113856
113877 113976 113901 113925 113949
113977 114153 114021 114065 114109
114154 114264 114181 114208 114235
114265 114321 114279 114293 114307
114322 114386 114338 114354 114370
114387 114504 114416 114445 114474
114505 114753 114567 114629 114691
114754 114856 114779 114804 114829
114857 114925 114874 114891 114908
114926 115030 114952 114978 115004
115031 115200 115073 115115 115157
115201 115374 115244 115287 115330
115375 115420 115386 115397 115408
115421 115550 115453 115485 115517
115551 115614 115566 115581 115596
115615 115686 115632 115649 115666
115687 115740 115700 115713 115726
115741 115837 115765 115789 115813
115838 115901 115853 115868 115883
115902 115956 115915 115928 115941
115957 116042 115978 115999 116020
116043 116103 116058 116073 116088
116104 116160 116118 116132 116146
116161 116285 116192 116223 116254
116286 116350 116302 116318 116334
116351 116423 116369 116387 116405
116424 116481 116438 116452 116466
116482 116501 116486 116490 116494
116502 116518 116506 116510 116514
116519 116545 116525 116531 116537
116546 116645 116570 116594 116618
116646 116712 116662 116678 116694
116713 116773 116728 116743 116758
116774 116821 116785 116796 116807
116822 116896 116840 116858 116876
116897 116923 116903 116909 116915
116924 116961 116933 116942 116951
116962 116988 116968 116974 116980
116989 117072 117009 117029 117049
117073 117124 117085 117097 117109
117125 117173 117137 117149 117161
117174 117261 117195 117216 117237
117262 117308 117273 117284 117295
117309 117347 117318 117327 117336
117348 117386 117357 117366 117375
117387 117431 117398 117409 117420
117432 117566 117465 117498 117531
117567 117598 117574 117581 117588
117599 117637 117608 117617 117626
117638 117681 117648 117658 117668
117682 117714 117690 117698 117706
117715 117751 117724 117733 117742
117752 117829 117771 117790 117809
117830 117954 117861 117892 117923
117955 117996 117965 117975 117985
117997 118024 118003 118009 118015
118025 118093 118042 118059 118076
118094 118151 118108 118122 118136
118152 118200 118164 118176 118188
118201 118265 118217 118233 118249
118266 118325 118280 118294 118308
118326 118374 118338 118350 118362
118375 118428 118388 118401 118414
118429 118594 118470 118511 118552
118595 118677 118615 118635 118655
118678 118714 118687 118696 118705
118715 118828 118743 118771 118799
118829 118858 118836 118843 118850
118859 118875 118863 118867 118871
118876 119013 118910 118944 118978
119014 119036 119019 119024 119029
119037 119074 119046 119055 119064
119075 119101 119081 119087 119093
119102 119159 119116 119130 119144
119160 119202 119170 119180 119190
119203 119236 119211 119219 119227
119237 119267 119244 119251 119258
119268 119334 119284 119300 119316
119335 119370 119343 119351 119359
119371 119419 119383 119395 119407
119420 119481 119435 119450 119465
119482 119623 119517 119552 119587
119624 119666 119634 119644 119654
119667 119808 119702 119737 119772
119809 119914 119835 119861 119887
119915 120129 119936 119957 120096
120130 120217 120151 120172 120193
120218 120264 120229 120240 120251
120265 120321 120279 120293 120307
120322 120406 120343 120364 120385
120407 120475 120424 120441 120458
120476 120562 120497 120518 120539
120563 120654 120585 120607 120629
120655 120835 120700 120745 120790
120836 120886 120848 120860 120872
120887 120950 120902 120917 120932
120951 121055 120977 121003 121029
121056 121195 121090 121124 121158
121196 121354 121235 121274 121313
121355 121452 121379 121403 121427
121453 121605 121491 121529 121567
121606 121682 121625 121644 121663
121683 121768 121704 121725 121746
121769 121897 121801 121833 121865
121898 122010 121926 121954 121982
122011 122108 122035 122059 122083
122109 122184 122127 122145 122163
122185 122233 122197 122209 122221
122234 122282 122246 122258 122270
122283 122311 122290 122297 122304
122312 122336 122318 122324 122330
122337 122433 122361 122385 122409
122434 122577 122469 122504 122539
122578 122628 122590 122602 122614
122629 122729 122654 122679 122704
122730 122898 122772 122814 122856
122899 123115 122953 123007 123061
123116 123216 123141 123166 123191
123217 123313 123241 123265 123289
123314 123358 123325 123336 123347
123359 123440 123379 123399 123419
123441 123508 123457 123473 123489
123509 123578 123526 123543 123560
123579 123664 123600 123621 123642
123665 123956 123737 123809 123881
123957 124020 123972 123987 124002
124021 124138 124050 124079 124108
124139 124183 124150 124161 124172
124184 124402 124238 124292 124346
124403 124478 124421 124439 124457
124479 124583 124505 124531 124557
124584 124633 124596 124608 124620
124634 124680 124645 124656 124667
124681 124746 124697 124713 124729
124747 124766 124751 124755 124759
124767 124804 124776 124785 124794
124805 124869 124821 124837 124853
124870 124895 124876 124882 124888
124896 124919 124901 124906 124911
124920 124964 124931 124942 124953
124965 124983 124969 124973 124977
124984 125085 125009 125034 125059
125086 125132 125097 125108 125119
125133 125250 125162 125191 125220
125251 125288 125260 125269 125278
125289 125306 125293 125297 125301
125307 125362 125320 125333 125346
125363 125481 125392 125421 125450
125482 125498 125486 125490 125494
125499 125551 125512 125525 125538
125552 125628 125571 125590 125609
125629 125656 125635 125641 125647
125657 125715 125671 125685 125699
125716 125794 125735 125754 125773
125795 125819 125801 125807 125813
125820 125850 125827 125834 125841
125851 125884 125859 125867 125875
125885 125906 125890 125895 125900
125907 125933 125913 125919 125925
125934 125955 125939 125944 125949
125956 125985 125963 125970 125977
125986 126020 125994 126002 126010
126021 126066 126032 126043 126054
126067 126168 126092 126117 126142
126169 126357 126216 126263 126310
126358 126516 126397 126436 126475
126517 126592 126535 126553 126571
126593 126620 126599 126605 126611
126621 126689 126638 126655 126672
126690 126746 126704 126718 126732
126747 126825 126766 126785 126804
126826 126888 126841 126856 126871
126889 126912 126894 126899 126904
126913 126959 126924 126935 126946
126960 126997 126969 126978 126987
126998 127064 127014 127030 127046
127065 127148 127085 127105 127125
127149 127168 127153 127157 127161
127169 127226 127183 127197 127211
127227 127259 127235 127243 127251
127260 127339 127279 127298 127317
127340 127362 127345 127350 127355
127363 127408 127374 127385 127396
127409 127426 127413 127417 127421
127427 127446 127431 127435 127439
127447 127498 127459 127471 127483
127499 127538 127508 127517 127526
127539 127582 127549 127559 127569
127583 127630 127594 127605 127616
127631 127682 127643 127655 127667
127683 127754 127700 127717 127734
127755 127807 127768 127781 127794
127808 127896 127830 127852 127874
127897 127990 127920 127943 127966
127991 128055 128007 128023 128039
128056 128104 128068 128080 128092
128105 128153 128117 128129 128141
128154 128192 128163 128172 128181
128193 128251 128207 128221 128235
128252 128372 128282 128312 128342
128373 128689 128452 128531 128610
128690 128740 128702 128714 128726
128741 128869 128773 128805 128837
128870 128978 128897 128924 128951
128979 129108 129011 129043 129075
129109 129182 129127 129145 129163
129183 129350 129224 129265 129306
129351 129423 129369 129387 129405
129424 129572 129461 129498 129535
129573 129717 129609 129645 129681
129718 129885 129759 129800 129841
129886 130019 129919 129952 129985
130020 130289 130087 130154 130221
130290 130604 130368 130446 130524
130605 130952 130691 130777 130863
130953 131057 130979 131005 131031
131058 131143 131079 131100 131121
131144 131610 131260 131376 131492
131611 131738 131642 131673 131704
131739 131888 131776 131813 131850
131889 132287 131988 132087 132186
132288 132439 132325 132362 132399
132440 132680 132500 132560 132620
132681 132802 132711 132741 132771
132803 133010 132854 132905 132956
133011 133070 133025 133039 133053
133071 133186 133099 133127 133155
133187 133319 133220 133253 133286
133320 133455 133353 133386 133419
133456 133643 133502 133548 133594
133644 133795 133681 133718 133755
133796 133864 133813 133830 133847
133865 133961 133889 133913 133937
133962 134097 133995 134028 134061
134098 134174 134117 134136 134155
134175 134375 134225 134275 134325
134376 134513 134410 134444 134478
134514 134598 134535 134556 134577
134599 134703 134625 134651 134677
134704 134785 134724 134744 134764
134786 134842 134800 134814 134828
134843 134898 134856 134869 134882
134899 134948 134911 134923 134935
134949 135168 134961 134973 135126
135169 135278 135196 135223 135250
135279 135401 135309 135339 135369
135402 135679 135471 135540 135609
135680 135821 135715 135750 135785
135822 135972 135859 135896 135933
135973 136174 136023 136073 136123
136175 136260 136196 136217 136238
136261 136590 136343 136425 136507
136591 136711 136621 136651 136681
136712 136829 136741 136770 136799
136830 136911 136850 136870 136890
136912 137216 136988 137064 137140
137217 137292 137235 137253 137271
137293 137336 137303 137313 137323
137337 137397 137352 137367 137382
137398 137562 137439 137480 137521
137563 137750 137609 137655 137701
137751 138152 137851 137951 138051
138153 138183 138160 138167 138174
138184 138306 138214 138244 138274
138307 138369 138322 138337 138352
138370 138433 138385 138400 138415
138434 138493 138448 138462 138476
138494 138584 138516 138538 138560
138585 138743 138624 138663 138702
138744 139275 138876 139008 139140
139276 139525 139338 139400 139462
139526 139600 139544 139562 139580
139601 139721 139631 139661 139691
139722 140278 139861 140000 140139
140279 140640 140369 140459 140549
140641 140725 140662 140683 140704
140726 140798 140744 140762 140780
140799 140872 140817 140835 140853
140873 140903 140880 140887 140894
140904 140935 140911 140918 140925
140936 141000 140952 140968 140984
141001 141096 141024 141047 141070
141097 141220 141127 141157 141187
141221 141308 141242 141263 141284
141309 141391 141329 141349 141369
141392 141493 141417 141442 141467
141494 141530 141503 141512 141521
141531 141695 141572 141613 141654
141696 141821 141727 141758 141789
141822 141900 141841 141860 141879
141901 141927 141907 141913 141919
141928 142035 141954 141980 142006
142036 142184 142073 142110 142147
142185 142268 142205 142225 142245
142269 142432 142309 142349 142389
142433 142473 142443 142453 142463
142474 142580 142500 142526 142552
142581 142679 142605 142629 142653
142680 142807 142711 142742 142773
142808 142870 142823 142838 142853
142871 142943 142889 142907 142925
142944 142982 142953 142962 142971
142983 143062 143002 143021 143040
143063 143116 143076 143089 143102
143117 143149 143125 143133 143141
143150 143211 143165 143180 143195
143212 143271 143226 143240 143254
143272 143344 143290 143308 143326
143345 143401 143359 143373 143387
143402 143473 143419 143436 143453
143474 143526 143487 143500 143513
143527 143562 143535 143543 143551
143563 143614 143575 143587 143599
143615 143669 143628 143641 143654
143670 143791 143700 143730 143760
143792 143849 143806 143820 143834
143850 143929 143869 143888 143907
143930 144063 143963 143996 144029
144064 144099 144072 144080 144088
144100 144218 144129 144158 144187
144219 144263 144230 144241 144252
144264 144297 144272 144280 144288
144298 144322 144304 144310 144316
144323 144366 144333 144343 144353
144367 144429 144382 144397 144412
144430 144517 144451 144472 144493
144518 144567 144530 144542 144554
144568 144716 144605 144642 144679
144717 144788 144734 144751 144768
144789 144896 144815 144841 144867
144897 144990 144920 144943 144966
144991 145070 145010 145029 145048
145071 145176 145097 145123 145149
145177 145213 145186 145195 145204
145214 145321 145240 145266 145292
145322 145375 145335 145348 145361
145376 145432 145390 145404 145418
145433 145476 145443 145453 145463
145477 145515 145486 145495 145504
145516 145627 145543 145570 145597
145628 145881 145691 145754 145817
145882 145947 145898 145914 145930
145948 146032 145969 145990 146011
146033 146067 146041 146049 146057
146068 146120 146081 146094 146107
146121 146167 146132 146143 146154
146168 146206 146177 146186 146195
146207 146310 146232 146257 146282
146311 146343 146319 146327 146335
146344 146423 146363 146382 146401
146424 146467 146434 146444 146454
146468 146559 146490 146512 146534
146560 146590 146567 146574 146581
146591 146607 146595 146599 146603
146608 146638 146615 146622 146629
146639 146758 146668 146697 146726
146759 146790 146766 146773 146780
146791 146885 146814 146837 146860
146886 146946 146901 146916 146931
146947 147034 146968 146989 147010
147035 147118 147055 147075 147095
147119 147159 147129 147139 147149
147160 147177 147164 147168 147172
147178 147197 147182 147186 147190
147198 147380 147243 147288 147333
147381 147428 147392 147403 147414
147429 147478 147441 147453 147465
147479 147517 147488 147497 147506
147518 147585 147534 147550 147566
147586 147612 147592 147598 147604
147613 147686 147631 147649 147667
147687 147704 147691 147695 147699
147705 147752 147716 147727 147738
147753 147776 147758 147763 147768
147777 147885 147804 147831 147858
147886 147990 147912 147938 147964
147991 148080 148013 148035 148057
148081 148182 148106 148131 148156
148183 148235 148196 148209 148222
148236 148356 148266 148296 148326
148357 148403 148368 148379 148390
148404 148515 148431 148458 148485
148516 148565 148528 148540 148552
148566 148663 148590 148614 148638
148664 148687 148669 148674 148679
148688 148765 148707 148726 148745
148766 148794 148773 148780 148787
148795 148833 148804 148813 148822
148834 148878 148845 148856 148867
148879 148943 148895 148911 148927
148944 148996 148957 148970 148983
148997 149112 149025 149053 149081
149113 149194 149133 149153 149173
149195 149220 149201 149207 149213
149221 149248 149227 149233 149239
149249 149325 149268 149287 149306
149326 149406 149346 149366 149386
149407 149443 149416 149425 149434
149444 149522 149463 149482 149501
149523 149598 149541 149559 149577
149599 149686 149620 149641 149662
149687 149734 149698 149709 149720
149735 149771 149744 149753 149762
149772 149891 149801 149830 149859
149892 149928 149901 149910 149919
149929 149976 149940 149951 149962
149977 150098 149982 149987 150072
150099 150144 150110 150121 150132
150145 150237 150168 150191 150214
150238 150326 150260 150282 150304
150327 150383 150341 150355 150369
150384 150444 150399 150414 150429
150445 150535 150467 150489 150511
150536 150602 150552 150568 150584
150603 150692 150625 150647 150669
150693 150720 150699 150705 150711
150721 150754 150729 150737 150745
150755 150805 150767 150779 150791
150806 150925 150835 150864 150893
150926 151051 150957 150988 151019
151052 151235 151097 151142 151187
151236 151301 151252 151268 151284
151302 151524 151357 151412 151467
151525 151617 151548 151571 151594
151618 151715 151642 151666 151690
151716 151789 151734 151752 151770
151790 151965 151833 151876 151919
151966 152058 151989 152012 152035
152059 152176 152088 152117 152146
152177 152324 152213 152249 152285
152325 152354 152332 152339 152346
152355 152387 152363 152371 152379
152388 152466 152407 152426 152445
152467 152530 152482 152497 152512
152531 152598 152547 152563 152579
152599 152649 152611 152623 152635
152650 152730 152670 152690 152710
152731 152806 152749 152767 152785
152807 152933 152838 152869 152900
152934 152968 152942 152950 152958
152969 153182 153022 153075 153128
153183 153321 153217 153251 153285
153322 153401 153341 153360 153379
153402 153464 153417 153432 153447
153465 153584 153494 153523 153552
153585 153726 153620 153655 153690
153727 153805 153746 153765 153784
153806 153862 153820 153834 153848
153863 153950 153884 153905 153926
153951 154014 153966 153981 153996
154015 154102 154036 154057 154078
154103 154367 154169 154235 154301
154368 154406 154377 154386 154395
154407 155070 154572 154737 154902
155071 155150 155090 155109 155128
155151 155336 155197 155243 155289
155337 155439 155362 155387 155412
155440 155479 155449 155458 155467
155480 155548 155497 155514 155531
155549 155629 155569 155589 155609
155630 155700 155647 155664 155681
155701 155799 155725 155749 155773
155800 155910 155827 155854 155881
155911 155970 155925 155939 155953
155971 156066 155994 156017 156040
156067 156129 156082 156097 156112
156130 156348 156184 156238 156292
156349 156546 156398 156447 156496
156547 156594 156558 156569 156580
156595 156721 156626 156657 156688
156722 156759 156731 156740 156749
156760 156900 156795 156830 156865
156901 156952 156913 156925 156937
156953 157168 157006 157059 157112
157169 157244 157187 157205 157223
157245 157295 157257 157269 157281
157296 157333 157305 157314 157323
157334 157410 157353 157372 157391
157411 157512 157436 157461 157486
157513 157603 157535 157557 157579
157604 157699 157627 157650 157673
157700 157756 157714 157728 157742
157757 157878 157787 157817 157847
157879 157918 157888 157897 157906
157919 157972 157932 157945 157958
157973 158040 157989 158005 158021
158041 158094 158054 158067 158080
158095 158476 158190 158285 158380
158477 158548 158494 158511 158528
158549 158619 158566 158583 158600
158620 158683 158635 158650 158665
158684 158801 158713 158742 158771
158802 158872 158819 158836 158853
158873 158947 158891 158909 158927
158948 158989 158958 158968 158978
158990 159040 159002 159014 159026
159041 159097 159055 159069 159083
159098 159202 159124 159150 159176
159203 159293 159225 159247 159269
159294 159522 159351 159408 159465
159523 159629 159549 159575 159601
159630 159717 159651 159672 159693
159718 159834 159747 159776 159805
159835 159962 159866 159897 159928
159963 160019 159977 159991 160005
160020 160085 160036 160052 160068
160086 160160 160104 160122 160140
160161 160323 160201 160241 160281
160324 160372 160336 160348 160360
160373 160402 160380 160387 160394
160403 160478 160421 160439 160457
160479 160547 160496 160513 160530
160548 160594 160559 160570 160581
160595 160653 160609 160623 160637
160654 160714 160669 160684 160699
160715 160759 160726 160737 160748
160760 160793 160768 160776 160784
160794 160833 160803 160812 160821
160834 160855 160839 160844 160849
160856 160908 160869 160882 160895
160909 160964 160922 160935 160948
160965 161155 161012 161059 161106
161156 161312 161195 161234 161273
161313 161374 161328 161343 161358
161375 161524 161412 161449 161486
161525 161641 161554 161583 161612
161642 161693 161654 161666 161678
161694 161795 161719 161744 161769
161796 161958 161836 161876 161916
161959 162032 161977 161995 162013
162033 162091 162047 162061 162075
162092 162180 162114 162136 162158
162181 162365 162227 162273 162319
162366 162446 162386 162406 162426
162447 162509 162462 162477 162492
162510 162561 162522 162534 162546
162562 162619 162576 162590 162604
162620 162663 162630 162640 162650
162664 162746 162684 162704 162724
162747 162804 162761 162775 162789
162805 162907 162830 162855 162880
162908 163006 162932 162956 162980
163007 163081 163025 163043 163061
163082 163136 163095 163108 163121
163137 163227 163159 163181 163203
163228 163368 163263 163298 163333
163369 163394 163375 163381 163387
163395 163418 163400 163405 163410
163419 163444 163425 163431 163437
163445 163502 163459 163473 163487
163503 163540 163512 163521 163530
163541 163583 163551 163561 163571
163584 163662 163603 163622 163641
163663 163713 163675 163687 163699
163714 163773 163728 163742 163756
163774 163808 163782 163790 163798
163809 163863 163822 163835 163848
163864 163924 163879 163894 163909
163925 163957 163933 163941 163949
163958 164033 163976 163994 164012
164034 164110 164053 164072 164091
164111 164132 164116 164121 164126
164133 164176 164143 164153 164163
164177 164204 164183 164189 164195
164205 164284 164224 164243 164262
164285 164317 164293 164301 164309
164318 164342 164324 164330 164336
164343 164441 164367 164391 164415
164442 164560 164471 164500 164529
164561 164609 164573 164585 164597
164610 164664 164623 164636 164649
164665 164697 164673 164681 164689
164698 164786 164720 164742 164764
164787 164875 164809 164831 164853
164876 164922 164887 164898 164909
164923 165003 164942 164961 165000
165004 165052 165016 165028 165040
165053 165118 165069 165085 165101
165119 165186 165135 165151 165167
165187 165240 165200 165213 165226
165241 165260 165245 165249 165253
165261 165299 165270 165279 165288
165300 165355 165313 165326 165339
165356 165405 165368 165380 165392
165406 165476 165423 165440 165457
165477 165528 165489 165501 165513
165529 165571 165539 165549 165559
165572 165620 165584 165596 165608
165621 165674 165634 165647 165660
165675 165699 165681 165687 165693
165700 165723 165705 165710 165715
165724 165759 165732 165740 165748
165760 165825 165776 165792 165808
165826 165902 165845 165864 165883
165903 165955 165916 165929 165942
165956 166020 165972 165988 166004
166021 166086 166037 166053 166069
166087 166104 166091 166095 166099
166105 166211 166131 166157 166183
166212 166244 166220 166228 166236
166245 166260 166248 166251 166254
166261 166276 166264 166267 166270
166277 166383 166303 166329 166355
166384 166445 166399 166414 166429
166446 166481 166454 166462 166470
166482 166553 166499 166516 166533
166554 166616 166569 166584 166599
166617 166674 166631 166645 166659
166675 166728 166688 166701 166714
166729 166771 166739 166749 166759
166772 166817 166783 166794 166805
166818 166863 166829 166840 166851
166864 166899 166872 166880 166888
166900 166995 166923 166946 166969
166996 167079 167016 167036 167056
167080 167113 167088 167096 167104
167114 167142 167121 167128 167135
167143 167170 167149 167155 167161
167171 167220 167183 167195 167207
167221 167238 167225 167229 167233
167239 167264 167245 167251 167257
167265 167311 167276 167287 167298
167312 167329 167316 167320 167324
167330 167368 167339 167348 167357
167369 167392 167374 167379 167384
167393 167432 167402 167411 167420
167433 167484 167445 167457 167469
167485 167509 167491 167497 167503
167510 167566 167524 167538 167552
167567 167624 167581 167595 167609
167625 167815 167672 167719 167766
167816 167895 167835 167854 167873
167896 167954 167910 167924 167938
167955 167981 167961 167967 167973
167982 168015 167990 167998 168006
168016 168049 168024 168032 168040
168050 168067 168054 168058 168062
168068 168096 168075 168082 168089
168097 168126 168104 168111 168118
168127 168161 168135 168143 168151
168162 168202 168172 168182 168192
168203 168237 168211 168219 168227
168238 168303 168254 168270 168286
168304 168414 168331 168358 168385
168415 168470 168428 168441 168454
168471 168555 168492 168513 168534
168556 168608 168569 168582 168595
168609 168771 168649 168689 168729
168772 168843 168789 168806 168823
168844 168907 168859 168874 168889
168908 168942 168916 168924 168932
168943 169024 168963 168983 169003
169025 169070 169036 169047 169058
169071 169142 169088 169105 169122
169143 169187 169154 169165 169176
169188 169223 169196 169204 169212
169224 169317 169247 169270 169293
169318 169415 169342 169366 169390
169416 169452 169425 169434 169443
169453 169489 169462 169471 169480
169490 169508 169494 169498 169502
169509 169587 169528 169547 169566
169588 169691 169613 169638 169663
169692 169731 169701 169710 169719
169732 169829 169756 169780 169804
169830 169921 169852 169874 169896
169922 169970 169934 169946 169958
169971 170030 169985 169999 170013
170031 170061 170038 170045 170052
170062 170088 170068 170074 170080
170089 170113 170095 170101 170107
170114 170140 170120 170126 170132
170141 170199 170155 170169 170183
170200 170249 170212 170224 170236
170250 170343 170273 170296 170319
170344 170490 170380 170416 170452
170491 170664 170534 170577 170620
170665 170758 170688 170711 170734
170759 170847 170781 170803 170825
170848 170962 170876 170904 170932
170963 171070 170989 171015 171041
171071 171175 171097 171123 171149
171176 171257 171196 171216 171236
171258 171324 171274 171290 171306
171325 171407 171345 171365 171385
171408 171549 171443 171478 171513
171550 171627 171569 171588 171607
171628 171916 171700 171772 171844
171917 172065 171954 171991 172028
172066 172138 172084 172102 172120
172139 172300 172179 172219 172259
172301 172374 172319 172337 172355
172375 172423 172387 172399 172411
172424 172510 172445 172466 172487
172511 172591 172531 172551 172571
172592 172671 172611 172630 172649
172672 172856 172718 172764 172810
172857 172911 172870 172883 172896
172912 172950 172921 172930 172939
172951 172994 172961 172971 172981
172995 173060 173011 173027 173043
173061 173114 173074 173087 173100
173115 173248 173148 173181 173214
173249 173307 173263 173277 173291
173308 173367 173322 173336 173350
173368 173462 173391 173414 173437
173463 173603 173498 173533 173568
173604 173767 173644 173684 173724
173768 173884 173797 173826 173855
173885 173936 173897 173909 173921
173937 174012 173955 173973 173991
174013 174123 174040 174067 174094
174124 174333 174176 174228 174280
174334 174451 174363 174392 174421
174452 174497 174463 174474 174485
174498 174585 174519 174540 174561
174586 174666 174606 174626 174646
174667 174813 174703 174739 174775
174814 174966 174852 174890 174928
174967 175495 175099 175231 175363
175496 176006 175623 175750 175877
176007 176089 176027 176047 176067
176090 176194 176116 176142 176168
176195 176256 176210 176225 176240
176257 176355 176281 176305 176329
176356 176440 176377 176398 176419
176441 176510 176458 176475 176492
176511 176543 176519 176527 176535
176544 176602 176558 176572 176586
176603 176689 176624 176645 176666
176690 176772 176710 176730 176750
176773 176856 176793 176813 176833
176857 176990 176890 176923 176956
176991 177057 177007 177023 177039
177058 177197 177092 177126 177160
177198 177230 177206 177214 177222
177231 177330 177255 177279 177303
177331 177384 177344 177357 177370
177385 177581 177434 177483 177532
177582 177721 177616 177650 177684
177722 177800 177741 177760 177779
177801 177843 177811 177821 177831
177844 177881 177853 177862 177871
177882 177938 177896 177910 177924
177939 177979 177949 177959 177969
177980 178089 178007 178034 178061
178090 178165 178108 178126 178144
178166 178219 178179 178192 178205
178220 178317 178244 178268 178292
178318 178340 178323 178328 178333
178341 178462 178371 178401 178431
178463 178577 178491 178519 178547
178578 178615 178587 178596 178605
178616 178664 178628 178640 178652
178665 178718 178678 178691 178704
178719 178746 178725 178731 178737
178747 178845 178771 178795 178819
178846 178897 178858 178870 178882
178898 178925 178904 178910 178916
178926 178944 178930 178934 178938
178945 178991 178956 178967 178978
178992 179037 179003 179014 179025
179038 179087 179050 179062 179074
179088 179150 179103 179118 179133
179151 179181 179158 179165 179172
179182 179213 179189 179196 179203
179214 179266 179227 179240 179253
179267 179296 179274 179281 179288
179297 179428 179329 179361 179393
179429 179485 179443 179457 179471
179486 179604 179515 179544 179573
179605 179720 179633 179661 179689
179721 179753 179729 179737 179745
179754 179814 179769 179784 179799
179815 179862 179826 179837 179848
179863 179985 179893 179923 179953
179986 180037 179989 179992 180027
180038 180091 180051 180064 180077
180092 180132 180102 180112 180122
180133 180154 180138 180143 180148
180155 180253 180179 180203 180227
180254 180291 180263 180272 180281
180292 180461 180334 180376 180418
180462 180587 180493 180524 180555
180588 180638 180600 180612 180624
180639 180691 180652 180665 180678
180692 180801 180719 180746 180773
180802 180842 180812 180822 180832
180843 180958 180871 180899 180927
180959 181024 180975 180991 181007
181025 181250 181081 181137 181193
181251 181364 181279 181307 181335
181365 181459 181388 181411 181434
181460 181522 181475 181490 181505
181523 181598 181541 181559 181577
181599 181734 181632 181665 181698
181735 181797 181750 181765 181780
181798 181878 181818 181838 181858
181879 181945 181895 181911 181927
181946 181980 181954 181962 181970
181981 182152 182023 182065 182107
182153 182235 182173 182193 182213
182236 182349 182264 182292 182320
182350 182463 182378 182406 182434
182464 182543 182483 182502 182521
182544 182677 182577 182610 182643
182678 182856 182722 182766 182810
182857 183023 182898 182939 182980
183024 183214 183071 183118 183165
183215 183435 183270 183325 183380
183436 183793 183525 183614 183703
183794 183845 183806 183818 183830
183846 183929 183866 183886 183906
183930 184054 183961 183992 184023
184055 184290 184113 184171 184229
184291 184568 184360 184429 184498
184569 184843 184637 184705 184773
184844 185251 184945 185046 185147
185252 185333 185272 185292 185312
185334 185482 185371 185408 185445
185483 185527 185494 185505 185516
185528 185649 185558 185588 185618
185650 185695 185661 185672 185683
185696 185891 185744 185792 185840
185892 186013 185922 185952 185982
186014 186082 186031 186048 186065
186083 186144 186098 186113 186128
186145 186193 186157 186169 186181
186194 186431 186253 186312 186371
186432 186567 186465 186498 186531
186568 186662 186591 186614 186637
186663 186736 186681 186699 186717
186737 186851 186765 186793 186821
186852 186942 186874 186896 186918
186943 186980 186952 186961 186970
186981 187052 186998 187015 187032
187053 187143 187075 187097 187119
187144 187182 187153 187162 187171
187183 187224 187193 187203 187213
187225 187264 187234 187243 187252
187265 187328 187280 187295 187310
187329 187363 187337 187345 187353
187364 187490 187395 187426 187457
187491 187683 187539 187587 187635
187684 187742 187698 187712 187726
187743 187821 187762 187781 187800
187822 187884 187837 187852 187867
187885 187972 187906 187927 187948
187973 188033 187988 188003 188018
188034 188111 188053 188072 188091
188112 188190 188131 188150 188169
188191 188320 188223 188255 188287
188321 188445 188352 188383 188414
188446 188527 188466 188486 188506
188528 188606 188547 188566 188585
188607 188682 188625 188643 188661
188683 188818 188716 188749 188782
188819 188902 188839 188859 188879
188903 189092 188950 188997 189044
189093 189325 189151 189209 189267
189326 189539 189379 189432 189485
189540 189876 189624 189708 189792
189877 189993 189906 189935 189964
189994 190039 190005 190016 190027
190040 190111 190057 190074 190091
190112 190292 190157 190202 190247
190293 190459 190334 190375 190416
190460 190635 190503 190546 190589
190636 190702 190652 190668 190684
190703 190767 190719 190735 190751
190768 190893 190799 190830 190861
190894 191014 190924 190954 190984
191015 191072 191029 191043 191057
191073 191148 191091 191109 191127
191149 191219 191166 191183 191200
191220 191338 191249 191278 191307
191339 191381 191349 191359 191369
191382 191467 191403 191424 191445
191468 191662 191516 191564 191612
191663 191831 191705 191747 191789
191832 191889 191846 191860 191874
191890 192012 191920 191950 191980
192013 192091 192032 192051 192070
192092 192131 192101 192110 192119
192132 192258 192163 192194 192225
192259 192301 192269 192279 192289
192302 192365 192317 192332 192347
192366 192503 192400 192434 192468
192504 192623 192533 192562 192591
192624 192702 192643 192662 192681
192703 192774 192720 192737 192754
192775 192838 192790 192805 192820
192839 192904 192855 192871 192887
192905 192981 192924 192943 192962
192982 193073 193004 193026 193048
193074 193232 193113 193152 193191
193233 193364 193265 193297 193329
193365 193423 193379 193393 193407
193424 193475 193436 193448 193460
193476 193580 193502 193528 193554
193581 193641 193596 193611 193626
193642 193736 193665 193688 193711
193737 193829 193760 193783 193806
193830 193896 193846 193862 193878
193897 193954 193911 193925 193939
193955 194180 194011 194067 194123
194181 194401 194236 194291 194346
194402 194533 194434 194466 194498
194534 194583 194546 194558 194570
194584 194676 194607 194630 194653
194677 194780 194702 194727 194752
194781 194839 194795 194809 194823
194840 194930 194862 194884 194906
194931 195082 194948 194965 195060
195083 195145 195098 195113 195128
195146 195213 195162 195178 195194
195214 195349 195247 195280 195313
195350 195499 195387 195424 195461
195500 195563 195515 195530 195545
195564 195664 195589 195614 195639
195665 195724 195679 195693 195707
195725 195846 195755 195785 195815
195847 195995 195884 195921 195958
195996 196120 196027 196058 196089
196121 196197 196140 196159 196178
196198 196351 196236 196274 196312
196352 196448 196376 196400 196424
196449 196536 196470 196491 196512
196537 196630 196560 196583 196606
196631 196772 196666 196701 196736
196773 196875 196798 196823 196848
196876 196956 196896 196916 196936
196957 197011 196970 196983 196996
197012 197068 197026 197040 197054
197069 197138 197086 197103 197120
197139 197170 197146 197153 197160
197171 197220 197183 197195 197207
197221 197282 197236 197251 197266
197283 197323 197293 197303 197313
197324 197358 197332 197340 197348
197359 197419 197374 197389 197404
197420 197509 197442 197464 197486
197510 197571 197525 197540 197555
197572 197608 197581 197590 197599
197609 197637 197616 197623 197630
197638 197682 197649 197660 197671
197683 197720 197692 197701 197710
197721 197766 197732 197743 197754
197767 197814 197778 197789 197800
197815 197919 197841 197867 197893
197920 197979 197934 197948 197962
197980 198157 198024 198068 198112
198158 198318 198198 198238 198278
198319 198426 198345 198371 198397
198427 198562 198460 198493 198526
198563 198645 198583 198603 198623
198646 198737 198668 198690 198712
198738 198858 198768 198798 198828
198859 198910 198871 198883 198895
198911 199004 198934 198957 198980
199005 199138 199038 199071 199104
199139 199330 199186 199233 199280
199331 199399 199348 199365 199382
199400 199474 199418 199436 199454
199475 199565 199497 199519 199541
199566 199647 199586 199606 199626
199648 199766 199677 199706 199735
199767 199829 199782 199797 199812
199830 199874 199841 199852 199863
199875 199969 199898 199921 199944
199970 200031 199985 200000 200015
200032 200221 200079 200126 200173
200222 200386 200263 200304 200345
200387 200587 200437 200487 200537
200588 200718 200620 200652 200684
200719 200794 200737 200755 200773
200795 200847 200808 200821 200834
200848 200972 200879 200910 200941
200973 201010 200982 200991 201000
201011 201265 201074 201137 201200
201266 201310 201277 201288 201299
201311 201353 201321 201331 201341
201354 201472 201383 201412 201441
201473 201592 201502 201531 201560
201593 201787 201641 201689 201737
201788 201816 201795 201802 201809
201817 201928 201844 201871 201898
201929 202132 201979 202029 202079
202133 202361 202190 202247 202304
202362 202433 202379 202396 202413
202434 202581 202470 202506 202542
202582 202652 202599 202616 202633
202653 202766 202681 202709 202737
202767 202846 202786 202805 202824
202847 202930 202867 202887 202907
202931 202985 202944 202957 202970
202986 203171 203032 203078 203124
203172 203374 203222 203272 203322
203375 203638 203440 203505 203570
203639 203738 203663 203687 203711
203739 204065 203820 203901 203982
204066 204193 204097 204128 204159
204194 204238 204205 204216 204227
204239 204417 204283 204327 204371
204418 204504 204439 204460 204481
204505 204552 204516 204527 204538
204553 205031 204672 204791 204910
205032 205137 205058 205084 205110
205138 205349 205190 205242 205294
205350 205529 205394 205438 205482
205530 205682 205568 205606 205644
205683 205774 205705 205727 205749
205775 205807 205783 205791 205799
205808 205865 205822 205836 205850
205866 205987 205896 205926 205956
205988 206129 206023 206058 206093
206130 206235 206156 206182 206208
206236 206505 206303 206370 206437
206506 206577 206523 206540 206557
206578 206653 206596 206614 206632
206654 206767 206682 206710 206738
206768 206831 206783 206798 206813
206832 206903 206849 206866 206883
206904 207001 206928 206952 206976
207002 207143 207037 207072 207107
207144 207229 207165 207186 207207
207230 207374 207266 207302 207338
207375 207528 207413 207451 207489
207529 207623 207552 207575 207598
207624 207772 207661 207698 207735
207773 207896 207803 207833 207863
207897 208023 207928 207959 207990
208024 208205 208069 208114 208159
208206 208346 208241 208276 208311
208347 208619 208415 208483 208551
208620 208694 208638 208656 208674
208695 208752 208709 208723 208737
208753 208854 208778 208803 208828
208855 208931 208874 208893 208912
208932 209056 208963 208994 209025
209057 209189 209090 209123 209156
209190 209373 209235 209280 209325
209374 209395 209379 209384 209389
209396 209430 209404 209412 209420
209431 209490 209445 209459 209473
209491 209593 209516 209541 209566
209594 209717 209624 209654 209684
209718 209756 209727 209736 209745
209757 209830 209775 209793 209811
209831 209928 209855 209879 209903
209929 210069 209946 209963 210051
210070 210236 210111 210152 210193
210237 210384 210273 210309 210345
210385 210490 210411 210437 210463
210491 210626 210524 210557 210590
210627 210710 210647 210667 210687
210711 210826 210739 210767 210795
210827 210904 210846 210865 210884
210905 210983 210924 210943 210962
210984 211040 210998 211012 211026
211041 211095 211054 211067 211080
211096 211169 211114 211132 211150
211170 211256 211191 211212 211233
211257 211346 211279 211301 211323
211347 211434 211368 211389 211410
211435 211472 211444 211453 211462
211473 211544 211490 211507 211524
211545 211669 211576 211607 211638
211670 211778 211697 211724 211751
211779 211811 211787 211795 211803
211812 211890 211831 211850 211869
211891 211915 211897 211903 211909
211916 211969 211929 211942 211955
211970 212000 211977 211984 211991
212001 212032 212008 212015 212022
212033 212072 212042 212051 212060
212073 212286 212126 212179 212232
212287 212340 212300 212313 212326
212341 212406 212357 212373 212389
212407 212472 212423 212439 212455
212473 212522 212485 212497 212509
212523 212563 212533 212543 212553
212564 212627 212579 212594 212609
212628 212701 212646 212664 212682
212702 212748 212713 212724 212735
212749 212803 212762 212775 212788
212804 212837 212812 212820 212828
212838 212949 212865 212892 212919
212950 212994 212961 212972 212983
212995 213021 213001 213007 213013
213022 213040 213026 213030 213034
213041 213087 213052 213063 213074
213088 213147 213102 213116 213130
213148 213191 213158 213168 213178
213192 213343 213229 213266 213303
213344 213379 213352 213360 213368
213380 213410 213387 213394 213401
213411 213434 213416 213421 213426
213435 213483 213447 213459 213471
213484 213521 213493 213502 213511
213522 213564 213532 213542 213552
213565 213581 213569 213573 213577
213582 213606 213588 213594 213600
213607 213637 213614 213621 213628
213638 213668 213645 213652 213659
213669 213701 213677 213685 213693
213702 213740 213711 213720 213729
213741 213808 213757 213773 213789
213809 213905 213833 213857 213881
213906 213936 213913 213920 213927
213937 214016 213956 213975 213994
214017 214035 214021 214025 214029
214036 214052 214040 214044 214048
214053 214072 214057 214061 214065
214073 214102 214080 214087 214094
214103 214162 214117 214131 214145
214163 214198 214171 214179 214187
214199 214237 214208 214217 214226
214238 214294 214252 214266 214280
214295 214386 214317 214339 214361
214387 214462 214405 214423 214441
214463 214524 214478 214493 214508
214525 214590 214541 214557 214573
214591 214622 214598 214605 214612
214623 214661 214632 214641 214650
214662 214712 214674 214686 214698
214713 214743 214720 214727 214734
214744 214771 214750 214756 214762
214772 214807 214780 214788 214796
214808 214901 214831 214854 214877
214902 214928 214908 214914 214920
214929 214947 214933 214937 214941
214948 214971 214953 214958 214963
214972 215079 214998 215024 215050
215080 215132 215093 215106 215119
215133 215168 215141 215149 215157
215169 215200 215176 215183 215190
215201 215244 215211 215221 215231
215245 215262 215249 215253 215257
215263 215296 215271 215279 215287
215297 215317 215302 215307 215312
215318 215338 215323 215328 215333
215339 215445 215365 215391 215417
215446 215491 215457 215468 215479
215492 215560 215509 215526 215543
215561 215598 215570 215579 215588
215599 215623 215605 215611 215617
215624 215699 215642 215660 215678
215700 215718 215704 215708 215712
215719 215735 215723 215727 215731
215736 215804 215753 215770 215787
215805 215866 215820 215835 215850
215867 215905 215876 215885 215894
215906 215932 215912 215918 215924
215933 215961 215940 215947 215954
215962 216020 215976 215990 216004
216021 216057 216030 216039 216048
216058 216075 216062 216066 216070
216076 216129 216089 216102 216115
216130 216199 216147 216164 216181
216200 216236 216209 216218 216227
216237 216312 216255 216273 216291
216313 216335 216318 216323 216328
216336 216460 216367 216398 216429
216461 216484 216466 216471 216476
216485 216536 216497 216509 216521
216537 216558 216542 216547 216552
216559 216592 216567 216575 216583
216593 216632 216602 216611 216620
216633 216690 216647 216661 216675
216691 216717 216697 216703 216709
216718 216740 216723 216728 216733
216741 216762 216746 216751 216756
216763 216779 216767 216771 216775
216780 216858 216799 216818 216837
216859 216905 216870 216881 216892
216906 216928 216911 216916 216921
216929 216948 216933 216937 216941
216949 216986 216958 216967 216976
216987 217041 217000 217013 217026
217042 217113 217059 217076 217093
217114 217146 217122 217130 217138
217147 217195 217159 217171 217183
217196 217213 217200 217204 217208
217214 217246 217222 217230 217238
217247 217276 217254 217261 217268
217277 217293 217281 217285 217289
217294 217310 217298 217302 217306
217311 217329 217315 217319 217323
217330 217362 217338 217346 217354
217363 217403 217373 217383 217393
217404 217457 217417 217430 217443
217458 217498 217468 217478 217488
217499 217535 217508 217517 217526
217536 217574 217545 217554 217563
217575 217593 217579 217583 217587
217594 217619 217600 217606 217612
217620 217658 217629 217638 217647
217659 217680 217664 217669 217674
217681 217709 217688 217695 217702
217710 217744 217718 217726 217734
217745 217779 217753 217761 217769
217780 217810 217787 217794 217801
217811 217874 217826 217841 217856
217875 217962 217896 217917 217938
217963 218031 217980 217997 218014
218032 218106 218050 218068 218086
218107 218188 218127 218147 218167
218189 218245 218203 218217 218231
218246 218321 218264 218282 218300
218322 218406 218343 218364 218385
218407 218465 218421 218435 218449
218466 218526 218481 218496 218511
218527 218558 218534 218541 218548
218559 218586 218565 218571 218577
218587 218640 218600 218613 218626
218641 218684 218651 218661 218671
218685 218728 218695 218705 218715
218729 218773 218740 218751 218762
218774 218979 218825 218876 218927
218980 219057 218999 219018 219037
219058 219188 219090 219122 219154
219189 219232 219199 219209 219219
219233 219322 219255 219277 219299
219323 219517 219371 219419 219467
219518 219628 219545 219572 219599
219629 219708 219648 219667 219686
219709 219773 219725 219741 219757
219774 219856 219794 219814 219834
219857 219905 219869 219881 219893
219906 220081 219949 219992 220035
220082 220113 220089 220096 220103
220114 220154 220124 220134 220144
220155 220173 220159 220163 220167
220174 220276 220199 220224 220249
220277 220360 220297 220317 220337
220361 220469 220388 220415 220442
220470 220527 220484 220498 220512
220528 220583 220541 220554 220567
220584 220740 220623 220662 220701
220741 220854 220769 220797 220825
220855 221050 220903 220951 220999
221051 221084 221059 221067 221075
221085 221152 221101 221117 221133
221153 221205 221166 221179 221192
221206 221327 221236 221266 221296
221328 221381 221341 221354 221367
221382 221400 221386 221390 221394
221401 221462 221416 221431 221446
221463 221491 221470 221477 221484
221492 221538 221503 221514 221525
221539 221574 221547 221555 221563
221575 221614 221584 221593 221602
221615 221672 221629 221643 221657
221673 221692 221677 221681 221685
221693 221717 221699 221705 221711
221718 221783 221734 221750 221766
221784 221854 221801 221818 221835
221855 221936 221875 221895 221915
221937 221992 221950 221963 221976
221993 222093 222018 222043 222068
222094 222138 222105 222116 222127
222139 222194 222152 222165 222178
222195 222274 222214 222233 222252
222275 222323 222287 222299 222311
222324 222388 222340 222356 222372
222389 222429 222399 222409 222419
222430 222483 222443 222456 222469
222484 222640 222523 222562 222601
222641 222691 222653 222665 222677
222692 222739 222703 222714 222725
222740 222806 222756 222772 222788
222807 222860 222820 222833 222846
222861 222900 222870 222879 222888
222901 222934 222909 222917 222925
222935 222993 222949 222963 222977
222994 223040 223005 223016 223027
223041 223062 223046 223051 223056
223063 223082 223067 223071 223075
223083 223133 223095 223107 223119
223134 223201 223150 223166 223182
223202 223254 223215 223228 223241
223255 223341 223276 223297 223318
223342 223362 223347 223352 223357
223363 223411 223375 223387 223399
223412 223443 223419 223426 223433
223444 223460 223448 223452 223456
223461 223504 223471 223481 223491
223505 223569 223521 223537 223553
223570 223599 223577 223584 223591
223600 223661 223615 223630 223645
223662 223723 223677 223692 223707
223724 223773 223736 223748 223760
223774 223790 223778 223782 223786
223791 223879 223813 223835 223857
223880 223949 223897 223914 223931
223950 224020 223967 223984 224001
224021 224084 224036 224051 224066
224085 224149 224101 224117 224133
224150 224287 224184 224218 224252
224288 224338 224300 224312 224324
224339 224369 224346 224353 224360
224370 224411 224380 224390 224400
224412 224477 224428 224444 224460
224478 224591 224506 224534 224562
224592 224643 224604 224616 224628
224644 224731 224665 224686 224707
224732 224892 224772 224812 224852
224893 224944 224905 224917 224929
224945 225102 224958 224971 225075
225103 225173 225120 225137 225154
225174 225259 225195 225216 225237
225260 225423 225300 225340 225380
225424 225523 225448 225472 225496
225524 225564 225534 225544 225554
225565 225619 225578 225591 225604
225620 225700 225640 225660 225680
225701 225766 225717 225733 225749
225767 225806 225776 225785 225794
225807 225837 225814 225821 225828
225838 225891 225851 225864 225877
225892 225920 225899 225906 225913
225921 225975 225934 225947 225960
225976 226004 225983 225990 225997
226005 226054 226017 226029 226041
226055 226098 226065 226075 226085
226099 226122 226104 226109 226114
226123 226155 226131 226139 226147
226156 226201 226167 226178 226189
226202 226228 226208 226214 226220
226229 226264 226237 226245 226253
226265 226292 226271 226277 226283
226293 226347 226306 226319 226332
226348 226422 226366 226384 226402
226423 226559 226457 226491 226525
226560 226586 226566 226572 226578
226587 226659 226605 226623 226641
226660 226742 226680 226700 226720
226743 226767 226749 226755 226761
226768 226813 226779 226790 226801
226814 226930 226843 226872 226901
226931 226947 226935 226939 226943
226948 227001 226961 226974 226987
227002 227055 227015 227028 227041
227056 227146 227078 227100 227122
227147 227176 227154 227161 227168
227177 227262 227198 227219 227240
227263 227285 227268 227273 227278
227286 227328 227296 227306 227316
227329 227384 227342 227355 227368
227385 227419 227393 227401 227409
227420 227445 227426 227432 227438
227446 227467 227451 227456 227461
227468 227545 227487 227506 227525
227546 227577 227553 227560 227567
227578 227594 227582 227586 227590
227595 227667 227613 227631 227649
227668 227717 227680 227692 227704
227718 227770 227731 227744 227757
227771 227839 227788 227805 227822
227840 227928 227862 227884 227906
227929 227995 227945 227961 227977
227996 228018 228001 228006 228011
228019 228045 228025 228031 228037
228046 228101 228059 228072 228085
228102 228175 228120 228138 228156
228176 228217 228186 228196 228206
228218 228277 228232 228246 228260
228278 228324 228289 228300 228311
228325 228356 228332 228339 228346
228357 228384 228363 228369 228375
228385 228407 228390 228395 228400
228408 228446 228417 228426 228435
228447 228474 228453 228459 228465
228475 228506 228482 228489 228496
228507 228529 228512 228517 228522
228530 228569 228539 228548 228557
228570 228593 228575 228580 228585
228594 228657 228609 228624 228639
228658 228722 228674 228690 228706
228723 228741 228727 228731 228735
228742 228777 228750 228758 228766
228778 228890 228806 228834 228862
228891 228943 228904 228917 228930
228944 228964 228949 228954 228959
228965 228989 228971 228977 228983
228990 229018 228997 229004 229011
229019 229040 229024 229029 229034
229041 229057 229045 229049 229053
229058 229106 229070 229082 229094
229107 229154 229118 229129 229140
229155 229186 229162 229169 229176
229187 229245 229201 229215 229229
229246 229288 229256 229266 229276
229289 229309 229294 229299 229304
229310 229327 229314 229318 229322
229328 229376 229340 229352 229364
229377 229454 229396 229415 229434
229455 229507 229468 229481 229494
229508 229559 229520 229532 229544
229560 229594 229568 229576 229584
229595 229616 229600 229605 229610
229617 229634 229621 229625 229629
229635 229685 229647 229659 229671
229686 229769 229706 229726 229746
229770 229799 229777 229784 229791
229800 229873 229818 229836 229854
229874 229898 229880 229886 229892
229899 230048 229936 229973 230010
230049 230131 230069 230089 230109
230132 230218 230153 230174 230195
230219 230255 230228 230237 230246
230256 230306 230268 230280 230292
230307 230330 230312 230317 230322
230331 230361 230338 230345 230352
230362 230390 230369 230376 230383
230391 230494 230416 230441 230466
230495 230564 230512 230529 230546
230565 230678 230593 230621 230649
230679 230747 230696 230713 230730
230748 230797 230760 230772 230784
230798 230841 230808 230818 230828
230842 230875 230850 230858 230866
230876 230909 230884 230892 230900
230910 230931 230915 230920 230925
230932 231011 230951 230970 230989
231012 231029 231016 231020 231024
231030 231047 231034 231038 231042
231048 231088 231058 231068 231078
231089 231150 231104 231119 231134
231151 231236 231172 231193 231214
231237 231269 231245 231253 231261
231270 231287 231274 231278 231282
231288 231330 231298 231308 231318
231331 231354 231336 231341 231346
231355 231380 231361 231367 231373
231381 231449 231398 231415 231432
231450 231471 231455 231460 231465
231472 231532 231487 231502 231517
231533 231558 231539 231545 231551
231559 231589 231566 231573 231580
231590 231671 231610 231630 231650
231672 231704 231680 231688 231696
231705 231733 231712 231719 231726
231734 231760 231740 231746 231752
231761 231809 231773 231785 231797
231810 231828 231814 231818 231822
231829 231857 231836 231843 231850
231858 231879 231863 231868 231873
231880 231911 231887 231894 231901
231912 231963 231924 231936 231948
231964 231985 231969 231974 231979
231986 232021 231994 232002 232010
232022 232110 232044 232066 232088
232111 232130 232115 232119 232123
232131 232208 232150 232169 232188
232209 232291 232229 232249 232269
232292 232340 232304 232316 232328
232341 232372 232348 232355 232362
232373 232425 232386 232399 232412
232426 232473 232437 232448 232459
232474 232493 232478 232482 232486
232494 232529 232502 232510 232518
232530 232573 232540 232550 232560
232574 232614 232584 232594 232604
232615 232704 232637 232659 232681
232705 232770 232721 232737 232753
232771 232795 232777 232783 232789
232796 232820 232802 232808 232814
232821 232918 232845 232869 232893
232919 232962 232929 232939 232949
232963 232984 232968 232973 232978
232985 233029 232996 233007 233018
233030 233055 233036 233042 233048
233056 233096 233066 233076 233086
233097 233134 233106 233115 233124
233135 233196 233150 233165 233180
233197 233261 233213 233229 233245
233262 233284 233267 233272 233277
233285 233313 233292 233299 233306
233314 233337 233319 233324 233329
233338 233387 233350 233362 233374
233388 233422 233396 233404 233412
233423 233463 233433 233443 233453
233464 233539 233482 233500 233518
233540 233562 233545 233550 233555
233563 233603 233573 233583 233593
233604 233643 233613 233622 233631
233644 233680 233653 233662 233671
233681 233712 233688 233695 233702
233713 233762 233725 233737 233749
233763 233786 233768 233773 233778
233787 233817 233794 233801 233808
233818 233849 233825 233832 233839
233850 233872 233855 233860 233865
233873 233893 233878 233883 233888
233894 233930 233903 233912 233921
233931 233993 233946 233961 233976
233994 234078 234015 234036 234057
234079 234131 234092 234105 234118
234132 234214 234152 234172 234192
234215 234236 234220 234225 234230
234237 234273 234246 234255 234264
234274 234299 234280 234286 234292
234300 234404 234326 234352 234378
234405 234484 234424 234443 234462
234485 234551 234501 234517 234533
234552 234620 234569 234586 234603
234621 234693 234639 234657 234675
234694 234860 234735 234776 234817
234861 234920 234875 234889 234903
234921 234947 234927 234933 234939
234948 235028 234968 234988 235008
235029 235061 235037 235045 235053
235062 235097 235070 235078 235086
235098 235125 235104 235110 235116
235126 235204 235145 235164 235183
235205 235226 235210 235215 235220
235227 235296 235244 235261 235278
235297 235346 235309 235321 235333
235347 235412 235363 235379 235395
235413 235445 235421 235429 235437
235446 235525 235465 235484 235503
235526 235570 235537 235548 235559
235571 235674 235596 235621 235646
235675 235726 235687 235699 235711
235727 235777 235739 235751 235763
235778 235834 235792 235806 235820
235835 235903 235852 235869 235886
235904 235946 235914 235924 235934
235947 236018 235964 235981 235998
236019 236092 236037 236055 236073
236093 236167 236111 236129 236147
236168 236201 236176 236184 236192
236202 236246 236213 236224 236235
236247 236284 236256 236265 236274
236285 236327 236295 236305 236315
236328 236378 236340 236352 236364
236379 236423 236390 236401 236412
236424 236539 236452 236480 236508
236540 236558 236544 236548 236552
236559 236599 236569 236579 236589
236600 236663 236615 236630 236645
236664 236778 236692 236720 236748
236779 236861 236799 236819 236839
236862 236938 236881 236900 236919
236939 236988 236951 236963 236975
236989 237029 236999 237009 237019
237030 237066 237039 237048 237057
237067 237124 237081 237095 237109
237125 237182 237139 237153 237167
237183 237262 237202 237221 237240
237263 237314 237275 237287 237299
237315 237380 237331 237347 237363
237381 237411 237388 237395 237402
237412 237469 237426 237440 237454
237470 237527 237484 237498 237512
237528 237554 237534 237540 237546
237555 237597 237565 237575 237585
237598 237627 237605 237612 237619
237628 237684 237642 237656 237670
237685 237741 237699 237713 237727
237742 237772 237749 237756 237763
237773 237800 237779 237785 237791
237801 237897 237825 237849 237873
237898 237933 237906 237914 237922
237934 237955 237939 237944 237949
237956 237976 237961 237966 237971
237977 237994 237981 237985 237989
237995 238064 238012 238029 238046
238065 238158 238088 238111 238134
238159 238213 238172 238185 238198
238214 238242 238221 238228 238235
238243 238347 238269 238295 238321
238348 238410 238363 238378 238393
238411 238444 238419 238427 238435
238445 238472 238451 238457 238463
238473 238605 238506 238539 238572
238606 238650 238617 238628 238639
238651 238720 238668 238685 238702
238721 238780 238735 238749 238763
238781 238826 238792 238803 238814
238827 238973 238863 238899 238935
238974 239098 239005 239036 239067
239099 239175 239118 239137 239156
239176 239350 239219 239262 239305
239351 239539 239398 239445 239492
239540 239593 239553 239566 239579
239594 239689 239617 239640 239663
239690 239963 239758 239826 239894
239964 240065 239972 239980 240048
240066 240107 240076 240086 240096
240108 240171 240123 240138 240153
240172 240327 240210 240248 240286
240328 240421 240351 240374 240397
240422 240486 240438 240454 240470
240487 240551 240503 240519 240535
240552 240617 240568 240584 240600
240618 240723 240644 240670 240696
240724 240809 240745 240766 240787
240810 240933 240840 240870 240900
240934 240974 240944 240954 240964
240975 241038 240990 241005 241020
241039 241116 241058 241077 241096
241117 241276 241156 241195 241234
241277 241331 241290 241303 241316
241332 241429 241356 241380 241404
241430 241533 241455 241480 241505
241534 241696 241574 241614 241654
241697 241895 241746 241795 241844
241896 241970 241914 241932 241950
241971 242056 241992 242013 242034
242057 242157 242082 242107 242132
242158 242289 242190 242222 242254
242290 242391 242315 242340 242365
242392 243284 242615 242838 243061
243285 243398 243313 243341 243369
243399 243495 243423 243447 243471
243496 243589 243519 243542 243565
243590 244048 243704 243818 243932
244049 244495 244160 244271 244382
244496 244872 244590 244684 244778
244873 245114 244933 244993 245053
245115 245816 245290 245465 245640
245817 246224 245918 246019 246120
246225 247051 246431 246637 246843
247052 247207 247090 247128 247166
247208 247655 247319 247430 247541
247656 248094 247765 247874 247983
248095 248538 248205 248315 248425
248539 256290 250154 251769 255966
