0 70 17 34 51
71 451 166 261 356
452 567 480 508 536
568 633 584 600 616
634 852 688 742 796
853 995 888 923 958
996 1045 1008 1020 1032
1046 1186 1081 1116 1151
1187 1291 1213 1239 1265
1292 1349 1306 1320 1334
1350 1370 1355 1360 1365
1371 1397 1377 1383 1389
1398 1456 1412 1426 1440
1457 1484 1463 1469 1475
1485 1509 1491 1497 1503
1510 1531 1515 1520 1525
1532 1567 1540 1548 1556
1568 1584 1572 1576 1580
1585 1604 1589 1593 1597
1605 1621 1609 1613 1617
1622 1723 1647 1672 1697
1724 1794 1741 1758 1775
1795 1865 1812 1829 1846
1866 2002 1900 1934 1968
2003 2070 2019 2035 2051
2071 2089 2075 2079 2083
2090 2119 2097 2104 2111
2120 2175 2133 2146 2159
2176 2198 2181 2186 2191
2199 2220 2204 2209 2214
2221 2256 2229 2237 2245
2257 2280 2262 2267 2272
2281 2314 2289 2297 2305
2315 2333 2319 2323 2327
2334 2373 2343 2352 2361
2374 2392 2378 2382 2386
2393 2570 2437 2481 2525
2571 2622 2583 2595 2607
2623 2948 2704 2785 2866
2949 2990 2959 2969 2979
2991 3030 3000 3009 3018
3031 3100 3048 3065 3082
3101 3174 3119 3137 3155
3175 3245 3192 3209 3226
3246 3373 3277 3308 3339
3374 3424 3386 3398 3410
3425 3452 3431 3437 3443
3453 3497 3464 3475 3486
3498 3543 3509 3520 3531
3544 3693 3581 3618 3655
3694 3711 3698 3702 3706
3712 3738 3718 3724 3730
3739 3836 3763 3787 3811
3837 4052 3890 3943 3996
4053 4257 4104 4155 4206
4258 4275 4262 4266 4270
4276 4296 4281 4286 4291
4297 4314 4301 4305 4309
4315 4340 4321 4327 4333
4341 4374 4349 4357 4365
4375 4429 4388 4401 4414
4430 4467 4439 4448 4457
4468 4506 4477 4486 4495
4507 4524 4511 4515 4519
4525 4564 4534 4543 4552
4565 4589 4571 4577 4583
4590 4608 4594 4598 4602
4609 4626 4613 4617 4621
4627 4697 4644 4661 4678
4698 4792 4721 4744 4767
4793 4849 4807 4821 4835
4850 4880 4857 4864 4871
4881 4903 4886 4891 4896
4904 4946 4914 4924 4934
4947 4974 4953 4959 4965
4975 5007 4983 4991 4999
5008 5049 5018 5028 5038
5050 5066 5054 5058 5062
5067 5126 5081 5095 5109
5127 5145 5131 5135 5139
5146 5181 5154 5162 5170
5182 5204 5187 5192 5197
5205 5226 5210 5215 5220
5227 5271 5238 5249 5260
5272 5312 5282 5292 5302
5313 5353 5323 5333 5343
5354 5396 5364 5374 5384
5397 5413 5401 5405 5409
5414 5490 5433 5452 5471
5491 5509 5495 5499 5503
5510 5550 5520 5530 5540
5551 5573 5556 5561 5566
5574 5663 5596 5618 5640
5664 5728 5680 5696 5712
5729 5762 5737 5745 5753
5763 5837 5781 5799 5817
5838 5907 5855 5872 5889
5908 6003 5931 5954 5977
6004 6037 6012 6020 6028
6038 6136 6062 6086 6110
6137 6297 6177 6217 6257
6298 6315 6302 6306 6310
6316 6359 6326 6336 6346
6360 6391 6367 6374 6381
6392 6408 6396 6400 6404
6409 6431 6414 6419 6424
6432 6508 6451 6470 6489
6509 6527 6513 6517 6521
6528 6547 6532 6536 6540
6548 6565 6552 6556 6560
6566 6584 6570 6574 6578
6585 6610 6591 6597 6603
6611 6632 6616 6621 6626
6633 6660 6639 6645 6651
6661 6702 6671 6681 6691
6703 6719 6707 6711 6715
6720 6746 6726 6732 6738
6747 6820 6765 6783 6801
6821 6842 6826 6831 6836
6843 6933 6865 6887 6909
6934 6958 6940 6946 6952
6959 6981 6964 6969 6974
6982 7007 6988 6994 7000
7008 7052 7019 7030 7041
7053 7084 7060 7067 7074
7085 7178 7108 7131 7154
7179 7205 7185 7191 7197
7206 7243 7215 7224 7233
7244 7269 7250 7256 7262
7270 7287 7274 7278 7282
7288 7325 7297 7306 7315
7326 7350 7332 7338 7344
7351 7373 7356 7361 7366
7374 7392 7378 7382 7386
7393 7468 7411 7429 7447
7469 7555 7490 7511 7532
7556 7584 7563 7570 7577
7585 7667 7605 7625 7645
7668 7695 7674 7680 7686
7696 7729 7704 7712 7720
7730 7755 7736 7742 7748
7756 7781 7762 7768 7774
7782 7801 7786 7790 7794
7802 7836 7810 7818 7826
7837 7856 7841 7845 7849
7857 7873 7861 7865 7869
7874 7909 7882 7890 7898
7910 7953 7920 7930 7940
7954 7995 7964 7974 7984
7996 8018 8001 8006 8011
8019 8053 8027 8035 8043
8054 8084 8061 8068 8075
8085 8132 8096 8107 8118
8133 8196 8148 8163 8178
8197 8294 8221 8245 8269
8295 8372 8314 8333 8352
8373 8408 8381 8389 8397
8409 8497 8431 8453 8475
8498 8605 8524 8550 8576
8606 8658 8619 8632 8645
8659 8717 8673 8687 8701
8718 8834 8747 8776 8805
8835 8869 8843 8851 8859
8870 8924 8883 8896 8909
8925 8963 8934 8943 8952
8964 9007 8974 8984 8994
9008 9049 9018 9028 9038
9050 9084 9058 9066 9074
9085 9153 9102 9119 9136
9154 9194 9164 9174 9184
9195 9294 9219 9243 9267
9295 9341 9306 9317 9328
9342 9399 9356 9370 9384
9400 9451 9412 9424 9436
9452 9548 9476 9500 9524
9549 9599 9561 9573 9585
9600 9663 9615 9630 9645
9664 9798 9697 9730 9763
9799 9910 9826 9853 9880
9911 10051 9946 9981 10016
10052 10094 10062 10072 10082
10095 10201 10121 10147 10173
10202 10222 10207 10212 10217
10223 10348 10254 10285 10316
10349 10381 10357 10365 10373
10382 10445 10397 10412 10427
10446 10542 10470 10494 10518
10543 10566 10548 10553 10558
10567 10611 10578 10589 10600
10612 10698 10633 10654 10675
10699 10743 10710 10721 10732
10744 10790 10755 10766 10777
10791 10869 10810 10829 10848
10870 10917 10881 10892 10903
10918 11004 10939 10960 10981
11005 11048 11015 11025 11035
11049 11129 11069 11089 11109
11130 11211 11150 11170 11190
11212 11365 11250 11288 11326
11366 11423 11380 11394 11408
11424 11448 11430 11436 11442
11449 11664 11502 11555 11608
11665 11745 11685 11705 11725
11746 11800 11759 11772 11785
11801 11837 11810 11819 11828
11838 11962 11869 11900 11931
11963 12005 11973 11983 11993
12006 12085 12025 12044 12063
12086 12132 12097 12108 12119
12133 12160 12139 12145 12151
12161 12189 12168 12175 12182
12190 12223 12198 12206 12214
12224 12290 12240 12256 12272
12291 12424 12324 12357 12390
12425 12503 12444 12463 12482
12504 12526 12509 12514 12519
12527 12544 12531 12535 12539
12545 12602 12559 12573 12587
12603 12636 12611 12619 12627
12637 12667 12644 12651 12658
12668 12724 12682 12696 12710
12725 12887 12765 12805 12845
12888 12930 12898 12908 12918
12931 12953 12936 12941 12946
12954 13037 12974 12994 13014
13038 13107 13055 13072 13089
13108 13174 13124 13140 13156
13175 13205 13182 13189 13196
13206 13327 13236 13266 13296
13328 13434 13354 13380 13406
13435 13454 13439 13443 13447
13455 13494 13464 13473 13482
13495 13873 13589 13683 13777
13874 13905 13881 13888 13895
13906 13987 13926 13946 13966
13988 14031 13998 14008 14018
14032 14211 14076 14120 14164
14212 14334 14242 14272 14302
14335 14367 14343 14351 14359
14368 14623 14431 14494 14557
14624 14683 14638 14652 14666
14684 14810 14715 14746 14777
14811 14958 14847 14883 14919
14959 15184 14969 14979 15138
15185 15371 15231 15277 15323
15372 15521 15409 15446 15483
15522 15556 15530 15538 15546
15557 15627 15574 15591 15608
15628 15694 15644 15660 15676
15695 15747 15708 15721 15734
15748 15913 15789 15830 15871
15914 16307 16012 16110 16208
16308 16483 16351 16394 16437
16484 16515 16491 16498 16505
16516 16648 16549 16582 16615
16649 16923 16717 16785 16853
16924 17061 16958 16992 17026
17062 17098 17071 17080 17089
17099 17139 17109 17119 17129
17140 17182 17150 17160 17170
17183 17285 17208 17233 17258
17286 17348 17301 17316 17331
17349 17441 17372 17395 17418
17442 17505 17457 17472 17487
17506 17534 17513 17520 17527
17535 17562 17541 17547 17553
17563 17634 17580 17597 17614
17635 17691 17649 17663 17677
17692 17735 17702 17712 17722
17736 17856 17766 17796 17826
17857 17907 17869 17881 17893
17908 17933 17914 17920 17926
17934 18010 17953 17972 17991
18011 18046 18019 18027 18035
18047 18090 18057 18067 18077
18091 18116 18097 18103 18109
18117 18173 18131 18145 18159
18174 18233 18188 18202 18216
18234 18343 18261 18288 18315
18344 18392 18356 18368 18380
18393 18569 18437 18481 18525
18570 18596 18576 18582 18588
18597 18620 18602 18607 18612
18621 18647 18627 18633 18639
18648 18695 18659 18670 18681
18696 18725 18703 18710 18717
18726 18759 18734 18742 18750
18760 18879 18789 18818 18847
18880 18977 18904 18928 18952
18978 19015 18987 18996 19005
19016 19054 19025 19034 19043
19055 19114 19069 19083 19097
19115 19176 19130 19145 19160
19177 19232 19190 19203 19216
19233 19284 19245 19257 19269
19285 19319 19293 19301 19309
19320 19394 19338 19356 19374
19395 19460 19411 19427 19443
19461 19501 19471 19481 19491
19502 19541 19511 19520 19529
19542 19557 19545 19548 19551
19558 19604 19569 19580 19591
19605 19708 19630 19655 19680
19709 19744 19717 19725 19733
19745 19772 19751 19757 19763
19773 19806 19781 19789 19797
19807 19837 19814 19821 19828
19838 20080 19898 19958 20018
20081 20157 20100 20119 20138
20158 20214 20172 20186 20200
20215 20304 20237 20259 20281
20305 20379 20323 20341 20359
20380 20472 20403 20426 20449
20473 20578 20499 20525 20551
20579 20634 20592 20605 20618
20635 20725 20657 20679 20701
20726 20784 20740 20754 20768
20785 20827 20795 20805 20815
20828 20892 20844 20860 20876
20893 20981 20915 20937 20959
20982 21029 20993 21004 21015
21030 21076 21041 21052 21063
21077 21122 21088 21099 21110
21123 21145 21128 21133 21138
21146 21177 21153 21160 21167
21178 21236 21192 21206 21220
21237 21300 21252 21267 21282
21301 21322 21306 21311 21316
21323 21350 21329 21335 21341
21351 21404 21364 21377 21390
21405 21470 21421 21437 21453
21471 21491 21476 21481 21486
21492 21540 21504 21516 21528
21541 21559 21545 21549 21553
21560 21590 21567 21574 21581
21591 21619 21598 21605 21612
21620 21646 21626 21632 21638
21647 21668 21652 21657 21662
21669 21697 21676 21683 21690
21698 21746 21710 21722 21734
21747 21807 21762 21777 21792
21808 21828 21813 21818 21823
21829 21866 21838 21847 21856
21867 21907 21877 21887 21897
21908 21925 21912 21916 21920
21926 21942 21930 21934 21938
21943 21959 21947 21951 21955
21960 22016 21974 21988 22002
22017 22051 22025 22033 22041
22052 22114 22067 22082 22097
22115 22227 22143 22171 22199
22228 22266 22237 22246 22255
22267 22379 22295 22323 22351
22380 22550 22422 22464 22506
22551 22642 22573 22595 22617
22643 23074 22750 22857 22964
23075 23184 23102 23129 23156
23185 23292 23211 23237 23263
23293 23378 23314 23335 23356
23379 23438 23393 23407 23421
23439 23472 23447 23455 23463
23473 23526 23486 23499 23512
23527 23600 23545 23563 23581
23601 23663 23616 23631 23646
23664 23752 23686 23708 23730
23753 23824 23770 23787 23804
23825 23906 23845 23865 23885
23907 23946 23916 23925 23934
23947 24064 23976 24005 24034
24065 24121 24079 24093 24107
24122 24171 24134 24146 24158
24172 24224 24185 24198 24211
24225 24344 24254 24283 24312
24345 24374 24352 24359 24366
24375 24446 24392 24409 24426
24447 24523 24466 24485 24504
24524 24612 24546 24568 24590
24613 24710 24637 24661 24685
24711 24804 24734 24757 24780
24805 24869 24821 24837 24853
24870 24927 24884 24898 24912
24928 24997 24945 24962 24979
24998 25090 25021 25044 25067
25091 25185 25114 25137 25160
25186 25259 25204 25222 25240
25260 25411 25297 25334 25371
25412 25487 25430 25448 25466
25488 25558 25505 25522 25539
25559 25594 25567 25575 25583
25595 25652 25609 25623 25637
25653 25730 25672 25691 25710
25731 25844 25759 25787 25815
25845 25878 25853 25861 25869
25879 25913 25887 25895 25903
25914 25951 25923 25932 25941
25952 26009 25966 25980 25994
26010 26065 26023 26036 26049
26066 26109 26076 26086 26096
26110 26143 26118 26126 26134
26144 26290 26180 26216 26252
26291 26350 26305 26319 26333
26351 26417 26367 26383 26399
26418 26457 26427 26436 26445
26458 26563 26484 26510 26536
26564 26609 26575 26586 26597
26610 26733 26640 26670 26700
26734 26796 26749 26764 26779
26797 26834 26806 26815 26824
26835 26870 26843 26851 26859
26871 26923 26884 26897 26910
26924 26973 26936 26948 26960
26974 27068 26997 27020 27043
27069 27398 27151 27233 27315
27399 27496 27423 27447 27471
27497 27539 27507 27517 27527
27540 27599 27554 27568 27582
27600 27715 27628 27656 27684
27716 27758 27726 27736 27746
27759 27791 27767 27775 27783
27792 27824 27800 27808 27816
27825 27862 27834 27843 27852
27863 27918 27876 27889 27902
27919 27946 27925 27931 27937
27947 28004 27961 27975 27989
28005 28032 28011 28017 28023
28033 28053 28038 28043 28048
28054 28106 28067 28080 28093
28107 28128 28112 28117 28122
28129 28168 28138 28147 28156
28169 28204 28177 28185 28193
28205 28241 28214 28223 28232
28242 28297 28255 28268 28281
28298 28366 28315 28332 28349
28367 28389 28372 28377 28382
28390 28416 28396 28402 28408
28417 28464 28428 28439 28450
28465 28485 28470 28475 28480
28486 28550 28502 28518 28534
28551 28611 28566 28581 28596
28612 28655 28622 28632 28642
28656 28702 28667 28678 28689
28703 28758 28716 28729 28742
28759 28830 28776 28793 28810
28831 28868 28840 28849 28858
28869 28907 28878 28887 28896
28908 28944 28917 28926 28935
28945 29016 28962 28979 28996
29017 29048 29024 29031 29038
29049 29078 29056 29063 29070
29079 29242 29119 29159 29199
29243 29296 29256 29269 29282
29297 29333 29306 29315 29324
29334 29375 29344 29354 29364
29376 29421 29387 29398 29409
29422 29520 29446 29470 29494
29521 29627 29547 29573 29599
29628 29818 29675 29722 29769
29819 29865 29830 29841 29852
29866 29943 29885 29904 29923
29944 30001 29957 29970 30000
30002 30049 30013 30024 30035
30050 30115 30066 30082 30098
30116 30153 30125 30134 30143
30154 30188 30162 30170 30178
30189 30223 30197 30205 30213
30224 30261 30233 30242 30251
30262 30326 30278 30294 30310
30327 30357 30334 30341 30348
30358 30392 30366 30374 30382
30393 30479 30414 30435 30456
30480 30748 30547 30614 30681
30749 30787 30758 30767 30776
30788 30977 30835 30882 30929
30978 30996 30982 30986 30990
30997 31030 31005 31013 31021
31031 31076 31042 31053 31064
31077 31122 31088 31099 31110
31123 31183 31138 31153 31168
31184 31222 31193 31202 31211
31223 31258 31231 31239 31247
31259 31357 31283 31307 31331
31358 31436 31377 31396 31415
31437 31504 31453 31469 31485
31505 31552 31516 31527 31538
31553 31685 31586 31619 31652
31686 31766 31706 31726 31746
31767 31808 31777 31787 31797
31809 31936 31840 31871 31902
31937 31973 31946 31955 31964
31974 32027 31987 32000 32013
32028 32074 32039 32050 32061
32075 32216 32110 32145 32180
32217 32430 32270 32323 32376
32431 32517 32452 32473 32494
32518 32651 32551 32584 32617
32652 32683 32659 32666 32673
32684 32917 32742 32800 32858
32918 33000 32938 32958 32978
33001 33068 33017 33033 33049
33069 33185 33098 33127 33156
33186 33305 33215 33244 33273
33306 33356 33318 33330 33342
33357 33896 33491 33625 33759
33897 34027 33929 33961 33993
34028 34097 34045 34062 34079
34098 34268 34140 34182 34224
34269 34559 34341 34413 34485
34560 34897 34644 34728 34812
34898 34952 34911 34924 34937
34953 35028 34971 34989 35007
35029 35109 35049 35069 35089
35110 35153 35120 35130 35140
35154 35378 35210 35266 35322
35379 35623 35440 35501 35562
35624 35829 35675 35726 35777
35830 36009 35874 35918 35962
36010 36145 36043 36076 36109
36146 36471 36227 36308 36389
36472 36665 36520 36568 36616
36666 36778 36694 36722 36750
36779 36796 36783 36787 36791
36797 36839 36807 36817 36827
36840 36892 36853 36866 36879
36893 36917 36899 36905 36911
36918 37024 36944 36970 36996
37025 37091 37041 37057 37073
37092 37116 37098 37104 37110
37117 37162 37128 37139 37150
37163 37220 37177 37191 37205
37221 37246 37227 37233 37239
37247 37324 37266 37285 37304
37325 37380 37338 37351 37364
37381 37472 37403 37425 37447
37473 37540 37489 37505 37521
37541 37610 37558 37575 37592
37611 37631 37616 37621 37626
37632 37774 37667 37702 37737
37775 37834 37789 37803 37817
37835 37961 37866 37897 37928
37962 38003 37972 37982 37992
38004 38058 38017 38030 38043
38059 38283 38115 38171 38227
38284 38315 38291 38298 38305
38316 38356 38326 38336 38346
38357 38385 38364 38371 38378
38386 38430 38397 38408 38419
38431 38456 38437 38443 38449
38457 38632 38500 38543 38586
38633 38749 38662 38691 38720
38750 38787 38759 38768 38777
38788 38853 38804 38820 38836
38854 38933 38873 38892 38911
38934 38980 38945 38956 38967
38981 39010 38988 38995 39002
39011 39031 39016 39021 39026
39032 39049 39036 39040 39044
39050 39072 39055 39060 39065
39073 39149 39092 39111 39130
39150 39186 39159 39168 39177
39187 39216 39194 39201 39208
39217 39245 39224 39231 39238
39246 39267 39251 39256 39261
39268 39289 39273 39278 39283
39290 39387 39314 39338 39362
39388 39426 39397 39406 39415
39427 39490 39442 39457 39472
39491 39567 39510 39529 39548
39568 39636 39585 39602 39619
39637 39785 39674 39711 39748
39786 40154 39878 39970 40062
40155 40220 40171 40187 40203
40221 40269 40233 40245 40257
40270 40335 40286 40302 40318
40336 40399 40351 40366 40381
40400 40445 40411 40422 40433
40446 40565 40475 40504 40533
40566 40612 40577 40588 40599
40613 40661 40625 40637 40649
40662 40712 40674 40686 40698
40713 40859 40749 40785 40821
40860 40877 40864 40868 40872
40878 40972 40901 40924 40947
40973 41064 40995 41017 41039
41065 41111 41076 41087 41098
41112 41153 41122 41132 41142
41154 41232 41173 41192 41211
41233 41318 41254 41275 41296
41319 41368 41331 41343 41355
41369 41407 41378 41387 41396
41408 41481 41426 41444 41462
41482 41500 41486 41490 41494
41501 41544 41511 41521 41531
41545 41584 41554 41563 41572
41585 41613 41592 41599 41606
41614 41643 41621 41628 41635
41644 41672 41651 41658 41665
41673 41725 41686 41699 41712
41726 41755 41733 41740 41747
41756 41917 41796 41836 41876
41918 42088 41960 42002 42044
42089 42115 42095 42101 42107
42116 42188 42134 42152 42170
42189 42248 42203 42217 42231
42249 42270 42254 42259 42264
42271 42306 42279 42287 42295
42307 42366 42321 42335 42349
42367 42441 42385 42403 42421
42442 42537 42465 42488 42511
42538 42581 42548 42558 42568
42582 42619 42591 42600 42609
42620 42687 42636 42652 42668
42688 42730 42698 42708 42718
42731 42769 42740 42749 42758
42770 42866 42794 42818 42842
42867 42902 42875 42883 42891
42903 42967 42919 42935 42951
42968 42994 42974 42980 42986
42995 43108 43023 43051 43079
43109 43139 43116 43123 43130
43140 43289 43177 43214 43251
43290 43354 43306 43322 43338
43355 43412 43369 43383 43397
43413 43437 43419 43425 43431
43438 43478 43448 43458 43468
43479 43579 43504 43529 43554
43580 43627 43591 43602 43613
43628 43698 43645 43662 43679
43699 43797 43723 43747 43771
43798 43830 43806 43814 43822
43831 43855 43837 43843 43849
43856 43882 43862 43868 43874
43883 43933 43895 43907 43919
43934 44026 43957 43980 44003
44027 44051 44033 44039 44045
44052 44098 44063 44074 44085
44099 44135 44108 44117 44126
44136 44209 44154 44172 44190
44210 44311 44235 44260 44285
44312 44393 44332 44352 44372
44394 44444 44406 44418 44430
44445 44479 44453 44461 44469
44480 44523 44490 44500 44510
44524 44573 44536 44548 44560
44574 44654 44594 44614 44634
44655 44779 44686 44717 44748
44780 44838 44794 44808 44822
44839 44910 44856 44873 44890
44911 44961 44923 44935 44947
44962 45052 44971 44980 45039
45053 45131 45072 45091 45110
45132 45228 45156 45180 45204
45229 45268 45238 45247 45256
45269 45313 45280 45291 45302
45314 45371 45328 45342 45356
45372 45416 45383 45394 45405
45417 45443 45423 45429 45435
45444 45477 45452 45460 45468
45478 45533 45491 45504 45517
45534 45561 45540 45546 45552
45562 45600 45571 45580 45589
45601 45638 45610 45619 45628
45639 45671 45647 45655 45663
45672 45713 45682 45692 45702
45714 45746 45722 45730 45738
45747 45809 45762 45777 45792
45810 45848 45819 45828 45837
45849 45965 45878 45907 45936
45966 45987 45971 45976 45981
45988 46040 46001 46014 46027
46041 46099 46055 46069 46083
46100 46134 46108 46116 46124
46135 46250 46163 46191 46219
46251 46342 46273 46295 46317
46343 46420 46362 46381 46400
46421 46479 46435 46449 46463
46480 46702 46535 46590 46645
46703 46771 46720 46737 46754
46772 46839 46788 46804 46820
46840 46916 46859 46878 46897
46917 46982 46933 46949 46965
46983 47006 46988 46993 46998
47007 47097 47029 47051 47073
47098 47165 47114 47130 47146
47166 47256 47188 47210 47232
47257 47343 47278 47299 47320
47344 47398 47357 47370 47383
47399 47451 47412 47425 47438
47452 47518 47468 47484 47500
47519 47633 47547 47575 47603
47634 47843 47686 47738 47790
47844 47912 47861 47878 47895
47913 47968 47926 47939 47952
47969 48020 47981 47993 48005
48021 48060 48030 48039 48048
48061 48106 48072 48083 48094
48107 48172 48123 48139 48155
48173 48266 48196 48219 48242
48267 48342 48285 48303 48321
48343 48382 48352 48361 48370
48383 48403 48388 48393 48398
48404 48449 48415 48426 48437
48450 48517 48466 48482 48498
48518 48542 48524 48530 48536
48543 48604 48558 48573 48588
48605 48636 48612 48619 48626
48637 48687 48649 48661 48673
48688 48751 48703 48718 48733
48752 48887 48785 48818 48851
48888 48962 48906 48924 48942
48963 49028 48979 48995 49011
49029 49069 49039 49049 49059
49070 49093 49075 49080 49085
49094 49135 49104 49114 49124
49136 49175 49145 49154 49163
49176 49229 49189 49202 49215
49230 49284 49243 49256 49269
49285 49385 49310 49335 49360
49386 49421 49394 49402 49410
49422 49450 49429 49436 49443
49451 49501 49463 49475 49487
49502 49530 49509 49516 49523
49531 49665 49564 49597 49630
49666 49834 49708 49750 49792
49835 49864 49842 49849 49856
49865 49890 49871 49877 49883
49891 49928 49900 49909 49918
49929 50002 49947 49965 49983
50003 50029 50009 50015 50021
50030 50080 50042 50054 50066
50081 50133 50094 50107 50120
50134 50173 50143 50152 50161
50174 50248 50192 50210 50228
50249 50387 50283 50317 50351
50388 50483 50411 50434 50457
50484 50508 50490 50496 50502
50509 50538 50516 50523 50530
50539 50600 50554 50569 50584
50601 50648 50612 50623 50634
50649 50724 50667 50685 50703
50725 50750 50731 50737 50743
50751 50838 50772 50793 50814
50839 50855 50843 50847 50851
50856 50909 50869 50882 50895
50910 50933 50915 50920 50925
50934 50963 50941 50948 50955
50964 51000 50973 50982 50991
51001 51030 51008 51015 51022
51031 51086 51044 51057 51070
51087 51108 51092 51097 51102
51109 51139 51116 51123 51130
51140 51239 51164 51188 51212
51240 51265 51246 51252 51258
51266 51321 51279 51292 51305
51322 51469 51358 51394 51430
51470 51541 51487 51504 51521
51542 51690 51579 51616 51653
51691 51720 51698 51705 51712
51721 51757 51730 51739 51748
51758 51883 51789 51820 51851
51884 51924 51894 51904 51914
51925 51946 51930 51935 51940
51947 52022 51965 51983 52001
52023 52061 52032 52041 52050
52062 52083 52067 52072 52077
52084 52134 52096 52108 52120
52135 52216 52155 52175 52195
52217 52283 52233 52249 52265
52284 52334 52296 52308 52320
52335 52514 52379 52423 52467
52515 52553 52524 52533 52542
52554 52627 52572 52590 52608
52628 52673 52639 52650 52661
52674 52748 52692 52710 52728
52749 52775 52755 52761 52767
52776 52802 52782 52788 52794
52803 52885 52823 52843 52863
52886 52942 52900 52914 52928
52943 52983 52953 52963 52973
52984 53077 53007 53030 53053
53078 53144 53094 53110 53126
53145 53173 53152 53159 53166
53174 53419 53235 53296 53357
53420 53464 53431 53442 53453
53465 53696 53522 53579 53636
53697 53918 53752 53807 53862
53919 54089 53961 54003 54045
54090 54165 54108 54126 54144
54166 54206 54176 54186 54196
54207 54260 54220 54233 54246
54261 54329 54278 54295 54312
54330 54368 54339 54348 54357
54369 54386 54373 54377 54381
54387 54411 54393 54399 54405
54412 54441 54419 54426 54433
54442 54520 54461 54480 54499
54521 54644 54551 54581 54611
54645 54704 54659 54673 54687
54705 54735 54712 54719 54726
54736 54766 54743 54750 54757
54767 54786 54771 54775 54779
54787 54819 54795 54803 54811
54820 54870 54832 54844 54856
54871 54924 54884 54897 54910
54925 54967 54935 54945 54955
54968 55076 54995 55022 55049
55077 55121 55088 55099 55110
55122 55255 55155 55188 55221
55256 55366 55283 55310 55337
55367 55417 55379 55391 55403
55418 55456 55427 55436 55445
55457 55535 55476 55495 55514
55536 55594 55550 55564 55578
55595 55655 55610 55625 55640
55656 55718 55671 55686 55701
55719 55843 55750 55781 55812
55844 55910 55860 55876 55892
55911 56023 55939 55967 55995
56024 56093 56041 56058 56075
56094 56138 56105 56116 56127
56139 56180 56149 56159 56169
56181 56224 56191 56201 56211
56225 56275 56237 56249 56261
56276 56364 56298 56320 56342
56365 56569 56416 56467 56518
56570 56603 56578 56586 56594
56604 56688 56625 56646 56667
56689 56770 56709 56729 56749
56771 56872 56796 56821 56846
56873 57241 56965 57057 57149
57242 57293 57254 57266 57278
57294 57430 57328 57362 57396
57431 57462 57438 57445 57452
57463 57649 57509 57555 57601
57650 57771 57680 57710 57740
57772 57822 57784 57796 57808
57823 57886 57838 57853 57868
57887 57925 57896 57905 57914
57926 57963 57935 57944 57953
57964 58002 57973 57982 57991
58003 58084 58023 58043 58063
58085 58118 58093 58101 58109
58119 58149 58126 58133 58140
58150 58200 58162 58174 58186
58201 58234 58209 58217 58225
58235 58262 58241 58247 58253
58263 58310 58274 58285 58296
58311 58385 58329 58347 58365
58386 58504 58415 58444 58473
58505 58560 58518 58531 58544
58561 58707 58597 58633 58669
58708 58740 58716 58724 58732
58741 58768 58747 58753 58759
58769 58842 58787 58805 58823
58843 58895 58856 58869 58882
58896 58957 58911 58926 58941
58958 59023 58974 58990 59006
59024 59102 59043 59062 59081
59103 59172 59120 59137 59154
59173 59246 59191 59209 59227
59247 59357 59274 59301 59328
59358 59386 59365 59372 59379
59387 59433 59398 59409 59420
59434 59504 59451 59468 59485
59505 59544 59514 59523 59532
59545 59585 59555 59565 59575
59586 59643 59600 59614 59628
59644 59699 59657 59670 59683
59700 59726 59706 59712 59718
59727 60111 59795 59863 60081
60112 60423 60189 60266 60343
60424 60529 60450 60476 60502
60530 60567 60539 60548 60557
60568 60649 60588 60608 60628
60650 60701 60662 60674 60686
60702 60762 60717 60732 60747
60763 60853 60785 60807 60829
60854 60924 60871 60888 60905
60925 60973 60937 60949 60961
60974 61059 60995 61016 61037
61060 61312 61123 61186 61249
61313 61476 61353 61393 61433
61477 61577 61502 61527 61552
61578 61600 61583 61588 61593
61601 61652 61613 61625 61637
61653 61704 61665 61677 61689
61705 61765 61720 61735 61750
61766 61825 61780 61794 61808
61826 61868 61836 61846 61856
61869 61930 61884 61899 61914
61931 61977 61942 61953 61964
61978 62097 62007 62036 62065
62098 62161 62113 62128 62143
62162 62218 62176 62190 62204
62219 62264 62230 62241 62252
62265 62299 62273 62281 62289
62300 62351 62312 62324 62336
62352 62415 62367 62382 62397
62416 62440 62422 62428 62434
62441 62502 62456 62471 62486
62503 62586 62523 62543 62563
62587 62673 62608 62629 62650
62674 62690 62678 62682 62686
62691 62744 62704 62717 62730
62745 62796 62757 62769 62781
62797 62821 62803 62809 62815
62822 62850 62829 62836 62843
62851 63069 62905 62959 63013
63070 63227 63109 63148 63187
63228 63260 63236 63244 63252
63261 63363 63286 63311 63336
63364 63454 63386 63408 63430
63455 63481 63461 63467 63473
63482 63513 63489 63496 63503
63514 63566 63527 63540 63553
63567 63817 63629 63691 63753
63818 63873 63831 63844 63857
63874 63935 63889 63904 63919
63936 64035 63960 63984 64008
64036 64102 64052 64068 64084
64103 64264 64143 64183 64223
64265 64383 64294 64323 64352
64384 64434 64396 64408 64420
64435 64496 64450 64465 64480
64497 64540 64507 64517 64527
64541 64638 64565 64589 64613
64639 64760 64669 64699 64729
64761 64867 64787 64813 64839
64868 64982 64896 64924 64952
64983 65060 65002 65021 65040
65061 65116 65074 65087 65100
65117 65175 65131 65145 65159
65176 65440 65242 65308 65374
65441 65671 65498 65555 65612
65672 65732 65687 65702 65717
65733 65830 65757 65781 65805
65831 66010 65875 65919 65963
66011 66061 66023 66035 66047
66062 66197 66095 66128 66161
66198 66239 66208 66218 66228
66240 66293 66253 66266 66279
66294 66314 66299 66304 66309
66315 66390 66333 66351 66369
66391 66441 66403 66415 66427
66442 66471 66449 66456 66463
66472 66658 66518 66564 66610
66659 66696 66668 66677 66686
66697 66730 66705 66713 66721
66731 66867 66765 66799 66833
66868 66928 66883 66898 66913
66929 67016 66950 66971 66992
67017 67063 67028 67039 67050
67064 67091 67070 67076 67082
67092 67124 67100 67108 67116
67125 67151 67131 67137 67143
67152 67195 67162 67172 67182
67196 67212 67200 67204 67208
67213 67314 67238 67263 67288
67315 67396 67335 67355 67375
67397 67423 67403 67409 67415
67424 67486 67439 67454 67469
67487 67612 67518 67549 67580
67613 67667 67626 67639 67652
67668 67686 67672 67676 67680
67687 67763 67706 67725 67744
67764 67802 67773 67782 67791
67803 67827 67809 67815 67821
67828 67892 67844 67860 67876
67893 68138 67954 68015 68076
68139 68275 68173 68207 68241
68276 68342 68292 68308 68324
68343 68431 68365 68387 68409
68432 68531 68456 68480 68504
68532 68617 68553 68574 68595
68618 68792 68661 68704 68747
68793 68838 68804 68815 68826
68839 68896 68853 68867 68881
68897 68943 68908 68919 68930
68944 68978 68952 68960 68968
68979 69034 68992 69005 69018
69035 69067 69043 69051 69059
69068 69140 69086 69104 69122
69141 69218 69160 69179 69198
69219 69247 69226 69233 69240
69248 69293 69259 69270 69281
69294 69381 69315 69336 69357
69382 69402 69387 69392 69397
69403 69428 69409 69415 69421
69429 69498 69446 69463 69480
69499 69602 69524 69549 69574
69603 69630 69609 69615 69621
69631 69664 69639 69647 69655
69665 69690 69671 69677 69683
69691 69726 69699 69707 69715
69727 69755 69734 69741 69748
69756 69888 69789 69822 69855
69889 69936 69900 69911 69922
69937 69959 69942 69947 69952
69960 69981 69965 69970 69975
69982 70007 69988 69994 70000
70008 70039 70015 70022 70029
70040 70069 70047 70054 70061
70070 70133 70085 70100 70115
70134 70177 70144 70154 70164
70178 70210 70186 70194 70202
70211 70230 70215 70219 70223
70231 70254 70236 70241 70246
70255 70280 70261 70267 70273
70281 70302 70286 70291 70296
70303 70342 70312 70321 70330
70343 70364 70348 70353 70358
70365 70419 70378 70391 70404
70420 70436 70424 70428 70432
70437 70546 70464 70491 70518
70547 70568 70552 70557 70562
70569 70671 70594 70619 70644
70672 70707 70680 70688 70696
70708 70731 70713 70718 70723
70732 70825 70755 70778 70801
70826 70855 70833 70840 70847
70856 70899 70866 70876 70886
70900 70938 70909 70918 70927
70939 70957 70943 70947 70951
70958 70981 70963 70968 70973
70982 71015 70990 70998 71006
71016 71045 71023 71030 71037
71046 71121 71064 71082 71100
71122 71153 71129 71136 71143
71154 71192 71163 71172 71181
71193 71215 71198 71203 71208
71216 71238 71221 71226 71231
71239 71277 71248 71257 71266
71278 71305 71284 71290 71296
71306 71360 71319 71332 71345
71361 71444 71381 71401 71421
71445 71485 71455 71465 71475
71486 71528 71496 71506 71516
71529 71555 71535 71541 71547
71556 71579 71561 71566 71571
71580 71609 71587 71594 71601
71610 71669 71624 71638 71652
71670 71708 71679 71688 71697
71709 71772 71724 71739 71754
71773 71792 71777 71781 71785
71793 71830 71802 71811 71820
71831 71916 71852 71873 71894
71917 71997 71937 71957 71977
71998 72058 72013 72028 72043
72059 72107 72071 72083 72095
72108 72143 72116 72124 72132
72144 72181 72153 72162 72171
72182 72214 72190 72198 72206
72215 72272 72229 72243 72257
72273 72390 72302 72331 72360
72391 72451 72406 72421 72436
72452 72493 72462 72472 72482
72494 72521 72500 72506 72512
72522 72638 72551 72580 72609
72639 72677 72648 72657 72666
72678 72898 72733 72788 72843
72899 72976 72918 72937 72956
72977 72993 72981 72985 72989
72994 73063 73011 73028 73045
73064 73103 73073 73082 73091
73104 73149 73115 73126 73137
73150 73239 73172 73194 73216
73240 73334 73263 73286 73309
73335 73394 73349 73363 73377
73395 73421 73401 73407 73413
73422 73492 73439 73456 73473
73493 73577 73514 73535 73556
73578 73759 73623 73668 73713
73760 73791 73767 73774 73781
73792 73845 73805 73818 73831
73846 74018 73889 73932 73975
74019 74074 74032 74045 74058
74075 74092 74079 74083 74087
74093 74156 74108 74123 74138
74157 74199 74167 74177 74187
74200 74268 74217 74234 74251
74269 74417 74306 74343 74380
74418 74596 74462 74506 74550
74597 74632 74605 74613 74621
74633 74728 74656 74679 74702
74729 74787 74743 74757 74771
74788 74900 74816 74844 74872
74901 74943 74911 74921 74931
74944 74970 74950 74956 74962
74971 75039 74978 74985 75027
75040 75072 75048 75056 75064
75073 75120 75084 75095 75106
75121 75174 75134 75147 75160
75175 75197 75180 75185 75190
75198 75224 75204 75210 75216
75225 75263 75234 75243 75252
75264 75310 75275 75286 75297
75311 75351 75321 75331 75341
75352 75487 75385 75418 75451
75488 75561 75506 75524 75542
75562 75576 75565 75568 75571
75577 75717 75612 75647 75682
75718 75947 75775 75832 75889
75948 76004 75962 75976 75990
76005 76157 76043 76081 76119
76158 76285 76189 76220 76251
76286 76326 76296 76306 76316
76327 76404 76346 76365 76384
76405 76421 76409 76413 76417
76422 76446 76428 76434 76440
76447 76486 76456 76465 76474
76487 76547 76502 76517 76532
76548 76654 76574 76600 76626
76655 76687 76663 76671 76679
76688 76842 76726 76764 76802
76843 76981 76877 76911 76945
76982 77044 76997 77012 77027
77045 77078 77053 77061 77069
77079 77126 77090 77101 77112
77127 77692 77268 77409 77550
77693 77756 77708 77723 77738
77757 77778 77762 77767 77772
77779 77870 77801 77823 77845
77871 78032 77911 77951 77991
78033 78062 78040 78047 78054
78063 78123 78078 78093 78108
78124 78178 78137 78150 78163
78179 78200 78184 78189 78194
78201 78347 78237 78273 78309
78348 78417 78365 78382 78399
78418 78448 78425 78432 78439
78449 78505 78463 78477 78491
78506 78556 78518 78530 78542
78557 78579 78562 78567 78572
78580 78615 78588 78596 78604
78616 78640 78622 78628 78634
78641 78690 78653 78665 78677
78691 78754 78706 78721 78736
78755 78790 78763 78771 78779
78791 78839 78803 78815 78827
78840 78975 78873 78906 78939
78976 79053 78995 79014 79033
79054 79220 79095 79136 79177
79221 79261 79231 79241 79251
79262 79483 79317 79372 79427
79484 79828 79570 79656 79742
79829 80024 79877 79925 79973
80025 80083 80039 80053 80067
80084 80235 80121 80158 80195
80236 80429 80284 80332 80380
80430 80455 80436 80442 80448
80456 80550 80479 80502 80525
80551 80585 80559 80567 80575
80586 80618 80594 80602 80610
80619 80667 80631 80643 80655
80668 80717 80680 80692 80704
80718 80798 80738 80758 80778
80799 80849 80811 80823 80835
80850 80900 80862 80874 80886
80901 81000 80925 80949 80973
81001 81096 81024 81047 81070
81097 81137 81107 81117 81127
81138 81224 81159 81180 81201
81225 81273 81237 81249 81261
81274 81322 81286 81298 81310
81323 81461 81357 81391 81425
81462 81544 81482 81502 81522
81545 81747 81595 81645 81695
81748 81981 81806 81864 81922
81982 82078 82006 82030 82054
82079 82112 82087 82095 82103
82113 82147 82121 82129 82137
82148 82195 82159 82170 82181
82196 82474 82265 82334 82403
82475 82731 82539 82603 82667
82732 82772 82742 82752 82762
82773 82818 82784 82795 82806
82819 82938 82848 82877 82906
82939 83025 82960 82981 83002
83026 83073 83037 83048 83059
83074 83114 83084 83094 83104
83115 83141 83121 83127 83133
83142 83480 83226 83310 83394
83481 83753 83549 83617 83685
83754 83847 83777 83800 83823
83848 83930 83868 83888 83908
83931 84008 83950 83969 83988
84009 84112 84034 84059 84084
84113 84177 84129 84145 84161
84178 84258 84198 84218 84238
84259 84322 84274 84289 84304
84323 84375 84336 84349 84362
84376 84410 84384 84392 84400
84411 84581 84453 84495 84537
84582 84624 84592 84602 84612
84625 84771 84661 84697 84733
84772 84913 84807 84842 84877
84914 85255 84999 85084 85169
85256 85318 85271 85286 85301
85319 85427 85346 85373 85400
85428 85540 85456 85484 85512
85541 85560 85545 85549 85553
85561 85594 85569 85577 85585
85595 85629 85603 85611 85619
85630 85660 85637 85644 85651
85661 85712 85673 85685 85697
85713 85764 85725 85737 85749
85765 85857 85788 85811 85834
85858 85895 85867 85876 85885
85896 85925 85903 85910 85917
85926 85947 85931 85936 85941
85948 85977 85955 85962 85969
85978 86148 86020 86062 86104
86149 86240 86171 86193 86215
86241 86329 86263 86285 86307
86330 86366 86339 86348 86357
86367 86409 86377 86387 86397
86410 86429 86414 86418 86422
86430 86460 86437 86444 86451
86461 86517 86475 86489 86503
86518 86555 86527 86536 86545
86556 86622 86572 86588 86604
86623 86692 86640 86657 86674
86693 86891 86742 86791 86840
86892 86934 86902 86912 86922
86935 87008 86953 86971 86989
87009 87185 87053 87097 87141
87186 87265 87205 87224 87243
87266 87302 87275 87284 87293
87303 87337 87311 87319 87327
87338 87362 87344 87350 87356
87363 87415 87376 87389 87402
87416 87462 87427 87438 87449
87463 87717 87526 87589 87652
87718 87738 87723 87728 87733
87739 87793 87752 87765 87778
87794 87902 87821 87848 87875
87903 87934 87910 87917 87924
87935 88000 87951 87967 87983
88001 88058 88015 88029 88043
88059 88163 88085 88111 88137
88164 88211 88175 88186 88197
88212 88305 88235 88258 88281
88306 88337 88313 88320 88327
88338 88361 88343 88348 88353
88362 88500 88396 88430 88464
88501 88540 88510 88519 88528
88541 88635 88564 88587 88610
88636 88737 88661 88686 88711
88738 88787 88750 88762 88774
88788 88932 88824 88860 88896
88933 88997 88949 88965 88981
88998 89154 89037 89076 89115
89155 89243 89177 89199 89221
89244 89289 89255 89266 89277
89290 89356 89306 89322 89338
89357 89535 89401 89445 89489
89536 89589 89549 89562 89575
89590 89970 89685 89780 89875
89971 90020 89978 89985 90015
90021 90037 90025 90029 90033
90038 90078 90048 90058 90068
90079 90106 90085 90091 90097
90107 90131 90113 90119 90125
90132 90378 90193 90254 90315
90379 90427 90391 90403 90415
90428 90500 90446 90464 90482
90501 90530 90508 90515 90522
90531 90627 90555 90579 90603
90628 90721 90651 90674 90697
90722 90787 90738 90754 90770
90788 90849 90803 90818 90833
90850 90952 90875 90900 90925
90953 91787 91161 91369 91577
91788 91845 91802 91816 91830
91846 92063 91900 91954 92008
92064 92114 92076 92088 92100
92115 92151 92124 92133 92142
92152 92229 92171 92190 92209
92230 92325 92253 92276 92299
92326 92388 92341 92356 92371
92389 92531 92424 92459 92494
92532 92569 92541 92550 92559
92570 92603 92578 92586 92594
92604 92628 92610 92616 92622
92629 92747 92658 92687 92716
92748 92848 92773 92798 92823
92849 92907 92863 92877 92891
92908 92939 92915 92922 92929
92940 92963 92945 92950 92955
92964 92990 92970 92976 92982
92991 93018 92997 93003 93009
93019 93141 93049 93079 93109
93142 93167 93148 93154 93160
93168 93197 93175 93182 93189
93198 93236 93207 93216 93225
93237 93271 93245 93253 93261
93272 93328 93286 93300 93314
93329 93396 93345 93361 93377
93397 93485 93419 93441 93463
93486 93526 93496 93506 93516
93527 93601 93545 93563 93581
93602 93635 93610 93618 93626
93636 93772 93670 93704 93738
93773 93845 93791 93809 93827
93846 93884 93855 93864 93873
93885 93922 93894 93903 93912
93923 93987 93939 93955 93971
93988 94169 94033 94078 94123
94170 94223 94183 94196 94209
94224 94284 94239 94254 94269
94285 94334 94297 94309 94321
94335 94385 94347 94359 94371
94386 94465 94405 94424 94443
94466 94528 94481 94496 94511
94529 94556 94535 94541 94547
94557 94723 94598 94639 94680
94724 94805 94744 94764 94784
94806 94893 94827 94848 94869
94894 94975 94914 94934 94954
94976 95005 94983 94990 94997
95006 95046 95016 95026 95036
95047 95079 95055 95063 95071
95080 95139 95094 95108 95122
95140 95170 95147 95154 95161
95171 95221 95183 95195 95207
95222 95304 95242 95262 95282
95305 95546 95365 95425 95485
95547 95703 95586 95625 95664
95704 95795 95726 95748 95770
95796 95844 95808 95820 95832
95845 95866 95850 95855 95860
95867 95890 95872 95877 95882
95891 95909 95895 95899 95903
95910 95982 95928 95946 95964
95983 96164 96028 96073 96118
96165 96210 96176 96187 96198
96211 96599 96308 96405 96502
96600 96665 96616 96632 96648
96666 96773 96692 96718 96744
96774 96823 96786 96798 96810
96824 96850 96830 96836 96842
96851 96885 96859 96867 96875
96886 96967 96906 96926 96946
96968 97016 96980 96992 97004
97017 97065 97029 97041 97053
97066 97114 97078 97090 97102
97115 97164 97127 97139 97151
97165 97496 97247 97329 97411
97497 97539 97507 97517 97527
97540 97581 97550 97560 97570
97582 97645 97597 97612 97627
97646 97695 97658 97670 97682
97696 97728 97704 97712 97720
97729 97929 97779 97829 97879
97930 97979 97942 97954 97966
97980 98046 97996 98012 98028
98047 98075 98054 98061 98068
98076 98145 98093 98110 98127
98146 98207 98161 98176 98191
98208 98247 98217 98226 98235
98248 98310 98263 98278 98293
98311 98404 98334 98357 98380
98405 98524 98434 98463 98492
98525 98595 98542 98559 98576
98596 98690 98619 98642 98665
98691 98763 98709 98727 98745
98764 98814 98776 98788 98800
98815 98859 98826 98837 98848
98860 98923 98875 98890 98905
98924 99078 98962 99000 99038
99079 99135 99093 99107 99121
99136 99176 99146 99156 99166
99177 99230 99190 99203 99216
99231 99296 99247 99263 99279
99297 99327 99304 99311 99318
99328 99369 99338 99348 99358
99370 99426 99384 99398 99412
99427 99447 99432 99437 99442
99448 99502 99461 99474 99487
99503 99565 99518 99533 99548
99566 99629 99581 99596 99611
99630 99817 99676 99722 99768
99818 99901 99838 99858 99878
99902 99974 99920 99938 99956
99975 100022 99986 99997 100008
100023 100043 100028 100033 100038
100044 100081 100053 100062 100071
100082 100138 100096 100110 100124
100139 100189 100151 100163 100175
100190 100299 100217 100244 100271
100300 100381 100320 100340 100360
100382 100441 100396 100410 100424
100442 100516 100460 100478 100496
100517 100601 100538 100559 100580
100602 100689 100623 100644 100665
100690 100726 100699 100708 100717
100727 100790 100742 100757 100772
100791 100901 100818 100845 100872
100902 100941 100911 100920 100929
100942 100970 100949 100956 100963
100971 101002 100978 100985 100992
101003 101032 101010 101017 101024
101033 101068 101041 101049 101057
101069 101125 101083 101097 101111
101126 101167 101136 101146 101156
101168 101192 101174 101180 101186
101193 101224 101200 101207 101214
101225 101243 101229 101233 101237
101244 101273 101251 101258 101265
101274 101300 101280 101286 101292
101301 101336 101309 101317 101325
101337 101365 101344 101351 101358
101366 101392 101372 101378 101384
101393 101529 101427 101461 101495
101530 101590 101545 101560 101575
101591 101643 101604 101617 101630
101644 101660 101648 101652 101656
101661 101731 101678 101695 101712
101732 101782 101744 101756 101768
101783 101826 101793 101803 101813
101827 101879 101840 101853 101866
101880 101962 101900 101920 101940
101963 102001 101972 101981 101990
102002 102109 102028 102054 102080
102110 102165 102123 102136 102149
102166 102184 102170 102174 102178
102185 102264 102204 102223 102242
102265 102315 102277 102289 102301
102316 102343 102322 102328 102334
102344 102452 102371 102398 102425
102453 102561 102480 102507 102534
102562 102603 102572 102582 102592
102604 102638 102612 102620 102628
102639 102689 102651 102663 102675
102690 102712 102695 102700 102705
102713 102729 102717 102721 102725
102730 102746 102734 102738 102742
102747 102768 102752 102757 102762
102769 102887 102798 102827 102856
102888 102916 102895 102902 102909
102917 102956 102926 102935 102944
102957 102986 102964 102971 102978
102987 103028 102997 103007 103017
103029 103045 103033 103037 103041
103046 103143 103070 103094 103118
103144 103199 103157 103170 103183
103200 103244 103211 103222 103233
103245 103446 103295 103345 103395
103447 103619 103490 103533 103576
103620 103657 103629 103638 103647
103658 103738 103678 103698 103718
103739 103800 103754 103769 103784
103801 103835 103809 103817 103825
103836 103875 103845 103854 103863
103876 103915 103885 103894 103903
103916 103974 103930 103944 103958
103975 104008 103983 103991 103999
104009 104045 104018 104027 104036
104046 104082 104055 104064 104073
104083 104123 104093 104103 104113
104124 104147 104129 104134 104139
104148 104206 104162 104176 104190
104207 104249 104217 104227 104237
104250 104361 104277 104304 104331
104362 104488 104393 104424 104455
104489 104505 104493 104497 104501
104506 104534 104513 104520 104527
104535 104577 104545 104555 104565
104578 104607 104585 104592 104599
104608 104635 104614 104620 104626
104636 104655 104640 104644 104648
104656 104694 104665 104674 104683
104695 104753 104709 104723 104737
104754 104811 104768 104782 104796
104812 104837 104818 104824 104830
104838 104871 104846 104854 104862
104872 104899 104878 104884 104890
104900 104946 104911 104922 104933
104947 104965 104951 104955 104959
104966 104989 104971 104976 104981
104990 105036 104992 104994 105027
105037 105055 105041 105045 105049
105056 105074 105060 105064 105068
105075 105094 105079 105083 105087
105095 105113 105099 105103 105107
105114 105145 105121 105128 105135
105146 105163 105150 105154 105158
105164 105180 105168 105172 105176
105181 105199 105185 105189 105193
105200 105216 105204 105208 105212
105217 105234 105221 105225 105229
105235 105252 105239 105243 105247
105253 105271 105257 105261 105265
105272 105321 105284 105296 105308
105322 105375 105335 105348 105361
105376 105404 105383 105390 105397
105405 105455 105417 105429 105441
105456 105477 105461 105466 105471
105478 105502 105484 105490 105496
105503 105519 105507 105511 105515
105520 105536 105524 105528 105532
105537 105567 105544 105551 105558
105568 105584 105572 105576 105580
105585 105601 105589 105593 105597
105602 105619 105606 105610 105614
105620 105636 105624 105628 105632
105637 105654 105641 105645 105649
105655 105673 105659 105663 105667
105674 105694 105679 105684 105689
105695 105720 105701 105707 105713
105721 105737 105725 105729 105733
105738 105826 105760 105782 105804
105827 105868 105837 105847 105857
105869 105922 105882 105895 105908
105923 105988 105939 105955 105971
105989 106018 105996 106003 106010
106019 106051 106027 106035 106043
106052 106082 106059 106066 106073
106083 106135 106096 106109 106122
106136 106220 106157 106178 106199
106221 106367 106257 106293 106329
106368 106500 106401 106434 106467
106501 106584 106521 106541 106561
106585 106623 106594 106603 106612
106624 106667 106634 106644 106654
106668 106704 106677 106686 106695
106705 106764 106719 106733 106747
106765 106820 106778 106791 106804
106821 106878 106835 106849 106863
106879 106917 106888 106897 106906
106918 107026 106945 106972 106999
107027 107097 107044 107061 107078
107098 107165 107114 107130 107146
107166 107256 107188 107210 107232
107257 107317 107272 107287 107302
107318 107342 107324 107330 107336
107343 107461 107372 107401 107430
107462 107572 107489 107516 107543
107573 107630 107587 107601 107615
107631 107692 107646 107661 107676
107693 107931 107752 107811 107870
107932 107994 107947 107962 107977
107995 108028 108003 108011 108019
108029 108364 108112 108195 108278
108365 108410 108376 108387 108398
108411 108483 108429 108447 108465
108484 108549 108500 108516 108532
108550 108586 108559 108568 108577
108587 108662 108605 108623 108641
108663 108687 108669 108675 108681
108688 108769 108708 108728 108748
108770 108807 108779 108788 108797
108808 108843 108816 108824 108832
108844 108934 108866 108888 108910
108935 108985 108947 108959 108971
108986 109024 108995 109004 109013
109025 109052 109031 109037 109043
109053 109092 109062 109071 109080
109093 109126 109101 109109 109117
109127 109157 109134 109141 109148
109158 109194 109167 109176 109185
109195 109218 109200 109205 109210
109219 109303 109240 109261 109282
109304 109334 109311 109318 109325
109335 109371 109344 109353 109362
109372 109409 109381 109390 109399
109410 109482 109428 109446 109464
109483 109524 109493 109503 109513
109525 109569 109536 109547 109558
109570 109646 109589 109608 109627
109647 109688 109657 109667 109677
109689 109721 109697 109705 109713
109722 109745 109727 109732 109737
109746 109801 109759 109772 109785
109802 109967 109843 109884 109925
109968 110009 109978 109988 109998
110010 110051 110020 110030 110040
110052 110107 110065 110078 110091
110108 110153 110119 110130 110141
110154 110212 110168 110182 110196
110213 110280 110229 110245 110261
110281 110537 110345 110409 110473
110538 110781 110598 110658 110718
110782 110825 110792 110802 110812
110826 110956 110858 110890 110922
110957 111016 110971 110985 110999
111017 111051 111025 111033 111041
111052 111295 111112 111172 111232
111296 111354 111310 111324 111338
111355 111472 111384 111413 111442
111473 111778 111549 111625 111701
111779 111848 111796 111813 111830
111849 111936 111870 111891 111912
111937 112402 112053 112169 112285
112403 112460 112417 112431 112445
112461 112617 112500 112539 112578
112618 112691 112636 112654 112672
112692 112828 112726 112760 112794
112829 112980 112866 112903 112940
112981 113041 112996 113011 113026
113042 113067 113048 113054 113060
113068 113106 113077 113086 113095
113107 113249 113142 113177 113212
113250 113289 113259 113268 113277
113290 113331 113300 113310 113320
113332 113352 113337 113342 113347
113353 113381 113360 113367 113374
113382 113430 113394 113406 113418
113431 113486 113444 113457 113470
113487 113533 113498 113509 113520
113534 113564 113541 113548 113555
113565 113757 113613 113661 113709
113758 113785 113764 113770 113776
113786 113934 113823 113860 113897
113935 114025 113957 113979 114001
114026 114059 114034 114042 114050
114060 114200 114095 114130 114165
114201 114239 114210 114219 114228
114240 114384 114276 114312 114348
114385 114409 114391 114397 114403
114410 114448 114419 114428 114437
114449 114549 114474 114499 114524
114550 114586 114559 114568 114577
114587 114682 114610 114633 114656
114683 114724 114693 114703 114713
114725 114836 114752 114779 114806
114837 114947 114864 114891 114918
114948 115122 114991 115034 115077
115123 115293 115165 115207 115249
115294 115373 115313 115332 115351
115374 115398 115380 115386 115392
115399 115516 115428 115457 115486
115517 115682 115558 115599 115640
115683 115727 115694 115705 115716
115728 115769 115738 115748 115758
115770 115810 115780 115790 115800
115811 115836 115817 115823 115829
115837 115863 115843 115849 115855
115864 115912 115876 115888 115900
115913 115931 115917 115921 115925
115932 115959 115938 115944 115950
115960 115987 115966 115972 115978
115988 116033 115999 116010 116021
116034 116073 116043 116052 116061
116074 116119 116085 116096 116107
116120 116145 116126 116132 116138
116146 116199 116159 116172 116185
116200 116236 116209 116218 116227
116237 116386 116274 116311 116348
116387 116432 116398 116409 116420
116433 116495 116448 116463 116478
116496 116541 116507 116518 116529
116542 116689 116578 116614 116650
116690 116715 116696 116702 116708
116716 116733 116720 116724 116728
116734 116933 116783 116832 116881
116934 116953 116938 116942 116946
116954 117070 116983 117012 117041
117071 117131 117086 117101 117116
117132 117182 117144 117156 117168
117183 117243 117198 117213 117228
117244 117300 117258 117272 117286
117301 117509 117353 117405 117457
117510 117596 117531 117552 117573
117597 117659 117612 117627 117642
117660 117763 117685 117710 117735
117764 117814 117776 117788 117800
117815 117876 117830 117845 117860
117877 117989 117905 117933 117961
117990 118052 118005 118020 118035
118053 118131 118072 118091 118110
118132 118184 118145 118158 118171
118185 118255 118202 118219 118236
118256 118306 118268 118280 118292
118307 118373 118323 118339 118355
118374 118423 118386 118398 118410
118424 118466 118434 118444 118454
118467 118538 118484 118501 118518
118539 118612 118557 118575 118593
118613 118706 118636 118659 118682
118707 118772 118723 118739 118755
118773 118804 118780 118787 118794
118805 118901 118829 118853 118877
118902 119092 118949 118996 119043
119093 119139 119104 119115 119126
119140 119346 119191 119242 119293
119347 119421 119365 119383 119401
119422 119797 119515 119608 119701
119798 119873 119816 119834 119852
119874 119948 119892 119910 119928
119949 120047 119961 119973 120033
120048 120114 120064 120080 120096
120115 120242 120146 120177 120208
120243 120443 120293 120343 120393
120444 120541 120468 120492 120516
120542 120720 120586 120630 120674
120721 120836 120749 120777 120805
120837 120920 120857 120877 120897
120921 121105 120967 121013 121059
121106 121155 121118 121130 121142
121156 121216 121171 121186 121201
121217 121491 121285 121353 121421
121492 121620 121524 121556 121588
121621 121726 121647 121673 121699
121727 121999 121795 121863 121931
122000 122135 122033 122066 122099
122136 122278 122171 122206 122241
122279 122323 122290 122301 122312
122324 122568 122385 122446 122507
122569 122674 122595 122621 122647
122675 122730 122688 122701 122714
122731 122780 122743 122755 122767
122781 122883 122806 122831 122856
122884 122972 122906 122928 122950
122973 123119 123009 123045 123081
123120 123198 123139 123158 123177
123199 123238 123208 123217 123226
123239 123280 123249 123259 123269
123281 123326 123292 123303 123314
123327 123348 123332 123337 123342
123349 123372 123354 123359 123364
123373 123393 123378 123383 123388
123394 123434 123404 123414 123424
123435 123453 123439 123443 123447
123454 123479 123460 123466 123472
123480 123503 123485 123490 123495
123504 123524 123509 123514 123519
123525 123558 123533 123541 123549
123559 123596 123568 123577 123586
123597 123620 123602 123607 123612
123621 123667 123632 123643 123654
123668 123698 123675 123682 123689
123699 123741 123709 123719 123729
123742 123758 123746 123750 123754
123759 123807 123771 123783 123795
123808 123908 123833 123858 123883
123909 123942 123917 123925 123933
123943 124010 123959 123975 123991
124011 124049 124020 124029 124038
124050 124089 124059 124068 124077
124090 124156 124106 124122 124138
124157 124189 124165 124173 124181
124190 124213 124195 124200 124205
124214 124264 124226 124238 124250
124265 124301 124274 124283 124292
124302 124327 124308 124314 124320
124328 124352 124334 124340 124346
124353 124376 124358 124363 124368
124377 124411 124385 124393 124401
124412 124433 124417 124422 124427
124434 124458 124440 124446 124452
124459 124497 124468 124477 124486
124498 124515 124502 124506 124510
124516 124534 124520 124524 124528
124535 124558 124540 124545 124550
124559 124592 124567 124575 124583
124593 124627 124601 124609 124617
124628 124644 124632 124636 124640
124645 124661 124649 124653 124657
124662 124686 124668 124674 124680
124687 124705 124691 124695 124699
124706 124730 124712 124718 124724
124731 124760 124738 124745 124752
124761 124782 124766 124771 124776
124783 124802 124787 124791 124795
124803 124843 124813 124823 124833
124844 124874 124851 124858 124865
124875 124899 124881 124887 124893
124900 124934 124908 124916 124924
124935 124964 124942 124949 124956
124965 125011 124976 124987 124998
125012 125028 125016 125020 125024
125029 125047 125033 125037 125041
125048 125070 125053 125058 125063
125071 125106 125079 125087 125095
125107 125141 125115 125123 125131
125142 125159 125146 125150 125154
125160 125176 125164 125168 125172
125177 125208 125184 125191 125198
125209 125294 125230 125251 125272
125295 125313 125299 125303 125307
125314 125336 125319 125324 125329
125337 125356 125341 125345 125349
125357 125407 125369 125381 125393
125408 125426 125412 125416 125420
125427 125454 125433 125439 125445
125455 125477 125460 125465 125470
125478 125496 125482 125486 125490
125497 125520 125502 125507 125512
125521 125548 125527 125533 125539
125549 125611 125564 125579 125594
125612 125629 125616 125620 125624
125630 125652 125635 125640 125645
125653 125681 125660 125667 125674
125682 125712 125689 125696 125703
125713 125734 125718 125723 125728
125735 125759 125741 125747 125753
125760 125794 125768 125776 125784
125795 125813 125799 125803 125807
125814 125833 125818 125822 125826
125834 125865 125841 125848 125855
125866 125891 125872 125878 125884
125892 125913 125897 125902 125907
125914 125932 125918 125922 125926
125933 126010 125952 125971 125990
126011 126029 126015 126019 126023
126030 126051 126035 126040 126045
126052 126070 126056 126060 126064
126071 126096 126077 126083 126089
126097 126116 126101 126105 126109
126117 126133 126121 126125 126129
126134 126153 126138 126142 126146
126154 126178 126160 126166 126172
126179 126207 126186 126193 126200
126208 126225 126212 126216 126220
126226 126253 126232 126238 126244
126254 126278 126260 126266 126272
126279 126333 126292 126305 126318
126334 126371 126343 126352 126361
126372 126413 126382 126392 126402
126414 126473 126428 126442 126456
126474 126533 126488 126502 126516
126534 126564 126541 126548 126555
126565 126656 126587 126609 126631
126657 126695 126666 126675 126684
126696 126716 126701 126706 126711
126717 126740 126722 126727 126732
126741 126761 126746 126751 126756
126762 126786 126768 126774 126780
126787 126820 126795 126803 126811
126821 126882 126836 126851 126866
126883 126906 126888 126893 126898
126907 126928 126912 126917 126922
126929 126950 126934 126939 126944
126951 126996 126962 126973 126984
126997 127026 127004 127011 127018
127027 127056 127034 127041 127048
127057 127083 127063 127069 127075
127084 127159 127102 127120 127138
127160 127245 127181 127202 127223
127246 127263 127250 127254 127258
127264 127289 127270 127276 127282
127290 127423 127323 127356 127389
127424 127474 127436 127448 127460
127475 127492 127479 127483 127487
127493 127510 127497 127501 127505
127511 127560 127523 127535 127547
127561 127615 127574 127587 127600
127616 127677 127631 127646 127661
127678 127713 127686 127694 127702
127714 127748 127722 127730 127738
127749 127765 127753 127757 127761
127766 127783 127770 127774 127778
127784 127821 127793 127802 127811
127822 127873 127834 127846 127858
127874 127946 127892 127910 127928
127947 127989 127957 127967 127977
127990 128037 128001 128012 128023
128038 128060 128043 128048 128053
128061 128080 128065 128069 128073
128081 128120 128090 128099 128108
128121 128237 128150 128179 128208
128238 128279 128248 128258 128268
128280 128297 128284 128288 128292
128298 128325 128304 128310 128316
128326 128343 128330 128334 128338
128344 128366 128349 128354 128359
128367 128388 128372 128377 128382
128389 128409 128394 128399 128404
128410 128431 128415 128420 128425
128432 128449 128436 128440 128444
128450 128540 128472 128494 128516
128541 128610 128558 128575 128592
128611 128643 128619 128627 128635
128644 128665 128649 128654 128659
128666 128735 128683 128700 128717
128736 128764 128743 128750 128757
128765 128786 128770 128775 128780
128787 128809 128792 128797 128802
128810 128827 128814 128818 128822
128828 128857 128835 128842 128849
128858 128881 128863 128868 128873
128882 128939 128896 128910 128924
128940 128969 128947 128954 128961
128970 129017 128981 128992 129003
129018 129049 129025 129032 129039
129050 129070 129055 129060 129065
129071 129098 129077 129083 129089
129099 129149 129111 129123 129135
129150 129173 129155 129160 129165
129174 129196 129179 129184 129189
129197 129214 129201 129205 129209
129215 129231 129219 129223 129227
129232 129263 129239 129246 129253
129264 129306 129274 129284 129294
129307 129347 129317 129327 129337
129348 129365 129352 129356 129360
129366 129384 129370 129374 129378
129385 129418 129393 129401 129409
129419 129439 129424 129429 129434
129440 129456 129444 129448 129452
129457 129531 129475 129493 129511
129532 129594 129547 129562 129577
129595 129733 129629 129663 129697
129734 129867 129767 129800 129833
129868 129915 129879 129890 129901
129916 129953 129925 129934 129943
129954 129981 129960 129966 129972
129982 130023 129992 130002 130012
130024 130046 130029 130034 130039
130047 130092 130058 130069 130080
130093 130136 130103 130113 130123
130137 130165 130144 130151 130158
130166 130202 130175 130184 130193
130203 130277 130221 130239 130257
130278 130439 130318 130358 130398
130440 130493 130453 130466 130479
130494 130554 130509 130524 130539
130555 130652 130579 130603 130627
130653 130709 130667 130681 130695
130710 130753 130720 130730 130740
130754 130821 130770 130786 130802
130822 130839 130826 130830 130834
130840 130893 130853 130866 130879
130894 130966 130912 130930 130948
130967 130986 130971 130975 130979
130987 131031 130998 131009 131020
131032 131057 131038 131044 131050
131058 131088 131065 131072 131079
131089 131110 131094 131099 131104
131111 131138 131117 131123 131129
131139 131155 131143 131147 131151
131156 131181 131162 131168 131174
131182 131203 131187 131192 131197
131204 131226 131209 131214 131219
131227 131248 131232 131237 131242
131249 131270 131254 131259 131264
131271 131287 131275 131279 131283
131288 131310 131293 131298 131303
131311 131338 131317 131323 131329
131339 131402 131354 131369 131384
131403 131491 131425 131447 131469
131492 131638 131528 131564 131600
131639 131661 131644 131649 131654
131662 131721 131676 131690 131704
131722 131783 131737 131752 131767
131784 131831 131795 131806 131817
131832 131904 131850 131868 131886
131905 131939 131913 131921 131929
131940 131984 131951 131962 131973
131985 132028 131995 132005 132015
132029 132058 132036 132043 132050
132059 132164 132085 132111 132137
132165 132204 132174 132183 132192
132205 132248 132215 132225 132235
132249 132355 132275 132301 132327
132356 132392 132365 132374 132383
132393 132481 132415 132437 132459
132482 132528 132493 132504 132515
132529 132557 132536 132543 132550
132558 132574 132562 132566 132570
132575 132594 132579 132583 132587
132595 132612 132599 132603 132607
132613 132659 132624 132635 132646
132660 132707 132671 132682 132693
132708 132733 132714 132720 132726
132734 132758 132740 132746 132752
132759 132777 132763 132767 132771
132778 132809 132785 132792 132799
132810 132854 132821 132832 132843
132855 132895 132865 132875 132885
132896 132939 132906 132916 132926
132940 133012 132958 132976 132994
133013 133029 133017 133021 133025
133030 133055 133036 133042 133048
133056 133079 133061 133066 133071
133080 133099 133084 133088 133092
133100 133130 133107 133114 133121
133131 133154 133136 133141 133146
133155 133186 133162 133169 133176
133187 133216 133194 133201 133208
133217 133257 133227 133237 133247
133258 133287 133265 133272 133279
133288 133376 133310 133332 133354
133377 133612 133435 133493 133551
133613 133972 133702 133791 133880
133973 134176 134023 134073 134123
134177 134224 134188 134199 134210
134225 134316 134247 134269 134291
134317 134428 134344 134371 134398
134429 134478 134441 134453 134465
134479 134538 134493 134507 134521
134539 134833 134612 134685 134758
134834 134989 134872 134910 134948
134990 135058 134992 134994 135042
135059 135182 135089 135119 135149
135183 135387 135234 135285 135336
135388 135473 135409 135430 135451
135474 135573 135498 135522 135546
135574 135614 135584 135594 135604
135615 135714 135639 135663 135687
135715 135842 135746 135777 135808
135843 135957 135871 135899 135927
135958 135974 135962 135966 135970
135975 136016 135985 135995 136005
136017 136068 136029 136041 136053
136069 136120 136081 136093 136105
136121 136414 136194 136267 136340
136415 136433 136419 136423 136427
136434 136549 136462 136490 136518
136550 136970 136655 136760 136865
136971 137046 136989 137007 137025
137047 137119 137065 137083 137101
137120 137193 137138 137156 137174
137194 137317 137224 137254 137284
137318 137365 137329 137340 137351
137366 137414 137378 137390 137402
137415 137585 137457 137499 137541
137586 137617 137593 137600 137607
137618 137641 137623 137628 137633
137642 137704 137657 137672 137687
137705 137730 137711 137717 137723
137731 137762 137738 137745 137752
137763 137820 137777 137791 137805
137821 137862 137831 137841 137851
137863 137888 137869 137875 137881
137889 137906 137893 137897 137901
137907 137926 137911 137915 137919
137927 137947 137932 137937 137942
137948 138007 137962 137976 137990
138008 138047 138017 138026 138035
138048 138091 138058 138068 138078
138092 138126 138100 138108 138116
138127 138179 138140 138153 138166
138180 138196 138184 138188 138192
138197 138213 138201 138205 138209
138214 138355 138249 138284 138319
138356 138385 138363 138370 138377
138386 138405 138390 138394 138398
138406 138452 138417 138428 138439
138453 138480 138459 138465 138471
138481 138547 138497 138513 138529
138548 138586 138557 138566 138575
138587 138604 138591 138595 138599
138605 138649 138616 138627 138638
138650 138743 138673 138696 138719
138744 138796 138757 138770 138783
138797 138846 138809 138821 138833
138847 138919 138865 138883 138901
138920 138968 138932 138944 138956
138969 147076 140995 143021 145047
