0 427 106 212 318
428 660 486 544 602
661 1998 995 1329 1663
1999 2274 2067 2135 2203
2275 2618 2360 2445 2530
2619 2793 2662 2705 2748
2794 2908 2822 2850 2878
2909 3036 2940 2971 3002
3037 3128 3059 3081 3103
3129 3527 3228 3327 3426
3528 3565 3537 3546 3555
3566 3828 3631 3696 3761
3829 3920 3851 3873 3895
3921 4352 4028 4135 4242
4353 4390 4362 4371 4380
4391 4508 4420 4449 4478
4509 4622 4537 4565 4593
4623 4672 4635 4647 4659
4673 4778 4699 4725 4751
4779 4860 4799 4819 4839
4861 4954 4884 4907 4930
4955 5109 4993 5031 5069
5110 5201 5132 5154 5176
5202 5979 5396 5590 5784
5980 6043 5995 6010 6025
6044 6109 6060 6076 6092
6110 6167 6124 6138 6152
6168 6289 6198 6228 6258
6290 6661 6382 6474 6566
6662 6955 6735 6808 6881
6956 7138 7001 7046 7091
7139 7249 7166 7193 7220
7250 7349 7274 7298 7322
7350 7557 7401 7452 7503
7558 7651 7581 7604 7627
7652 7697 7663 7674 7685
7698 7795 7722 7746 7770
7796 8135 7880 7964 8048
8136 8174 8145 8154 8163
8175 8245 8192 8209 8226
8246 8469 8301 8356 8411
8470 8496 8476 8482 8488
8497 8541 8508 8519 8530
8542 8912 8634 8726 8818
8913 9253 8998 9083 9168
9254 9457 9304 9354 9404
9458 9539 9478 9498 9518
9540 9674 9573 9606 9639
9675 9745 9692 9709 9726
9746 9835 9768 9790 9812
9836 10074 9895 9954 10013
10075 10265 10122 10169 10216
10266 10437 10308 10350 10392
10438 10572 10471 10504 10537
10573 10648 10591 10609 10627
10649 10893 10710 10771 10832
10894 10970 10913 10932 10951
10971 11077 10997 11023 11049
11078 11096 11082 11086 11090
11097 11125 11104 11111 11118
11126 11315 11173 11220 11267
11316 11405 11338 11360 11382
11406 11448 11416 11426 11436
11449 11640 11496 11543 11590
11641 11741 11666 11691 11716
11742 11784 11752 11762 11772
11785 11891 11811 11837 11863
11892 12114 11947 12002 12057
12115 12270 12153 12191 12229
12271 12558 12342 12413 12484
12559 12671 12587 12615 12643
12672 13560 12894 13116 13338
13561 13631 13578 13595 13612
13632 13705 13650 13668 13686
13706 13736 13713 13720 13727
13737 13794 13751 13765 13779
13795 14223 13902 14009 14116
14224 14689 14340 14456 14572
14690 14828 14724 14758 14792
14829 14890 14844 14859 14874
14891 15048 14918 14945 15036
15049 15231 15094 15139 15184
15232 15300 15249 15266 15283
15301 15349 15313 15325 15337
15350 15381 15357 15364 15371
15382 15419 15391 15400 15409
15420 15440 15425 15430 15435
15441 15476 15449 15457 15465
15477 15522 15488 15499 15510
15523 15562 15532 15541 15550
15563 15614 15575 15587 15599
15615 15645 15622 15629 15636
15646 15672 15652 15658 15664
15673 15705 15681 15689 15697
15706 15771 15722 15738 15754
15772 15788 15776 15780 15784
15789 15820 15796 15803 15810
15821 15838 15825 15829 15833
15839 15857 15843 15847 15851
15858 15953 15881 15904 15927
15954 15996 15964 15974 15984
15997 16025 16004 16011 16018
16026 16109 16046 16066 16086
16110 16320 16162 16214 16266
16321 16942 16476 16631 16786
16943 17314 17035 17127 17219
17315 17409 17338 17361 17384
17410 17731 17490 17570 17650
17732 17782 17744 17756 17768
17783 18085 17858 17933 18008
18086 18207 18116 18146 18176
18208 18281 18226 18244 18262
18282 18333 18294 18306 18318
18334 18363 18341 18348 18355
18364 18397 18372 18380 18388
18398 18590 18446 18494 18542
18591 18705 18619 18647 18675
18706 18822 18735 18764 18793
18823 19078 18886 18949 19012
19079 19186 19105 19131 19157
19187 19426 19246 19305 19364
19427 19487 19442 19457 19472
19488 19593 19514 19540 19566
19594 19700 19620 19646 19672
19701 19729 19708 19715 19722
19730 20043 19808 19886 19964
20044 20177 20077 20110 20143
20178 20253 20196 20214 20232
20254 20339 20275 20296 20317
20340 20606 20406 20472 20538
20607 20839 20665 20723 20781
20840 20869 20847 20854 20861
20870 20938 20887 20904 20921
20939 21014 20957 20975 20993
21015 21074 21029 21043 21057
21075 21129 21088 21101 21114
21130 21344 21183 21236 21289
21345 21409 21361 21377 21393
21410 21452 21420 21430 21440
21453 21651 21502 21551 21600
21652 21701 21664 21676 21688
21702 21781 21721 21740 21759
21782 21841 21796 21810 21824
21842 21998 21881 21920 21959
21999 22109 22026 22053 22080
22110 22172 22125 22140 22155
22173 22265 22196 22219 22242
22266 22301 22274 22282 22290
22302 22572 22369 22436 22503
22573 22789 22627 22681 22735
22790 22831 22800 22810 22820
22832 23116 22903 22974 23045
23117 23203 23138 23159 23180
23204 23263 23218 23232 23246
23264 23681 23368 23472 23576
23682 23719 23691 23700 23709
23720 23742 23725 23730 23735
23743 23777 23751 23759 23767
23778 24018 23838 23898 23958
24019 24073 24032 24045 24058
24074 24241 24115 24156 24197
24242 24410 24284 24326 24368
24411 24549 24445 24479 24513
24550 24856 24626 24702 24778
24857 25711 25070 25283 25496
25712 25813 25737 25762 25787
25814 25861 25825 25836 25847
25862 25964 25887 25912 25937
25965 26062 25989 26013 26037
26063 26145 26083 26103 26123
26146 26374 26203 26260 26317
26375 26421 26386 26397 26408
26422 26939 26551 26680 26809
26940 27057 26969 26998 27027
27058 27098 27068 27078 27088
27099 27133 27107 27115 27123
27134 27195 27149 27164 27179
27196 27238 27206 27216 27226
27239 27331 27262 27285 27308
27332 27401 27349 27366 27383
27402 27734 27485 27568 27651
27735 27871 27769 27803 27837
27872 28750 28091 28310 28529
28751 28849 28775 28799 28823
28850 28921 28867 28884 28901
28922 28975 28935 28948 28961
28976 29124 29013 29050 29087
29125 29191 29141 29157 29173
29192 29268 29211 29230 29249
29269 29387 29298 29327 29356
29388 29577 29435 29482 29529
29578 29645 29594 29610 29626
29646 29906 29711 29776 29841
29907 30050 29930 29953 30036
30051 30134 30071 30091 30111
30135 30273 30169 30203 30237
30274 30605 30356 30438 30520
30606 30782 30650 30694 30738
30783 30828 30794 30805 30816
30829 30907 30848 30867 30886
30908 30948 30918 30928 30938
30949 31058 30976 31003 31030
31059 31189 31091 31123 31155
31190 31298 31217 31244 31271
31299 31375 31318 31337 31356
31376 31443 31392 31408 31424
31444 31497 31457 31470 31483
31498 31650 31536 31574 31612
31651 31681 31658 31665 31672
31682 31718 31691 31700 31709
31719 31767 31731 31743 31755
31768 31841 31786 31804 31822
31842 31896 31855 31868 31881
31897 31983 31918 31939 31960
31984 32029 31995 32006 32017
32030 32152 32060 32090 32120
32153 32225 32171 32189 32207
32226 32299 32244 32262 32280
32300 32410 32327 32354 32381
32411 32443 32419 32427 32435
32444 32482 32453 32462 32471
32483 32589 32509 32535 32561
32590 32946 32679 32768 32857
32947 33065 32976 33005 33034
33066 33162 33090 33114 33138
33163 33197 33171 33179 33187
33198 33581 33293 33388 33483
33582 34277 33755 33928 34101
34278 34351 34296 34314 34332
34352 34455 34377 34402 34427
34456 34488 34464 34472 34480
34489 34558 34506 34523 34540
34559 34647 34581 34603 34625
34648 34918 34715 34782 34849
34919 35009 34941 34963 34985
35010 35061 35022 35034 35046
35062 35160 35086 35110 35134
35161 35225 35177 35193 35209
35226 35380 35264 35302 35340
35381 35519 35415 35449 35483
35520 35906 35616 35712 35808
35907 36013 35933 35959 35985
36014 36384 36106 36198 36290
36385 36487 36410 36435 36460
36488 36747 36552 36616 36680
36748 36808 36763 36778 36793
36809 37040 36866 36923 36980
37041 37234 37089 37137 37185
37235 37345 37262 37289 37316
37346 37397 37358 37370 37382
37398 37456 37412 37426 37440
37457 37648 37504 37551 37598
37649 37724 37667 37685 37703
37725 37859 37758 37791 37824
37860 37932 37878 37896 37914
37933 38009 37952 37971 37990
38010 38084 38028 38046 38064
38085 38237 38123 38161 38199
38238 38381 38273 38308 38343
38382 38494 38410 38438 38466
38495 38554 38509 38523 38537
38555 38602 38566 38577 38588
38603 38661 38617 38631 38645
38662 38729 38678 38694 38710
38730 39356 38886 39042 39198
39357 39854 39481 39605 39729
39855 39999 39891 39927 39963
40000 40601 40150 40300 40450
40602 40683 40622 40642 40662
40684 40804 40714 40744 40774
40805 40897 40828 40851 40874
40898 41046 40935 40972 41009
41047 41136 41069 41091 41113
41137 41257 41167 41197 41227
41258 41308 41270 41282 41294
41309 41366 41323 41337 41351
41367 41594 41423 41479 41535
41595 41646 41607 41619 41631
41647 41678 41654 41661 41668
41679 41729 41691 41703 41715
41730 41788 41744 41758 41772
41789 41857 41806 41823 41840
41858 41971 41886 41914 41942
41972 42030 41986 42000 42014
42031 42068 42040 42049 42058
42069 42118 42081 42093 42105
42119 42158 42128 42137 42146
42159 42246 42180 42201 42222
42247 42417 42289 42331 42373
42418 42489 42435 42452 42469
42490 42547 42504 42518 42532
42548 42599 42560 42572 42584
42600 42746 42636 42672 42708
42747 42814 42763 42779 42795
42815 42960 42851 42887 42923
42961 43050 42983 43005 43027
43051 43101 43063 43075 43087
43102 43144 43112 43122 43132
43145 43259 43173 43201 43229
43260 43321 43275 43290 43305
43322 43406 43343 43364 43385
43407 43942 43540 43673 43806
43943 44865 44173 44403 44633
44866 44893 44872 44878 44884
44894 44972 44913 44932 44951
44973 45004 44979 44985 45003
45005 45064 45019 45033 45047
45065 45249 45111 45157 45203
45250 45307 45264 45278 45292
45308 45449 45343 45378 45413
45450 45672 45505 45560 45615
45673 45818 45709 45745 45781
45819 46140 45899 45979 46059
46141 46389 46203 46265 46327
46390 46649 46454 46518 46582
46650 46714 46666 46682 46698
46715 46803 46737 46759 46781
46804 46982 46848 46892 46936
46983 47077 47006 47029 47052
47078 47454 47172 47266 47360
47455 47548 47478 47501 47524
47549 47659 47576 47603 47630
47660 47959 47734 47808 47882
47960 48034 47978 47996 48014
48035 48080 48046 48057 48068
48081 48132 48093 48105 48117
48133 48145 48136 48139 48142
48146 48521 48239 48332 48425
48522 48571 48534 48546 48558
48572 49093 48702 48832 48962
49094 49196 49119 49144 49169
49197 49340 49232 49267 49302
49341 49402 49356 49371 49386
49403 49429 49409 49415 49421
49430 49502 49448 49466 49484
49503 49845 49588 49673 49758
49846 49953 49872 49898 49924
49954 50156 50004 50054 50104
50157 50523 50248 50339 50430
50524 50781 50588 50652 50716
50782 50897 50810 50838 50866
50898 50982 50919 50940 50961
50983 51037 50996 51009 51022
51038 51093 51051 51064 51077
51094 51168 51112 51130 51148
51169 51337 51211 51253 51295
51338 51421 51358 51378 51398
51422 51471 51434 51446 51458
51472 51514 51482 51492 51502
51515 51721 51566 51617 51668
51722 51775 51735 51748 51761
51776 51873 51800 51824 51848
51874 51943 51891 51908 51925
51944 51990 51955 51966 51977
51991 52050 52005 52019 52033
52051 52108 52065 52079 52093
52109 52217 52136 52163 52190
52218 52344 52249 52280 52311
52345 52880 52478 52611 52744
52881 53038 52920 52959 52998
53039 53079 53049 53059 53069
53080 53383 53155 53230 53305
53384 53577 53432 53480 53528
53578 53880 53653 53728 53803
53881 54507 54037 54193 54349
54508 54618 54535 54562 54589
54619 54768 54656 54693 54730
54769 54947 54813 54857 54901
54948 55029 54968 54988 55008
55030 55102 55048 55066 55084
55103 55180 55122 55141 55160
55181 55296 55209 55237 55265
55297 55339 55307 55317 55327
55340 55394 55353 55366 55379
55395 55440 55406 55417 55428
55441 55579 55475 55509 55543
55580 55622 55590 55600 55610
55623 55693 55640 55657 55674
55694 55752 55708 55722 55736
55753 55907 55791 55829 55867
55908 55978 55925 55942 55959
55979 56050 55996 56013 56030
56051 56129 56070 56089 56108
56130 56185 56143 56156 56169
56186 56383 56235 56284 56333
56384 56455 56401 56418 56435
56456 56569 56484 56512 56540
56570 56659 56592 56614 56636
56660 56707 56671 56682 56693
56708 56782 56726 56744 56762
56783 56959 56827 56871 56915
56960 57107 56996 57032 57068
57108 57139 57115 57122 57129
57140 57460 57220 57300 57380
57461 57524 57476 57491 57506
57525 57663 57559 57593 57627
57664 57972 57741 57818 57895
57973 58392 58077 58181 58285
58393 58552 58432 58471 58510
58553 58725 58596 58639 58682
58726 58776 58738 58750 58762
58777 58899 58807 58837 58867
58900 58995 58923 58946 58969
58996 59062 59012 59028 59044
59063 59159 59087 59111 59135
59160 59295 59193 59226 59259
59296 59429 59329 59362 59395
59430 59493 59445 59460 59475
59494 59565 59511 59528 59545
59566 59688 59596 59626 59656
59689 60293 59766 59843 60219
60294 60439 60330 60366 60402
60440 60541 60465 60490 60515
60542 60695 60580 60618 60656
60696 60715 60700 60704 60708
60716 60735 60720 60724 60728
60736 61194 60850 60964 61078
61195 61327 61228 61261 61294
61328 61395 61344 61360 61376
61396 61615 61450 61504 61558
61616 61739 61646 61676 61706
61740 62093 61828 61916 62004
62094 62213 62123 62152 62181
62214 62297 62234 62254 62274
62298 62387 62320 62342 62364
62388 62459 62405 62422 62439
62460 62650 62507 62554 62601
62651 63149 62775 62899 63023
63150 63619 63267 63384 63501
63620 63801 63665 63710 63755
63802 63950 63839 63876 63913
63951 64155 64002 64053 64104
64156 64598 64266 64376 64486
64599 64759 64639 64679 64719
64760 64829 64777 64794 64811
64830 64938 64857 64884 64911
64939 65012 64957 64975 64993
65013 65115 65038 65063 65088
65116 65298 65161 65206 65251
65299 65445 65335 65371 65407
65446 65497 65458 65470 65482
65498 65550 65511 65524 65537
65551 65624 65569 65587 65605
65625 65689 65641 65657 65673
65690 65765 65708 65726 65744
65766 65826 65781 65796 65811
65827 65907 65847 65867 65887
65908 66059 65945 65982 66019
66060 66079 66064 66068 66072
66080 66118 66089 66098 66107
66119 66137 66123 66127 66131
66138 66165 66144 66150 66156
66166 66212 66177 66188 66199
66213 66237 66219 66225 66231
66238 66311 66256 66274 66292
66312 66339 66318 66324 66330
66340 66387 66351 66362 66373
66388 66692 66464 66540 66616
66693 66730 66702 66711 66720
66731 66984 66794 66857 66920
66985 67122 67019 67053 67087
67123 67153 67130 67137 67144
67154 67325 67196 67238 67280
67326 67654 67408 67490 67572
67655 68017 67745 67835 67925
68018 68102 68039 68060 68081
68103 68267 68144 68185 68226
68268 68344 68287 68306 68325
68345 68441 68369 68393 68417
68442 68521 68461 68480 68499
68522 68552 68529 68536 68543
68553 68584 68560 68567 68574
68585 68805 68640 68695 68750
68806 68859 68819 68832 68845
68860 68972 68888 68916 68944
68973 69083 69000 69027 69054
69084 69146 69099 69114 69129
69147 69194 69158 69169 69180
69195 69216 69200 69205 69210
69217 69289 69235 69253 69271
69290 69323 69298 69306 69314
69324 69362 69333 69342 69351
69363 69443 69383 69403 69423
69444 69684 69504 69564 69624
69685 69761 69704 69723 69742
69762 70088 69843 69924 70005
70089 70142 70102 70115 70128
70143 70388 70204 70265 70326
70389 70485 70413 70437 70461
70486 70683 70535 70584 70633
70684 70749 70700 70716 70732
70750 70816 70766 70782 70798
70817 70946 70849 70881 70913
70947 71004 70961 70975 70989
71005 71030 71011 71017 71023
71031 71051 71036 71041 71046
71052 71189 71086 71120 71154
71190 71275 71211 71232 71253
71276 71320 71287 71298 71309
71321 71399 71340 71359 71378
71400 71656 71464 71528 71592
71657 71711 71670 71683 71696
71712 71743 71719 71726 71733
71744 71897 71782 71820 71858
71898 72014 71927 71956 71985
72015 72144 72047 72079 72111
72145 72164 72149 72153 72157
72165 72182 72169 72173 72177
72183 72199 72187 72191 72195
72200 72217 72204 72208 72212
72218 72235 72222 72226 72230
72236 72253 72240 72244 72248
72254 72271 72258 72262 72266
72272 72291 72276 72280 72284
72292 72309 72296 72300 72304
72310 72327 72314 72318 72322
72328 72355 72334 72340 72346
72356 72373 72360 72364 72368
72374 72392 72378 72382 72386
72393 72409 72397 72401 72405
72410 72453 72420 72430 72440
72454 72473 72458 72462 72466
72474 72690 72528 72582 72636
72691 72798 72717 72743 72769
72799 72833 72807 72815 72823
72834 72857 72839 72844 72849
72858 72927 72875 72892 72909
72928 72975 72939 72950 72961
72976 73114 73010 73044 73078
73115 73219 73141 73167 73193
73220 73264 73231 73242 73253
73265 73297 73273 73281 73289
73298 73330 73306 73314 73322
73331 73376 73342 73353 73364
73377 73445 73394 73411 73428
73446 73513 73462 73478 73494
73514 73598 73535 73556 73577
73599 73703 73625 73651 73677
73704 73779 73722 73740 73758
73780 73854 73798 73816 73834
73855 73899 73866 73877 73888
73900 73981 73920 73940 73960
73982 74016 73990 73998 74006
74017 74092 74035 74053 74071
74093 74258 74134 74175 74216
74259 74430 74301 74343 74385
74431 74680 74493 74555 74617
74681 74808 74712 74743 74774
74809 75012 74856 74903 75009
75013 75091 75032 75051 75070
75092 75344 75155 75218 75281
75345 75423 75364 75383 75402
75424 76081 75588 75752 75916
76082 76236 76120 76158 76196
76237 76295 76251 76265 76279
76296 76423 76327 76358 76389
76424 76594 76466 76508 76550
76595 76846 76657 76719 76781
76847 77041 76895 76943 76991
77042 77492 77154 77266 77378
77493 77595 77518 77543 77568
77596 77694 77620 77644 77668
77695 77785 77717 77739 77761
77786 77857 77803 77820 77837
77858 77978 77888 77918 77948
77979 78015 77988 77997 78006
78016 78049 78024 78032 78040
78050 78136 78071 78092 78113
78137 78208 78154 78171 78188
78209 78292 78229 78249 78269
78293 78396 78318 78343 78368
78397 78462 78413 78429 78445
78463 78551 78485 78507 78529
78552 78619 78568 78584 78600
78620 78690 78637 78654 78671
78691 78744 78704 78717 78730
78745 78783 78754 78763 78772
78784 78827 78794 78804 78814
78828 78847 78832 78836 78840
78848 78911 78863 78878 78893
78912 78933 78917 78922 78927
78934 78954 78939 78944 78949
78955 78971 78959 78963 78967
78972 78993 78977 78982 78987
78994 79019 79000 79006 79012
79020 79040 79025 79030 79035
79041 79104 79056 79071 79086
79105 79122 79109 79113 79117
79123 79179 79137 79151 79165
79180 79210 79187 79194 79201
79211 79234 79216 79221 79226
79235 79256 79240 79245 79250
79257 79292 79265 79273 79281
79293 79331 79302 79311 79320
79332 79355 79337 79342 79347
79356 79401 79367 79378 79389
79402 79442 79412 79422 79432
79443 79482 79452 79461 79470
79483 79580 79507 79531 79555
79581 79608 79587 79593 79599
79609 79641 79617 79625 79633
79642 79684 79652 79662 79672
79685 79707 79690 79695 79700
79708 79728 79713 79718 79723
79729 79749 79734 79739 79744
79750 79768 79754 79758 79762
79769 79800 79776 79783 79790
79801 79831 79808 79815 79822
79832 79864 79840 79848 79856
79865 79888 79870 79875 79880
79889 79923 79897 79905 79913
79924 79952 79931 79938 79945
79953 79983 79960 79967 79974
79984 80012 79991 79998 80005
80013 80031 80017 80021 80025
80032 80083 80044 80056 80068
80084 80108 80090 80096 80102
80109 80131 80114 80119 80124
80132 80170 80141 80150 80159
80171 80195 80177 80183 80189
80196 80215 80200 80204 80208
80216 80248 80224 80232 80240
80249 80274 80255 80261 80267
80275 80310 80283 80291 80299
80311 80331 80316 80321 80326
80332 80349 80336 80340 80344
80350 80371 80355 80360 80365
80372 80427 80385 80398 80411
80428 80444 80432 80436 80440
80445 80463 80449 80453 80457
80464 80491 80470 80476 80482
80492 80513 80497 80502 80507
80514 80541 80520 80526 80532
80542 80558 80546 80550 80554
80559 80591 80567 80575 80583
80592 80621 80599 80606 80613
80622 80639 80626 80630 80634
80640 80660 80645 80650 80655
80661 80678 80665 80669 80673
80679 80696 80683 80687 80691
80697 80735 80706 80715 80724
80736 80758 80741 80746 80751
80759 80798 80768 80777 80786
80799 81221 80904 81009 81114
81222 82006 81418 81614 81810
82007 82059 82020 82033 82046
82060 82128 82077 82094 82111
82129 82191 82144 82159 82174
82192 82282 82214 82236 82258
82283 82371 82305 82327 82349
82372 82531 82411 82450 82489
82532 82582 82544 82556 82568
82583 82691 82610 82637 82664
82692 82747 82705 82718 82731
82748 82908 82788 82828 82868
82909 82987 82928 82947 82966
82988 83081 83011 83034 83057
83082 83339 83146 83210 83274
83340 83461 83370 83400 83430
83462 83577 83490 83518 83546
83578 83627 83590 83602 83614
83628 83757 83660 83692 83724
83758 83813 83771 83784 83797
83814 84054 83874 83934 83994
84055 84166 84082 84109 84136
84167 84223 84181 84195 84209
84224 84292 84241 84258 84275
84293 84329 84302 84311 84320
84330 84351 84335 84340 84345
84352 84457 84378 84404 84430
84458 84571 84486 84514 84542
84572 84645 84590 84608 84626
84646 84764 84675 84704 84733
84765 84810 84776 84787 84798
84811 85015 84862 84913 84964
85016 85052 85025 85034 85043
85053 85124 85070 85087 85104
85125 85171 85136 85147 85158
85172 85211 85181 85190 85199
85212 85295 85232 85252 85272
85296 85358 85311 85326 85341
85359 85667 85436 85513 85590
85668 85788 85698 85728 85758
85789 85836 85800 85811 85822
85837 85953 85866 85895 85924
85954 86028 85972 85990 86008
86029 86113 86050 86071 86092
86114 86187 86132 86150 86168
86188 86424 86247 86306 86365
86425 86530 86451 86477 86503
86531 86602 86548 86565 86582
86603 86640 86612 86621 86630
86641 86683 86651 86661 86671
86684 86801 86713 86742 86771
86802 86963 86842 86882 86922
86964 87061 86988 87012 87036
87062 87476 87165 87268 87371
87477 88846 87819 88161 88503
88847 88931 88868 88889 88910
88932 88964 88940 88948 88956
88965 89039 88983 89001 89019
89040 89092 89053 89066 89079
89093 89213 89123 89153 89183
89214 89320 89240 89266 89292
89321 89440 89350 89379 89408
89441 89485 89452 89463 89474
89486 89691 89537 89588 89639
89692 89792 89717 89742 89767
89793 89886 89816 89839 89862
89887 89968 89907 89927 89947
89969 90039 89976 89983 90027
90040 90231 90087 90134 90181
90232 90521 90304 90376 90448
90522 90621 90546 90570 90594
90622 90707 90643 90664 90685
90708 90754 90719 90730 90741
90755 90847 90778 90801 90824
90848 90946 90872 90896 90920
90947 91359 91050 91153 91256
91360 91703 91445 91530 91615
91704 91799 91727 91750 91773
91800 91963 91840 91880 91920
91964 92008 91975 91986 91997
92009 92102 92032 92055 92078
92103 92247 92139 92175 92211
92248 92359 92275 92302 92329
92360 92410 92372 92384 92396
92411 92553 92446 92481 92516
92554 92620 92570 92586 92602
92621 92647 92627 92633 92639
92648 92719 92665 92682 92699
92720 92774 92733 92746 92759
92775 92899 92806 92837 92868
92900 92943 92910 92920 92930
92944 93239 93017 93090 93163
93240 94136 93464 93688 93912
94137 94413 94206 94275 94344
94414 94475 94429 94444 94459
94476 94718 94536 94596 94656
94719 94763 94730 94741 94752
94764 94834 94781 94798 94815
94835 94887 94848 94861 94874
94888 95011 94918 94948 94978
95012 95043 95019 95026 95033
95044 95096 95057 95070 95083
95097 95130 95105 95113 95121
95131 95232 95156 95181 95206
95233 95291 95247 95261 95275
95292 95336 95303 95314 95325
95337 95399 95352 95367 95382
95400 95430 95407 95414 95421
95431 95496 95447 95463 95479
95497 95563 95513 95529 95545
95564 95666 95589 95614 95639
95667 95719 95680 95693 95706
95720 95816 95744 95768 95792
95817 95951 95850 95883 95916
95952 96012 95967 95982 95997
96013 96067 96026 96039 96052
96068 96142 96086 96104 96122
96143 96224 96163 96183 96203
96225 96425 96275 96325 96375
96426 96621 96474 96522 96570
96622 96712 96644 96666 96688
96713 96839 96744 96775 96806
96840 96940 96865 96890 96915
96941 97032 96963 96985 97007
97033 97127 97056 97079 97102
97128 97233 97154 97180 97206
97234 97347 97262 97290 97318
97348 97471 97378 97408 97438
97472 98376 97698 97924 98150
98377 98595 98431 98485 98539
98596 99179 98741 98886 99031
99180 101015 99638 100096 100554
101016 101219 101066 101116 101166
101220 101294 101238 101256 101274
101295 101369 101313 101331 101349
101370 101460 101392 101414 101436
101461 101606 101497 101533 101569
101607 102190 101752 101897 102042
102191 102557 102282 102373 102464
102558 103205 102719 102880 103041
103206 103394 103253 103300 103347
103395 103533 103429 103463 103497
103534 103571 103543 103552 103561
103572 103632 103587 103602 103617
103633 103835 103683 103733 103783
103836 103903 103852 103868 103884
103904 103923 103908 103912 103916
103924 103972 103936 103948 103960
103973 104018 103984 103995 104006
104019 104127 104046 104073 104100
104128 104421 104201 104274 104347
104422 104439 104426 104430 104434
104440 104464 104446 104452 104458
104465 104492 104471 104477 104483
104493 104617 104524 104555 104586
104618 104711 104641 104664 104687
104712 104801 104734 104756 104778
104802 104878 104821 104840 104859
104879 104965 104900 104921 104942
104966 105095 104974 104982 105069
105096 105227 105128 105160 105192
105228 105434 105279 105330 105381
105435 105635 105485 105535 105585
105636 105785 105673 105710 105747
105786 105901 105814 105842 105870
105902 106015 105930 105958 105986
106016 106273 106080 106144 106208
106274 106368 106297 106320 106343
106369 106620 106431 106493 106555
106621 106721 106646 106671 106696
106722 107041 106801 106880 106959
107042 107165 107072 107102 107132
107166 107538 107259 107352 107445
107539 107691 107577 107615 107653
107692 107769 107711 107730 107749
107770 107835 107786 107802 107818
107836 107884 107848 107860 107872
107885 107909 107891 107897 107903
107910 107939 107917 107924 107931
107940 107988 107952 107964 107976
107989 108068 108008 108027 108046
108069 108396 108150 108231 108312
108397 108647 108459 108521 108583
108648 108730 108668 108688 108708
108731 108819 108753 108775 108797
108820 108962 108855 108890 108925
108963 109324 109053 109143 109233
109325 109527 109375 109425 109475
109528 109674 109564 109600 109636
109675 110033 109764 109853 109942
110034 110099 110050 110066 110082
110100 110126 110106 110112 110118
110127 110143 110131 110135 110139
110144 110768 110300 110456 110612
110769 110865 110793 110817 110841
110866 110892 110872 110878 110884
110893 111016 110923 110953 110983
111017 111066 111029 111041 111053
111067 111111 111078 111089 111100
111112 111144 111120 111128 111136
111145 111299 111183 111221 111259
111300 111343 111310 111320 111330
111344 111391 111355 111366 111377
111392 111416 111398 111404 111410
111417 111447 111424 111431 111438
111448 111495 111459 111470 111481
111496 111532 111505 111514 111523
111533 111569 111542 111551 111560
111570 111601 111577 111584 111591
111602 111625 111607 111612 111617
111626 111679 111639 111652 111665
111680 111761 111700 111720 111740
111762 111809 111773 111784 111795
111810 111832 111815 111820 111825
111833 111851 111837 111841 111845
111852 111899 111863 111874 111885
111900 111967 111916 111932 111948
111968 112029 111983 111998 112013
112030 112047 112034 112038 112042
112048 112093 112059 112070 112081
112094 112141 112105 112116 112127
112142 112195 112155 112168 112181
112196 112257 112211 112226 112241
112258 112417 112297 112336 112375
112418 112476 112432 112446 112460
112477 112511 112485 112493 112501
112512 112563 112524 112536 112548
112564 112706 112599 112634 112669
112707 112818 112734 112761 112788
112819 113105 112890 112961 113032
113106 113197 113128 113150 113172
113198 113343 113234 113270 113306
113344 113517 113387 113430 113473
113518 113606 113540 113562 113584
113607 113761 113645 113683 113721
113762 113812 113774 113786 113798
113813 113894 113833 113853 113873
113895 114032 113929 113963 113997
114033 114065 114041 114049 114057
114066 114208 114101 114136 114171
114209 114263 114222 114235 114248
114264 114308 114275 114286 114297
114309 114329 114314 114319 114324
114330 114363 114338 114346 114354
114364 114387 114369 114374 114379
114388 114409 114393 114398 114403
114410 114426 114414 114418 114422
114427 114757 114509 114591 114673
114758 114905 114794 114830 114866
114906 114982 114925 114944 114963
114983 115141 115022 115061 115100
115142 115181 115151 115160 115169
115182 115242 115197 115212 115227
115243 115291 115255 115267 115279
115292 115510 115346 115400 115454
115511 115572 115526 115541 115556
115573 115729 115612 115651 115690
115730 115776 115741 115752 115763
115777 115829 115790 115803 115816
115830 115916 115851 115872 115893
115917 116001 115938 115959 115980
116002 116123 116032 116062 116092
116124 116165 116134 116144 116154
116166 116276 116193 116220 116247
116277 116313 116286 116295 116304
116314 116407 116337 116360 116383
116408 116437 116415 116422 116429
116438 116462 116444 116450 116456
116463 116609 116499 116535 116571
116610 116853 116670 116730 116790
116854 117283 116961 117068 117175
117284 117301 117288 117292 117296
117302 117316 117305 117308 117311
117317 117337 117322 117327 117332
117338 117356 117342 117346 117350
117357 117382 117363 117369 117375
117383 117400 117387 117391 117395
117401 117418 117405 117409 117413
117419 117450 117426 117433 117440
117451 117529 117470 117489 117508
117530 117575 117541 117552 117563
117576 117598 117581 117586 117591
117599 117624 117605 117611 117617
117625 117661 117634 117643 117652
117662 117684 117667 117672 117677
117685 117705 117690 117695 117700
117706 117749 117716 117726 117736
117750 117784 117758 117766 117774
117785 117833 117797 117809 117821
117834 117884 117846 117858 117870
117885 117982 117909 117933 117957
117983 118029 117994 118005 118016
118030 118047 118034 118038 118042
118048 118112 118064 118080 118096
118113 118274 118153 118193 118233
118275 118292 118279 118283 118287
118293 118343 118305 118317 118329
118344 118378 118352 118360 118368
118379 118408 118386 118393 118400
118409 118462 118422 118435 118448
118463 118483 118468 118473 118478
118484 118517 118492 118500 118508
118518 118567 118530 118542 118554
118568 118742 118611 118654 118697
118743 118936 118791 118839 118887
118937 118977 118947 118957 118967
118978 119015 118987 118996 119005
119016 119038 119021 119026 119031
119039 119056 119043 119047 119051
119057 119073 119061 119065 119069
119074 119109 119082 119090 119098
119110 119151 119120 119130 119140
119152 119179 119158 119164 119170
119180 119199 119184 119188 119192
119200 119247 119211 119222 119233
119248 119283 119256 119264 119272
119284 119318 119292 119300 119308
119319 119383 119335 119351 119367
119384 119424 119394 119404 119414
119425 119642 119479 119533 119587
119643 120021 119732 119821 120015
120022 120232 120074 120126 120178
120233 120358 120264 120295 120326
120359 120665 120435 120511 120587
120666 120696 120673 120680 120687
120697 120726 120704 120711 120718
120727 121259 120860 120993 121126
121260 121448 121307 121354 121401
121449 121889 121559 121669 121779
121890 122013 121920 121950 121980
122014 122151 122048 122082 122116
122152 122619 122268 122384 122500
122620 122948 122702 122784 122866
122949 123110 122989 123029 123069
123111 123148 123120 123129 123138
123149 123191 123159 123169 123179
123192 123222 123199 123206 123213
123223 123436 123276 123329 123382
123437 123532 123460 123483 123506
123533 123665 123566 123599 123632
123666 123811 123702 123738 123774
123812 124662 124024 124236 124448
124663 124796 124696 124729 124762
124797 125211 124900 125003 125106
125212 125372 125252 125292 125332
125373 125445 125391 125409 125427
125446 125620 125489 125532 125575
125621 125694 125639 125657 125675
125695 125878 125740 125785 125830
125879 126074 125927 125975 126023
126075 126135 126090 126105 126120
126136 126221 126157 126178 126199
126222 126292 126239 126256 126273
126293 126398 126319 126345 126371
126399 126517 126428 126457 126486
126518 126617 126542 126566 126590
126618 127090 126736 126854 126972
127091 127315 127147 127203 127259
127316 127513 127365 127414 127463
127514 127595 127534 127554 127574
127596 127698 127621 127646 127671
127699 127808 127726 127753 127780
127809 127904 127832 127855 127878
127905 127967 127920 127935 127950
127968 128075 127994 128020 128046
128076 128189 128104 128132 128160
128190 128293 128215 128240 128265
128294 128576 128364 128434 128504
128577 128697 128607 128637 128667
128698 128775 128717 128736 128755
128776 128874 128800 128824 128848
128875 129174 128949 129023 129097
129175 129437 129240 129305 129370
129438 129551 129466 129494 129522
129552 130036 129673 129794 129915
130037 130311 130105 130173 130241
130312 130471 130351 130390 130429
130472 130644 130515 130558 130601
130645 130809 130686 130727 130768
130810 130859 130822 130834 130846
130860 130933 130878 130896 130914
130934 130992 130948 130962 130976
130993 131157 131034 131075 131116
131158 131283 131189 131220 131251
131284 131499 131337 131390 131443
131500 131535 131508 131516 131524
131536 131648 131564 131592 131620
131649 131770 131679 131709 131739
131771 131946 131814 131857 131900
131947 132059 131975 132003 132031
132060 132201 132095 132130 132165
132202 132242 132212 132222 132232
132243 132597 132331 132419 132507
132598 132667 132615 132632 132649
132668 132718 132680 132692 132704
132719 132766 132730 132741 132752
132767 132881 132795 132823 132851
132882 133187 132958 133034 133110
133188 133237 133200 133212 133224
133238 133388 133275 133312 133349
133389 133696 133465 133541 133617
133697 134323 133853 134009 134165
134324 134443 134353 134382 134411
134444 134484 134454 134464 134474
134485 134668 134530 134575 134620
134669 134775 134695 134721 134747
134776 134830 134789 134802 134815
134831 134915 134852 134873 134894
134916 135039 134936 134956 135027
135040 135081 135050 135060 135070
135082 135130 135094 135106 135118
135131 135217 135152 135173 135194
135218 135412 135266 135314 135362
135413 135742 135495 135577 135659
135743 135828 135764 135785 135806
135829 136127 135903 135977 136051
136128 136171 136138 136148 136158
136172 136619 136283 136394 136505
136620 136682 136635 136650 136665
136683 136708 136689 136695 136701
136709 136739 136716 136723 136730
136740 136781 136750 136760 136770
136782 136912 136814 136846 136878
136913 136986 136931 136949 136967
136987 137014 136993 136999 137005
137015 137037 137020 137025 137030
137038 137097 137052 137066 137080
137098 137181 137118 137138 137158
137182 137277 137205 137228 137251
137278 137321 137288 137298 137308
137322 137365 137332 137342 137352
137366 137408 137376 137386 137396
137409 137437 137416 137423 137430
137438 137532 137461 137484 137507
137533 137557 137539 137545 137551
137558 137690 137591 137624 137657
137691 137709 137695 137699 137703
137710 137761 137722 137734 137746
137762 137867 137788 137814 137840
137868 137885 137872 137876 137880
137886 138339 137999 138112 138225
138340 138675 138423 138506 138589
138676 139117 138786 138896 139006
139118 139262 139154 139190 139226
139263 139470 139314 139365 139416
139471 139487 139475 139479 139483
139488 139657 139530 139572 139614
139658 139732 139676 139694 139712
139733 139901 139775 139817 139859
139902 140045 139937 139972 140007
140046 140165 140075 140104 140133
140166 140287 140196 140226 140256
140288 140412 140319 140350 140381
140413 140627 140466 140519 140572
140628 140673 140639 140650 140661
140674 140732 140688 140702 140716
140733 140873 140768 140803 140838
140874 141146 140942 141010 141078
141147 141221 141165 141183 141201
141222 141259 141231 141240 141249
141260 141276 141264 141268 141272
141277 141304 141283 141289 141295
141305 141325 141310 141315 141320
141326 141393 141342 141358 141374
141394 141464 141411 141428 141445
141465 141513 141477 141489 141501
141514 141680 141555 141596 141637
141681 141771 141703 141725 141747
141772 141885 141800 141828 141856
141886 141928 141896 141906 141916
141929 141993 141945 141961 141977
141994 142139 142030 142066 142102
142140 142274 142173 142206 142239
142275 142349 142293 142311 142329
142350 142419 142367 142384 142401
142420 142445 142426 142432 142438
142446 142492 142457 142468 142479
142493 142513 142498 142503 142508
142514 142771 142578 142642 142706
142772 142962 142819 142866 142913
142963 143106 142998 143033 143068
143107 143213 143133 143159 143185
143214 143262 143226 143238 143250
143263 143321 143277 143291 143305
143322 143456 143355 143388 143421
143457 143525 143474 143491 143508
143526 143744 143580 143634 143688
143745 143784 143754 143763 143772
143785 144162 143879 143973 144067
144163 144208 144174 144185 144196
144209 144240 144216 144223 144230
144241 144295 144254 144267 144280
144296 144324 144303 144310 144317
144325 144471 144361 144397 144433
144472 144617 144508 144544 144580
144618 144700 144638 144658 144678
144701 144775 144719 144737 144755
144776 144911 144809 144842 144875
144912 145021 144939 144966 144993
145022 145167 145058 145094 145130
145168 145232 145184 145200 145216
145233 145474 145293 145353 145413
145475 145598 145505 145535 145565
145599 145984 145695 145791 145887
145985 146140 146023 146061 146099
146141 146447 146217 146293 146369
146448 146623 146491 146534 146577
146624 147474 146836 147048 147260
147475 147584 147502 147529 147556
147585 147692 147611 147637 147663
147693 147801 147720 147747 147774
147802 147901 147826 147850 147874
147902 147932 147909 147916 147923
147933 147964 147940 147947 147954
147965 147987 147970 147975 147980
147988 148057 148005 148022 148039
148058 148079 148063 148068 148073
148080 148099 148084 148088 148092
148100 148135 148108 148116 148124
148136 148155 148140 148144 148148
148156 148196 148166 148176 148186
148197 148219 148202 148207 148212
148220 148247 148226 148232 148238
148248 148266 148252 148256 148260
148267 148287 148272 148277 148282
148288 148305 148292 148296 148300
148306 148327 148311 148316 148321
148328 148351 148333 148338 148343
148352 148368 148356 148360 148364
148369 148401 148377 148385 148393
148402 148424 148407 148412 148417
148425 148449 148431 148437 148443
148450 148476 148456 148462 148468
148477 148495 148481 148485 148489
148496 148513 148500 148504 148508
148514 148535 148519 148524 148529
148536 148552 148540 148544 148548
148553 148569 148557 148561 148565
148570 148600 148577 148584 148591
148601 148625 148607 148613 148619
148626 148654 148633 148640 148647
148655 148672 148659 148663 148667
148673 148690 148677 148681 148685
148691 148731 148701 148711 148721
148732 148856 148763 148794 148825
148857 148909 148870 148883 148896
148910 148928 148914 148918 148922
148929 148979 148941 148953 148965
148980 149010 148987 148994 149001
149011 149028 149015 149019 149023
149029 149054 149035 149041 149047
149055 149084 149062 149069 149076
149085 149113 149092 149099 149106
149114 149134 149119 149124 149129
149135 149157 149140 149145 149150
149158 149179 149163 149168 149173
149180 149205 149186 149192 149198
149206 149225 149210 149214 149218
149226 149468 149286 149346 149406
149469 149489 149474 149479 149484
149490 149521 149497 149504 149511
149522 149539 149526 149530 149534
149540 149603 149555 149570 149585
149604 149620 149608 149612 149616
149621 149644 149626 149631 149636
149645 149662 149649 149653 149657
149663 149687 149669 149675 149681
149688 149708 149693 149698 149703
149709 149735 149715 149721 149727
149736 149783 149747 149758 149769
149784 149888 149810 149836 149862
149889 149923 149897 149905 149913
149924 149983 149938 149952 149966
149984 150078 149987 149990 150057
150079 150165 150100 150121 150142
150166 150188 150171 150176 150181
150189 150239 150201 150213 150225
150240 150259 150244 150248 150252
150260 150291 150267 150274 150281
150292 150317 150298 150304 150310
150318 150471 150356 150394 150432
150472 150567 150495 150518 150541
150568 150677 150595 150622 150649
150678 150714 150687 150696 150705
150715 150795 150735 150755 150775
150796 150859 150811 150826 150841
150860 151290 150967 151074 151181
151291 151343 151304 151317 151330
151344 151429 151365 151386 151407
151430 151482 151443 151456 151469
151483 151558 151501 151519 151537
151559 151817 151623 151687 151751
151818 151931 151846 151874 151902
151932 152021 151954 151976 151998
152022 152168 152058 152094 152130
152169 152243 152187 152205 152223
152244 152340 152268 152292 152316
152341 152424 152361 152381 152401
152425 152449 152431 152437 152443
152450 152517 152466 152482 152498
152518 152615 152542 152566 152590
152616 152664 152628 152640 152652
152665 152871 152716 152767 152818
152872 152891 152876 152880 152884
152892 152908 152896 152900 152904
152909 153153 152970 153031 153092
153154 153326 153197 153240 153283
153327 153405 153346 153365 153384
153406 153707 153481 153556 153631
153708 153986 153777 153846 153915
153987 154016 153994 154001 154008
154017 154056 154026 154035 154044
154057 154133 154076 154095 154114
154134 154303 154176 154218 154260
154304 154384 154324 154344 154364
154385 154432 154396 154407 154418
154433 154461 154440 154447 154454
154462 154480 154466 154470 154474
154481 154546 154497 154513 154529
154547 154625 154566 154585 154604
154626 154730 154652 154678 154704
154731 154780 154743 154755 154767
154781 155132 154868 154955 155042
155133 155239 155159 155185 155211
155240 155493 155303 155366 155429
155494 155511 155498 155502 155506
155512 155599 155533 155554 155575
155600 155650 155612 155624 155636
155651 155724 155669 155687 155705
155725 155789 155741 155757 155773
155790 155903 155818 155846 155874
155904 156283 155998 156092 156186
156284 156569 156355 156426 156497
156570 156692 156600 156630 156660
156693 156775 156713 156733 156753
156776 156935 156815 156854 156893
156936 156988 156949 156962 156975
156989 157085 157013 157037 157061
157086 157119 157094 157102 157110
157120 157300 157165 157210 157255
157301 157462 157341 157381 157421
157463 157541 157482 157501 157520
157542 157631 157564 157586 157608
157632 157684 157645 157658 157671
157685 157797 157713 157741 157769
157798 157823 157804 157810 157816
157824 157867 157834 157844 157854
157868 157994 157899 157930 157961
157995 158111 158024 158053 158082
158112 158139 158118 158124 158130
158140 158190 158152 158164 158176
158191 158241 158203 158215 158227
158242 158288 158253 158264 158275
158289 158354 158305 158321 158337
158355 158397 158365 158375 158385
158398 158459 158413 158428 158443
158460 158551 158482 158504 158526
158552 158618 158568 158584 158600
158619 158648 158626 158633 158640
158649 158921 158717 158785 158853
158922 158991 158939 158956 158973
158992 159027 159000 159008 159016
159028 159127 159052 159076 159100
159128 159327 159177 159226 159275
159328 159358 159335 159342 159349
159359 159435 159378 159397 159416
159436 159474 159445 159454 159463
159475 159508 159483 159491 159499
159509 159547 159518 159527 159536
159548 159601 159561 159574 159587
159602 159673 159619 159636 159653
159674 159795 159704 159734 159764
159796 160436 159956 160116 160276
160437 160532 160460 160483 160506
160533 160569 160542 160551 160560
160570 160837 160636 160702 160768
160838 161003 160879 160920 160961
161004 161032 161011 161018 161025
161033 161070 161042 161051 161060
161071 161112 161081 161091 161101
161113 161148 161121 161129 161137
161149 161186 161158 161167 161176
161187 161208 161192 161197 161202
161209 161236 161215 161221 161227
161237 161265 161244 161251 161258
161266 161343 161285 161304 161323
161344 161405 161359 161374 161389
161406 161471 161422 161438 161454
161472 161506 161480 161488 161496
161507 161574 161523 161539 161555
161575 161603 161582 161589 161596
161604 161683 161623 161642 161661
161684 161744 161699 161714 161729
161745 161834 161767 161789 161811
161835 161868 161843 161851 161859
161869 161924 161882 161895 161908
161925 161971 161936 161947 161958
161972 161991 161976 161980 161984
161992 162052 162007 162022 162037
162053 162123 162070 162087 162104
162124 162163 162133 162142 162151
162164 162194 162171 162178 162185
162195 162232 162204 162213 162222
162233 162277 162244 162255 162266
162278 162341 162293 162308 162323
162342 162403 162357 162372 162387
162404 162482 162423 162442 162461
162483 162563 162503 162523 162543
162564 162625 162579 162594 162609
162626 162706 162646 162666 162686
162707 162807 162732 162757 162782
162808 162981 162851 162894 162937
162982 163020 162991 163000 163009
163021 163038 163025 163029 163033
163039 163066 163045 163051 163057
163067 163092 163073 163079 163085
163093 171812 163569 164045 170109
171813 172784 172055 172297 172539
172785 172904 172814 172843 172872
172905 173000 172928 172951 172974
173001 173240 173060 173119 173178
173241 173657 173345 173449 173553
