0 86 21 42 63
87 102 90 93 96
103 1569 469 835 1201
1570 1598 1577 1584 1591
1599 2417 1803 2007 2211
2418 2472 2431 2444 2457
2473 2526 2486 2499 2512
2527 2625 2551 2575 2599
2626 2669 2636 2646 2656
2670 2714 2681 2692 2703
2715 2778 2730 2745 2760
2779 2843 2795 2811 2827
2844 2899 2857 2870 2883
2900 3053 2938 2976 3014
3054 3085 3061 3068 3075
3086 3108 3091 3096 3101
3109 3139 3116 3123 3130
3140 3165 3146 3152 3158
3166 3227 3181 3196 3211
3228 3348 3258 3288 3318
3349 3471 3379 3409 3439
3472 3537 3488 3504 3520
3538 3670 3571 3604 3637
3671 3806 3704 3737 3770
3807 3883 3826 3845 3864
3884 3982 3908 3932 3956
3983 4094 4010 4037 4064
4095 4143 4107 4119 4131
4144 4194 4156 4168 4180
4195 4276 4215 4235 4255
4277 4393 4306 4335 4364
4394 4460 4410 4426 4442
4461 4533 4479 4497 4515
4534 4668 4567 4600 4633
4669 4765 4693 4717 4741
4766 4873 4792 4818 4844
4874 4909 4882 4890 4898
4910 4984 4928 4946 4964
4985 5139 5023 5061 5099
5140 5353 5193 5246 5299
5354 6397 5614 5874 6134
6398 6549 6435 6472 6509
6550 6690 6585 6620 6655
6691 6782 6713 6735 6757
6783 7056 6851 6919 6987
7057 7097 7067 7077 7087
7098 7156 7112 7126 7140
7157 7190 7165 7173 7181
7191 7247 7205 7219 7233
7248 7267 7252 7256 7260
7268 7298 7275 7282 7289
7299 7341 7309 7319 7329
7342 7365 7347 7352 7357
7366 7414 7378 7390 7402
7415 7524 7442 7469 7496
7525 7655 7557 7589 7621
7656 7697 7666 7676 7686
7698 7721 7703 7708 7713
7722 7755 7730 7738 7746
7756 7787 7763 7770 7777
7788 7882 7811 7834 7857
7883 7952 7900 7917 7934
7953 7982 7960 7967 7974
7983 8021 7992 8001 8010
8022 8053 8029 8036 8043
8054 8137 8074 8094 8114
8138 8201 8153 8168 8183
8202 8276 8220 8238 8256
8277 8364 8298 8319 8340
8365 8411 8376 8387 8398
8412 8454 8422 8432 8442
8455 8497 8465 8475 8485
8498 8536 8507 8516 8525
8537 8567 8544 8551 8558
8568 8599 8575 8582 8589
8600 8625 8606 8612 8618
8626 8662 8635 8644 8653
8663 8694 8670 8677 8684
8695 8724 8702 8709 8716
8725 8764 8734 8743 8752
8765 8784 8769 8773 8777
8785 8872 8806 8827 8848
8873 8955 8893 8913 8933
8956 9006 8968 8980 8992
9007 9059 9020 9033 9046
9060 9114 9073 9086 9099
9115 9163 9127 9139 9151
9164 9245 9184 9204 9224
9246 9303 9260 9274 9288
9304 9348 9315 9326 9337
9349 9464 9377 9405 9433
9465 9517 9478 9491 9504
9518 9748 9575 9632 9689
9749 9782 9757 9765 9773
9783 9865 9803 9823 9843
9866 9932 9882 9898 9914
9933 9951 9937 9941 9945
9952 9977 9958 9964 9970
9978 10003 9984 9990 9996
10004 10024 10009 10014 10019
10025 10044 10029 10033 10037
10045 10061 10049 10053 10057
10062 10170 10089 10116 10143
10171 10543 10264 10357 10450
10544 10640 10568 10592 10616
10641 10671 10648 10655 10662
10672 10734 10687 10702 10717
10735 10768 10743 10751 10759
10769 10808 10778 10787 10796
10809 10890 10829 10849 10869
10891 11115 10947 11003 11059
11116 11187 11133 11150 11167
11188 11263 11206 11224 11242
11264 11333 11281 11298 11315
11334 11422 11356 11378 11400
11423 11619 11472 11521 11570
11620 11716 11644 11668 11692
11717 11769 11730 11743 11756
11770 11813 11780 11790 11800
11814 11899 11835 11856 11877
11900 11939 11909 11918 11927
11940 12041 11965 11990 12015
12042 12184 12077 12112 12147
12185 12324 12219 12253 12287
12325 12386 12340 12355 12370
12387 12424 12396 12405 12414
12425 12491 12441 12457 12473
12492 12520 12499 12506 12513
12521 12563 12531 12541 12551
12564 12643 12583 12602 12621
12644 12699 12657 12670 12683
12700 12788 12722 12744 12766
12789 12812 12794 12799 12804
12813 12864 12825 12837 12849
12865 13106 12925 12985 13045
13107 13164 13121 13135 13149
13165 13299 13198 13231 13264
13300 13676 13394 13488 13582
13677 13700 13682 13687 13692
13701 13790 13723 13745 13767
13791 13808 13795 13799 13803
13809 13926 13838 13867 13896
13927 14012 13948 13969 13990
14013 14080 14029 14045 14061
14081 14207 14112 14143 14174
14208 14236 14215 14222 14229
14237 14262 14243 14249 14255
14263 14381 14292 14321 14350
14382 14446 14398 14414 14430
14447 14542 14470 14493 14516
14543 14583 14553 14563 14573
14584 14708 14615 14646 14677
14709 14892 14754 14799 14844
14893 14925 14901 14909 14917
14926 15057 14944 14962 15042
15058 15096 15067 15076 15085
15097 15137 15107 15117 15127
15138 15165 15144 15150 15156
15166 15197 15173 15180 15187
15198 15266 15215 15232 15249
15267 15357 15289 15311 15333
15358 15499 15393 15428 15463
15500 15545 15511 15522 15533
15546 15734 15593 15640 15687
15735 15936 15785 15835 15885
15937 16004 15953 15969 15985
16005 16105 16030 16055 16080
16106 16199 16129 16152 16175
16200 16247 16211 16222 16233
16248 16296 16260 16272 16284
16297 16399 16322 16347 16372
16400 16517 16429 16458 16487
16518 16836 16597 16676 16755
16837 17166 16919 17001 17083
17167 17475 17244 17321 17398
17476 17694 17530 17584 17638
17695 17773 17714 17733 17752
17774 18026 17837 17900 17963
18027 18780 18215 18403 18591
18781 18843 18796 18811 18826
18844 19325 18964 19084 19204
19326 19531 19377 19428 19479
19532 19576 19543 19554 19565
19577 19699 19607 19637 19667
19700 19732 19708 19716 19724
19733 19792 19747 19761 19775
19793 19854 19808 19823 19838
19855 19904 19867 19879 19891
19905 20035 19937 19969 20001
20036 20099 20051 20066 20081
20100 20201 20125 20150 20175
20202 20370 20244 20286 20328
20371 20510 20405 20439 20473
20511 20687 20555 20599 20643
20688 20752 20704 20720 20736
20753 20957 20804 20855 20906
20958 21018 20973 20988 21003
21019 21076 21033 21047 21061
21077 21157 21097 21117 21137
21158 21220 21173 21188 21203
21221 21368 21257 21293 21329
21369 21461 21392 21415 21438
21462 21542 21482 21502 21522
21543 21593 21555 21567 21579
21594 21683 21616 21638 21660
21684 21734 21696 21708 21720
21735 22074 21819 21903 21987
22075 22148 22093 22111 22129
22149 22246 22173 22197 22221
22247 22300 22260 22273 22286
22301 22371 22318 22335 22352
22372 22415 22382 22392 22402
22416 22485 22433 22450 22467
22486 22545 22500 22514 22528
22546 22641 22569 22592 22615
22642 22715 22660 22678 22696
22716 22791 22734 22752 22770
22792 22813 22797 22802 22807
22814 22852 22823 22832 22841
22853 22934 22873 22893 22913
22935 22998 22950 22965 22980
22999 23015 23003 23007 23011
23016 23062 23027 23038 23049
23063 23112 23075 23087 23099
23113 23271 23152 23191 23230
23272 23362 23294 23316 23338
23363 23522 23402 23441 23480
23523 23545 23528 23533 23538
23546 23684 23580 23614 23648
23685 23744 23699 23713 23727
23745 23857 23773 23801 23829
23858 23927 23875 23892 23909
23928 24088 23968 24008 24048
24089 24134 24100 24111 24122
24135 24192 24149 24163 24177
24193 24280 24214 24235 24256
24281 24342 24296 24311 24326
24343 24419 24362 24381 24400
24420 24510 24442 24464 24486
24511 24613 24536 24561 24586
24614 24885 24681 24748 24815
24886 25102 24940 24994 25048
25103 25557 25216 25329 25442
25558 25742 25604 25650 25696
25743 25819 25762 25781 25800
25820 25902 25840 25860 25880
25903 25978 25921 25939 25957
25979 26386 26080 26181 26282
26387 26587 26437 26487 26537
26588 26818 26645 26702 26759
26819 27285 26935 27051 27167
27286 27532 27347 27408 27469
27533 27614 27553 27573 27593
27615 27846 27672 27729 27786
27847 27994 27883 27919 27955
27995 28087 28018 28041 28064
28088 28152 28104 28120 28136
28153 28201 28165 28177 28189
28202 28236 28210 28218 28226
28237 28317 28257 28277 28297
28318 28382 28334 28350 28366
28383 28460 28402 28421 28440
28461 28575 28489 28517 28545
28576 28605 28583 28590 28597
28606 28678 28624 28642 28660
28679 28785 28705 28731 28757
28786 28959 28829 28872 28915
28960 29007 28971 28982 28993
29008 29064 29022 29036 29050
29065 29143 29084 29103 29122
29144 29203 29158 29172 29186
29204 29375 29246 29288 29330
29376 29477 29401 29426 29451
29478 29553 29496 29514 29532
29554 29695 29589 29624 29659
29696 29741 29707 29718 29729
29742 29801 29756 29770 29784
29802 29869 29818 29834 29850
29870 29927 29884 29898 29912
29928 30076 29945 29962 30057
30077 30151 30095 30113 30131
30152 30303 30189 30226 30263
30304 30371 30320 30336 30352
30372 30451 30391 30410 30429
30452 30500 30464 30476 30488
30501 30548 30512 30523 30534
30549 30701 30587 30625 30663
30702 30765 30717 30732 30747
30766 30814 30778 30790 30802
30815 30913 30839 30863 30887
30914 31020 30940 30966 30992
31021 31143 31051 31081 31111
31144 31199 31157 31170 31183
31200 31293 31223 31246 31269
31294 31334 31304 31314 31324
31335 31380 31346 31357 31368
31381 31453 31399 31417 31435
31454 31525 31471 31488 31505
31526 31573 31537 31548 31559
31574 31754 31619 31664 31709
31755 31921 31796 31837 31878
31922 31999 31941 31960 31979
32000 32069 32017 32034 32051
32070 32102 32078 32086 32094
32103 32186 32123 32143 32163
32187 32230 32197 32207 32217
32231 32279 32243 32255 32267
32280 32315 32288 32296 32304
32316 32382 32332 32348 32364
32383 32425 32393 32403 32413
32426 32458 32434 32442 32450
32459 32536 32478 32497 32516
32537 32607 32554 32571 32588
32608 32690 32628 32648 32668
32691 32922 32748 32805 32862
32923 33031 32950 32977 33004
33032 33085 33045 33058 33071
33086 33140 33099 33112 33125
33141 33181 33151 33161 33171
33182 33253 33199 33216 33233
33254 33296 33264 33274 33284
33297 34029 33480 33663 33846
34030 34091 34045 34060 34075
34092 34147 34105 34118 34131
34148 34236 34170 34192 34214
34237 34308 34254 34271 34288
34309 34396 34330 34351 34372
34397 34453 34411 34425 34439
34454 34499 34465 34476 34487
34500 34555 34513 34526 34539
34556 34606 34568 34580 34592
34607 34705 34631 34655 34679
34706 34765 34720 34734 34748
34766 34875 34793 34820 34847
34876 34941 34892 34908 34924
34942 34984 34952 34962 34972
34985 35053 35002 35019 35036
35054 35330 35123 35192 35261
35331 35361 35338 35345 35352
35362 35575 35415 35468 35521
35576 35654 35595 35614 35633
35655 35875 35710 35765 35820
35876 36076 35926 35976 36026
36077 36136 36091 36105 36119
36137 36216 36156 36175 36194
36217 36267 36229 36241 36253
36268 36351 36288 36308 36328
36352 36451 36376 36400 36424
36452 36516 36468 36484 36500
36517 36568 36529 36541 36553
36569 36611 36579 36589 36599
36612 36742 36644 36676 36708
36743 36876 36776 36809 36842
36877 37068 36924 36971 37018
37069 37116 37080 37091 37102
37117 37211 37140 37163 37186
37212 37262 37224 37236 37248
37263 37953 37435 37607 37779
37954 38033 37973 37992 38011
38034 38090 38048 38062 38076
38091 38130 38100 38109 38118
38131 38394 38196 38261 38326
38395 38437 38405 38415 38425
38438 38474 38447 38456 38465
38475 38632 38514 38553 38592
38633 38827 38681 38729 38777
38828 38888 38843 38858 38873
38889 38929 38899 38909 38919
38930 38963 38938 38946 38954
38964 39056 38987 39010 39033
39057 39083 39063 39069 39075
39084 39139 39097 39110 39123
39140 39175 39148 39156 39164
39176 39288 39204 39232 39260
39289 39671 39384 39479 39574
39672 39865 39720 39768 39816
39866 39983 39895 39924 39953
39984 40334 40071 40158 40245
40335 40531 40384 40433 40482
40532 40642 40559 40586 40613
40643 40892 40705 40767 40829
40893 40955 40908 40923 40938
40956 41242 41027 41098 41169
41243 41437 41291 41339 41387
41438 41553 41466 41494 41522
41554 41969 41657 41760 41863
41970 42036 41986 42002 42018
42037 42146 42064 42091 42118
42147 42625 42266 42385 42504
42626 42819 42674 42722 42770
42820 42892 42838 42856 42874
42893 43410 43022 43151 43280
43411 43549 43445 43479 43513
43550 43615 43566 43582 43598
43616 43716 43641 43666 43691
43717 44008 43789 43861 43933
44009 44079 44026 44043 44060
44080 44354 44148 44216 44284
44355 44411 44369 44383 44397
44412 44499 44433 44454 44475
44500 44782 44570 44640 44710
44783 45041 44837 44891 45030
45042 45301 45106 45170 45234
45302 45399 45326 45350 45374
45400 45636 45459 45518 45577
45637 45771 45670 45703 45736
45772 46030 45836 45900 45964
46031 46207 46075 46119 46163
46208 46285 46227 46246 46265
46286 46451 46327 46368 46409
46452 46515 46467 46482 46497
46516 46613 46540 46564 46588
46614 46793 46658 46702 46746
46794 46950 46833 46872 46911
46951 47053 46976 47001 47026
47054 47149 47077 47100 47123
47150 47240 47172 47194 47216
47241 47338 47265 47289 47313
47339 47380 47349 47359 47369
47381 47432 47393 47405 47417
47433 47626 47481 47529 47577
47627 47740 47655 47683 47711
47741 47754 47744 47747 47750
47755 47808 47768 47781 47794
47809 47858 47821 47833 47845
47859 47918 47873 47887 47901
47919 48013 47942 47965 47988
48014 48095 48034 48054 48074
48096 48308 48149 48202 48255
48309 48422 48337 48365 48393
48423 48513 48445 48467 48489
48514 48597 48534 48554 48574
48598 48652 48611 48624 48637
48653 48683 48660 48667 48674
48684 48711 48690 48696 48702
48712 48851 48746 48780 48814
48852 48912 48867 48882 48897
48913 49026 48941 48969 48997
49027 49109 49047 49067 49087
49110 49250 49145 49180 49215
49251 49638 49347 49443 49539
49639 49853 49692 49745 49798
49854 49974 49884 49914 49944
49975 50113 50009 50043 50077
50114 50443 50196 50278 50360
50444 50513 50461 50478 50495
50514 50725 50566 50618 50670
50726 50823 50750 50774 50798
50824 51145 50904 50984 51064
51146 51183 51155 51164 51173
51184 51233 51196 51208 51220
51234 51411 51278 51322 51366
51412 51517 51438 51464 51490
51518 51609 51540 51562 51584
51610 51769 51649 51688 51727
51770 51825 51783 51796 51809
51826 51880 51839 51852 51865
51881 51949 51898 51915 51932
51950 52066 51979 52008 52037
52067 52118 52079 52091 52103
52119 52154 52127 52135 52143
52155 52284 52187 52219 52251
52285 52486 52335 52385 52435
52487 52540 52500 52513 52526
52541 52582 52551 52561 52571
52583 52706 52613 52643 52673
52707 52726 52711 52715 52719
52727 52894 52768 52809 52850
52895 52958 52910 52925 52940
52959 53037 52978 52997 53016
53038 53139 53063 53088 53113
53140 53434 53213 53286 53359
53435 53698 53500 53565 53630
53699 53988 53771 53843 53915
53989 54039 54001 54013 54025
54040 54098 54054 54068 54082
54099 54148 54111 54123 54135
54149 54500 54236 54323 54410
54501 54580 54520 54539 54558
54581 54886 54657 54733 54809
54887 54966 54906 54925 54944
54967 55004 54976 54985 54994
55005 55054 55017 55029 55041
55055 55240 55101 55147 55193
55241 55420 55285 55329 55373
55421 55752 55503 55585 55667
55753 55854 55778 55803 55828
55855 56096 55915 55975 56035
56097 56315 56151 56205 56259
56316 56414 56340 56364 56388
56415 56454 56424 56433 56442
56455 56564 56482 56509 56536
56565 56644 56584 56603 56622
56645 56762 56674 56703 56732
56763 56815 56776 56789 56802
56816 56849 56824 56832 56840
56850 56928 56869 56888 56907
56929 57014 56950 56971 56992
57015 57095 57035 57055 57075
57096 57132 57105 57114 57123
57133 57238 57159 57185 57211
57239 57293 57252 57265 57278
57294 57355 57309 57324 57339
57356 57396 57366 57376 57386
57397 57460 57412 57427 57442
57461 57501 57471 57481 57491
57502 57580 57521 57540 57559
57581 57613 57589 57597 57605
57614 57672 57628 57642 57656
57673 57984 57750 57827 57904
57985 58172 58031 58077 58123
58173 58310 58207 58241 58275
58311 58377 58327 58343 58359
58378 58466 58400 58422 58444
58467 58580 58495 58523 58551
58581 58704 58611 58641 58671
58705 58780 58723 58741 58759
58781 58827 58792 58803 58814
58828 58864 58837 58846 58855
58865 58944 58884 58903 58922
58945 59008 58960 58975 58990
59009 59056 59020 59031 59042
59057 59125 59074 59091 59108
59126 59169 59136 59146 59156
59170 59245 59188 59206 59224
59246 59330 59267 59288 59309
59331 59387 59345 59359 59373
59388 59435 59399 59410 59421
59436 59486 59448 59460 59472
59487 59524 59496 59505 59514
59525 59562 59534 59543 59552
59563 59636 59581 59599 59617
59637 59666 59644 59651 59658
59667 59726 59681 59695 59709
59727 59807 59747 59767 59787
59808 59983 59851 59894 59937
59984 60116 59987 59990 60087
60117 60139 60122 60127 60132
60140 60180 60150 60160 60170
60181 60198 60185 60189 60193
60199 60221 60204 60209 60214
60222 60247 60228 60234 60240
60248 60361 60276 60304 60332
60362 60446 60383 60404 60425
60447 60564 60476 60505 60534
60565 60611 60576 60587 60598
60612 60665 60625 60638 60651
60666 60697 60673 60680 60687
60698 60832 60731 60764 60797
60833 60885 60846 60859 60872
60886 61011 60917 60948 60979
61012 61486 61130 61248 61366
61487 61576 61509 61531 61553
61577 61630 61590 61603 61616
61631 61675 61642 61653 61664
61676 62017 61761 61846 61931
62018 62085 62034 62050 62066
62086 62157 62103 62120 62137
62158 62188 62165 62172 62179
62189 62294 62215 62241 62267
62295 62391 62319 62343 62367
62392 62478 62413 62434 62455
62479 62532 62492 62505 62518
62533 62649 62562 62591 62620
62650 62827 62694 62738 62782
62828 62936 62855 62882 62909
62937 62973 62946 62955 62964
62974 63131 63013 63052 63091
63132 63241 63159 63186 63213
63242 63298 63256 63270 63284
63299 63363 63315 63331 63347
63364 63495 63396 63428 63460
63496 63567 63513 63530 63547
63568 63689 63598 63628 63658
63690 63767 63709 63728 63747
63768 63852 63789 63810 63831
63853 63932 63872 63891 63910
63933 63951 63937 63941 63945
63952 64015 63967 63982 63997
64016 64064 64028 64040 64052
64065 64110 64076 64087 64098
64111 64159 64123 64135 64147
64160 64225 64176 64192 64208
64226 64301 64244 64262 64280
64302 64539 64361 64420 64479
64540 64683 64575 64610 64645
64684 64894 64736 64788 64840
64895 64993 64919 64943 64967
64994 65095 65019 65044 65069
65096 65119 65101 65106 65111
65120 65139 65124 65128 65132
65140 65307 65181 65222 65263
65308 65399 65330 65352 65374
65400 65482 65420 65440 65460
65483 65837 65571 65659 65747
65838 66008 65880 65922 65964
66009 66278 66076 66143 66210
66279 66324 66290 66301 66312
66325 66379 66338 66351 66364
66380 66523 66415 66450 66485
66524 66712 66571 66618 66665
66713 66779 66729 66745 66761
66780 66853 66798 66816 66834
66854 66903 66866 66878 66890
66904 66922 66908 66912 66916
66923 66980 66937 66951 66965
66981 67015 66989 66997 67005
67016 67105 67038 67060 67082
67106 67218 67134 67162 67190
67219 67307 67241 67263 67285
67308 67364 67322 67336 67350
67365 67570 67416 67467 67518
67571 67643 67589 67607 67625
67644 67667 67649 67654 67659
67668 67696 67675 67682 67689
67697 67722 67703 67709 67715
67723 67749 67729 67735 67741
67750 67784 67758 67766 67774
67785 67933 67822 67859 67896
67934 68023 67956 67978 68000
68024 68081 68038 68052 68066
68082 68111 68089 68096 68103
68112 68172 68127 68142 68157
68173 68201 68180 68187 68194
68202 68225 68207 68212 68217
68226 68267 68236 68246 68256
68268 68314 68279 68290 68301
68315 68344 68322 68329 68336
68345 68360 68348 68351 68354
68361 68560 68410 68459 68508
68561 68672 68588 68615 68642
68673 68777 68699 68725 68751
68778 68942 68819 68860 68901
68943 69006 68958 68973 68988
69007 69095 69029 69051 69073
69096 69167 69113 69130 69147
69168 69280 69196 69224 69252
69281 69298 69285 69289 69293
69299 69318 69303 69307 69311
69319 69371 69332 69345 69358
69372 69495 69402 69432 69462
69496 69662 69537 69578 69619
69663 69776 69691 69719 69747
69777 69857 69797 69817 69837
69858 69891 69866 69874 69882
69892 69947 69905 69918 69931
69948 70018 69965 69982 69999
70019 70086 70035 70051 70067
70087 70131 70098 70109 70120
70132 70196 70148 70164 70180
70197 70283 70218 70239 70260
70284 70392 70311 70338 70365
70393 70567 70436 70479 70522
70568 70634 70584 70600 70616
70635 70773 70669 70703 70737
70774 70821 70785 70796 70807
70822 70992 70864 70906 70948
70993 71163 71035 71077 71119
71164 71326 71204 71244 71284
71327 71378 71339 71351 71363
71379 71459 71399 71419 71439
71460 71547 71481 71502 71523
71548 71598 71560 71572 71584
71599 71634 71607 71615 71623
71635 71677 71645 71655 71665
71678 71714 71687 71696 71705
71715 71790 71733 71751 71769
71791 71825 71799 71807 71815
71826 71887 71841 71856 71871
71888 72052 71929 71970 72011
72053 72168 72081 72109 72137
72169 72236 72185 72201 72217
72237 72289 72250 72263 72276
72290 72332 72300 72310 72320
72333 72392 72347 72361 72375
72393 72461 72410 72427 72444
72462 72485 72467 72472 72477
72486 72545 72500 72514 72528
72546 72589 72556 72566 72576
72590 72652 72605 72620 72635
72653 72704 72665 72677 72689
72705 72747 72715 72725 72735
72748 72793 72759 72770 72781
72794 72940 72830 72866 72902
72941 72991 72953 72965 72977
72992 73011 72996 73000 73004
73012 73046 73020 73028 73036
73047 73122 73065 73083 73101
73123 73157 73131 73139 73147
73158 73211 73171 73184 73197
73212 73245 73220 73228 73236
73246 73352 73272 73298 73324
73353 73388 73361 73369 73377
73389 73445 73403 73417 73431
73446 73506 73461 73476 73491
73507 73523 73511 73515 73519
73524 73552 73531 73538 73545
73553 73576 73558 73563 73568
73577 73624 73588 73599 73610
73625 73748 73655 73685 73715
73749 73820 73766 73783 73800
73821 73850 73828 73835 73842
73851 73948 73875 73899 73923
73949 74063 73977 74005 74033
74064 74199 74097 74130 74163
74200 74303 74225 74250 74275
74304 74359 74317 74330 74343
74360 74415 74373 74386 74399
74416 74497 74436 74456 74476
74498 74556 74512 74526 74540
74557 74667 74584 74611 74638
74668 74778 74695 74722 74749
74779 74995 74833 74887 74941
74996 75090 74996 74996 75066
75091 75134 75101 75111 75121
75135 75191 75149 75163 75177
75192 75252 75207 75222 75237
75253 75346 75276 75299 75322
75347 75392 75358 75369 75380
75393 75467 75411 75429 75447
75468 75520 75481 75494 75507
75521 75561 75531 75541 75551
75562 75630 75579 75596 75613
75631 75708 75650 75669 75688
75709 75743 75717 75725 75733
75744 75806 75759 75774 75789
75807 75855 75819 75831 75843
75856 76023 75897 75938 75979
76024 76192 76066 76108 76150
76193 76249 76207 76221 76235
76250 76336 76271 76292 76313
76337 76434 76361 76385 76409
76435 76734 76509 76583 76657
76735 76814 76754 76773 76792
76815 76952 76849 76883 76917
76953 77223 77020 77087 77154
77224 77436 77277 77330 77383
77437 77534 77461 77485 77509
77535 77578 77545 77555 77565
77579 77629 77591 77603 77615
77630 77701 77647 77664 77681
77702 77796 77725 77748 77771
77797 77852 77810 77823 77836
77853 77933 77873 77893 77913
77934 78024 77956 77978 78000
78025 78233 78077 78129 78181
78234 78330 78258 78282 78306
78331 78397 78347 78363 78379
78398 78482 78419 78440 78461
78483 78767 78554 78625 78696
78768 78850 78788 78808 78828
78851 78895 78862 78873 78884
78896 78975 78915 78934 78953
78976 79094 79005 79034 79063
79095 79159 79111 79127 79143
79160 79363 79210 79260 79310
79364 79444 79384 79404 79424
79445 79524 79464 79483 79502
79525 79673 79562 79599 79636
79674 79711 79683 79692 79701
79712 79755 79722 79732 79742
79756 79805 79768 79780 79792
79806 79838 79814 79822 79830
79839 80160 79919 79999 80079
80161 80237 80180 80199 80218
80238 80324 80259 80280 80301
80325 80374 80337 80349 80361
80375 80432 80389 80403 80417
80433 80504 80450 80467 80484
80505 80564 80519 80533 80547
80565 80607 80575 80585 80595
80608 80941 80691 80774 80857
80942 81104 80982 81022 81062
81105 81264 81144 81183 81222
81265 81367 81290 81315 81340
81368 81487 81397 81426 81455
81488 81910 81593 81698 81803
81911 81992 81931 81951 81971
81993 82224 82050 82107 82164
82225 82299 82243 82261 82279
82300 82349 82312 82324 82336
82350 82406 82364 82378 82392
82407 82500 82430 82453 82476
82501 82551 82513 82525 82537
82552 82656 82578 82604 82630
82657 82695 82666 82675 82684
82696 82745 82708 82720 82732
82746 82814 82763 82780 82797
82815 82889 82833 82851 82869
82890 83014 82921 82952 82983
83015 83076 83030 83045 83060
83077 83126 83089 83101 83113
83127 83184 83141 83155 83169
83185 83280 83208 83231 83254
83281 83334 83294 83307 83320
83335 83437 83360 83385 83410
83438 83573 83471 83504 83537
83574 83691 83603 83632 83661
83692 83743 83704 83716 83728
83744 83859 83772 83800 83828
83860 83915 83873 83886 83899
83916 83970 83929 83942 83955
83971 84013 83981 83991 84001
84014 84076 84029 84044 84059
84077 84150 84095 84113 84131
84151 84191 84161 84171 84181
84192 84233 84202 84212 84222
84234 84295 84249 84264 84279
84296 84480 84342 84388 84434
84481 84605 84512 84543 84574
84606 84672 84622 84638 84654
84673 84787 84701 84729 84757
84788 84865 84807 84826 84845
84866 84959 84889 84912 84935
84960 85005 84971 84982 84993
85006 85037 85013 85020 85027
85038 85055 85042 85046 85050
85056 85094 85065 85074 85083
85095 85140 85106 85117 85128
85141 85199 85155 85169 85183
85200 85227 85206 85212 85218
85228 85300 85246 85264 85282
85301 85364 85316 85331 85346
85365 85407 85375 85385 85395
85408 85464 85422 85436 85450
85465 85543 85484 85503 85522
85544 85568 85550 85556 85562
85569 85590 85574 85579 85584
85591 85632 85601 85611 85621
85633 85660 85639 85645 85651
85661 85700 85670 85679 85688
85701 85769 85718 85735 85752
85770 85837 85786 85802 85818
85838 85875 85847 85856 85865
85876 85982 85902 85928 85954
85983 86095 86011 86039 86067
86096 86143 86107 86118 86129
86144 86201 86158 86172 86186
86202 86248 86213 86224 86235
86249 86324 86267 86285 86303
86325 86353 86332 86339 86346
86354 86379 86360 86366 86372
86380 86410 86387 86394 86401
86411 86438 86417 86423 86429
86439 86474 86447 86455 86463
86475 86528 86488 86501 86514
86529 86592 86544 86559 86574
86593 86631 86602 86611 86620
86632 86672 86642 86652 86662
86673 86765 86696 86719 86742
86766 86797 86773 86780 86787
86798 86830 86806 86814 86822
86831 86871 86841 86851 86861
86872 86928 86886 86900 86914
86929 87020 86951 86973 86995
87021 87146 87052 87083 87114
87147 87264 87176 87205 87234
87265 87360 87288 87311 87334
87361 87522 87401 87441 87481
87523 87568 87534 87545 87556
87569 87617 87581 87593 87605
87618 87711 87641 87664 87687
87712 87768 87726 87740 87754
87769 87820 87781 87793 87805
87821 87978 87860 87899 87938
87979 88037 87993 88007 88021
88038 88120 88058 88078 88098
88121 88333 88174 88227 88280
88334 88504 88376 88418 88460
88505 88566 88520 88535 88550
88567 88601 88575 88583 88591
88602 88647 88613 88624 88635
88648 88764 88677 88706 88735
88765 88823 88779 88793 88807
88824 88912 88846 88868 88890
88913 89006 88936 88959 88982
89007 89132 89038 89069 89100
89133 89272 89167 89201 89235
89273 89303 89280 89287 89294
89304 89340 89313 89322 89331
89341 89386 89352 89363 89374
89387 89442 89400 89413 89426
89443 89650 89494 89545 89596
89651 89709 89665 89679 89693
89710 89816 89736 89762 89788
89817 90072 89862 89907 90054
90073 90149 90092 90111 90130
90150 90277 90181 90212 90243
90278 90483 90329 90380 90431
90484 90650 90525 90566 90607
90651 90707 90665 90679 90693
90708 90764 90722 90736 90750
90765 90804 90774 90783 90792
90805 90881 90824 90843 90862
90882 90934 90895 90908 90921
90935 91014 90954 90973 90992
91015 91218 91065 91115 91165
91219 91338 91248 91277 91306
91339 91389 91351 91363 91375
91390 91471 91410 91430 91450
91472 91552 91492 91512 91532
91553 91707 91591 91629 91667
91708 91787 91727 91746 91765
91788 91824 91797 91806 91815
91825 91984 91864 91903 91942
91985 92130 92021 92057 92093
92131 92191 92146 92161 92176
92192 92454 92257 92322 92387
92455 92527 92473 92491 92509
92528 92595 92544 92560 92576
92596 92646 92608 92620 92632
92647 92747 92672 92697 92722
92748 92807 92762 92776 92790
92808 92935 92839 92870 92901
92936 93240 93012 93088 93164
93241 93813 93384 93527 93670
93814 94117 93889 93964 94039
94118 94235 94147 94176 94205
94236 94413 94280 94324 94368
94414 94485 94431 94448 94465
94486 94549 94501 94516 94531
94550 94990 94660 94770 94880
94991 95226 95049 95107 95165
95227 95511 95298 95369 95440
95512 95577 95528 95544 95560
95578 95677 95602 95626 95650
95678 95738 95693 95708 95723
95739 95819 95759 95779 95799
95820 95859 95829 95838 95847
95860 95920 95875 95890 95905
95921 95972 95933 95945 95957
95973 96279 96049 96125 96201
96280 96321 96290 96300 96310
96322 96532 96374 96426 96478
96533 96695 96573 96613 96653
96696 96779 96716 96736 96756
96780 96829 96792 96804 96816
96830 96913 96850 96870 96890
96914 97032 96943 96972 97001
97033 97140 97059 97085 97111
97141 97180 97150 97159 97168
97181 97262 97201 97221 97241
97263 97332 97280 97297 97314
97333 97462 97365 97397 97429
97463 97537 97481 97499 97517
97538 97787 97600 97662 97724
97788 97879 97810 97832 97854
97880 98044 97921 97962 98003
98045 98148 98070 98095 98120
98149 98223 98167 98185 98203
98224 98422 98273 98322 98371
98423 98640 98477 98531 98585
98641 98765 98672 98703 98734
98766 98821 98779 98792 98805
98822 99241 98926 99030 99134
99242 99361 99271 99300 99329
99362 99395 99370 99378 99386
99396 99464 99413 99430 99447
99465 99498 99473 99481 99489
99499 99568 99516 99533 99550
99569 99660 99591 99613 99635
99661 99723 99676 99691 99706
99724 99774 99736 99748 99760
99775 99931 99814 99853 99892
99932 99998 99948 99964 99980
99999 100054 100012 100025 100038
100055 100167 100083 100111 100139
100168 100219 100180 100192 100204
100220 100368 100257 100294 100331
100369 100470 100394 100419 100444
100471 100532 100486 100501 100516
100533 100604 100550 100567 100584
100605 100724 100634 100663 100692
100725 100767 100735 100745 100755
100768 100843 100786 100804 100822
100844 101001 100883 100922 100961
101002 101210 101054 101106 101158
101211 101339 101243 101275 101307
101340 101455 101368 101396 101424
101456 101480 101462 101468 101474
101481 101607 101512 101543 101574
101608 101825 101662 101716 101770
101826 102056 101883 101940 101997
102057 102149 102080 102103 102126
102150 102283 102183 102216 102249
102284 102558 102352 102420 102488
102559 103237 102728 102897 103066
103238 103321 103258 103278 103298
103322 103342 103327 103332 103337
103343 103473 103375 103407 103439
103474 103504 103481 103488 103495
103505 103586 103525 103545 103565
103587 103646 103601 103615 103629
103647 103665 103651 103655 103659
103666 103883 103720 103774 103828
103884 104005 103914 103944 103974
104006 104139 104039 104072 104105
104140 104194 104153 104166 104179
104195 104294 104219 104243 104267
104295 104320 104301 104307 104313
104321 104340 104325 104329 104333
104341 104367 104347 104353 104359
104368 104892 104499 104630 104761
104893 105023 104919 104945 105015
105024 105139 105052 105080 105108
105140 105441 105215 105290 105365
105442 105500 105456 105470 105484
105501 105539 105510 105519 105528
105540 105556 105544 105548 105552
105557 105627 105574 105591 105608
105628 105682 105641 105654 105667
105683 105705 105688 105693 105698
105706 106217 105833 105960 106087
106218 106264 106229 106240 106251
106265 106433 106307 106349 106391
106434 106554 106464 106494 106524
106555 106674 106584 106613 106642
106675 106756 106695 106715 106735
106757 107011 106820 106883 106946
107012 107060 107024 107036 107048
107061 107167 107087 107113 107139
107168 107427 107232 107296 107360
107428 107518 107450 107472 107494
107519 107602 107539 107559 107579
107603 107697 107626 107649 107672
107698 108050 107786 107874 107962
108051 108111 108066 108081 108096
108112 108207 108135 108158 108181
108208 108287 108227 108246 108265
108288 108307 108292 108296 108300
108308 108376 108325 108342 108359
108377 108415 108386 108395 108404
108416 108576 108456 108496 108536
108577 108658 108597 108617 108637
108659 108780 108689 108719 108749
108781 108851 108798 108815 108832
108852 108933 108872 108892 108912
108934 109055 108964 108994 109024
109056 109163 109082 109108 109134
109164 109575 109266 109368 109470
109576 109809 109634 109692 109750
109810 109973 109850 109890 109930
109974 110102 110006 110038 110070
110103 110168 110119 110135 110151
110169 110438 110236 110303 110370
110439 110655 110493 110547 110601
110656 110765 110683 110710 110737
110766 110837 110783 110800 110817
110838 110913 110856 110874 110892
110914 110971 110928 110942 110956
110972 111011 110981 110990 110999
111012 111207 111060 111108 111156
111208 111270 111223 111238 111253
111271 111419 111308 111345 111382
111420 111474 111433 111446 111459
111475 111545 111492 111509 111526
111546 111588 111556 111566 111576
111589 111666 111608 111627 111646
111667 111844 111711 111755 111799
111845 111864 111849 111853 111857
111865 111968 111890 111915 111940
111969 112007 111978 111987 111996
112008 112046 112017 112026 112035
112047 112112 112063 112079 112095
112113 112171 112127 112141 112155
112172 112275 112197 112222 112247
112276 112329 112289 112302 112315
112330 112531 112380 112430 112480
112532 112575 112542 112552 112562
112576 112608 112584 112592 112600
112609 112630 112614 112619 112624
112631 112691 112646 112661 112676
112692 112819 112723 112754 112785
112820 112849 112827 112834 112841
112850 112921 112867 112884 112901
112922 113178 112986 113050 113114
113179 113213 113187 113195 113203
113214 113240 113220 113226 113232
113241 113348 113267 113293 113319
113349 113532 113394 113439 113484
113533 113623 113555 113577 113599
113624 113660 113633 113642 113651
113661 113715 113674 113687 113700
113716 113774 113730 113744 113758
113775 113942 113816 113857 113898
113943 113981 113952 113961 113970
113982 114118 114016 114050 114084
114119 114209 114141 114163 114185
114210 114231 114215 114220 114225
114232 114260 114239 114246 114253
114261 114280 114265 114269 114273
114281 114319 114290 114299 114308
114320 114364 114331 114342 114353
114365 114488 114395 114425 114455
114489 114607 114518 114547 114576
114608 114709 114633 114658 114683
114710 114796 114731 114752 114773
114797 114909 114825 114853 114881
114910 114967 114924 114938 114952
114968 115011 114978 114988 114998
115012 115136 115043 115074 115105
115137 115202 115153 115169 115185
115203 115277 115221 115239 115257
115278 115315 115287 115296 115305
115316 115410 115339 115362 115385
115411 115450 115420 115429 115438
115451 115627 115495 115539 115583
115628 115670 115638 115648 115658
115671 115691 115676 115681 115686
115692 115727 115700 115708 115716
115728 115754 115734 115740 115746
115755 115785 115762 115769 115776
115786 115809 115791 115796 115801
115810 115875 115826 115842 115858
115876 116037 115916 115956 115996
116038 116093 116051 116064 116077
116094 116173 116113 116132 116151
116174 116400 116230 116286 116342
116401 116467 116417 116433 116449
116468 116529 116483 116498 116513
116530 116715 116576 116622 116668
116716 116761 116727 116738 116749
116762 116850 116784 116806 116828
116851 117049 116900 116949 116998
117050 117103 117063 117076 117089
117104 117498 117202 117300 117398
117499 117612 117527 117555 117583
117613 117711 117637 117661 117685
117712 117785 117730 117748 117766
117786 117919 117819 117852 117885
117920 117985 117936 117952 117968
117986 118042 118000 118014 118028
118043 118084 118053 118063 118073
118085 118170 118106 118127 118148
118171 118355 118217 118263 118309
118356 118575 118410 118464 118518
118576 118671 118599 118622 118645
118672 118914 118732 118792 118852
118915 118973 118929 118943 118957
118974 119183 119026 119078 119130
119184 119315 119216 119248 119280
119316 119335 119320 119324 119328
119336 119398 119351 119366 119381
119399 119470 119416 119433 119450
119471 119556 119492 119513 119534
119557 119584 119563 119569 119575
119585 119697 119613 119641 119669
119698 119762 119714 119730 119746
119763 119783 119768 119773 119778
119784 119910 119815 119846 119877
119911 120062 119933 119955 120045
120063 120111 120075 120087 120099
120112 120167 120125 120138 120151
120168 120208 120178 120188 120198
120209 120239 120216 120223 120230
120240 120308 120257 120274 120291
120309 120332 120314 120319 120324
120333 120355 120338 120343 120348
120356 120402 120367 120378 120389
120403 120520 120432 120461 120490
120521 120560 120530 120539 120548
120561 120630 120578 120595 120612
120631 120653 120636 120641 120646
120654 120812 120693 120732 120771
120813 120870 120827 120841 120855
120871 120919 120883 120895 120907
120920 120950 120927 120934 120941
120951 120979 120958 120965 120972
120980 121005 120986 120992 120998
121006 121037 121013 121020 121027
121038 121064 121044 121050 121056
121065 121088 121070 121075 121080
121089 121137 121101 121113 121125
121138 121225 121159 121180 121201
121226 121247 121231 121236 121241
121248 121303 121261 121274 121287
121304 121322 121308 121312 121316
121323 121341 121327 121331 121335
121342 121464 121372 121402 121432
121465 121488 121470 121475 121480
121489 121506 121493 121497 121501
121507 121525 121511 121515 121519
121526 121554 121533 121540 121547
121555 121584 121562 121569 121576
121585 121602 121589 121593 121597
121603 121620 121607 121611 121615
121621 121640 121625 121629 121633
121641 121664 121646 121651 121656
121665 121702 121674 121683 121692
121703 121732 121710 121717 121724
121733 121797 121749 121765 121781
121798 121818 121803 121808 121813
121819 121866 121830 121841 121852
121867 121886 121871 121875 121879
121887 121906 121891 121895 121899
121907 121978 121924 121941 121958
121979 122050 121996 122013 122030
122051 122143 122074 122097 122120
122144 122208 122160 122176 122192
122209 122226 122213 122217 122221
122227 122243 122231 122235 122239
122244 122265 122249 122254 122259
122266 122282 122270 122274 122278
122283 122301 122287 122291 122295
122302 122318 122306 122310 122314
122319 122392 122337 122355 122373
122393 122457 122409 122425 122441
122458 122477 122462 122466 122470
122478 122495 122482 122486 122490
122496 122514 122500 122504 122508
122515 122558 122525 122535 122545
122559 122585 122565 122571 122577
122586 122670 122607 122628 122649
122671 122738 122687 122703 122719
122739 122766 122745 122751 122757
122767 122794 122773 122779 122785
122795 122827 122803 122811 122819
122828 122868 122838 122848 122858
122869 122907 122878 122887 122896
122908 122944 122917 122926 122935
122945 122973 122952 122959 122966
122974 123029 122987 123000 123013
123030 123084 123043 123056 123069
123085 123128 123095 123105 123115
123129 123156 123135 123141 123147
123157 123191 123165 123173 123181
123192 123237 123203 123214 123225
123238 123262 123244 123250 123256
123263 123296 123271 123279 123287
123297 123322 123303 123309 123315
123323 123356 123331 123339 123347
123357 123385 123364 123371 123378
123386 123478 123409 123432 123455
123479 123499 123484 123489 123494
123500 123525 123506 123512 123518
123526 123598 123544 123562 123580
123599 123657 123613 123627 123641
123658 123734 123677 123696 123715
123735 123777 123745 123755 123765
123778 123828 123790 123802 123814
123829 123942 123857 123885 123913
123943 123971 123950 123957 123964
123972 124038 123988 124004 124020
124039 124151 124067 124095 124123
124152 124352 124202 124252 124302
124353 124686 124436 124519 124602
124687 124746 124701 124715 124729
124747 124796 124759 124771 124783
124797 124886 124819 124841 124863
124887 124997 124914 124941 124968
124998 125180 125043 125088 125133
125181 125358 125225 125269 125313
125359 125503 125395 125431 125467
125504 125627 125534 125564 125594
125628 125727 125652 125676 125700
125728 125839 125755 125782 125809
125840 125896 125854 125868 125882
125897 125995 125921 125945 125969
125996 126072 126015 126034 126053
126073 126132 126087 126101 126115
126133 126239 126159 126185 126211
126240 126605 126331 126422 126513
126606 126972 126697 126788 126879
126973 127032 126987 127001 127015
127033 127142 127060 127087 127114
127143 127258 127171 127199 127227
127259 127366 127285 127311 127337
127367 127411 127378 127389 127400
127412 127440 127419 127426 127433
127441 127465 127447 127453 127459
127466 127503 127475 127484 127493
127504 127529 127510 127516 127522
127530 127559 127537 127544 127551
127560 127579 127564 127568 127572
127580 127598 127584 127588 127592
127599 127708 127626 127653 127680
127709 127767 127723 127737 127751
127768 127932 127809 127850 127891
127933 128035 127958 127983 128008
128036 128106 128053 128070 128087
128107 128188 128127 128147 128167
128189 128237 128201 128213 128225
128238 128280 128248 128258 128268
128281 128371 128303 128325 128347
128372 128389 128376 128380 128384
128390 128651 128455 128520 128585
128652 128809 128691 128730 128769
128810 129126 128889 128968 129047
129127 129176 129139 129151 129163
129177 129320 129212 129247 129282
129321 129485 129362 129403 129444
129486 129823 129570 129654 129738
129824 130020 129873 129922 129971
130021 130142 130051 130081 130111
130143 130224 130163 130183 130203
130225 130285 130240 130255 130270
130286 130419 130319 130352 130385
130420 130447 130426 130432 130438
130448 130480 130456 130464 130472
130481 130504 130486 130491 130496
130505 130761 130569 130633 130697
130762 130828 130778 130794 130810
130829 130932 130854 130879 130904
130933 131076 130968 131003 131038
131077 131216 131111 131145 131179
131217 131415 131266 131315 131364
131416 131727 131493 131570 131647
131728 131793 131744 131760 131776
131794 131896 131819 131844 131869
131897 132007 131924 131951 131978
132008 132045 132017 132026 132035
132046 132119 132064 132082 132100
132120 132157 132129 132138 132147
132158 132230 132176 132194 132212
132231 132262 132238 132245 132252
132263 132288 132269 132275 132281
132289 132384 132312 132335 132358
132385 132496 132412 132439 132466
132497 133224 132678 132859 133040
133225 133326 133250 133275 133300
133327 133427 133352 133377 133402
133428 133584 133467 133506 133545
133585 133634 133597 133609 133621
133635 133658 133640 133645 133650
133659 133783 133690 133721 133752
133784 134018 133842 133900 133958
134019 134302 134089 134159 134229
134303 134556 134366 134429 134492
134557 134812 134620 134683 134746
134813 134873 134828 134843 134858
134874 135090 134905 134936 135066
135091 135191 135116 135141 135166
135192 135243 135204 135216 135228
135244 135341 135268 135292 135316
135342 135402 135357 135372 135387
135403 135482 135422 135441 135460
135483 135644 135523 135563 135603
135645 135704 135659 135673 135687
135705 135838 135738 135771 135804
135839 135954 135867 135895 135923
135955 135999 135966 135977 135988
136000 136055 136013 136026 136039
136056 136108 136069 136082 136095
136109 136179 136126 136143 136160
136180 136238 136194 136208 136222
136239 136292 136252 136265 136278
136293 136326 136301 136309 136317
136327 136367 136337 136347 136357
136368 136399 136375 136382 136389
136400 136468 136417 136434 136451
136469 136504 136477 136485 136493
136505 136532 136511 136517 136523
136533 136555 136538 136543 136548
136556 136572 136560 136564 136568
136573 136598 136579 136585 136591
136599 136618 136603 136607 136611
136619 136687 136636 136653 136670
136688 136723 136696 136704 136712
136724 136773 136736 136748 136760
136774 136967 136822 136870 136918
136968 137081 136996 137024 137052
137082 137119 137091 137100 137109
137120 137147 137126 137132 137138
137148 137194 137159 137170 137181
137195 137251 137209 137223 137237
137252 137349 137276 137300 137324
137350 137408 137364 137378 137392
137409 137470 137424 137439 137454
137471 137520 137483 137495 137507
137521 137565 137532 137543 137554
137566 137640 137584 137602 137620
137641 137715 137659 137677 137695
137716 137790 137734 137752 137770
137791 137830 137800 137809 137818
137831 137864 137839 137847 137855
137865 137901 137874 137883 137892
137902 137950 137914 137926 137938
137951 137989 137960 137969 137978
137990 138020 137997 138004 138011
138021 138166 138057 138093 138129
138167 138257 138189 138211 138233
138258 138327 138275 138292 138309
138328 138352 138334 138340 138346
138353 138401 138365 138377 138389
138402 138437 138410 138418 138426
138438 138474 138447 138456 138465
138475 138513 138484 138493 138502
138514 138540 138520 138526 138532
138541 138604 138556 138571 138586
138605 138657 138618 138631 138644
138658 138685 138664 138670 138676
138686 138799 138714 138742 138770
138800 138850 138812 138824 138836
138851 138880 138858 138865 138872
138881 138909 138888 138895 138902
138910 138945 138918 138926 138934
138946 138972 138952 138958 138964
138973 138998 138979 138985 138991
138999 139075 139018 139037 139056
139076 139132 139090 139104 139118
139133 139166 139141 139149 139157
139167 139206 139176 139185 139194
139207 139273 139223 139239 139255
139274 139324 139286 139298 139310
139325 139351 139331 139337 139343
139352 139423 139369 139386 139403
139424 139477 139437 139450 139463
139478 139499 139483 139488 139493
139500 139567 139516 139532 139548
139568 139609 139578 139588 139598
139610 139648 139619 139628 139637
139649 139669 139654 139659 139664
139670 139748 139689 139708 139727
139749 139790 139759 139769 139779
139791 139824 139799 139807 139815
139825 139856 139832 139839 139846
139857 139893 139866 139875 139884
139894 139910 139898 139902 139906
139911 139928 139915 139919 139923
139929 140022 139952 139975 139998
140023 140059 140032 140041 140050
140060 140079 140064 140068 140072
140080 140126 140091 140102 140113
140127 140153 140133 140139 140145
140154 140200 140165 140176 140187
140201 140231 140208 140215 140222
140232 140295 140247 140262 140277
140296 140326 140303 140310 140317
140327 140348 140332 140337 140342
140349 140365 140353 140357 140361
140366 140504 140400 140434 140468
140505 140559 140518 140531 140544
140560 140671 140587 140614 140641
140672 140835 140712 140752 140792
140836 140957 140866 140896 140926
140958 141013 140971 140984 140997
141014 141271 141078 141142 141206
141272 141430 141311 141350 141389
141431 141594 141471 141511 141551
141595 141891 141669 141743 141817
141892 141997 141918 141944 141970
141998 142120 142028 142058 142088
142121 142163 142131 142141 142151
142164 142418 142227 142290 142353
142419 142510 142441 142463 142485
142511 142571 142526 142541 142556
142572 142639 142588 142604 142620
142640 142845 142691 142742 142793
142846 143003 142885 142924 142963
143004 143042 143013 143022 143031
143043 143108 143059 143075 143091
143109 143138 143116 143123 143130
143139 143286 143175 143211 143247
143287 143317 143294 143301 143308
143318 143368 143330 143342 143354
143369 143419 143381 143393 143405
143420 143504 143441 143462 143483
143505 143543 143514 143523 143532
143544 143581 143553 143562 143571
143582 143615 143590 143598 143606
143616 143723 143642 143668 143694
143724 143779 143737 143750 143763
143780 143812 143788 143796 143804
143813 143840 143819 143825 143831
143841 143868 143847 143853 143859
143869 143907 143878 143887 143896
143908 143961 143921 143934 143947
143962 143997 143970 143978 143986
143998 144059 144013 144028 144043
144060 144126 144076 144092 144108
144127 144172 144138 144149 144160
144173 144284 144200 144227 144254
144285 144378 144308 144331 144354
144379 144625 144440 144501 144562
144626 144662 144635 144644 144653
144663 144690 144669 144675 144681
144691 144736 144702 144713 144724
144737 144812 144755 144773 144791
144813 144919 144839 144865 144891
144920 144963 144930 144940 144950
144964 145066 144989 145014 145039
145067 145099 145075 145083 145091
145100 145158 145114 145128 145142
145159 145212 145172 145185 145198
145213 145363 145250 145287 145324
145364 145605 145424 145484 145544
145606 145703 145630 145654 145678
145704 145737 145712 145720 145728
145738 145791 145751 145764 145777
145792 145809 145796 145800 145804
145810 145835 145816 145822 145828
145836 145859 145841 145846 145851
145860 145954 145883 145906 145929
145955 145986 145962 145969 145976
145987 146006 145991 145995 145999
146007 146046 146016 146025 146034
146047 146082 146055 146063 146071
146083 146102 146087 146091 146095
146103 146171 146120 146137 146154
146172 146215 146182 146192 146202
146216 146332 146245 146274 146303
146333 146394 146348 146363 146378
146395 146419 146401 146407 146413
146420 146493 146438 146456 146474
146494 146513 146498 146502 146506
146514 146542 146521 146528 146535
146543 146596 146556 146569 146582
146597 146632 146605 146613 146621
146633 146754 146663 146693 146723
146755 146813 146769 146783 146797
146814 146851 146823 146832 146841
146852 146877 146858 146864 146870
146878 146955 146897 146916 146935
146956 147109 146994 147032 147070
147110 147131 147115 147120 147125
147132 147222 147154 147176 147198
147223 147294 147240 147257 147274
147295 147315 147300 147305 147310
147316 147366 147328 147340 147352
147367 147389 147372 147377 147382
147390 147425 147398 147406 147414
147426 147480 147439 147452 147465
147481 147606 147512 147543 147574
147607 147707 147632 147657 147682
147708 147736 147715 147722 147729
147737 147778 147747 147757 147767
147779 147902 147809 147839 147869
147903 147953 147915 147927 147939
147954 148005 147966 147978 147990
148006 148022 148010 148014 148018
148023 148039 148027 148031 148035
148040 148118 148059 148078 148097
148119 148159 148129 148139 148149
148160 148191 148167 148174 148181
148192 148269 148211 148230 148249
148270 148311 148280 148290 148300
148312 148385 148330 148348 148366
148386 148445 148400 148414 148428
148446 148507 148461 148476 148491
148508 148603 148531 148554 148577
148604 148646 148614 148624 148634
148647 148695 148659 148671 148683
148696 148780 148717 148738 148759
148781 148799 148785 148789 148793
148800 148825 148806 148812 148818
148826 148877 148838 148850 148862
148878 148975 148902 148926 148950
148976 149001 148982 148988 148994
149002 149164 149042 149082 149122
149165 149266 149190 149215 149240
149267 149417 149304 149341 149378
149418 149490 149436 149454 149472
149491 149533 149501 149511 149521
149534 149579 149545 149556 149567
149580 149649 149597 149614 149631
149650 149889 149709 149768 149827
149890 149958 149907 149924 149941
149959 150004 149969 149979 150003
150005 150052 150016 150027 150038
150053 150132 150072 150091 150110
150133 150179 150144 150155 150166
150180 150225 150191 150202 150213
150226 150244 150230 150234 150238
150245 150293 150257 150269 150281
150294 150325 150301 150308 150315
150326 150365 150335 150344 150353
150366 150448 150386 150406 150426
150449 150578 150481 150513 150545
150579 150652 150597 150615 150633
150653 150714 150668 150683 150698
150715 150785 150732 150749 150766
150786 150921 150819 150852 150885
150922 151138 150976 151030 151084
151139 151239 151164 151189 151214
151240 151275 151248 151256 151264
151276 151356 151296 151316 151336
151357 151587 151414 151471 151528
151588 151765 151632 151676 151720
151766 151816 151778 151790 151802
151817 151988 151859 151901 151943
151989 152019 151996 152003 152010
152020 152044 152026 152032 152038
152045 152069 152051 152057 152063
152070 152129 152084 152098 152112
152130 152297 152171 152212 152253
152298 152322 152304 152310 152316
152323 152506 152368 152413 152458
152507 152617 152534 152561 152588
152618 152752 152651 152684 152717
152753 152888 152786 152819 152852
152889 153296 152990 153091 153192
153297 153574 153366 153435 153504
153575 153826 153637 153699 153761
153827 153895 153844 153861 153878
153896 154033 153930 153964 153998
154034 154176 154069 154104 154139
154177 154267 154199 154221 154243
154268 154499 154325 154382 154439
154500 154539 154509 154518 154527
154540 154678 154574 154608 154642
154679 154755 154698 154717 154736
154756 154784 154763 154770 154777
154785 154891 154811 154837 154863
154892 154960 154909 154926 154943
154961 155008 154972 154983 154994
155009 155151 155044 155079 155114
155152 155216 155168 155184 155200
155217 155281 155233 155249 155265
155282 155323 155292 155302 155312
155324 155432 155351 155378 155405
155433 155481 155445 155457 155469
155482 155702 155537 155592 155647
155703 155768 155719 155735 155751
155769 155814 155780 155791 155802
155815 155869 155828 155841 155854
155870 155926 155884 155898 155912
155927 156008 155947 155967 155987
156009 156084 156027 156045 156063
156085 156149 156101 156117 156133
156150 156172 156155 156160 156165
156173 156232 156187 156201 156215
156233 156402 156275 156317 156359
156403 156519 156432 156461 156490
156520 156648 156552 156584 156616
156649 156692 156659 156669 156679
156693 156774 156713 156733 156753
156775 156823 156787 156799 156811
156824 156878 156837 156850 156863
156879 156917 156888 156897 156906
156918 157014 156942 156966 156990
157015 157043 157022 157029 157036
157044 157088 157055 157066 157077
157089 157116 157095 157101 157107
157117 157138 157122 157127 157132
157139 157165 157145 157151 157157
157166 157203 157175 157184 157193
157204 157245 157214 157224 157234
157246 157284 157255 157264 157273
157285 157433 157322 157359 157396
157434 157453 157438 157442 157446
157454 157659 157505 157556 157607
157660 157907 157721 157782 157843
157908 157984 157927 157946 157965
157985 158049 158001 158017 158033
158050 158089 158059 158068 158077
158090 158183 158113 158136 158159
158184 158223 158193 158202 158211
158224 158246 158229 158234 158239
158247 158320 158265 158283 158301
158321 158650 158403 158485 158567
158651 158780 158683 158715 158747
158781 158804 158786 158791 158796
158805 158861 158819 158833 158847
158862 158878 158866 158870 158874
158879 158973 158902 158925 158948
158974 159079 159000 159026 159052
159080 159110 159087 159094 159101
159111 159184 159129 159147 159165
159185 159211 159191 159197 159203
159212 159235 159217 159222 159227
159236 159260 159242 159248 159254
159261 159293 159269 159277 159285
159294 159321 159300 159306 159312
159322 159340 159326 159330 159334
159341 159376 159349 159357 159365
159377 159425 159389 159401 159413
159426 159542 159455 159484 159513
159543 159563 159548 159553 159558
159564 159620 159578 159592 159606
159621 159714 159644 159667 159690
159715 159858 159750 159785 159820
159859 159903 159870 159881 159892
159904 159961 159918 159932 159946
159962 160174 160015 160068 160121
160175 160235 160190 160205 160220
160236 160304 160253 160270 160287
160305 160370 160321 160337 160353
160371 160412 160381 160391 160401
160413 160441 160420 160427 160434
160442 160485 160452 160462 160472
160486 160561 160504 160522 160540
160562 160639 160581 160600 160619
160640 160723 160660 160680 160700
160724 160773 160736 160748 160760
160774 160888 160802 160830 160858
160889 161041 160927 160965 161003
161042 161143 161067 161092 161117
161144 161235 161166 161188 161210
161236 161319 161256 161276 161296
161320 161503 161365 161410 161455
161504 161635 161536 161568 161600
161636 161696 161651 161666 161681
161697 161812 161725 161753 161781
161813 161897 161834 161855 161876
161898 162001 161923 161948 161973
162002 162123 162032 162062 162092
162124 162210 162145 162166 162187
162211 162290 162230 162249 162268
162291 162402 162318 162345 162372
162403 162656 162466 162529 162592
162657 162674 162661 162665 162669
162675 162706 162682 162689 162696
162707 162822 162735 162763 162791
162823 162879 162837 162851 162865
162880 163103 162935 162990 163045
163104 163169 163120 163136 163152
163170 163198 163177 163184 163191
163199 163225 163205 163211 163217
163226 163268 163236 163246 163256
163269 163346 163288 163307 163326
163347 163401 163360 163373 163386
163402 163436 163410 163418 163426
163437 163456 163441 163445 163449
163457 163490 163465 163473 163481
163491 163526 163499 163507 163515
163527 163556 163534 163541 163548
163557 163601 163568 163579 163590
163602 163664 163617 163632 163647
163665 163772 163691 163717 163743
163773 163812 163782 163791 163800
163813 163838 163819 163825 163831
163839 163972 163872 163905 163938
163973 164013 163983 163993 164003
164014 164056 164024 164034 164044
164057 164108 164069 164081 164093
164109 164152 164119 164129 164139
164153 164239 164174 164195 164216
164240 164338 164264 164288 164312
164339 164389 164351 164363 164375
164390 164445 164403 164416 164429
164446 164514 164463 164480 164497
164515 164600 164536 164557 164578
164601 164776 164644 164687 164730
164777 164979 164827 164877 164927
164980 165027 164984 164988 165018
165028 165440 165131 165234 165337
165441 165729 165513 165585 165657
165730 165770 165740 165750 165760
165771 165837 165787 165803 165819
165838 165971 165871 165904 165937
165972 166064 165995 166018 166041
166065 166149 166086 166107 166128
166150 166332 166195 166240 166285
166333 166405 166351 166369 166387
166406 166496 166428 166450 166472
166497 166654 166536 166575 166614
166655 166714 166669 166683 166697
166715 166781 166731 166747 166763
166782 166880 166806 166830 166854
166881 166928 166892 166903 166914
166929 166997 166946 166963 166980
166998 167204 167049 167100 167151
167205 167264 167219 167233 167247
167265 167295 167272 167279 167286
167296 167383 167317 167338 167359
167384 167421 167393 167402 167411
167422 167538 167451 167480 167509
167539 167620 167559 167579 167599
167621 167664 167631 167641 167651
167665 167720 167678 167691 167704
167721 167775 167734 167747 167760
167776 167844 167793 167810 167827
167845 167902 167859 167873 167887
167903 168009 167929 167955 167981
168010 168064 168023 168036 168049
168065 168099 168073 168081 168089
168100 168216 168129 168158 168187
168217 168251 168225 168233 168241
168252 168400 168289 168326 168363
168401 168436 168409 168417 168425
168437 168469 168445 168453 168461
168470 168511 168480 168490 168500
168512 168574 168527 168542 168557
168575 168630 168588 168601 168614
168631 168653 168636 168641 168646
168654 168759 168680 168706 168732
168760 168817 168774 168788 168802
168818 168894 168837 168856 168875
168895 168945 168907 168919 168931
168946 168969 168951 168956 168961
168970 169025 168983 168996 169009
169026 169057 169033 169040 169047
169058 169088 169065 169072 169079
169089 169188 169113 169137 169161
169189 169242 169202 169215 169228
169243 169260 169247 169251 169255
169261 169281 169266 169271 169276
169282 169303 169287 169292 169297
169304 169531 169360 169416 169472
169532 169617 169553 169574 169595
169618 169697 169637 169656 169675
169698 169827 169730 169762 169794
169828 169866 169837 169846 169855
169867 169895 169874 169881 169888
169896 169929 169904 169912 169920
169930 169962 169938 169946 169954
169963 170018 169976 169989 170002
170019 170083 170035 170051 170067
170084 170194 170111 170138 170165
170195 170297 170220 170245 170270
170298 170369 170315 170332 170349
170370 170488 170399 170428 170457
170489 170532 170499 170509 170519
170533 170656 170563 170593 170623
170657 170675 170661 170665 170669
170676 170711 170684 170692 170700
170712 170734 170717 170722 170727
170735 170774 170744 170753 170762
170775 170797 170780 170785 170790
170798 170814 170802 170806 170810
170815 170835 170820 170825 170830
170836 170860 170842 170848 170854
170861 170879 170865 170869 170873
170880 170908 170887 170894 170901
170909 170935 170915 170921 170927
170936 170953 170940 170944 170948
170954 170996 170964 170974 170984
170997 171027 171004 171011 171018
171028 171050 171033 171038 171043
171051 171067 171055 171059 171063
171068 171084 171072 171076 171080
171085 171122 171094 171103 171112
171123 171158 171131 171139 171147
171159 171266 171185 171211 171237
171267 171296 171274 171281 171288
171297 171374 171316 171335 171354
171375 171409 171383 171391 171399
171410 171472 171425 171440 171455
171473 171545 171491 171509 171527
171546 171568 171551 171556 171561
171569 171589 171574 171579 171584
171590 171629 171599 171608 171617
171630 171663 171638 171646 171654
171664 171731 171680 171696 171712
171732 171830 171756 171780 171804
171831 171858 171837 171843 171849
171859 171967 171886 171913 171940
171968 172005 171977 171986 171995
172006 172072 172022 172038 172054
172073 172214 172108 172143 172178
172215 172282 172231 172247 172263
172283 172463 172328 172373 172418
172464 172531 172480 172496 172512
172532 172584 172545 172558 172571
172585 172654 172602 172619 172636
172655 172702 172666 172677 172688
172703 172723 172708 172713 172718
172724 172740 172728 172732 172736
172741 172800 172755 172769 172783
172801 172840 172810 172819 172828
172841 172947 172867 172893 172919
172948 173034 172969 172990 173011
173035 173094 173049 173063 173077
173095 173107 173098 173101 173104
173108 173167 173122 173136 173150
173168 173745 173312 173456 173600
173746 173835 173768 173790 173812
173836 173939 173861 173886 173911
173940 174009 173957 173974 173991
174010 174109 174034 174058 174082
174110 174209 174134 174158 174182
174210 174239 174217 174224 174231
174240 174294 174253 174266 174279
174295 174365 174312 174329 174346
174366 174609 174426 174486 174546
174610 174803 174658 174706 174754
174804 174832 174811 174818 174825
174833 174866 174841 174849 174857
174867 174943 174886 174905 174924
174944 175042 174968 174992 175016
175043 175143 175068 175093 175118
175144 175302 175183 175222 175261
175303 175377 175321 175339 175357
175378 175437 175392 175406 175420
175438 175513 175456 175474 175492
175514 175563 175526 175538 175550
175564 175624 175579 175594 175609
175625 175676 175637 175649 175661
175677 175782 175703 175729 175755
175783 175974 175830 175877 175924
175975 176213 176034 176093 176152
176214 176431 176268 176322 176376
176432 176779 176518 176604 176690
176780 176863 176800 176820 176840
176864 177032 176906 176948 176990
177033 177116 177053 177073 177093
177117 177208 177139 177161 177183
177209 177289 177229 177249 177269
177290 177372 177310 177330 177350
177373 177669 177447 177521 177595
177670 177871 177720 177770 177820
177872 177920 177884 177896 177908
177921 177964 177931 177941 177951
177965 178028 177980 177995 178010
178029 178224 178077 178125 178173
178225 178316 178247 178269 178291
178317 178443 178348 178379 178410
178444 178512 178461 178478 178495
178513 178663 178550 178587 178624
178664 178936 178732 178800 178868
178937 178977 178947 178957 178967
178978 179028 178990 179002 179014
179029 179087 179043 179057 179071
179088 179173 179109 179130 179151
179174 179476 179249 179324 179399
179477 179664 179523 179569 179615
179665 179894 179722 179779 179836
179895 180004 179921 179947 180003
180005 180109 180031 180057 180083
180110 180223 180138 180166 180194
180224 180301 180243 180262 180281
180302 180662 180392 180482 180572
180663 180724 180678 180693 180708
180725 180796 180742 180759 180776
180797 180879 180817 180837 180857
180880 180920 180890 180900 180910
180921 181044 180951 180981 181011
181045 181099 181058 181071 181084
181100 181187 181121 181142 181163
181188 181260 181206 181224 181242
181261 181336 181279 181297 181315
181337 181386 181349 181361 181373
181387 181425 181396 181405 181414
181426 181486 181441 181456 181471
181487 181546 181501 181515 181529
181547 181616 181564 181581 181598
181617 181886 181684 181751 181818
181887 181947 181902 181917 181932
181948 182261 182026 182104 182182
182262 182326 182278 182294 182310
182327 182476 182364 182401 182438
182477 182582 182503 182529 182555
182583 182668 182604 182625 182646
182669 182732 182684 182699 182714
182733 182898 182774 182815 182856
182899 182943 182910 182921 182932
182944 183016 182962 182980 182998
183017 183084 183033 183049 183065
183085 183347 183150 183215 183280
183348 183411 183363 183378 183393
183412 183582 183454 183496 183538
183583 183738 183621 183659 183697
183739 183927 183786 183833 183880
183928 184078 183965 184002 184039
184079 184154 184097 184115 184133
184155 184344 184202 184249 184296
184345 184731 184441 184537 184633
184732 185274 184867 185002 185137
185275 185531 185339 185403 185467
185532 185716 185578 185624 185670
185717 185859 185752 185787 185822
185860 186085 185916 185972 186028
186086 186117 186093 186100 186107
186118 186168 186130 186142 186154
186169 186270 186194 186219 186244
186271 186329 186285 186299 186313
186330 186437 186356 186382 186408
186438 186465 186444 186450 186456
186466 186496 186473 186480 186487
186497 186577 186517 186537 186557
186578 186641 186593 186608 186623
186642 186696 186655 186668 186681
186697 186749 186710 186723 186736
186750 186784 186758 186766 186774
186785 186834 186797 186809 186821
186835 187044 186887 186939 186991
187045 187084 187054 187063 187072
187085 187123 187094 187103 187112
187124 187436 187202 187280 187358
187437 187573 187471 187505 187539
187574 187775 187624 187674 187724
187776 187937 187816 187856 187896
187938 188220 188008 188078 188148
188221 188410 188268 188315 188362
188411 188661 188473 188535 188597
188662 188736 188680 188698 188716
188737 188780 188747 188757 188767
188781 188992 188833 188885 188937
188993 189109 189022 189051 189080
189110 189326 189164 189218 189272
189327 189442 189355 189383 189411
189443 189658 189496 189549 189602
189659 189843 189705 189751 189797
189844 189919 189862 189880 189898
189920 190009 189942 189964 189986
190010 190064 190023 190036 190049
190065 190120 190078 190091 190104
190121 190188 190137 190153 190169
190189 190383 190237 190285 190333
190384 190445 190399 190414 190429
190446 190568 190476 190506 190536
190569 190702 190602 190635 190668
190703 190842 190737 190771 190805
190843 190964 190873 190903 190933
190965 191017 190978 190991 191004
191018 191110 191041 191064 191087
191111 191151 191121 191131 191141
191152 191314 191192 191232 191272
191315 191458 191350 191385 191420
191459 191502 191469 191479 191489
191503 191556 191516 191529 191542
191557 191601 191568 191579 191590
191602 191673 191619 191636 191653
191674 191739 191690 191706 191722
191740 191773 191748 191756 191764
191774 191805 191781 191788 191795
191806 191840 191814 191822 191830
191841 191908 191857 191873 191889
191909 191947 191918 191927 191936
191948 192002 191961 191974 191987
192003 192036 192011 192019 192027
192037 192064 192043 192049 192055
192065 192092 192071 192077 192083
192093 192186 192116 192139 192162
192187 192215 192194 192201 192208
192216 192318 192241 192266 192291
192319 192361 192329 192339 192349
192362 192379 192366 192370 192374
192380 192398 192384 192388 192392
192399 192465 192415 192431 192447
192466 192504 192475 192484 192493
192505 192549 192516 192527 192538
192550 192587 192559 192568 192577
192588 192654 192604 192620 192636
192655 192692 192664 192673 192682
192693 192824 192725 192757 192789
192825 192921 192849 192873 192897
192922 192941 192926 192930 192934
192942 193086 192978 193014 193050
193087 193103 193091 193095 193099
193104 193120 193108 193112 193116
193121 193376 193184 193247 193310
193377 193424 193388 193399 193410
193425 193467 193435 193445 193455
193468 193688 193523 193578 193633
193689 193999 193766 193843 193920
194000 194064 194016 194032 194048
194065 194359 194138 194211 194284
194360 194450 194382 194404 194426
194451 194781 194533 194615 194697
194782 194925 194817 194852 194887
194926 195167 194944 194962 195123
195168 195218 195180 195192 195204
195219 195282 195234 195249 195264
195283 195383 195308 195333 195358
195384 195486 195409 195434 195459
195487 195616 195519 195551 195583
195617 195708 195639 195661 195683
195709 195766 195723 195737 195751
195767 195938 195809 195851 195893
195939 196034 195962 195985 196008
196035 196290 196098 196161 196224
196291 196471 196336 196381 196426
196472 196546 196490 196508 196526
196547 196598 196559 196571 196583
196599 196646 196610 196621 196632
196647 196696 196659 196671 196683
196697 196909 196750 196803 196856
196910 197080 196952 196994 197036
197081 197145 197097 197113 197129
197146 197342 197195 197244 197293
197343 197400 197357 197371 197385
197401 197485 197422 197443 197464
197486 197576 197508 197530 197552
197577 197885 197654 197731 197808
197886 197998 197914 197942 197970
197999 198059 198014 198029 198044
198060 198124 198076 198092 198108
198125 198180 198138 198151 198164
198181 198244 198196 198211 198226
198245 198322 198264 198283 198302
198323 198379 198337 198351 198365
198380 210405 201284 204188 210300
