0 368 92 184 276
369 433 385 401 417
434 552 463 492 521
553 603 565 577 589
604 983 698 792 886
984 1159 1027 1070 1113
1160 1278 1189 1218 1247
1279 1662 1374 1469 1564
1663 1814 1700 1737 1774
1815 1935 1845 1875 1905
1936 2037 1961 1986 2011
2038 2128 2060 2082 2104
2129 2208 2148 2167 2186
2209 2256 2220 2231 2242
2257 2356 2281 2305 2329
2357 2420 2372 2387 2402
2421 2452 2428 2435 2442
2453 2551 2477 2501 2525
2552 2615 2567 2582 2597
2616 2671 2629 2642 2655
2672 2855 2717 2762 2807
2856 2939 2876 2896 2916
2940 3006 2956 2972 2988
3007 3200 3055 3103 3151
3201 3238 3210 3219 3228
3239 3266 3245 3251 3257
3267 3424 3306 3345 3384
3425 3628 3475 3525 3575
3629 3679 3641 3653 3665
3680 3925 3741 3802 3863
3926 4051 3957 3988 4019
4052 4145 4075 4098 4121
4146 4175 4153 4160 4167
4176 4221 4187 4198 4209
4222 4251 4229 4236 4243
4252 4279 4258 4264 4270
4280 4308 4287 4294 4301
4309 4336 4315 4321 4327
4337 4353 4341 4345 4349
4354 4372 4358 4362 4366
4373 4409 4382 4391 4400
4410 4516 4436 4462 4488
4517 4551 4525 4533 4541
4552 4597 4563 4574 4585
4598 4744 4634 4670 4706
4745 4801 4759 4773 4787
4802 5077 4870 4938 5006
5078 5229 5115 5152 5189
5230 5339 5257 5284 5311
5340 5440 5365 5390 5415
5441 5769 5523 5605 5687
5770 5913 5805 5840 5875
5914 6034 5944 5974 6004
6035 6060 6041 6047 6053
6061 6171 6088 6115 6142
6172 6333 6212 6252 6292
6334 6371 6343 6352 6361
6372 6390 6376 6380 6384
6391 6410 6395 6399 6403
6411 6428 6415 6419 6423
6429 6445 6433 6437 6441
6446 6464 6450 6454 6458
6465 6510 6476 6487 6498
6511 6530 6515 6519 6523
6531 6569 6540 6549 6558
6570 6596 6576 6582 6588
6597 6625 6604 6611 6618
6626 6648 6631 6636 6641
6649 6681 6657 6665 6673
6682 6702 6687 6692 6697
6703 6719 6707 6711 6715
6720 6742 6725 6730 6735
6743 6786 6753 6763 6773
6787 6824 6796 6805 6814
6825 6858 6833 6841 6849
6859 6878 6863 6867 6871
6879 6897 6883 6887 6891
6898 6930 6906 6914 6922
6931 6950 6935 6939 6943
6951 7003 6964 6977 6990
7004 7021 7008 7012 7016
7022 7045 7027 7032 7037
7046 7078 7054 7062 7070
7079 7116 7088 7097 7106
7117 7156 7126 7135 7144
7157 7183 7163 7169 7175
7184 7208 7190 7196 7202
7209 7230 7214 7219 7224
7231 7259 7238 7245 7252
7260 7363 7285 7310 7335
7364 7475 7391 7418 7445
7476 7553 7495 7514 7533
7554 7622 7571 7588 7605
7623 7681 7637 7651 7665
7682 7764 7702 7722 7742
7765 7941 7809 7853 7897
7942 7992 7954 7966 7978
7993 8034 8003 8013 8023
8035 8104 8052 8069 8086
8105 8236 8137 8169 8201
8237 8296 8251 8265 8279
8297 8319 8302 8307 8312
8320 8391 8337 8354 8371
8392 8435 8402 8412 8422
8436 8529 8459 8482 8505
8530 8576 8541 8552 8563
8577 8663 8598 8619 8640
8664 8782 8693 8722 8751
8783 8849 8799 8815 8831
8850 8971 8880 8910 8940
8972 9096 9003 9034 9065
9097 9172 9115 9133 9151
9173 9207 9181 9189 9197
9208 9273 9224 9240 9256
9274 9331 9288 9302 9316
9332 9399 9348 9364 9380
9400 9597 9449 9498 9547
9598 9734 9632 9666 9700
9735 9834 9759 9783 9807
9835 9886 9847 9859 9871
9887 9917 9894 9901 9908
9918 9964 9929 9940 9951
9965 10050 9986 10007 10028
10051 10316 10117 10183 10249
10317 10702 10413 10509 10605
10703 10895 10751 10799 10847
10896 10928 10904 10912 10920
10929 11000 10946 10963 10980
11001 11086 11022 11043 11064
11087 11150 11102 11117 11132
11151 11436 11222 11293 11364
11437 11962 11568 11699 11830
11963 12090 11994 12025 12056
12091 12172 12111 12131 12151
12173 12465 12246 12319 12392
12466 12518 12479 12492 12505
12519 12624 12545 12571 12597
12625 12713 12647 12669 12691
12714 12798 12735 12756 12777
12799 12950 12836 12873 12910
12951 13251 13026 13101 13176
13252 13276 13258 13264 13270
13277 13400 13307 13337 13367
13401 13501 13426 13451 13476
13502 13595 13525 13548 13571
13596 13691 13619 13642 13665
13692 13729 13701 13710 13719
13730 13843 13758 13786 13814
13844 13870 13850 13856 13862
13871 13894 13876 13881 13886
13895 14117 13950 14005 14060
14118 14215 14142 14166 14190
14216 14287 14233 14250 14267
14288 14358 14305 14322 14339
14359 14450 14381 14403 14425
14451 14559 14478 14505 14532
14560 14683 14590 14620 14650
14684 14826 14719 14754 14789
14827 14916 14849 14871 14893
14917 15127 14937 14957 15093
15128 15228 15153 15178 15203
15229 15687 15343 15457 15571
15688 15743 15701 15714 15727
15744 15797 15757 15770 15783
15798 15828 15805 15812 15819
15829 15876 15840 15851 15862
15877 15901 15883 15889 15895
15902 15928 15908 15914 15920
15929 15999 15946 15963 15980
16000 16062 16015 16030 16045
16063 16145 16083 16103 16123
16146 16320 16189 16232 16275
16321 16404 16341 16361 16381
16405 16485 16425 16445 16465
16486 16540 16499 16512 16525
16541 16583 16551 16561 16571
16584 16608 16590 16596 16602
16609 16644 16617 16625 16633
16645 16694 16657 16669 16681
16695 16954 16759 16823 16887
16955 17116 16995 17035 17075
17117 17348 17174 17231 17288
17349 17393 17360 17371 17382
17394 17426 17402 17410 17418
17427 17473 17438 17449 17460
17474 17812 17558 17642 17726
17813 17959 17849 17885 17921
17960 18116 17999 18038 18077
18117 18196 18136 18155 18174
18197 18251 18210 18223 18236
18252 18282 18259 18266 18273
18283 18326 18293 18303 18313
18327 18368 18337 18347 18357
18369 18442 18387 18405 18423
18443 18459 18447 18451 18455
18460 18508 18472 18484 18496
18509 18537 18516 18523 18530
18538 18766 18595 18652 18709
18767 19045 18836 18905 18974
19046 19127 19066 19086 19106
19128 19213 19149 19170 19191
19214 19288 19232 19250 19268
19289 19428 19323 19357 19391
19429 19676 19490 19551 19612
19677 19783 19703 19729 19755
19784 20311 19915 20046 20177
20312 20425 20340 20368 20396
20426 20740 20504 20582 20660
20741 20993 20804 20867 20930
20994 21161 21035 21076 21117
21162 21194 21170 21178 21186
21195 21276 21215 21235 21255
21277 21436 21316 21355 21394
21437 21536 21461 21485 21509
21537 21593 21551 21565 21579
21594 21790 21643 21692 21741
21791 22000 21843 21895 21947
22001 22025 22007 22013 22019
22026 22110 22047 22068 22089
22111 22159 22123 22135 22147
22160 22241 22180 22200 22220
22242 22415 22285 22328 22371
22416 22447 22423 22430 22437
22448 22530 22468 22488 22508
22531 22699 22573 22615 22657
22700 22963 22765 22830 22895
22964 23067 22989 23014 23039
23068 23085 23072 23076 23080
23086 23152 23102 23118 23134
23153 23205 23166 23179 23192
23206 23238 23214 23222 23230
23239 23427 23286 23333 23380
23428 23544 23457 23486 23515
23545 23656 23572 23599 23626
23657 23813 23696 23735 23774
23814 23909 23837 23860 23883
23910 24002 23933 23956 23979
24003 24103 24028 24053 24078
24104 24170 24120 24136 24152
24171 24483 24249 24327 24405
24484 24644 24524 24564 24604
24645 24674 24652 24659 24666
24675 24716 24685 24695 24705
24717 24944 24773 24829 24885
24945 25003 24959 24973 24987
25004 25140 25038 25072 25106
25141 25176 25149 25157 25165
25177 25268 25199 25221 25243
25269 25324 25282 25295 25308
25325 25544 25379 25433 25487
25545 25724 25589 25633 25677
25725 25786 25740 25755 25770
25787 25899 25815 25843 25871
25900 26157 25964 26028 26092
26158 26256 26182 26206 26230
26257 26300 26267 26277 26287
26301 26723 26406 26511 26616
26724 26828 26750 26776 26802
26829 26865 26838 26847 26856
26866 26935 26883 26900 26917
26936 27003 26952 26968 26984
27004 27149 27040 27076 27112
27150 27678 27282 27414 27546
27679 27729 27691 27703 27715
27730 27825 27753 27776 27799
27826 27971 27862 27898 27934
27972 28168 28021 28070 28119
28169 28254 28190 28211 28232
28255 28346 28277 28299 28321
28347 28441 28370 28393 28416
28442 28530 28464 28486 28508
28531 28652 28561 28591 28621
28653 28678 28659 28665 28671
28679 28782 28704 28729 28754
28783 28838 28796 28809 28822
28839 28886 28850 28861 28872
28887 29162 28955 29023 29091
29163 29195 29171 29179 29187
29196 29410 29249 29302 29355
29411 29545 29444 29477 29510
29546 29617 29563 29580 29597
29618 29828 29670 29722 29774
29829 30271 29871 29913 30201
30272 30639 30363 30454 30545
30640 30934 30713 30786 30859
30935 31040 30961 30987 31013
31041 31132 31063 31085 31107
31133 31457 31214 31295 31376
31458 31642 31504 31550 31596
31643 31660 31647 31651 31655
31661 31724 31676 31691 31706
31725 31778 31738 31751 31764
31779 31815 31788 31797 31806
31816 31935 31845 31874 31903
31936 31987 31948 31960 31972
31988 32074 32009 32030 32051
32075 32278 32125 32175 32225
32279 32482 32329 32379 32429
32483 32526 32493 32503 32513
32527 32687 32567 32607 32647
32688 32924 32747 32806 32865
32925 33230 33001 33077 33153
33231 33400 33273 33315 33357
33401 33544 33436 33471 33506
33545 33667 33575 33605 33635
33668 33760 33691 33714 33737
33761 33848 33782 33803 33824
33849 34079 33906 33963 34020
34080 34138 34094 34108 34122
34139 34307 34181 34223 34265
34308 34402 34331 34354 34377
34403 34516 34431 34459 34487
34517 34637 34547 34577 34607
34638 34819 34683 34728 34773
34820 34919 34844 34868 34892
34920 34961 34930 34940 34950
34962 34997 34970 34978 34986
34998 35017 35002 35006 35010
35018 35056 35027 35036 35045
35057 35082 35063 35069 35075
35083 35100 35087 35091 35095
35101 35192 35123 35145 35167
35193 35221 35200 35207 35214
35222 35275 35235 35248 35261
35276 35321 35287 35298 35309
35322 35395 35340 35358 35376
35396 35419 35401 35406 35411
35420 35478 35434 35448 35462
35479 35536 35493 35507 35521
35537 35612 35555 35573 35591
35613 35639 35619 35625 35631
35640 35772 35673 35706 35739
35773 35854 35793 35813 35833
35855 35955 35880 35905 35930
35956 35981 35962 35968 35974
35982 36011 35989 35996 36003
36012 36058 36023 36034 36045
36059 36093 36067 36075 36083
36094 36507 36197 36300 36403
36508 36699 36555 36602 36649
36700 36776 36719 36738 36757
36777 36840 36792 36807 36822
36841 36926 36862 36883 36904
36927 36979 36940 36953 36966
36980 37072 37003 37026 37049
37073 37237 37114 37155 37196
37238 37410 37281 37324 37367
37411 37472 37426 37441 37456
37473 37540 37489 37505 37521
37541 37603 37556 37571 37586
37604 37667 37619 37634 37649
37668 37714 37679 37690 37701
37715 37848 37748 37781 37814
37849 37902 37862 37875 37888
37903 37945 37913 37923 37933
37946 38055 37973 38000 38027
38056 38098 38066 38076 38086
38099 38133 38107 38115 38123
38134 38190 38148 38162 38176
38191 38434 38251 38311 38371
38435 38512 38454 38473 38492
38513 38614 38538 38563 38588
38615 38691 38634 38653 38672
38692 38879 38738 38784 38830
38880 39672 39078 39276 39474
39673 39811 39707 39741 39775
39812 39891 39831 39850 39869
39892 39913 39897 39902 39907
39914 40018 39940 39966 39992
40019 40100 40039 40059 40079
40101 40250 40138 40175 40212
40251 40329 40270 40289 40308
40330 40409 40349 40368 40387
40410 40440 40417 40424 40431
40441 40596 40479 40517 40555
40597 40644 40608 40619 40630
40645 40743 40669 40693 40717
40744 40770 40750 40756 40762
40771 40828 40785 40799 40813
40829 40899 40846 40863 40880
40900 41056 40939 40978 41017
41057 41118 41072 41087 41102
41119 41208 41141 41163 41185
41209 41774 41350 41491 41632
41775 41839 41791 41807 41823
41840 41988 41877 41914 41951
41989 42056 42005 42021 42037
42057 42086 42064 42071 42078
42087 42411 42168 42249 42330
42412 42475 42427 42442 42457
42476 42589 42504 42532 42560
42590 42733 42625 42660 42695
42734 42783 42746 42758 42770
42784 42825 42794 42804 42814
42826 42856 42833 42840 42847
42857 42884 42863 42869 42875
42885 42945 42900 42915 42930
42946 43052 42972 42998 43024
43053 43428 43146 43239 43332
43429 43483 43442 43455 43468
43484 43752 43551 43618 43685
43753 43823 43770 43787 43804
43824 43958 43857 43890 43923
43959 44146 44005 44051 44097
44147 44317 44189 44231 44273
44318 44387 44335 44352 44369
44388 44464 44407 44426 44445
44465 44512 44476 44487 44498
44513 44629 44542 44571 44600
44630 44706 44649 44668 44687
44707 44917 44759 44811 44863
44918 45028 44938 44958 45021
45029 45195 45070 45111 45152
45196 45266 45213 45230 45247
45267 45466 45316 45365 45414
45467 45649 45512 45557 45602
45650 45757 45676 45702 45728
45758 45803 45769 45780 45791
45804 45881 45823 45842 45861
45882 46034 45920 45958 45996
46035 46168 46068 46101 46134
46169 46329 46209 46249 46289
46330 46385 46343 46356 46369
46386 46402 46390 46394 46398
46403 46490 46424 46445 46466
46491 46547 46505 46519 46533
46548 46669 46578 46608 46638
46670 47078 46772 46874 46976
47079 47275 47128 47177 47226
47276 47448 47319 47362 47405
47449 47674 47505 47561 47617
47675 47743 47692 47709 47726
47744 47811 47760 47776 47792
47812 47914 47837 47862 47887
47915 48031 47944 47973 48002
48032 48167 48065 48098 48131
48168 48409 48228 48288 48348
48410 48527 48439 48468 48497
48528 48665 48562 48596 48630
48666 49363 48840 49014 49188
49364 49436 49382 49400 49418
49437 49521 49458 49479 49500
49522 49676 49560 49598 49636
49677 49746 49694 49711 49728
49747 49820 49765 49783 49801
49821 49991 49863 49905 49947
49992 50018 49998 50004 50010
50019 50106 50040 50061 50082
50107 50174 50123 50139 50155
50175 50267 50198 50221 50244
50268 50405 50302 50336 50370
50406 50488 50426 50446 50466
50489 50815 50570 50651 50732
50816 50910 50839 50862 50885
50911 50946 50919 50927 50935
50947 50998 50959 50971 50983
50999 51016 51003 51007 51011
51017 51051 51025 51033 51041
51052 51075 51057 51062 51067
51076 51250 51119 51162 51205
51251 51347 51275 51299 51323
51348 51510 51388 51428 51468
51511 51639 51543 51575 51607
51640 51677 51649 51658 51667
51678 51813 51711 51744 51777
51814 51862 51826 51838 51850
51863 51909 51874 51885 51896
51910 52044 51943 51976 52009
52045 52097 52058 52071 52084
52098 52323 52154 52210 52266
52324 52572 52386 52448 52510
52573 52638 52589 52605 52621
52639 52677 52648 52657 52666
52678 52698 52683 52688 52693
52699 53009 52776 52853 52930
53010 53104 53033 53056 53079
53105 53292 53151 53197 53243
53293 53372 53312 53331 53350
53373 53462 53395 53417 53439
53463 53531 53480 53497 53514
53532 53572 53542 53552 53562
53573 53626 53586 53599 53612
53627 53647 53632 53637 53642
53648 53711 53663 53678 53693
53712 53749 53721 53730 53739
53750 53849 53774 53798 53822
53850 53877 53856 53862 53868
53878 53973 53901 53924 53947
53974 54007 53982 53990 53998
54008 54068 54023 54038 54053
54069 54111 54079 54089 54099
54112 54209 54136 54160 54184
54210 54272 54225 54240 54255
54273 54342 54290 54307 54324
54343 54412 54360 54377 54394
54413 54430 54417 54421 54425
54431 54480 54443 54455 54467
54481 54547 54497 54513 54529
54548 54567 54552 54556 54560
54568 54673 54594 54620 54646
54674 54703 54681 54688 54695
54704 54768 54720 54736 54752
54769 54823 54782 54795 54808
54824 54896 54842 54860 54878
54897 54941 54908 54919 54930
54942 55007 54958 54974 54990
55008 55119 55035 55062 55089
55120 55177 55134 55148 55162
55178 55217 55187 55196 55205
55218 55310 55241 55264 55287
55311 55576 55377 55443 55509
55577 55629 55590 55603 55616
55630 55683 55643 55656 55669
55684 55825 55719 55754 55789
55826 55938 55854 55882 55910
55939 56146 55990 56041 56092
56147 56404 56211 56275 56339
56405 56564 56444 56483 56522
56565 56650 56586 56607 56628
56651 56712 56666 56681 56696
56713 56804 56735 56757 56779
56805 56835 56812 56819 56826
56836 56915 56855 56874 56893
56916 56946 56923 56930 56937
56947 56977 56954 56961 56968
56978 57039 56993 57008 57023
57040 57099 57054 57068 57082
57100 57168 57117 57134 57151
57169 57462 57242 57315 57388
57463 57526 57478 57493 57508
57527 57589 57542 57557 57572
57590 57740 57627 57664 57701
57741 57784 57751 57761 57771
57785 57869 57806 57827 57848
57870 57911 57880 57890 57900
57912 58141 57969 58026 58083
58142 58194 58155 58168 58181
58195 58234 58204 58213 58222
58235 58432 58284 58333 58382
58433 58497 58449 58465 58481
58498 58680 58543 58588 58633
58681 58740 58695 58709 58723
58741 58865 58772 58803 58834
58866 59273 58967 59068 59169
59274 59346 59292 59310 59328
59347 59468 59377 59407 59437
59469 59621 59507 59545 59583
59622 59858 59681 59740 59799
59859 59917 59873 59887 59901
59918 60275 59938 59958 60204
60276 60327 60288 60300 60312
60328 60405 60347 60366 60385
60406 60703 60480 60554 60628
60704 60784 60724 60744 60764
60785 60876 60807 60829 60851
60877 60981 60903 60929 60955
60982 61180 61031 61080 61129
61181 61245 61197 61213 61229
61246 61333 61267 61288 61309
61334 61407 61352 61370 61388
61408 61440 61416 61424 61432
61441 61520 61460 61479 61498
61521 61696 61564 61607 61650
61697 61740 61707 61717 61727
61741 61790 61753 61765 61777
61791 61840 61803 61815 61827
61841 61888 61852 61863 61874
61889 61989 61914 61939 61964
61990 62027 61999 62008 62017
62028 62093 62044 62060 62076
62094 62233 62128 62162 62196
62234 62288 62247 62260 62273
62289 62360 62306 62323 62340
62361 62408 62372 62383 62394
62409 62457 62421 62433 62445
62458 62520 62473 62488 62503
62521 62978 62635 62749 62863
62979 63171 63027 63075 63123
63172 63228 63186 63200 63214
63229 64643 63582 63935 64288
64644 64887 64704 64764 64824
64888 64958 64905 64922 64939
64959 65156 65008 65057 65106
65157 65250 65180 65203 65226
65251 65348 65275 65299 65323
65349 65527 65393 65437 65481
65528 65706 65572 65616 65660
65707 65959 65770 65833 65896
65960 66314 66048 66136 66224
66315 66445 66347 66379 66411
66446 66539 66469 66492 66515
66540 66784 66601 66662 66723
66785 66984 66834 66883 66932
66985 67247 67050 67115 67180
67248 67407 67287 67326 67365
67408 67442 67416 67424 67432
67443 67507 67459 67475 67491
67508 67568 67523 67538 67553
67569 67914 67655 67741 67827
67915 68003 67937 67959 67981
68004 68073 68021 68038 68055
68074 68116 68084 68094 68104
68117 68159 68127 68137 68147
68160 68189 68167 68174 68181
68190 68237 68201 68212 68223
68238 68343 68264 68290 68316
68344 68512 68386 68428 68470
68513 68630 68542 68571 68600
68631 68669 68640 68649 68658
68670 68827 68709 68748 68787
68828 68964 68862 68896 68930
68965 69087 68995 69025 69055
69088 69141 69101 69114 69127
69142 69212 69159 69176 69193
69213 69394 69258 69303 69348
69395 69439 69406 69417 69428
69440 69466 69446 69452 69458
69467 69571 69493 69519 69545
69572 69667 69595 69618 69641
69668 69840 69711 69754 69797
69841 69995 69879 69917 69955
69996 70159 70036 70076 70116
70160 70233 70178 70196 70214
70234 70345 70261 70288 70315
70346 70526 70391 70436 70481
70527 70579 70540 70553 70566
70580 70710 70612 70644 70676
70711 70749 70720 70729 70738
70750 70764 70753 70756 70759
70765 70895 70797 70829 70861
70896 70971 70914 70932 70950
70972 71018 70983 70994 71005
71019 71081 71034 71049 71064
71082 71107 71088 71094 71100
71108 71147 71117 71126 71135
71148 71214 71164 71180 71196
71215 71245 71222 71229 71236
71246 71290 71257 71268 71279
71291 71345 71304 71317 71330
71346 71424 71365 71384 71403
71425 71515 71447 71469 71491
71516 71777 71581 71646 71711
71778 72051 71846 71914 71982
72052 72105 72065 72078 72091
72106 72181 72124 72142 72160
72182 72454 72250 72318 72386
72455 73112 72619 72783 72947
73113 73162 73125 73137 73149
73163 73250 73184 73205 73226
73251 73327 73270 73289 73308
73328 73349 73333 73338 73343
73350 73516 73391 73432 73473
73517 73624 73543 73569 73595
73625 73730 73651 73677 73703
73731 73776 73742 73753 73764
73777 73888 73804 73831 73858
73889 73922 73897 73905 73913
73923 73986 73938 73953 73968
73987 74038 73999 74011 74023
74039 74641 74189 74339 74489
74642 74747 74668 74694 74720
74748 74960 74801 74854 74907
74961 75021 74970 74979 75015
75022 75189 75063 75104 75145
75190 75335 75226 75262 75298
75336 75398 75351 75366 75381
75399 75429 75406 75413 75420
75430 75525 75453 75476 75499
75526 75633 75552 75578 75604
75634 75676 75644 75654 75664
75677 75772 75700 75723 75746
75773 75858 75794 75815 75836
75859 75942 75879 75899 75919
75943 76212 76010 76077 76144
76213 76264 76225 76237 76249
76265 76312 76276 76287 76298
76313 76406 76336 76359 76382
76407 76552 76443 76479 76515
76553 76831 76622 76691 76760
76832 77038 76883 76934 76985
77039 77148 77066 77093 77120
77149 77219 77166 77183 77200
77220 77842 77375 77530 77685
77843 77952 77870 77897 77924
77953 78040 77974 77995 78016
78041 78269 78098 78155 78212
78270 78300 78277 78284 78291
78301 78331 78308 78315 78322
78332 78521 78379 78426 78473
78522 78560 78531 78540 78549
78561 78653 78584 78607 78630
78654 78731 78673 78692 78711
78732 78853 78762 78792 78822
78854 78931 78873 78892 78911
78932 79055 78962 78992 79022
79056 79134 79075 79094 79113
79135 79186 79147 79159 79171
79187 79290 79212 79237 79262
79291 79342 79303 79315 79327
79343 79720 79437 79531 79625
79721 79771 79733 79745 79757
79772 79886 79800 79828 79856
79887 80030 79922 79957 79992
80031 80204 80074 80117 80160
80205 80340 80238 80271 80304
80341 80489 80378 80415 80452
80490 80586 80514 80538 80562
80587 80759 80630 80673 80716
80760 80816 80774 80788 80802
80817 81087 80884 80951 81018
81088 81108 81093 81098 81103
81109 81155 81120 81131 81142
81156 81172 81160 81164 81168
81173 81195 81178 81183 81188
81196 81269 81214 81232 81250
81270 81328 81284 81298 81312
81329 81458 81361 81393 81425
81459 81536 81478 81497 81516
81537 81629 81560 81583 81606
81630 81772 81665 81700 81735
81773 81846 81791 81809 81827
81847 81922 81865 81883 81901
81923 82014 81945 81967 81989
82015 82103 82037 82059 82081
82104 82238 82137 82170 82203
82239 82391 82277 82315 82353
82392 82427 82400 82408 82416
82428 82472 82439 82450 82461
82473 82768 82546 82619 82692
82769 82938 82811 82853 82895
82939 83075 82973 83007 83041
83076 83316 83136 83196 83256
83317 83370 83330 83343 83356
83371 83593 83426 83481 83536
83594 83777 83639 83684 83729
83778 83851 83796 83814 83832
83852 83962 83879 83906 83933
83963 84012 83975 83987 83999
84013 84075 84028 84043 84058
84076 84127 84088 84100 84112
84128 84194 84144 84160 84176
84195 84224 84202 84209 84216
84225 84420 84273 84321 84369
84421 84661 84481 84541 84601
84662 84851 84709 84756 84803
84852 84912 84867 84882 84897
84913 84935 84918 84923 84928
84936 85048 84964 84992 85020
85049 85097 85061 85073 85085
85098 85303 85149 85200 85251
85304 85371 85320 85336 85352
85372 85492 85402 85432 85462
85493 85557 85509 85525 85541
85558 85597 85567 85576 85585
85598 85797 85647 85696 85745
85798 85858 85813 85828 85843
85859 85884 85865 85871 85877
85885 85984 85909 85933 85957
85985 86063 86004 86023 86042
86064 86129 86080 86096 86112
86130 86272 86165 86200 86235
86273 86477 86324 86375 86426
86478 86551 86496 86514 86532
86552 86637 86573 86594 86615
86638 86939 86713 86788 86863
86940 86957 86944 86948 86952
86958 87160 87008 87058 87108
87161 87222 87176 87191 87206
87223 87296 87241 87259 87277
87297 87369 87315 87333 87351
87370 87400 87377 87384 87391
87401 87463 87416 87431 87446
87464 87516 87477 87490 87503
87517 87563 87528 87539 87550
87564 87630 87580 87596 87612
87631 87670 87640 87649 87658
87671 87705 87679 87687 87695
87706 87808 87731 87756 87781
87809 87873 87825 87841 87857
87874 87954 87894 87914 87934
87955 88007 87968 87981 87994
88008 88054 88019 88030 88041
88055 88084 88062 88069 88076
88085 88120 88093 88101 88109
88121 88138 88125 88129 88133
88139 88158 88143 88147 88151
88159 88177 88163 88167 88171
88178 88195 88182 88186 88190
88196 88242 88207 88218 88229
88243 88268 88249 88255 88261
88269 88294 88275 88281 88287
88295 88328 88303 88311 88319
88329 88348 88333 88337 88341
88349 88367 88353 88357 88361
88368 88384 88372 88376 88380
88385 88405 88390 88395 88400
88406 88438 88414 88422 88430
88439 88717 88508 88577 88646
88718 88857 88752 88786 88820
88858 89220 88948 89038 89128
89221 89455 89279 89337 89395
89456 89507 89468 89480 89492
89508 89574 89524 89540 89556
89575 90100 89681 89787 90075
90101 90164 90116 90131 90146
90165 90506 90250 90335 90420
90507 90686 90551 90595 90639
90687 90875 90734 90781 90828
90876 90932 90890 90904 90918
90933 91044 90960 90987 91014
91045 91117 91063 91081 91099
91118 91502 91214 91310 91406
91503 91541 91512 91521 91530
91542 91587 91553 91564 91575
91588 91864 91657 91726 91795
91865 91922 91879 91893 91907
91923 91965 91933 91943 91953
91966 92025 91980 91994 92008
92026 92069 92036 92046 92056
92070 92135 92086 92102 92118
92136 92189 92149 92162 92175
92190 92402 92243 92296 92349
92403 92446 92413 92423 92433
92447 92654 92498 92549 92600
92655 92710 92668 92681 92694
92711 92815 92737 92763 92789
92816 92877 92831 92846 92861
92878 92913 92886 92894 92902
92914 93011 92938 92962 92986
93012 93070 93026 93040 93054
93071 93201 93103 93135 93167
93202 93282 93222 93242 93262
93283 93450 93324 93365 93406
93451 93548 93475 93499 93523
93549 93711 93589 93629 93669
93712 93894 93757 93802 93847
93895 93971 93914 93933 93952
93972 94035 93987 94002 94017
94036 94061 94042 94048 94054
94062 94079 94066 94070 94074
94080 94222 94115 94150 94185
94223 94372 94260 94297 94334
94373 94420 94384 94395 94406
94421 94469 94433 94445 94457
94470 94538 94487 94504 94521
94539 94588 94551 94563 94575
94589 94687 94613 94637 94661
94688 94725 94697 94706 94715
94726 94786 94741 94756 94771
94787 94805 94791 94795 94799
94806 94911 94832 94858 94884
94912 94967 94925 94938 94951
94968 95030 94983 94998 95013
95031 95077 95042 95053 95064
95078 95109 95085 95092 95099
95110 95200 95132 95154 95176
95201 95265 95217 95233 95249
95266 95312 95277 95288 95299
95313 95524 95365 95417 95469
95525 95682 95564 95603 95642
95683 95867 95729 95775 95821
95868 95953 95889 95910 95931
95954 96083 95986 96018 96050
96084 96269 96130 96176 96222
96270 96305 96278 96286 96294
96306 96332 96312 96318 96324
96333 96537 96384 96435 96486
96538 96713 96581 96624 96667
96714 96872 96753 96792 96831
96873 97124 96935 96997 97059
97125 97414 97197 97269 97341
97415 97581 97456 97497 97538
97582 97626 97593 97604 97615
97627 97667 97637 97647 97657
97668 97895 97724 97780 97836
97896 97961 97912 97928 97944
97962 98150 98009 98056 98103
98151 98344 98199 98247 98295
98345 98429 98366 98387 98408
98430 98564 98463 98496 98529
98565 98680 98593 98621 98649
98681 98724 98691 98701 98711
98725 98760 98733 98741 98749
98761 98794 98769 98777 98785
98795 98824 98802 98809 98816
98825 98897 98843 98861 98879
98898 99051 98936 98974 99012
99052 99339 99123 99194 99265
99340 99643 99415 99490 99565
99644 99707 99659 99674 99689
99708 99837 99740 99772 99804
99838 99888 99850 99862 99874
99889 100163 99957 100025 100093
100164 100336 100207 100250 100293
100337 100658 100417 100497 100577
100659 100936 100728 100797 100866
100937 101061 100968 100999 101030
101062 101115 101075 101088 101101
101116 101170 101129 101142 101155
101171 101304 101204 101237 101270
101305 101343 101314 101323 101332
101344 101394 101356 101368 101380
101395 101490 101418 101441 101464
101491 101601 101518 101545 101572
101602 101748 101638 101674 101710
101749 101769 101754 101759 101764
101770 101887 101799 101828 101857
101888 102164 101957 102026 102095
102165 102285 102195 102225 102255
102286 102327 102296 102306 102316
102328 102347 102332 102336 102340
102348 102370 102353 102358 102363
102371 102517 102407 102443 102479
102518 102566 102530 102542 102554
102567 102625 102581 102595 102609
102626 102751 102657 102688 102719
102752 102842 102774 102796 102818
102843 102917 102861 102879 102897
102918 102975 102932 102946 102960
102976 103023 102987 102998 103009
103024 103053 103031 103038 103045
103054 103199 103090 103126 103162
103200 103240 103210 103220 103230
103241 103274 103249 103257 103265
103275 103342 103291 103307 103323
103343 103394 103355 103367 103379
103395 103482 103416 103437 103458
103483 103536 103496 103509 103522
103537 103555 103541 103545 103549
103556 103642 103577 103598 103619
103643 103831 103690 103737 103784
103832 104020 103879 103926 103973
104021 104076 104034 104047 104060
104077 104093 104081 104085 104089
104094 104196 104119 104144 104169
104197 104247 104209 104221 104233
104248 104306 104262 104276 104290
104307 104367 104322 104337 104352
104368 104586 104422 104476 104530
104587 104640 104600 104613 104626
104641 104709 104658 104675 104692
104710 104801 104732 104754 104776
104802 104829 104808 104814 104820
104830 104941 104857 104884 104911
104942 105170 104956 104970 105126
105171 105292 105201 105231 105261
105293 105341 105305 105317 105329
105342 105447 105368 105394 105420
105448 105552 105474 105500 105526
105553 105594 105563 105573 105583
105595 105692 105619 105643 105667
105693 105767 105711 105729 105747
105768 105866 105792 105816 105840
105867 105942 105885 105903 105921
105943 105977 105951 105959 105967
105978 106036 105992 106006 106020
106037 106053 106041 106045 106049
106054 106092 106063 106072 106081
106093 106154 106108 106123 106138
106155 106394 106214 106273 106332
106395 106530 106428 106461 106494
106531 106598 106547 106563 106579
106599 106685 106620 106641 106662
106686 106768 106706 106726 106746
106769 106838 106786 106803 106820
106839 106920 106859 106879 106899
106921 106970 106933 106945 106957
106971 107048 106990 107009 107028
107049 107185 107083 107117 107151
107186 107261 107204 107222 107240
107262 107481 107316 107370 107424
107482 107670 107529 107576 107623
107671 107757 107692 107713 107734
107758 107828 107775 107792 107809
107829 107884 107842 107855 107868
107885 107935 107897 107909 107921
107936 108119 107981 108026 108071
108120 108236 108149 108178 108207
108237 108333 108261 108285 108309
108334 108427 108357 108380 108403
108428 108551 108458 108488 108518
108552 108595 108562 108572 108582
108596 108629 108604 108612 108620
108630 108734 108656 108682 108708
108735 108921 108781 108827 108873
108922 109236 109000 109078 109156
109237 109254 109241 109245 109249
109255 109335 109275 109295 109315
109336 109387 109348 109360 109372
109388 109473 109409 109430 109451
109474 109595 109504 109534 109564
109596 109659 109611 109626 109641
109660 109720 109675 109690 109705
109721 109767 109732 109743 109754
109768 109853 109789 109810 109831
109854 109992 109888 109922 109956
109993 110032 110002 110011 110020
110033 110396 110123 110213 110303
110397 110424 110403 110409 110415
110425 110449 110431 110437 110443
110450 110600 110487 110524 110561
110601 110655 110614 110627 110640
110656 110738 110676 110696 110716
110739 110901 110779 110819 110859
110902 110963 110917 110932 110947
110964 111008 110975 110986 110997
111009 111082 111027 111045 111063
111083 111133 111095 111107 111119
111134 111224 111156 111178 111200
111225 111482 111289 111353 111417
111483 111621 111517 111551 111585
111622 111688 111638 111654 111670
111689 111752 111704 111719 111734
111753 111795 111763 111773 111783
111796 111862 111812 111828 111844
111863 111974 111890 111917 111944
111975 112221 112036 112097 112158
112222 112538 112301 112380 112459
112539 112622 112559 112579 112599
112623 112761 112657 112691 112725
112762 112843 112782 112802 112822
112844 112862 112848 112852 112856
112863 113001 112897 112931 112965
113002 113067 113018 113034 113050
113068 113093 113074 113080 113086
113094 113145 113106 113118 113130
113146 113200 113159 113172 113185
113201 113291 113223 113245 113267
113292 113439 113328 113364 113400
113440 113542 113465 113490 113515
113543 113695 113581 113619 113657
113696 113900 113747 113798 113849
113901 114223 113981 114061 114141
114224 114471 114285 114346 114407
114472 114545 114490 114508 114526
114546 114591 114557 114568 114579
114592 114818 114648 114704 114760
114819 114882 114834 114849 114864
114883 114926 114893 114903 114913
114927 115000 114945 114963 114981
115001 115151 115038 115075 115112
115152 115215 115167 115182 115197
115216 115278 115231 115246 115261
115279 115342 115294 115309 115324
115343 115434 115365 115387 115409
115435 115492 115449 115463 115477
115493 115598 115519 115545 115571
115599 115713 115627 115655 115683
115714 115749 115722 115730 115738
115750 115883 115783 115816 115849
115884 115918 115892 115900 115908
115919 116083 115960 116001 116042
116084 116194 116111 116138 116165
116195 116314 116224 116253 116282
116315 116388 116333 116351 116369
116389 116532 116424 116459 116494
116533 116594 116548 116563 116578
116595 116628 116603 116611 116619
116629 116714 116650 116671 116692
116715 116731 116719 116723 116727
116732 116884 116770 116808 116846
116885 117000 116913 116941 116969
117001 117156 117039 117077 117115
117157 117259 117182 117207 117232
117260 117281 117265 117270 117275
117282 117386 117308 117334 117360
117387 117570 117432 117477 117522
117571 117614 117581 117591 117601
117615 117728 117643 117671 117699
117729 117816 117750 117771 117792
117817 117847 117824 117831 117838
117848 118084 117907 117966 118025
118085 118133 118097 118109 118121
118134 118151 118138 118142 118146
118152 118457 118228 118304 118380
118458 118761 118533 118608 118683
118762 118854 118785 118808 118831
118855 119081 118911 118967 119023
119082 119255 119125 119168 119211
119256 119442 119302 119348 119394
119443 119509 119459 119475 119491
119510 119592 119530 119550 119570
119593 119761 119635 119677 119719
119762 120204 119821 119880 120153
120205 120604 120304 120403 120502
120605 120715 120632 120659 120686
120716 120912 120765 120814 120863
120913 121004 120935 120957 120979
121005 121147 121040 121075 121110
121148 121261 121176 121204 121232
121262 121671 121364 121466 121568
121672 121727 121685 121698 121711
121728 121854 121759 121790 121821
121855 121975 121885 121915 121945
121976 122052 121995 122014 122033
122053 122266 122106 122159 122212
122267 122541 122335 122403 122471
122542 122623 122562 122582 122602
122624 122773 122661 122698 122735
122774 122846 122792 122810 122828
122847 123170 122927 123007 123087
123171 123190 123175 123179 123183
123191 123296 123217 123243 123269
123297 123404 123323 123349 123375
123405 123558 123443 123481 123519
123559 123675 123588 123617 123646
123676 123866 123723 123770 123817
123867 124005 123901 123935 123969
124006 124111 124032 124058 124084
124112 124454 124197 124282 124367
124455 124599 124491 124527 124563
124600 124877 124669 124738 124807
124878 125552 125046 125214 125382
125553 125743 125600 125647 125694
125744 125803 125758 125772 125786
125804 125841 125813 125822 125831
125842 125909 125858 125874 125890
125910 125997 125931 125952 125973
125998 126117 126027 126056 126085
126118 126144 126124 126130 126136
126145 126188 126155 126165 126175
126189 126252 126204 126219 126234
126253 126288 126261 126269 126277
126289 126394 126315 126341 126367
126395 126573 126439 126483 126527
126574 126611 126583 126592 126601
126612 126684 126630 126648 126666
126685 126843 126724 126763 126802
126844 126909 126860 126876 126892
126910 126969 126924 126938 126952
126970 127123 127008 127046 127084
127124 127247 127154 127184 127214
127248 127325 127267 127286 127305
127326 127368 127336 127346 127356
127369 127457 127391 127413 127435
127458 127515 127472 127486 127500
127516 127561 127527 127538 127549
127562 127628 127578 127594 127610
127629 127689 127644 127659 127674
127690 127725 127698 127706 127714
127726 127802 127745 127764 127783
127803 127841 127812 127821 127830
127842 127996 127880 127918 127956
127997 128038 128007 128017 128027
128039 128102 128054 128069 128084
128103 128211 128130 128157 128184
128212 128345 128245 128278 128311
128346 128386 128356 128366 128376
128387 128743 128476 128565 128654
128744 128773 128751 128758 128765
128774 128871 128798 128822 128846
128872 128982 128899 128926 128953
128983 129105 129013 129043 129073
129106 129167 129121 129136 129151
129168 129371 129218 129268 129318
129372 129412 129382 129392 129402
129413 129524 129440 129467 129494
129525 130063 129659 129793 129927
130064 130175 130091 130118 130145
130176 130249 130194 130212 130230
130250 130285 130258 130266 130274
130286 130384 130310 130334 130358
130385 130476 130407 130429 130451
130477 130544 130493 130509 130525
130545 130600 130558 130571 130584
130601 130647 130612 130623 130634
130648 130991 130733 130818 130903
130992 131218 131048 131104 131160
131219 131236 131223 131227 131231
131237 131262 131243 131249 131255
131263 131402 131297 131331 131365
131403 131447 131414 131425 131436
131448 131573 131479 131510 131541
131574 131684 131601 131628 131655
131685 131780 131708 131731 131754
131781 132022 131841 131901 131961
132023 132111 132045 132067 132089
132112 132302 132159 132206 132253
132303 132392 132325 132347 132369
132393 132460 132409 132425 132441
132461 132712 132523 132585 132647
132713 132758 132724 132735 132746
132759 132827 132776 132793 132810
132828 132896 132845 132862 132879
132897 132977 132917 132937 132957
132978 133239 133043 133108 133173
133240 133384 133276 133312 133348
133385 133646 133450 133515 133580
133647 133843 133696 133745 133794
133844 134125 133914 133984 134054
134126 134382 134190 134254 134318
134383 134521 134417 134451 134485
134522 134582 134537 134552 134567
134583 134791 134635 134687 134739
134792 134924 134825 134858 134891
134925 135157 134943 134961 135117
135158 135346 135205 135252 135299
135347 135427 135367 135387 135407
135428 135496 135445 135462 135479
135497 135565 135514 135531 135548
135566 135627 135581 135596 135611
135628 135841 135681 135734 135787
135842 135920 135861 135880 135899
135921 136078 135960 135999 136038
136079 136230 136116 136153 136190
136231 136359 136263 136295 136327
136360 136414 136373 136386 136399
136415 137198 136610 136805 137000
137199 137231 137207 137215 137223
137232 137353 137262 137292 137322
137354 137439 137375 137396 137417
137440 137606 137481 137522 137563
137607 137731 137638 137669 137700
137732 137939 137783 137834 137885
137940 138256 138019 138098 138177
138257 138360 138282 138307 138332
138361 138528 138402 138443 138484
138529 138712 138574 138619 138664
138713 138876 138753 138793 138833
138877 138993 138906 138935 138964
138994 139101 139020 139046 139072
139102 139160 139116 139130 139144
139161 139308 139197 139233 139269
139309 139399 139331 139353 139375
139400 139481 139420 139440 139460
139482 139738 139546 139610 139674
139739 139957 139793 139847 139901
139958 140031 139976 139994 140012
140032 140165 140065 140098 140131
140166 140211 140177 140188 140199
140212 140278 140228 140244 140260
140279 140462 140324 140369 140414
140463 140518 140476 140489 140502
140519 140627 140546 140573 140600
140628 140884 140692 140756 140820
140885 141166 140955 141025 141095
141167 141380 141220 141273 141326
141381 141538 141420 141459 141498
141539 141610 141556 141573 141590
141611 141748 141645 141679 141713
141749 141800 141761 141773 141785
141801 141984 141846 141891 141936
141985 142027 141995 142005 142015
142028 142279 142090 142152 142214
142280 142410 142312 142344 142376
142411 142462 142423 142435 142447
142463 142575 142491 142519 142547
142576 142679 142601 142626 142651
142680 142837 142719 142758 142797
142838 142952 142866 142894 142922
142953 143085 142986 143019 143052
143086 143277 143133 143180 143227
143278 143567 143350 143422 143494
143568 143670 143593 143618 143643
143671 143829 143710 143749 143788
143830 143908 143849 143868 143887
143909 143949 143919 143929 143939
143950 144014 143966 143982 143998
144015 144216 144065 144115 144165
144217 144284 144233 144249 144265
144285 154966 145713 147141 153723
