0 162 40 80 120
163 189 169 175 181
190 702 318 446 574
703 750 714 725 736
751 783 759 767 775
784 1107 864 944 1024
1108 1122 1111 1114 1117
1123 1143 1128 1133 1138
1144 1175 1151 1158 1165
1176 1198 1181 1186 1191
1199 1235 1208 1217 1226
1236 1269 1244 1252 1260
1270 1298 1277 1284 1291
1299 1394 1322 1345 1368
1395 1468 1413 1431 1449
1469 1495 1475 1481 1487
1496 1554 1510 1524 1538
1555 1676 1585 1615 1645
1677 1821 1713 1749 1785
1822 1935 1850 1878 1906
1936 1976 1946 1956 1966
1977 2041 1993 2009 2025
2042 2119 2061 2080 2099
2120 2142 2125 2130 2135
2143 2189 2154 2165 2176
2190 2287 2214 2238 2262
2288 2319 2295 2302 2309
2320 2335 2323 2326 2329
2336 2436 2361 2386 2411
2437 2619 2482 2527 2572
2620 2791 2662 2704 2746
2792 3087 2865 2938 3011
3088 3161 3106 3124 3142
3162 3304 3197 3232 3267
3305 3405 3330 3355 3380
3406 3435 3413 3420 3427
3436 3472 3445 3454 3463
3473 3527 3486 3499 3512
3528 3677 3565 3602 3639
3678 3727 3690 3702 3714
3728 3763 3736 3744 3752
3764 3805 3774 3784 3794
3806 3840 3814 3822 3830
3841 3921 3861 3881 3901
3922 4125 3972 4022 4072
4126 4331 4177 4228 4279
4332 4380 4344 4356 4368
4381 4486 4407 4433 4459
4487 4588 4512 4537 4562
4589 4735 4625 4661 4697
4736 4796 4751 4766 4781
4797 4854 4811 4825 4839
4855 4892 4864 4873 4882
4893 4913 4898 4903 4908
4914 4936 4919 4924 4929
4937 5072 4970 5003 5036
5073 5100 5079 5085 5091
5101 5117 5105 5109 5113
5118 5275 5157 5196 5235
5276 5394 5305 5334 5363
5395 5419 5401 5407 5413
5420 5536 5449 5478 5507
5537 5579 5547 5557 5567
5580 5919 5664 5748 5832
5920 6294 6013 6106 6199
6295 6370 6313 6331 6349
6371 6415 6382 6393 6404
6416 6537 6446 6476 6506
6538 6599 6553 6568 6583
6600 6806 6651 6702 6753
6807 6831 6813 6819 6825
6832 6865 6840 6848 6856
6866 6972 6892 6918 6944
6973 7001 6980 6987 6994
7002 7028 7008 7014 7020
7029 7057 7036 7043 7050
7058 7080 7063 7068 7073
7081 7125 7092 7103 7114
7126 7410 7197 7268 7339
7411 7490 7430 7449 7468
7491 7567 7510 7529 7548
7568 7611 7578 7588 7598
7612 7687 7630 7648 7666
7688 7824 7722 7756 7790
7825 7886 7840 7855 7870
7887 7969 7907 7927 7947
7970 8063 7993 8016 8039
8064 8112 8076 8088 8100
8113 8213 8138 8163 8188
8214 8329 8242 8270 8298
8330 8425 8353 8376 8399
8426 8460 8434 8442 8450
8461 9173 8639 8817 8995
9174 9278 9200 9226 9252
9279 9421 9314 9349 9384
9422 9464 9432 9442 9452
9465 9506 9475 9485 9495
9507 9530 9512 9517 9522
9531 9550 9535 9539 9543
9551 9612 9566 9581 9596
9613 9658 9624 9635 9646
9659 9740 9679 9699 9719
9741 9774 9749 9757 9765
9775 9981 9826 9877 9928
9982 10006 9988 9994 10000
10007 10085 10026 10045 10064
10086 10179 10109 10132 10155
10180 10220 10190 10200 10210
10221 10263 10231 10241 10251
10264 10306 10274 10284 10294
10307 10346 10316 10325 10334
10347 10417 10364 10381 10398
10418 10445 10424 10430 10436
10446 10480 10454 10462 10470
10481 10514 10489 10497 10505
10515 10610 10538 10561 10584
10611 10644 10619 10627 10635
10645 10700 10658 10671 10684
10701 10727 10707 10713 10719
10728 10763 10736 10744 10752
10764 10795 10771 10778 10785
10796 10862 10812 10828 10844
10863 10895 10871 10879 10887
10896 10931 10904 10912 10920
10932 10976 10943 10954 10965
10977 11017 10987 10997 11007
11018 11410 11116 11214 11312
11411 11450 11420 11429 11438
11451 11566 11479 11507 11535
11567 11691 11598 11629 11660
11692 11772 11712 11732 11752
11773 11822 11785 11797 11809
11823 11943 11853 11883 11913
11944 11965 11949 11954 11959
11966 12034 11983 12000 12017
12035 12094 12049 12063 12077
12095 12159 12111 12127 12143
12160 12287 12191 12222 12253
12288 12344 12302 12316 12330
12345 12561 12399 12453 12507
12562 12671 12589 12616 12643
12672 12777 12698 12724 12750
12778 12891 12806 12834 12862
12892 13045 12930 12968 13006
13046 13146 13071 13096 13121
13147 13366 13201 13255 13309
13367 13552 13413 13459 13505
13553 13709 13592 13631 13670
13710 13863 13748 13786 13824
13864 13961 13888 13912 13936
13962 14027 13978 13994 14010
14028 14344 14107 14186 14265
14345 14409 14361 14377 14393
14410 14469 14424 14438 14452
14470 14528 14484 14498 14512
14529 14736 14580 14631 14682
14737 14767 14744 14751 14758
14768 14838 14785 14802 14819
14839 14896 14853 14867 14881
14897 15428 14922 14947 15321
15429 15485 15443 15457 15471
15486 15536 15498 15510 15522
15537 15612 15555 15573 15591
15613 15730 15642 15671 15700
15731 15952 15786 15841 15896
15953 16065 15981 16009 16037
16066 16322 16130 16194 16258
16323 16452 16355 16387 16419
16453 16487 16461 16469 16477
16488 16606 16517 16546 16575
16607 16760 16645 16683 16721
16761 16802 16771 16781 16791
16803 16863 16818 16833 16848
16864 16903 16873 16882 16891
16904 17023 16933 16962 16991
17024 17085 17039 17054 17069
17086 17158 17104 17122 17140
17159 17206 17170 17181 17192
17207 17256 17219 17231 17243
17257 17514 17321 17385 17449
17515 17618 17540 17565 17590
17619 17821 17669 17719 17769
17822 17858 17831 17840 17849
17859 17887 17866 17873 17880
17888 18141 17951 18014 18077
18142 18307 18183 18224 18265
18308 18339 18315 18322 18329
18340 18435 18363 18386 18409
18436 18469 18444 18452 18460
18470 18610 18505 18540 18575
18611 18694 18631 18651 18671
18695 18890 18743 18791 18839
18891 18931 18901 18911 18921
18932 18994 18947 18962 18977
18995 19024 19002 19009 19016
19025 19088 19040 19055 19070
19089 19181 19112 19135 19158
19182 19235 19195 19208 19221
19236 19318 19256 19276 19296
19319 19548 19376 19433 19490
19549 19602 19562 19575 19588
19603 19757 19641 19679 19717
19758 19844 19779 19800 19821
19845 20021 19889 19933 19977
20022 20051 20029 20036 20043
20052 20103 20064 20076 20088
20104 20208 20130 20156 20182
20209 20248 20218 20227 20236
20249 20329 20269 20289 20309
20330 20354 20336 20342 20348
20355 20530 20398 20441 20484
20531 20567 20540 20549 20558
20568 20700 20601 20634 20667
20701 20771 20718 20735 20752
20772 21047 20840 20908 20976
21048 21600 21186 21324 21462
21601 21736 21634 21667 21700
21737 21779 21747 21757 21767
21780 21820 21790 21800 21810
21821 21843 21826 21831 21836
21844 21872 21851 21858 21865
21873 21916 21883 21893 21903
21917 21990 21935 21953 21971
21991 22023 21999 22007 22015
22024 22054 22031 22038 22045
22055 22209 22093 22131 22169
22210 22525 22288 22366 22444
22526 22744 22580 22634 22688
22745 22898 22783 22821 22859
22899 22968 22916 22933 22950
22969 23032 22984 22999 23014
23033 23218 23079 23125 23171
23219 23308 23241 23263 23285
23309 23417 23336 23363 23390
23418 23448 23425 23432 23439
23449 23555 23475 23501 23527
23556 23616 23571 23586 23601
23617 23704 23638 23659 23680
23705 23763 23719 23733 23747
23764 23843 23783 23802 23821
23844 23973 23876 23908 23940
23974 24000 23980 23986 23992
24001 24073 24019 24037 24055
24074 24146 24092 24110 24128
24147 24373 24203 24259 24315
24374 24454 24394 24414 24434
24455 24561 24481 24507 24533
24562 24637 24580 24598 24616
24638 24750 24666 24694 24722
24751 24780 24758 24765 24772
24781 24890 24808 24835 24862
24891 24919 24898 24905 24912
24920 25000 24940 24960 24980
25001 25336 25084 25167 25250
25337 25394 25351 25365 25379
25395 25433 25404 25413 25422
25434 25472 25443 25452 25461
25473 25523 25485 25497 25509
25524 25696 25567 25610 25653
25697 25910 25750 25803 25856
25911 25954 25921 25931 25941
25955 26137 26000 26045 26090
26138 26204 26154 26170 26186
26205 26320 26233 26261 26289
26321 26453 26354 26387 26420
26454 26546 26477 26500 26523
26547 26687 26582 26617 26652
26688 27036 26775 26862 26949
27037 27103 27053 27069 27085
27104 27182 27123 27142 27161
27183 27306 27213 27243 27273
27307 27361 27320 27333 27346
27362 27432 27379 27396 27413
27433 27471 27442 27451 27460
27472 27544 27490 27508 27526
27545 27581 27554 27563 27572
27582 27638 27596 27610 27624
27639 27675 27648 27657 27666
27676 27748 27694 27712 27730
27749 27800 27761 27773 27785
27801 27942 27836 27871 27906
27943 28046 27968 27993 28018
28047 28211 28088 28129 28170
28212 28339 28243 28274 28305
28340 28376 28349 28358 28367
28377 28511 28410 28443 28476
28512 28668 28551 28590 28629
28669 28711 28679 28689 28699
28712 28973 28777 28842 28907
28974 29128 29012 29050 29088
29129 29174 29140 29151 29162
29175 29215 29185 29195 29205
29216 29261 29227 29238 29249
29262 29303 29272 29282 29292
29304 29342 29313 29322 29331
29343 29433 29365 29387 29409
29434 29585 29471 29508 29545
29586 29789 29636 29686 29736
29790 29838 29802 29814 29826
29839 29912 29857 29875 29893
29913 29982 29930 29947 29964
29983 30155 29987 29991 30114
30156 30313 30195 30234 30273
30314 30531 30368 30422 30476
30532 30595 30547 30562 30577
30596 30643 30607 30618 30629
30644 30962 30723 30802 30881
30963 31093 30995 31027 31059
31094 31130 31103 31112 31121
31131 31148 31135 31139 31143
31149 31168 31153 31157 31161
31169 31243 31187 31205 31223
31244 31314 31261 31278 31295
31315 31371 31329 31343 31357
31372 31456 31393 31414 31435
31457 31479 31462 31467 31472
31480 31498 31484 31488 31492
31499 31522 31504 31509 31514
31523 31564 31533 31543 31553
31565 31692 31596 31627 31658
31693 32109 31797 31901 32005
32110 32137 32116 32122 32128
32138 32208 32155 32172 32189
32209 32275 32225 32241 32257
32276 32311 32284 32292 32300
32312 32360 32324 32336 32348
32361 32422 32376 32391 32406
32423 32466 32433 32443 32453
32467 32600 32500 32533 32566
32601 32711 32628 32655 32682
32712 32792 32732 32752 32772
32793 32882 32815 32837 32859
32883 32923 32893 32903 32913
32924 32945 32929 32934 32939
32946 33121 32989 33032 33075
33122 33272 33159 33196 33233
33273 33315 33283 33293 33303
33316 33544 33373 33430 33487
33545 33617 33563 33581 33599
33618 33690 33636 33654 33672
33691 33743 33704 33717 33730
33744 34294 33881 34018 34155
34295 34422 34326 34357 34388
34423 34478 34436 34449 34462
34479 34591 34507 34535 34563
34592 34620 34599 34606 34613
34621 34702 34641 34661 34681
34703 34837 34736 34769 34802
34838 34927 34860 34882 34904
34928 35063 34961 34994 35027
35064 35146 35084 35104 35124
35147 35264 35176 35205 35234
35265 35340 35283 35301 35319
35341 35550 35393 35445 35497
35551 35626 35569 35587 35605
35627 35793 35668 35709 35750
35794 35883 35816 35838 35860
35884 35962 35903 35922 35941
35963 36014 35975 35987 35999
36015 36070 36028 36041 36054
36071 36146 36089 36107 36125
36147 36257 36174 36201 36228
36258 36304 36269 36280 36291
36305 36386 36325 36345 36365
36387 36491 36413 36439 36465
36492 36677 36538 36584 36630
36678 36746 36695 36712 36729
36747 36881 36780 36813 36846
36882 37020 36916 36950 36984
37021 37141 37051 37081 37111
37142 37199 37156 37170 37184
37200 37269 37217 37234 37251
37270 37312 37280 37290 37300
37313 37455 37348 37383 37418
37456 37510 37469 37482 37495
37511 37552 37521 37531 37541
37553 37618 37569 37585 37601
37619 37646 37625 37631 37637
37647 37681 37655 37663 37671
37682 37699 37686 37690 37694
37700 37762 37715 37730 37745
37763 37798 37771 37779 37787
37799 37826 37805 37811 37817
37827 37864 37836 37845 37854
37865 38096 37922 37979 38036
38097 38361 38163 38229 38295
38362 38494 38395 38428 38461
38495 39008 38623 38751 38879
39009 39072 39024 39039 39054
39073 39341 39140 39207 39274
39342 39506 39383 39424 39465
39507 39737 39564 39621 39678
39738 39835 39762 39786 39810
39836 39928 39859 39882 39905
39929 40061 39962 39995 40028
40062 40255 40110 40158 40206
40256 40392 40290 40324 40358
40393 40470 40412 40431 40450
40471 40530 40485 40499 40513
40531 40608 40550 40569 40588
40609 40740 40641 40673 40705
40741 40839 40765 40789 40813
40840 41012 40883 40926 40969
41013 41153 41048 41083 41118
41154 41207 41167 41180 41193
41208 41359 41245 41282 41319
41360 41587 41416 41472 41528
41588 41692 41614 41640 41666
41693 41814 41723 41753 41783
41815 41879 41831 41847 41863
41880 41963 41900 41920 41940
41964 42037 41982 42000 42018
42038 42197 42077 42116 42155
42198 42264 42214 42230 42246
42265 42295 42272 42279 42286
42296 42329 42304 42312 42320
42330 42411 42350 42370 42390
42412 42503 42434 42456 42478
42504 42560 42518 42532 42546
42561 42678 42590 42619 42648
42679 42799 42709 42739 42769
42800 42857 42814 42828 42842
42858 42935 42877 42896 42915
42936 42997 42951 42966 42981
42998 43065 43014 43030 43046
43066 43091 43072 43078 43084
43092 43197 43118 43144 43170
43198 43235 43207 43216 43225
43236 43354 43265 43294 43323
43355 43414 43369 43383 43397
43415 43504 43437 43459 43481
43505 43521 43509 43513 43517
43522 43592 43539 43556 43573
43593 43661 43610 43627 43644
43662 44138 43781 43900 44019
44139 44211 44157 44175 44193
44212 44301 44234 44256 44278
44302 44368 44318 44334 44350
44369 44523 44407 44445 44483
44524 44586 44539 44554 44569
44587 44707 44617 44647 44677
44708 44805 44732 44756 44780
44806 44981 44849 44892 44935
44982 45061 44986 44990 45045
45062 45204 45097 45132 45167
45205 45310 45231 45257 45283
45311 45494 45356 45401 45446
45495 45589 45518 45541 45564
45590 45694 45616 45642 45668
45695 45782 45716 45737 45758
45783 45856 45801 45819 45837
45857 45950 45880 45903 45926
45951 45975 45957 45963 45969
45976 46227 46038 46100 46162
46228 46358 46260 46292 46324
46359 46486 46390 46421 46452
46487 46534 46498 46509 46520
46535 46579 46546 46557 46568
46580 46641 46595 46610 46625
46642 46803 46682 46722 46762
46804 46910 46830 46856 46882
46911 47001 46933 46955 46977
47002 47086 47023 47044 47065
47087 47168 47107 47127 47147
47169 47503 47252 47335 47418
47504 47605 47529 47554 47579
47606 47816 47658 47710 47762
47817 47897 47837 47857 47877
47898 48123 47954 48010 48066
48124 48409 48195 48266 48337
48410 48527 48439 48468 48497
48528 48561 48536 48544 48552
48562 48607 48573 48584 48595
48608 48781 48651 48694 48737
48782 48921 48816 48850 48884
48922 48972 48934 48946 48958
48973 49091 49002 49031 49060
49092 49118 49098 49104 49110
49119 49156 49128 49137 49146
49157 49269 49185 49213 49241
49270 49333 49285 49300 49315
49334 49395 49349 49364 49379
49396 49536 49431 49466 49501
49537 49661 49568 49599 49630
49662 49732 49679 49696 49713
49733 49794 49748 49763 49778
49795 49811 49799 49803 49807
49812 49832 49817 49822 49827
49833 49876 49843 49853 49863
49877 49910 49885 49893 49901
49911 49966 49924 49937 49950
49967 50015 49979 49991 50003
50016 50062 50027 50038 50049
50063 50165 50088 50113 50138
50166 50284 50195 50224 50253
50285 50329 50296 50307 50318
50330 51239 50557 50784 51011
51240 51332 51263 51286 51309
51333 51525 51381 51429 51477
51526 51629 51551 51576 51601
51630 52093 51745 51860 51975
52094 52163 52111 52128 52145
52164 52214 52176 52188 52200
52215 52254 52224 52233 52242
52255 52449 52303 52351 52399
52450 52549 52474 52498 52522
52550 52695 52586 52622 52658
52696 52755 52710 52724 52738
52756 52849 52779 52802 52825
52850 52921 52867 52884 52901
52922 52963 52932 52942 52952
52964 53003 52973 52982 52991
53004 53124 53034 53064 53094
53125 53197 53143 53161 53179
53198 53252 53211 53224 53237
53253 53294 53263 53273 53283
53295 53354 53309 53323 53337
53355 53467 53383 53411 53439
53468 53531 53483 53498 53513
53532 53695 53572 53612 53652
53696 53799 53721 53746 53771
53800 53998 53849 53898 53947
53999 54055 54013 54027 54041
54056 54124 54073 54090 54107
54125 54186 54140 54155 54170
54187 54327 54222 54257 54292
54328 54359 54335 54342 54349
54360 54472 54388 54416 54444
54473 54618 54509 54545 54581
54619 54689 54636 54653 54670
54690 54921 54747 54804 54861
54922 55011 54944 54966 54988
55012 55057 55023 55034 55045
55058 55445 55154 55250 55346
55446 55488 55456 55466 55476
55489 55538 55501 55513 55525
55539 55575 55548 55557 55566
55576 55629 55589 55602 55615
55630 55798 55672 55714 55756
55799 55829 55806 55813 55820
55830 55848 55834 55838 55842
55849 55976 55880 55911 55942
55977 56039 55992 56007 56022
56040 56077 56049 56058 56067
56078 56110 56086 56094 56102
56111 56137 56117 56123 56129
56138 56163 56144 56150 56156
56164 56195 56171 56178 56185
56196 56212 56200 56204 56208
56213 56232 56217 56221 56225
56233 56253 56238 56243 56248
56254 56368 56282 56310 56338
56369 56385 56373 56377 56381
56386 56402 56390 56394 56398
56403 56422 56407 56411 56415
56423 56449 56429 56435 56441
56450 56502 56463 56476 56489
56503 56696 56551 56599 56647
56697 56717 56702 56707 56712
56718 56750 56726 56734 56742
56751 56767 56755 56759 56763
56768 56794 56774 56780 56786
56795 56846 56807 56819 56831
56847 56891 56858 56869 56880
56892 56911 56896 56900 56904
56912 56933 56917 56922 56927
56934 56969 56942 56950 56958
56970 57009 56979 56988 56997
57010 57030 57015 57020 57025
57031 57048 57035 57039 57043
57049 57073 57055 57061 57067
57074 57091 57078 57082 57086
57092 57138 57103 57114 57125
57139 57162 57144 57149 57154
57163 57184 57168 57173 57178
57185 57238 57198 57211 57224
57239 57300 57254 57269 57284
57301 57321 57306 57311 57316
57322 57349 57328 57334 57340
57350 57392 57360 57370 57380
57393 57488 57416 57439 57462
57489 57703 57542 57595 57648
57704 57798 57727 57750 57773
57799 57889 57821 57843 57865
57890 57916 57896 57902 57908
57917 57992 57935 57953 57971
57993 58057 58009 58025 58041
58058 58226 58100 58142 58184
58227 58443 58281 58335 58389
58444 58523 58463 58482 58501
58524 58565 58534 58544 58554
58566 58627 58581 58596 58611
58628 58688 58643 58658 58673
58689 59146 58803 58917 59031
59147 59212 59163 59179 59195
59213 59243 59220 59227 59234
59244 59276 59252 59260 59268
59277 59374 59301 59325 59349
59375 59437 59390 59405 59420
59438 59596 59477 59516 59555
59597 59650 59610 59623 59636
59651 59838 59697 59743 59789
59839 59937 59863 59887 59911
59938 59976 59947 59956 59965
59977 60059 59982 59987 60042
60060 60105 60071 60082 60093
60106 60135 60113 60120 60127
60136 60159 60141 60146 60151
60160 60191 60167 60174 60181
60192 60269 60211 60230 60249
60270 60299 60277 60284 60291
60300 60336 60309 60318 60327
60337 60361 60343 60349 60355
60362 60436 60380 60398 60416
60437 60470 60445 60453 60461
60471 60566 60494 60517 60540
60567 60615 60579 60591 60603
60616 60736 60646 60676 60706
60737 60796 60751 60765 60779
60797 60829 60805 60813 60821
60830 60909 60849 60868 60887
60910 60939 60917 60924 60931
60940 61004 60956 60972 60988
61005 61119 61033 61061 61089
61120 61180 61135 61150 61165
61181 61218 61190 61199 61208
61219 61319 61244 61269 61294
61320 61418 61344 61368 61392
61419 61463 61430 61441 61452
61464 61549 61485 61506 61527
61550 61590 61560 61570 61580
61591 61636 61602 61613 61624
61637 61674 61646 61655 61664
61675 62616 61910 62145 62380
62617 62671 62630 62643 62656
62672 62885 62725 62778 62831
62886 63005 62915 62944 62973
63006 63103 63030 63054 63078
63104 63180 63123 63142 63161
63181 63204 63186 63191 63196
63205 63311 63231 63257 63283
63312 63415 63337 63362 63387
63416 63526 63443 63470 63497
63527 63571 63538 63549 63560
63572 63718 63608 63644 63680
63719 63768 63731 63743 63755
63769 63846 63788 63807 63826
63847 63944 63871 63895 63919
63945 64007 63960 63975 63990
64008 64044 64017 64026 64035
64045 64239 64093 64141 64189
64240 64317 64259 64278 64297
64318 64372 64331 64344 64357
64373 64644 64440 64507 64574
64645 64721 64664 64683 64702
64722 64852 64754 64786 64818
64853 64948 64876 64899 64922
64949 65092 64984 65019 65054
65093 65142 65105 65117 65129
65143 65210 65159 65175 65191
65211 65375 65252 65293 65334
65376 65448 65394 65412 65430
65449 65541 65472 65495 65518
65542 65599 65556 65570 65584
65600 65675 65618 65636 65654
65676 65801 65707 65738 65769
65802 65878 65821 65840 65859
65879 66002 65909 65939 65969
66003 66304 66078 66153 66228
66305 66364 66319 66333 66347
66365 66428 66380 66395 66410
66429 66482 66442 66455 66468
66483 66574 66505 66527 66549
66575 66606 66582 66589 66596
66607 66756 66644 66681 66718
66757 66812 66770 66783 66796
66813 66943 66845 66877 66909
66944 66992 66956 66968 66980
66993 67051 67007 67021 67035
67052 67093 67062 67072 67082
67094 67188 67117 67140 67163
67189 67246 67203 67217 67231
67247 67314 67263 67279 67295
67315 67345 67322 67329 67336
67346 67388 67356 67366 67376
67389 67463 67407 67425 67443
67464 67497 67472 67480 67488
67498 67528 67505 67512 67519
67529 67606 67548 67567 67586
67607 67625 67611 67615 67619
67626 67731 67652 67678 67704
67732 67757 67738 67744 67750
67758 67808 67770 67782 67794
67809 68011 67859 67909 67959
68012 68035 68017 68022 68027
68036 68100 68052 68068 68084
68101 68122 68106 68111 68116
68123 68173 68135 68147 68159
68174 68242 68191 68208 68225
68243 68288 68254 68265 68276
68289 68312 68294 68299 68304
68313 68429 68342 68371 68400
68430 68564 68463 68496 68529
68565 68610 68576 68587 68598
68611 68674 68626 68641 68656
68675 68702 68681 68687 68693
68703 68763 68718 68733 68748
68764 68822 68778 68792 68806
68823 68849 68829 68835 68841
68850 68937 68871 68892 68913
68938 68966 68945 68952 68959
68967 68987 68972 68977 68982
68988 69007 68992 68996 69000
69008 69028 69013 69018 69023
69029 69084 69042 69055 69068
69085 69170 69106 69127 69148
69171 69333 69211 69251 69291
69334 69381 69345 69356 69367
69382 69528 69418 69454 69490
69529 69549 69534 69539 69544
69550 69655 69576 69602 69628
69656 69730 69674 69692 69710
69731 69799 69748 69765 69782
69800 69855 69813 69826 69839
69856 69925 69873 69890 69907
69926 69975 69938 69950 69962
69976 70039 69991 70006 70021
70040 70115 70058 70076 70094
70116 70338 70171 70226 70281
70339 70364 70345 70351 70357
70365 70413 70377 70389 70401
70414 70551 70448 70482 70516
70552 70762 70604 70656 70708
70763 70784 70768 70773 70778
70785 70932 70821 70857 70893
70933 70953 70938 70943 70948
70954 71053 70978 71002 71026
71054 71116 71069 71084 71099
71117 71360 71177 71237 71297
71361 71439 71380 71399 71418
71440 71499 71454 71468 71482
71500 71564 71516 71532 71548
71565 71659 71588 71611 71634
71660 71751 71682 71704 71726
71752 71880 71784 71816 71848
71881 71998 71910 71939 71968
71999 72063 72015 72031 72047
72064 72194 72096 72128 72160
72195 72340 72231 72267 72303
72341 72380 72350 72359 72368
72381 72414 72389 72397 72405
72415 72497 72435 72455 72475
72498 72669 72540 72582 72624
72670 72811 72705 72740 72775
72812 72848 72821 72830 72839
72849 72890 72859 72869 72879
72891 72986 72914 72937 72960
72987 73030 72997 73007 73017
73031 73086 73044 73057 73070
73087 73155 73104 73121 73138
73156 73232 73175 73194 73213
73233 73272 73242 73251 73260
73273 73311 73282 73291 73300
73312 73350 73321 73330 73339
73351 73382 73358 73365 73372
73383 73418 73391 73399 73407
73419 73481 73434 73449 73464
73482 73532 73494 73506 73518
73533 73641 73560 73587 73614
73642 73672 73649 73656 73663
73673 73761 73695 73717 73739
73762 73884 73792 73822 73852
73885 74050 73926 73967 74008
74051 74845 74249 74447 74645
74846 75020 74884 74922 75015
75021 75125 75047 75073 75099
75126 75306 75171 75216 75261
75307 75515 75359 75411 75463
75516 75637 75546 75576 75606
75638 75906 75705 75772 75839
75907 76065 75946 75985 76024
76066 76098 76074 76082 76090
76099 76163 76115 76131 76147
76164 76196 76172 76180 76188
76197 76219 76202 76207 76212
76220 76291 76237 76254 76271
76292 76317 76298 76304 76310
76318 76336 76322 76326 76330
76337 76357 76342 76347 76352
76358 76382 76364 76370 76376
76383 76403 76388 76393 76398
76404 76428 76410 76416 76422
76429 76460 76436 76443 76450
76461 76615 76499 76537 76575
76616 76646 76623 76630 76637
76647 76736 76669 76691 76713
76737 76814 76756 76775 76794
76815 76872 76829 76843 76857
76873 76937 76889 76905 76921
76938 77038 76963 76988 77013
77039 77116 77058 77077 77096
77117 77236 77146 77175 77204
77237 77282 77248 77259 77270
77283 77328 77294 77305 77316
77329 77527 77378 77427 77476
77528 77590 77543 77558 77573
77591 77639 77603 77615 77627
77640 77764 77671 77702 77733
77765 77795 77772 77779 77786
77796 77822 77802 77808 77814
77823 77882 77837 77851 77865
77883 77921 77892 77901 77910
77922 77963 77932 77942 77952
77964 78043 77983 78002 78021
78044 78080 78053 78062 78071
78081 78126 78092 78103 78114
78127 78214 78148 78169 78190
78215 78272 78229 78243 78257
78273 78394 78303 78333 78363
78395 78463 78412 78429 78446
78464 78504 78474 78484 78494
78505 78619 78533 78561 78589
78620 78727 78646 78672 78698
78728 78825 78752 78776 78800
78826 78896 78843 78860 78877
78897 78987 78919 78941 78963
78988 79130 79023 79058 79093
79131 79276 79167 79203 79239
79277 79335 79291 79305 79319
79336 79453 79365 79394 79423
79454 79579 79485 79516 79547
79580 79634 79593 79606 79619
79635 79757 79665 79695 79725
79758 79806 79770 79782 79794
79807 79912 79833 79859 79885
79913 79988 79931 79949 79967
79989 80114 80020 80051 80082
80115 80152 80124 80133 80142
80153 80319 80194 80235 80276
80320 80373 80333 80346 80359
80374 80430 80388 80402 80416
80431 80527 80455 80479 80503
80528 80586 80542 80556 80570
80587 80700 80615 80643 80671
80701 80742 80711 80721 80731
80743 80936 80791 80839 80887
80937 81011 80955 80973 80991
81012 81093 81032 81052 81072
81094 81220 81125 81156 81187
81221 81343 81251 81281 81311
81344 81572 81401 81458 81515
81573 81638 81589 81605 81621
81639 81709 81656 81673 81690
81710 81814 81736 81762 81788
81815 81969 81853 81891 81929
81970 82005 81978 81986 81994
82006 82128 82036 82066 82096
82129 82210 82149 82169 82189
82211 82310 82235 82259 82283
82311 82386 82329 82347 82365
82387 82576 82434 82481 82528
82577 82781 82628 82679 82730
82782 82879 82806 82830 82854
82880 82988 82907 82934 82961
82989 83036 83000 83011 83022
83037 83229 83085 83133 83181
83230 83287 83244 83258 83272
83288 83434 83324 83360 83396
83435 83533 83459 83483 83507
83534 83710 83578 83622 83666
83711 83799 83733 83755 83777
83800 83837 83809 83818 83827
83838 83918 83858 83878 83898
83919 83978 83933 83947 83961
83979 84082 84004 84029 84054
84083 84266 84128 84173 84218
84267 84853 84413 84559 84705
84854 85039 84900 84946 84992
85040 85085 85051 85062 85073
85086 85339 85149 85212 85275
85340 85379 85349 85358 85367
85380 85577 85429 85478 85527
85578 85650 85596 85614 85632
85651 85702 85663 85675 85687
85703 85787 85724 85745 85766
85788 85888 85813 85838 85863
85889 85983 85912 85935 85958
85984 86223 86043 86102 86161
86224 86313 86246 86268 86290
86314 86469 86352 86390 86428
86470 86515 86481 86492 86503
86516 86602 86537 86558 86579
86603 86813 86655 86707 86759
86814 86869 86827 86840 86853
86870 86964 86893 86916 86939
86965 86999 86973 86981 86989
87000 87019 87004 87008 87012
87020 87071 87032 87044 87056
87072 87091 87076 87080 87084
87092 87169 87111 87130 87149
87170 87204 87178 87186 87194
87205 87311 87231 87257 87283
87312 87774 87427 87542 87657
87775 88029 87838 87901 87964
88030 88077 88041 88052 88063
88078 88168 88100 88122 88144
88169 88253 88190 88211 88232
88254 88352 88278 88302 88326
88353 88442 88375 88397 88419
88443 88583 88478 88513 88548
88584 88674 88606 88628 88650
88675 89095 88780 88885 88990
89096 89417 89176 89256 89336
89418 89553 89451 89484 89517
89554 89629 89572 89590 89608
89630 89648 89634 89638 89642
89649 89676 89655 89661 89667
89677 89721 89688 89699 89710
89722 89816 89745 89768 89791
89817 89843 89823 89829 89835
89844 89863 89848 89852 89856
89864 89920 89878 89892 89906
89921 89951 89928 89935 89942
89952 89991 89961 89970 89979
89992 90010 89993 89994 90006
90011 90070 90025 90039 90053
90071 90132 90086 90101 90116
90133 90250 90162 90191 90220
90251 90428 90295 90339 90383
90429 90581 90467 90505 90543
90582 90609 90588 90594 90600
90610 90697 90631 90652 90673
90698 90801 90723 90748 90773
90802 90916 90830 90858 90886
90917 90973 90931 90945 90959
90974 91017 90984 90994 91004
91018 91146 91050 91082 91114
91147 91167 91152 91157 91162
91168 91194 91174 91180 91186
91195 91266 91212 91229 91246
91267 91320 91280 91293 91306
91321 91382 91336 91351 91366
91383 91686 91458 91533 91608
91687 91734 91698 91709 91720
91735 91816 91755 91775 91795
91817 92029 91870 91923 91976
92030 92048 92034 92038 92042
92049 92085 92058 92067 92076
92086 92303 92140 92194 92248
92304 92346 92314 92324 92334
92347 92458 92374 92401 92428
92459 92507 92471 92483 92495
92508 92603 92531 92554 92577
92604 92687 92624 92644 92664
92688 92767 92707 92726 92745
92768 92799 92775 92782 92789
92800 92876 92819 92838 92857
92877 92906 92884 92891 92898
92907 92941 92915 92923 92931
92942 93117 92985 93028 93071
93118 93142 93124 93130 93136
93143 93160 93147 93151 93155
93161 93178 93165 93169 93173
93179 93270 93201 93223 93245
93271 93382 93298 93325 93352
93383 93440 93397 93411 93425
93441 93468 93447 93453 93459
93469 93562 93492 93515 93538
93563 93737 93606 93649 93692
93738 93809 93755 93772 93789
93810 94408 93959 94108 94257
94409 94455 94420 94431 94442
94456 94632 94500 94544 94588
94633 94795 94673 94713 94753
94796 94940 94832 94868 94904
94941 94986 94952 94963 94974
94987 95077 95009 95031 95053
95078 96235 95367 95656 95945
96236 96275 96245 96254 96263
96276 96295 96280 96284 96288
96296 96333 96305 96314 96323
96334 96369 96342 96350 96358
96370 96423 96383 96396 96409
96424 96498 96442 96460 96478
96499 96580 96519 96539 96559
96581 96659 96600 96619 96638
96660 96764 96686 96712 96738
96765 96800 96773 96781 96789
96801 96894 96824 96847 96870
96895 96963 96912 96929 96946
96964 97014 96976 96988 97000
97015 97093 97034 97053 97072
97094 97156 97109 97124 97139
97157 97203 97168 97179 97190
97204 97271 97220 97236 97252
97272 97371 97296 97320 97344
97372 97453 97392 97412 97432
97454 97484 97461 97468 97475
97485 97580 97508 97531 97554
97581 97626 97592 97603 97614
97627 97672 97638 97649 97660
97673 97703 97680 97687 97694
97704 97838 97737 97770 97803
97839 98527 98011 98183 98355
98528 98688 98568 98608 98648
98689 98926 98748 98807 98866
98927 98985 98941 98955 98969
98986 99055 99003 99020 99037
99056 99370 99134 99212 99290
99371 99462 99393 99415 99437
99463 99499 99472 99481 99490
99500 99550 99512 99524 99536
99551 99591 99561 99571 99581
99592 99622 99599 99606 99613
99623 99754 99655 99687 99719
99755 99930 99798 99841 99884
99931 100144 99984 100037 100090
100145 100203 100159 100173 100187
100204 100267 100219 100234 100249
100268 100289 100273 100278 100283
100290 100325 100298 100306 100314
100326 100394 100343 100360 100377
100395 100472 100414 100433 100452
100473 100516 100483 100493 100503
100517 100559 100527 100537 100547
100560 100629 100577 100594 100611
100630 100709 100649 100668 100687
100710 100843 100743 100776 100809
100844 100975 100876 100908 100940
100976 101032 100990 101004 101018
101033 101159 101064 101095 101126
101160 101304 101196 101232 101268
101305 101400 101328 101351 101374
101401 101452 101413 101425 101437
101453 101563 101480 101507 101534
101564 101629 101580 101596 101612
101630 101672 101640 101650 101660
101673 101781 101700 101727 101754
101782 101802 101787 101792 101797
101803 101849 101814 101825 101836
101850 101900 101862 101874 101886
101901 101950 101913 101925 101937
101951 101983 101959 101967 101975
101984 102028 101995 102006 102017
102029 102083 102042 102055 102068
102084 102134 102096 102108 102120
102135 102162 102141 102147 102153
102163 102267 102189 102215 102241
102268 102345 102287 102306 102325
102346 102588 102406 102466 102526
102589 102605 102593 102597 102601
102606 102629 102611 102616 102621
102630 102653 102635 102640 102645
102654 102674 102659 102664 102669
102675 102693 102679 102683 102687
102694 102713 102698 102702 102706
102714 102771 102728 102742 102756
102772 102830 102786 102800 102814
102831 103092 102896 102961 103026
103093 103139 103104 103115 103126
103140 103180 103150 103160 103170
103181 103300 103210 103239 103268
103301 103388 103322 103343 103364
103389 103439 103401 103413 103425
103440 103675 103498 103556 103614
103676 103981 103752 103828 103904
103982 104295 104060 104138 104216
104296 104351 104309 104322 104335
104352 104395 104362 104372 104382
104396 104550 104434 104472 104510
104551 104608 104565 104579 104593
104609 104690 104629 104649 104669
104691 104829 104725 104759 104793
104830 104958 104862 104894 104926
104959 104990 104966 104973 104980
104991 105037 104993 104995 105027
105038 105125 105059 105080 105101
105126 105279 105164 105202 105240
105280 105373 105303 105326 105349
105374 105433 105388 105402 105416
105434 105545 105461 105488 105515
105546 105722 105590 105634 105678
105723 105791 105740 105757 105774
105792 105816 105798 105804 105810
105817 105849 105825 105833 105841
105850 105884 105858 105866 105874
105885 105920 105893 105901 105909
105921 106044 105951 105981 106011
106045 106076 106052 106059 106066
106077 106257 106122 106167 106212
106258 106312 106271 106284 106297
106313 106383 106330 106347 106364
106384 106534 106421 106458 106495
106535 106630 106558 106581 106604
106631 106692 106646 106661 106676
106693 106770 106712 106731 106750
106771 107070 106845 106919 106993
107071 107151 107091 107111 107131
107152 107283 107184 107216 107248
107284 107355 107301 107318 107335
107356 107532 107400 107444 107488
107533 107850 107612 107691 107770
107851 107987 107885 107919 107953
107988 108097 108015 108042 108069
108098 108211 108126 108154 108182
108212 108243 108219 108226 108233
108244 108265 108249 108254 108259
108266 108307 108276 108286 108296
108308 108333 108314 108320 108326
108334 108355 108339 108344 108349
108356 108504 108393 108430 108467
108505 108584 108524 108543 108562
108585 108722 108619 108653 108687
108723 108911 108770 108817 108864
108912 108994 108932 108952 108972
108995 109272 109064 109133 109202
109273 109342 109290 109307 109324
109343 109560 109397 109451 109505
109561 109621 109576 109591 109606
109622 109959 109706 109790 109874
109960 110019 109974 109988 110002
110020 110125 110046 110072 110098
110126 110215 110148 110170 110192
110216 110292 110235 110254 110273
110293 110415 110323 110353 110383
110416 110492 110435 110454 110473
110493 110552 110507 110521 110535
110553 110660 110579 110605 110631
110661 110709 110673 110685 110697
110710 110758 110722 110734 110746
110759 110838 110778 110797 110816
110839 110962 110869 110899 110929
110963 111016 110976 110989 111002
111017 111052 111025 111033 111041
111053 111086 111061 111069 111077
111087 111159 111105 111123 111141
111160 111208 111172 111184 111196
111209 111246 111218 111227 111236
111247 111314 111263 111279 111295
111315 111357 111325 111335 111345
111358 111392 111366 111374 111382
111393 111466 111411 111429 111447
111467 111509 111477 111487 111497
111510 111535 111516 111522 111528
111536 111797 111601 111666 111731
111798 111877 111817 111836 111855
111878 111977 111902 111926 111950
111978 112076 112002 112026 112050
112077 112146 112094 112111 112128
112147 112256 112174 112201 112228
112257 112321 112273 112289 112305
112322 112385 112337 112352 112367
112386 112451 112402 112418 112434
112452 112566 112480 112508 112536
112567 112672 112593 112619 112645
112673 112794 112703 112733 112763
112795 112829 112803 112811 112819
112830 112877 112841 112852 112863
112878 112980 112903 112928 112953
112981 113012 112988 112995 113002
113013 113159 113049 113085 113121
113160 113214 113173 113186 113199
113215 113322 113241 113267 113293
113323 113367 113334 113345 113356
113368 113395 113374 113380 113386
113396 113425 113403 113410 113417
113426 113481 113439 113452 113465
113482 113531 113494 113506 113518
113532 113594 113547 113562 113577
113595 113639 113606 113617 113628
113640 113815 113683 113726 113769
113816 113844 113823 113830 113837
113845 113929 113866 113887 113908
113930 114279 114017 114104 114191
114280 114366 114301 114322 114343
114367 114586 114421 114475 114529
114587 114728 114622 114657 114692
114729 114756 114735 114741 114747
114757 114796 114766 114775 114784
114797 114841 114808 114819 114830
114842 115032 114889 114936 114983
115033 115068 115041 115049 115057
115069 115088 115073 115077 115081
115089 115177 115111 115133 115155
115178 115223 115189 115200 115211
115224 115281 115238 115252 115266
115282 115335 115295 115308 115321
115336 115366 115343 115350 115357
115367 115396 115374 115381 115388
115397 115441 115408 115419 115430
115442 115528 115463 115484 115505
115529 115581 115542 115555 115568
115582 115615 115590 115598 115606
115616 115669 115629 115642 115655
115670 115702 115678 115686 115694
115703 115746 115713 115723 115733
115747 115901 115785 115823 115861
115902 115944 115912 115922 115932
115945 116064 115974 116003 116032
116065 116129 116081 116097 116113
116130 116386 116194 116258 116322
116387 116446 116401 116415 116429
116447 116794 116533 116619 116705
116795 116841 116806 116817 116828
116842 116880 116851 116860 116869
116881 116931 116893 116905 116917
116932 117329 117031 117130 117229
117330 117528 117379 117428 117477
117529 117629 117554 117579 117604
117630 117671 117640 117650 117660
117672 117708 117681 117690 117699
117709 117777 117726 117743 117760
117778 117824 117789 117800 117811
117825 117963 117859 117893 117927
117964 118038 117982 118000 118018
118039 118066 118045 118051 118057
118067 118118 118079 118091 118103
118119 118188 118136 118153 118170
118189 118414 118245 118301 118357
118415 118555 118450 118485 118520
118556 118627 118573 118590 118607
118628 118831 118678 118728 118778
118832 119019 118878 118924 118970
119020 119268 119082 119144 119206
119269 119381 119297 119325 119353
119382 119400 119386 119390 119394
119401 119491 119423 119445 119467
119492 119549 119506 119520 119534
119550 119585 119558 119566 119574
119586 119639 119599 119612 119625
119640 119858 119694 119748 119802
119859 119899 119869 119879 119889
119900 120112 119924 119948 120084
120113 120176 120128 120143 120158
120177 120208 120184 120191 120198
120209 120237 120216 120223 120230
120238 120281 120248 120258 120268
120282 120324 120292 120302 120312
120325 120515 120372 120419 120466
120516 120556 120526 120536 120546
120557 120755 120606 120655 120704
120756 120821 120772 120788 120804
120822 121082 120887 120952 121017
121083 121140 121097 121111 121125
121141 121208 121157 121173 121189
121209 121348 121243 121277 121311
121349 121394 121360 121371 121382
121395 122085 121567 121739 121911
122086 122134 122098 122110 122122
122135 122185 122147 122159 122171
122186 122444 122250 122314 122378
122445 122487 122455 122465 122475
122488 122540 122501 122514 122527
122541 122914 122634 122727 122820
122915 122952 122924 122933 122942
122953 123024 122970 122987 123004
123025 123045 123030 123035 123040
123046 123118 123064 123082 123100
123119 123147 123126 123133 123140
123148 123251 123173 123198 123223
123252 123904 123415 123578 123741
123905 123929 123911 123917 123923
123930 124128 123979 124028 124077
124129 124183 124142 124155 124168
124184 124317 124217 124250 124283
124318 124383 124334 124350 124366
124384 124412 124391 124398 124405
124413 124449 124422 124431 124440
124450 124733 124520 124590 124660
124734 124978 124795 124856 124917
124979 125288 125056 125133 125210
125289 125319 125296 125303 125310
125320 125499 125364 125408 125452
125500 125547 125511 125522 125533
125548 125569 125553 125558 125563
125570 125665 125593 125616 125639
125666 125711 125677 125688 125699
125712 125728 125716 125720 125724
125729 125754 125735 125741 125747
125755 125827 125773 125791 125809
125828 125894 125844 125860 125876
125895 126049 125933 125971 126009
126050 126126 126069 126088 126107
126127 126216 126149 126171 126193
126217 126292 126235 126253 126271
126293 126491 126342 126391 126440
126492 126526 126500 126508 126516
126527 126580 126540 126553 126566
126581 126643 126596 126611 126626
126644 126757 126672 126700 126728
126758 126819 126773 126788 126803
126820 126975 126858 126896 126934
126976 127153 127020 127064 127108
127154 127207 127167 127180 127193
127208 127274 127224 127240 127256
127275 127386 127302 127329 127356
127387 127482 127410 127433 127456
127483 127675 127531 127579 127627
127676 127879 127726 127776 127826
127880 127914 127888 127896 127904
127915 128073 127954 127993 128032
128074 128196 128104 128134 128164
128197 128353 128236 128275 128314
128354 128393 128363 128372 128381
128394 128461 128410 128426 128442
128462 128762 128537 128612 128687
128763 128847 128784 128805 128826
128848 128887 128857 128866 128875
128888 128986 128912 128936 128960
128987 129030 128997 129007 129017
129031 129142 129058 129085 129112
129143 129257 129171 129199 129227
129258 129367 129285 129312 129339
129368 129459 129390 129412 129434
129460 129520 129475 129490 129505
129521 129714 129569 129617 129665
129715 129856 129750 129785 129820
129857 129915 129871 129885 129899
129916 130011 129939 129962 129985
130012 130121 130039 130066 130093
130122 130192 130139 130156 130173
130193 130254 130208 130223 130238
130255 130437 130300 130345 130390
130438 130528 130460 130482 130504
130529 130684 130567 130605 130643
130685 130799 130713 130741 130769
130800 130863 130815 130830 130845
130864 130930 130880 130896 130912
130931 131128 130980 131029 131078
131129 131162 131137 131145 131153
131163 131273 131190 131217 131244
131274 131364 131296 131318 131340
131365 131427 131380 131395 131410
131428 131539 131455 131482 131509
131540 131655 131568 131596 131624
131656 131743 131677 131698 131719
131744 131967 131799 131854 131909
131968 132038 131985 132002 132019
132039 132404 132130 132221 132312
132405 132552 132441 132477 132513
132553 132845 132626 132699 132772
132846 133055 132898 132950 133002
133056 133191 133089 133122 133155
133192 133343 133229 133266 133303
133344 133453 133371 133398 133425
133454 133506 133467 133480 133493
133507 133559 133520 133533 133546
133560 133661 133585 133610 133635
133662 133745 133682 133702 133722
133746 133786 133756 133766 133776
133787 133921 133820 133853 133886
133922 134100 133966 134010 134054
134101 134312 134153 134205 134257
134313 134417 134339 134365 134391
134418 134460 134428 134438 134448
134461 134585 134492 134523 134554
134586 134658 134604 134622 134640
134659 135033 134744 134829 135024
135034 135103 135051 135068 135085
135104 135402 135178 135252 135326
135403 135533 135435 135467 135499
135534 135822 135606 135678 135750
135823 135885 135838 135853 135868
135886 136076 135933 135980 136027
136077 136282 136128 136179 136230
136283 136529 136344 136405 136466
136530 136605 136548 136566 136584
136606 136825 136660 136714 136768
136826 136954 136858 136890 136922
136955 136999 136966 136977 136988
137000 137099 137024 137048 137072
137100 137132 137108 137116 137124
137133 137277 137169 137205 137241
137278 137467 137325 137372 137419
137468 137651 137513 137558 137603
137652 137916 137718 137784 137850
137917 137960 137927 137937 137947
137961 138026 137977 137993 138009
138027 138061 138035 138043 138051
138062 138186 138093 138124 138155
138187 138232 138198 138209 138220
138233 138494 138298 138363 138428
138495 138551 138509 138523 138537
138552 138690 138586 138620 138654
138691 138809 138720 138749 138778
138810 138963 138848 138886 138924
138964 139015 138976 138988 139000
139016 139052 139025 139034 139043
139053 139184 139085 139117 139149
139185 139278 139208 139231 139254
139279 139356 139298 139317 139336
139357 139544 139403 139449 139495
139545 139588 139555 139565 139575
139589 139689 139614 139639 139664
139690 139716 139696 139702 139708
139717 140049 139800 139883 139966
140050 140093 140060 140070 140080
140094 140210 140123 140152 140181
140211 140676 140327 140443 140559
140677 140865 140724 140771 140818
140866 140916 140878 140890 140902
140917 141096 140961 141005 141049
141097 141119 141102 141107 141112
141120 141143 141125 141130 141135
141144 141180 141153 141162 141171
141181 141256 141199 141217 141235
141257 141305 141269 141281 141293
141306 141331 141312 141318 141324
141332 141358 141338 141344 141350
141359 141377 141363 141367 141371
141378 141474 141402 141426 141450
141475 141518 141485 141495 141505
141519 141584 141535 141551 141567
141585 141643 141599 141613 141627
141644 141661 141648 141652 141656
141662 141679 141666 141670 141674
141680 141697 141684 141688 141692
141698 141715 141702 141706 141710
141716 141733 141720 141724 141728
141734 141751 141738 141742 141746
141752 141771 141756 141760 141764
141772 141789 141776 141780 141784
141790 141807 141794 141798 141802
141808 141824 141812 141816 141820
141825 141842 141829 141833 141837
141843 141860 141847 141851 141855
141861 141878 141865 141869 141873
141879 141896 141883 141887 141891
141897 142047 141934 141971 142008
142048 142394 142134 142220 142306
142395 142641 142456 142517 142578
142642 142755 142670 142698 142726
142756 142822 142772 142788 142804
142823 142885 142838 142853 142868
142886 142914 142893 142900 142907
142915 143066 142952 142989 143026
143067 143100 143075 143083 143091
143101 143251 143138 143175 143212
143252 143281 143259 143266 143273
143282 143394 143310 143338 143366
143395 143424 143402 143409 143416
143425 143523 143449 143473 143497
143524 143572 143536 143548 143560
143573 143657 143594 143615 143636
143658 143759 143683 143708 143733
143760 143801 143770 143780 143790
143802 143912 143829 143856 143883
143913 144041 143945 143977 144009
144042 144097 144055 144068 144081
144098 144418 144178 144258 144338
144419 144545 144450 144481 144512
144546 144599 144559 144572 144585
144600 144628 144607 144614 144621
144629 144696 144645 144661 144677
144697 144769 144715 144733 144751
144770 144810 144780 144790 144800
144811 144882 144828 144845 144862
144883 144957 144901 144919 144937
144958 145112 144996 145034 145072
145113 145274 145153 145193 145233
145275 145419 145311 145347 145383
145420 145508 145442 145464 145486
145509 145562 145522 145535 145548
145563 145747 145609 145655 145701
145748 145805 145762 145776 145790
145806 146001 145854 145902 145950
146002 146135 146035 146068 146101
146136 146191 146149 146162 146175
146192 146238 146203 146214 146225
146239 146345 146265 146291 146317
146346 146479 146379 146412 146445
146480 146529 146492 146504 146516
146530 146679 146567 146604 146641
146680 146805 146711 146742 146773
146806 146869 146821 146836 146851
146870 147122 146933 146996 147059
147123 147163 147133 147143 147153
147164 147198 147172 147180 147188
147199 147329 147231 147263 147295
147330 147383 147343 147356 147369
147384 147425 147394 147404 147414
147426 147454 147433 147440 147447
147455 147611 147494 147533 147572
147612 147631 147616 147620 147624
147632 147692 147647 147662 147677
147693 147730 147702 147711 147720
147731 147759 147738 147745 147752
147760 147812 147773 147786 147799
147813 147929 147842 147871 147900
147930 148150 147985 148040 148095
148151 148202 148163 148175 148187
148203 148233 148210 148217 148224
148234 148260 148240 148246 148252
148261 148354 148284 148307 148330
148355 148464 148382 148409 148436
148465 148531 148481 148497 148513
148532 148558 148538 148544 148550
148559 148579 148564 148569 148574
148580 148655 148598 148616 148634
148656 148738 148676 148696 148716
148739 148768 148746 148753 148760
148769 148908 148803 148837 148871
148909 149051 148944 148979 149014
149052 149083 149059 149066 149073
149084 149195 149111 149138 149165
149196 149225 149203 149210 149217
149226 149270 149237 149248 149259
149271 149463 149319 149367 149415
149464 149596 149497 149530 149563
149597 149729 149630 149663 149696
149730 149764 149738 149746 149754
149765 149824 149779 149793 149807
149825 150018 149868 149911 150012
150019 150292 150087 150155 150223
150293 150471 150337 150381 150425
150472 150502 150479 150486 150493
150503 150642 150537 150571 150605
150643 150665 150648 150653 150658
150666 150705 150675 150684 150693
150706 150771 150722 150738 150754
150772 151011 150831 150890 150949
151012 151055 151022 151032 151042
151056 151334 151125 151194 151263
151335 151367 151343 151351 151359
151368 151411 151378 151388 151398
151412 151460 151424 151436 151448
151461 151530 151478 151495 151512
151531 151601 151548 151565 151582
151602 151705 151627 151652 151677
151706 151738 151714 151722 151730
151739 151837 151763 151787 151811
151838 151977 151872 151906 151940
151978 152286 152055 152132 152209
152287 152344 152301 152315 152329
152345 152598 152408 152471 152534
152599 152733 152632 152665 152698
152734 152840 152760 152786 152812
152841 153269 152948 153055 153162
153270 153393 153300 153330 153360
153394 153475 153414 153434 153454
153476 153573 153500 153524 153548
153574 153750 153618 153662 153706
153751 153798 153762 153773 153784
153799 153954 153837 153875 153913
153955 154095 153990 154025 154060
154096 154347 154158 154220 154282
154348 154437 154370 154392 154414
154438 154622 154484 154530 154576
154623 154778 154661 154699 154737
154779 155247 154896 155013 155130
155248 155328 155268 155288 155308
155329 155390 155344 155359 155374
155391 155828 155500 155609 155718
155829 155876 155840 155851 155862
155877 155933 155891 155905 155919
155934 155988 155947 155960 155973
155989 156032 155999 156009 156019
156033 156175 156068 156103 156138
156176 156249 156194 156212 156230
156250 156387 156284 156318 156352
156388 156514 156419 156450 156481
156515 156617 156540 156565 156590
156618 156681 156633 156648 156663
156682 156830 156719 156756 156793
156831 156887 156845 156859 156873
156888 157086 156937 156986 157035
157087 157201 157115 157143 157171
157202 157240 157211 157220 157229
157241 157340 157265 157289 157313
157341 157386 157352 157363 157374
157387 157424 157396 157405 157414
157425 157525 157450 157475 157500
157526 157582 157540 157554 157568
157583 157641 157597 157611 157625
157642 157773 157674 157706 157738
157774 157954 157819 157864 157909
157955 158032 157974 157993 158012
158033 158139 158059 158085 158111
158140 158178 158149 158158 158167
158179 158214 158187 158195 158203
158215 158321 158241 158267 158293
158322 158431 158349 158376 158403
158432 158738 158508 158584 158660
158739 158784 158750 158761 158772
158785 158816 158792 158799 158806
158817 158870 158830 158843 158856
158871 158928 158885 158899 158913
158929 158973 158940 158951 158962
158974 159025 158986 158998 159010
159026 159061 159034 159042 159050
159062 159151 159084 159106 159128
159152 159197 159163 159174 159185
159198 159264 159214 159230 159246
159265 159295 159272 159279 159286
159296 159356 159311 159326 159341
159357 159402 159368 159379 159390
159403 159447 159414 159425 159436
159448 159496 159460 159472 159484
159497 159531 159505 159513 159521
159532 159558 159538 159544 159550
159559 159625 159575 159591 159607
159626 159664 159635 159644 159653
159665 159692 159671 159677 159683
159693 159922 159750 159807 159864
159923 160109 159969 160015 160061
160110 160129 160114 160118 160122
160130 160161 160137 160144 160151
160162 160192 160169 160176 160183
160193 160437 160254 160315 160376
160438 160476 160447 160456 160465
160477 160554 160496 160515 160534
160555 160595 160565 160575 160585
160596 160808 160649 160702 160755
160809 160856 160820 160831 160842
160857 160973 160886 160915 160944
160974 161076 160999 161024 161049
161077 161116 161086 161095 161104
161117 161244 161148 161179 161210
161245 161384 161279 161313 161347
161385 161442 161399 161413 161427
161443 161543 161468 161493 161518
161544 161685 161579 161614 161649
161686 161735 161698 161710 161722
161736 161787 161748 161760 161772
161788 161973 161834 161880 161926
161974 162032 161988 162002 162016
162033 162440 162134 162235 162336
162441 162517 162460 162479 162498
162518 162573 162531 162544 162557
162574 162732 162613 162652 162691
162733 162891 162772 162811 162850
162892 162942 162904 162916 162928
162943 163008 162959 162975 162991
163009 163136 163040 163071 163102
163137 163207 163154 163171 163188
163208 163355 163244 163280 163316
163356 163420 163372 163388 163404
163421 163590 163463 163505 163547
163591 163641 163603 163615 163627
163642 163802 163682 163722 163762
163803 163862 163817 163831 163845
163863 163933 163880 163897 163914
163934 164014 163954 163974 163994
164015 164099 164036 164057 164078
164100 164149 164112 164124 164136
164150 164331 164195 164240 164285
164332 164367 164340 164348 164356
164368 164387 164372 164376 164380
164388 164438 164400 164412 164424
164439 164464 164445 164451 164457
164465 164515 164477 164489 164501
164516 164533 164520 164524 164528
164534 164559 164540 164546 164552
164560 164614 164573 164586 164599
164615 164789 164658 164701 164744
164790 164810 164795 164800 164805
164811 164875 164827 164843 164859
164876 164916 164886 164896 164906
164917 164954 164926 164935 164944
164955 165114 164966 164977 165084
165115 165167 165128 165141 165154
165168 165195 165174 165180 165186
165196 165240 165207 165218 165229
165241 165282 165251 165261 165271
165283 165314 165290 165297 165304
165315 165404 165337 165359 165381
165405 165437 165413 165421 165429
165438 165458 165443 165448 165453
165459 165488 165466 165473 165480
165489 165603 165517 165545 165573
165604 165648 165615 165626 165637
165649 165858 165701 165753 165805
165859 165904 165870 165881 165892
165905 166007 165930 165955 165980
166008 166118 166035 166062 166089
166119 166285 166160 166201 166242
166286 166544 166350 166414 166478
166545 166585 166555 166565 166575
166586 166644 166600 166614 166628
166645 166677 166653 166661 166669
166678 166876 166727 166776 166825
166877 167782 167103 167329 167555
167783 168209 167889 167995 168101
168210 168477 168276 168342 168408
168478 168600 168508 168538 168568
168601 168674 168619 168637 168655
168675 168801 168706 168737 168768
168802 168852 168814 168826 168838
168853 168943 168875 168897 168919
168944 169025 168964 168984 169004
169026 169109 169046 169066 169086
169110 169143 169118 169126 169134
169144 169184 169154 169164 169174
169185 169306 169215 169245 169275
169307 169372 169323 169339 169355
169373 169471 169397 169421 169445
169472 169621 169509 169546 169583
169622 169935 169700 169778 169856
169936 170029 169959 169982 170005
170030 170113 170050 170070 170090
170114 170227 170142 170170 170198
170228 170419 170275 170322 170369
170420 170626 170471 170522 170573
170627 170752 170658 170689 170720
170753 170879 170784 170815 170846
170880 171546 171046 171212 171378
171547 171744 171596 171645 171694
171745 171918 171788 171831 171874
171919 171942 171924 171929 171934
171943 172059 171972 172001 172030
172060 172163 172085 172110 172135
172164 172226 172179 172194 172209
172227 172565 172311 172395 172479
172566 172712 172602 172638 172674
172713 172883 172755 172797 172839
172884 172983 172908 172932 172956
172984 173034 172996 173008 173020
173035 173089 173048 173061 173074
173090 173162 173108 173126 173144
173163 173248 173184 173205 173226
173249 173398 173286 173323 173360
173399 173468 173416 173433 173450
173469 173680 173521 173573 173625
173681 173772 173703 173725 173747
173773 173859 173794 173815 173836
173860 173923 173875 173890 173905
173924 174011 173945 173966 173987
174012 174057 174023 174034 174045
174058 174151 174081 174104 174127
174152 176621 174769 175386 176003
176622 176675 176635 176648 176661
176676 176733 176690 176704 176718
176734 176966 176792 176850 176908
176967 177038 176984 177001 177018
177039 177085 177050 177061 177072
177086 177139 177099 177112 177125
177140 177205 177156 177172 177188
177206 177290 177227 177248 177269
177291 177425 177324 177357 177390
177426 177752 177507 177588 177669
177753 177814 177768 177783 177798
177815 178003 177862 177909 177956
178004 178156 178042 178080 178118
178157 178426 178224 178291 178358
178427 178468 178437 178447 178457
178469 178534 178485 178501 178517
178535 178584 178547 178559 178571
178585 178631 178596 178607 178618
178632 178752 178662 178692 178722
178753 178807 178766 178779 178792
178808 178899 178830 178852 178874
178900 178965 178916 178932 178948
178966 179042 178985 179004 179023
179043 179197 179081 179119 179157
179198 179261 179213 179228 179243
179262 179390 179294 179326 179358
179391 179463 179409 179427 179445
179464 179562 179488 179512 179536
179563 179660 179587 179611 179635
179661 179712 179673 179685 179697
179713 179946 179771 179829 179887
179947 179985 179956 179965 179974
179986 180064 179989 179992 180048
180065 180094 180072 180079 180086
180095 180143 180107 180119 180131
180144 180175 180151 180158 180165
180176 180277 180201 180226 180251
180278 180294 180282 180286 180290
180295 180352 180309 180323 180337
180353 180407 180366 180379 180392
180408 180447 180417 180426 180435
180448 180486 180457 180466 180475
180487 180539 180500 180513 180526
180540 180572 180548 180556 180564
180573 180691 180602 180631 180660
180692 180713 180697 180702 180707
180714 180753 180723 180732 180741
180754 180800 180765 180776 180787
180801 180852 180813 180825 180837
180853 180931 180872 180891 180910
180932 180997 180948 180964 180980
180998 181039 181008 181018 181028
181040 181084 181051 181062 181073
181085 181169 181106 181127 181148
181170 181201 181177 181184 181191
181202 181252 181214 181226 181238
181253 181288 181261 181269 181277
181289 181370 181309 181329 181349
181371 181455 181392 181413 181434
181456 181556 181481 181506 181531
181557 181592 181565 181573 181581
181593 181642 181605 181617 181629
181643 181660 181647 181651 181655
181661 181720 181675 181689 181703
181721 181750 181728 181735 181742
181751 182011 181816 181881 181946
182012 182044 182020 182028 182036
182045 182070 182051 182057 182063
182071 182103 182079 182087 182095
182104 182202 182128 182152 182176
182203 182261 182217 182231 182245
182262 182320 182276 182290 182304
182321 182374 182334 182347 182360
182375 182404 182382 182389 182396
182405 182447 182415 182425 182435
182448 182501 182461 182474 182487
182502 182593 182524 182546 182568
182594 182653 182608 182622 182636
182654 182675 182659 182664 182669
182676 182773 182700 182724 182748
182774 182864 182796 182818 182840
182865 182898 182873 182881 182889
182899 182991 182922 182945 182968
182992 183103 183019 183046 183073
183104 183186 183124 183144 183164
183187 183568 183282 183377 183472
183569 183707 183603 183637 183671
183708 183836 183740 183772 183804
183837 183919 183857 183877 183897
183920 183964 183931 183942 183953
183965 184129 184006 184047 184088
184130 184275 184166 184202 184238
184276 184372 184300 184324 184348
184373 184439 184389 184405 184421
184440 184473 184448 184456 184464
184474 184521 184485 184496 184507
184522 184781 184586 184650 184714
184782 184903 184812 184842 184872
184904 184941 184913 184922 184931
184942 184959 184946 184950 184954
184960 185046 184981 185002 185023
185047 185287 185107 185167 185227
185288 185601 185366 185444 185522
185602 185715 185630 185658 185686
185716 185799 185736 185756 185776
185800 185918 185829 185858 185887
185919 186008 185941 185963 185985
186009 186122 186037 186065 186093
186123 186215 186146 186169 186192
186216 186282 186232 186248 186264
186283 186362 186302 186321 186340
186363 186491 186395 186427 186459
186492 186828 186576 186660 186744
186829 186986 186868 186907 186946
186987 187077 187009 187031 187053
187078 187187 187105 187132 187159
187188 187407 187242 187296 187350
187408 187487 187427 187446 187465
187488 187582 187511 187534 187557
187583 187641 187597 187611 187625
187642 187702 187657 187672 187687
187703 187780 187722 187741 187760
187781 187956 187824 187867 187910
187957 188016 187971 187985 187999
188017 188065 188029 188041 188053
188066 188453 188162 188258 188354
188454 188485 188461 188468 188475
188486 188672 188532 188578 188624
188673 189176 188798 188923 189048
189177 189277 189202 189227 189252
189278 189434 189317 189356 189395
189435 189642 189486 189537 189588
189643 189836 189691 189739 189787
189837 189943 189863 189889 189915
189944 190246 190019 190094 190169
190247 190301 190260 190273 190286
190302 190355 190315 190328 190341
190356 190455 190380 190404 190428
190456 190660 190507 190558 190609
190661 190732 190678 190695 190712
190733 190817 190754 190775 190796
190818 190873 190831 190844 190857
190874 191033 190913 190952 190991
191034 191125 191056 191078 191100
191126 191253 191157 191188 191219
191254 191299 191265 191276 191287
191300 191538 191359 191418 191477
191539 191678 191573 191607 191641
191679 191859 191724 191769 191814
191860 191936 191879 191898 191917
191937 192053 191966 191995 192024
192054 192327 192122 192190 192258
192328 192422 192351 192374 192397
192423 192480 192437 192451 192465
192481 192778 192555 192629 192703
192779 192872 192802 192825 192848
192873 192941 192890 192907 192924
192942 192988 192953 192964 192975
192989 193072 193009 193029 193049
193073 193270 193122 193171 193220
193271 193320 193283 193295 193307
193321 193688 193412 193503 193594
193689 193827 193723 193757 193791
193828 194241 193931 194034 194137
194242 194299 194256 194270 194284
194300 194643 194385 194470 194555
194644 194722 194663 194682 194701
194723 194816 194746 194769 194792
194817 194905 194839 194861 194883
194906 195218 194929 194952 195162
195219 195292 195237 195255 195273
195293 195316 195298 195303 195308
195317 195356 195326 195335 195344
195357 195401 195368 195379 195390
195402 195429 195408 195414 195420
195430 195515 195451 195472 195493
195516 195621 195542 195568 195594
195622 195658 195631 195640 195649
195659 195750 195681 195703 195725
195751 195811 195766 195781 195796
195812 196000 195859 195906 195953
196001 196030 196008 196015 196022
196031 196080 196043 196055 196067
196081 196138 196095 196109 196123
196139 196440 196214 196289 196364
196441 196684 196501 196561 196621
196685 196867 196730 196775 196820
196868 196931 196883 196898 196913
196932 196959 196938 196944 196950
196960 197008 196972 196984 196996
197009 197040 197016 197023 197030
197041 197096 197054 197067 197080
197097 197260 197137 197177 197217
197261 197389 197293 197325 197357
197390 197564 197433 197476 197519
197565 197670 197591 197617 197643
197671 197705 197679 197687 197695
197706 197822 197735 197764 197793
197823 197979 197862 197901 197940
197980 198054 197998 198016 198034
198055 198171 198084 198113 198142
198172 198264 198195 198218 198241
198265 198401 198299 198333 198367
198402 198676 198470 198538 198606
198677 198755 198696 198715 198734
198756 198953 198805 198854 198903
198954 199009 198967 198980 198993
199010 199156 199046 199082 199118
199157 199224 199173 199189 199205
199225 199337 199253 199281 199309
199338 199380 199348 199358 199368
199381 199432 199393 199405 199417
199433 199463 199440 199447 199454
199464 199489 199470 199476 199482
199490 199555 199506 199522 199538
199556 199616 199571 199586 199601
199617 200503 199838 200059 200280
200504 200566 200519 200534 200549
200567 200879 200645 200723 200801
200880 201070 200927 200974 201021
201071 201274 201121 201171 201221
201275 201361 201296 201317 201338
201362 201485 201392 201422 201452
201486 201543 201500 201514 201528
201544 201589 201555 201566 201577
201590 201763 201633 201676 201719
201764 201781 201768 201772 201776
201782 201826 201793 201804 201815
201827 201948 201857 201887 201917
201949 202111 201989 202029 202069
202112 202290 202156 202200 202244
202291 202403 202319 202347 202375
202404 202445 202414 202424 202434
202446 202493 202457 202468 202479
202494 202583 202516 202538 202560
202584 202640 202598 202612 202626
202641 202683 202651 202661 202671
202684 202904 202739 202794 202849
202905 203105 202955 203005 203055
203106 203391 203177 203248 203319
203392 203428 203401 203410 203419
203429 203581 203467 203505 203543
203582 203625 203592 203602 203612
203626 203697 203643 203660 203677
203698 203765 203714 203730 203746
203766 203849 203786 203806 203826
203850 203910 203865 203880 203895
203911 203980 203928 203945 203962
203981 204053 203999 204017 204035
204054 204116 204069 204084 204099
204117 204182 204133 204149 204165
204183 204226 204193 204203 204213
204227 204259 204235 204243 204251
204260 204386 204291 204322 204353
204387 204811 204493 204599 204705
204812 204840 204819 204826 204833
204841 205006 204882 204923 204964
205007 205047 205017 205027 205037
205048 205166 205077 205106 205135
205167 205222 205180 205193 205206
205223 205373 205260 205297 205334
205374 205511 205408 205442 205476
205512 205704 205560 205608 205656
205705 205862 205744 205783 205822
205863 205943 205883 205903 205923
205944 206002 205958 205972 205986
206003 206064 206018 206033 206048
206065 206144 206084 206103 206122
206145 206222 206164 206183 206202
206223 206289 206239 206255 206271
206290 206344 206303 206316 206329
206345 206382 206354 206363 206372
206383 206434 206395 206407 206419
206435 206571 206469 206503 206537
206572 206671 206596 206620 206644
206672 206704 206680 206688 206696
206705 206796 206727 206749 206771
206797 206832 206805 206813 206821
206833 206972 206867 206901 206935
206973 207032 206987 207001 207015
207033 207081 207045 207057 207069
207082 207146 207098 207114 207130
207147 207242 207170 207193 207216
207243 207312 207260 207277 207294
207313 207352 207322 207331 207340
207353 207452 207377 207401 207425
207453 207516 207468 207483 207498
207517 207747 207574 207631 207688
207748 207883 207781 207814 207847
207884 208124 207944 208004 208064
208125 208192 208141 208157 208173
208193 208271 208212 208231 208250
208272 208334 208287 208302 208317
208335 208404 208352 208369 208386
208405 208430 208411 208417 208423
208431 208504 208449 208467 208485
208505 208533 208512 208519 208526
208534 208605 208551 208568 208585
208606 208711 208632 208658 208684
208712 208779 208728 208744 208760
208780 208871 208802 208824 208846
208872 208915 208882 208892 208902
208916 208961 208927 208938 208949
208962 209053 208984 209006 209028
209054 209091 209063 209072 209081
209092 209201 209119 209146 209173
209202 209218 209206 209210 209214
209219 209249 209226 209233 209240
209250 209313 209265 209280 209295
209314 209332 209318 209322 209326
209333 209349 209337 209341 209345
209350 209409 209364 209378 209392
209410 209564 209448 209486 209524
209565 209615 209577 209589 209601
209616 209651 209624 209632 209640
209652 209670 209656 209660 209664
209671 209695 209677 209683 209689
209696 209735 209705 209714 209723
209736 209759 209741 209746 209751
209760 209814 209773 209786 209799
209815 209884 209832 209849 209866
209885 210174 209913 209941 210129
210175 210206 210182 210189 210196
210207 210268 210222 210237 210252
210269 210313 210280 210291 210302
210314 210343 210321 210328 210335
210344 210378 210352 210360 210368
210379 210524 210415 210451 210487
210525 210594 210542 210559 210576
210595 210636 210605 210615 210625
210637 210679 210647 210657 210667
210680 210727 210691 210702 210713
210728 210758 210735 210742 210749
210759 210790 210766 210773 210780
210791 210887 210815 210839 210863
210888 210924 210897 210906 210915
210925 211003 210944 210963 210982
211004 211020 211008 211012 211016
211021 211043 211026 211031 211036
211044 211060 211048 211052 211056
211061 211097 211070 211079 211088
211098 211144 211109 211120 211131
211145 211182 211154 211163 211172
211183 211234 211195 211207 211219
211235 211252 211239 211243 211247
211253 211273 211258 211263 211268
211274 211296 211279 211284 211289
211297 211313 211301 211305 211309
211314 211338 211320 211326 211332
211339 211359 211344 211349 211354
211360 211383 211365 211370 211375
211384 211400 211388 211392 211396
211401 211417 211405 211409 211413
211418 211437 211422 211426 211430
211438 211454 211442 211446 211450
211455 211473 211459 211463 211467
211474 211553 211493 211512 211531
211554 211584 211561 211568 211575
211585 211605 211590 211595 211600
211606 211636 211613 211620 211627
211637 211670 211645 211653 211661
211671 211716 211682 211693 211704
211717 211741 211723 211729 211735
211742 211802 211757 211772 211787
211803 211828 211809 211815 211821
211829 211849 211834 211839 211844
211850 211878 211857 211864 211871
211879 211912 211887 211895 211903
211913 211964 211925 211937 211949
211965 212006 211975 211985 211995
212007 212041 212015 212023 212031
212042 212065 212047 212052 212057
212066 212090 212072 212078 212084
212091 212118 212097 212103 212109
212119 212144 212125 212131 212137
212145 212168 212150 212155 212160
212169 212215 212180 212191 212202
212216 212234 212220 212224 212228
212235 212379 212271 212307 212343
212380 212489 212407 212434 212461
212490 212611 212520 212550 212580
212612 212660 212624 212636 212648
212661 212717 212675 212689 212703
212718 212768 212730 212742 212754
212769 212851 212789 212809 212829
212852 212926 212870 212888 212906
212927 212974 212938 212949 212960
212975 212992 212979 212983 212987
212993 213209 213047 213101 213155
213210 213336 213241 213272 213303
213337 213398 213352 213367 213382
213399 213751 213487 213575 213663
213752 214229 213871 213990 214109
214230 214370 214265 214300 214335
214371 215215 214582 214793 215004
215216 215788 215359 215502 215645
215789 216154 215880 215971 216062
216155 216207 216168 216181 216194
216208 216297 216230 216252 216274
216298 216365 216314 216330 216346
216366 216400 216374 216382 216390
216401 216736 216484 216567 216650
216737 217011 216805 216873 216941
217012 217089 217031 217050 217069
217090 217197 217116 217142 217168
217198 217246 217210 217222 217234
217247 217276 217254 217261 217268
217277 217304 217283 217289 217295
217305 217334 217312 217319 217326
217335 217351 217339 217343 217347
217352 217378 217358 217364 217370
217379 217432 217392 217405 217418
217433 217451 217437 217441 217445
217452 217470 217456 217460 217464
217471 217511 217481 217491 217501
217512 217545 217520 217528 217536
217546 217586 217556 217566 217576
217587 218195 217739 217891 218043
218196 218274 218215 218234 218253
218275 218488 218328 218381 218434
218489 218634 218525 218561 218597
218635 218684 218647 218659 218671
218685 218798 218713 218741 218769
218799 218867 218816 218833 218850
218868 218953 218889 218910 218931
218954 219064 218981 219008 219035
219065 219246 219110 219155 219200
219247 219340 219270 219293 219316
219341 219386 219352 219363 219374
219387 219565 219431 219475 219519
219566 219761 219614 219662 219710
219762 219939 219806 219850 219894
219940 220052 219968 219996 220024
220053 220241 220100 220147 220194
220242 220314 220260 220278 220296
220315 220411 220339 220363 220387
220412 220460 220424 220436 220448
220461 220517 220475 220489 220503
220518 220568 220530 220542 220554
220569 220608 220578 220587 220596
220609 220842 220667 220725 220783
220843 220890 220854 220865 220876
220891 221085 220939 220987 221035
221086 221278 221134 221182 221230
221279 221332 221292 221305 221318
221333 221428 221356 221379 221402
221429 221722 221502 221575 221648
221723 221800 221742 221761 221780
221801 221847 221812 221823 221834
221848 221876 221855 221862 221869
221877 221908 221884 221891 221898
221909 221959 221921 221933 221945
221960 221994 221968 221976 221984
221995 222065 222012 222029 222046
222066 222093 222072 222078 222084
222094 222122 222101 222108 222115
222123 222212 222145 222167 222189
222213 222273 222228 222243 222258
222274 222319 222285 222296 222307
222320 222460 222355 222390 222425
222461 222510 222473 222485 222497
222511 222555 222522 222533 222544
222556 222652 222580 222604 222628
222653 222817 222694 222735 222776
222818 222988 222860 222902 222944
222989 223097 223016 223043 223070
223098 223432 223181 223264 223347
223433 223517 223454 223475 223496
223518 223781 223583 223648 223713
223782 223861 223801 223820 223839
223862 223969 223888 223914 223940
223970 224059 223992 224014 224036
224060 224127 224076 224092 224108
224128 224249 224158 224188 224218
224250 224356 224276 224302 224328
224357 224418 224372 224387 224402
224419 224528 224446 224473 224500
224529 224652 224559 224589 224619
224653 224707 224666 224679 224692
224708 224735 224714 224720 224726
224736 224911 224779 224822 224865
224912 224984 224930 224948 224966
224985 225005 224988 224991 225003
225006 225099 225029 225052 225075
225100 225130 225107 225114 225121
225131 225171 225141 225151 225161
225172 225274 225197 225222 225247
225275 225343 225292 225309 225326
225344 225736 225442 225540 225638
225737 225837 225762 225787 225812
225838 226096 225902 225966 226030
226097 226847 226284 226471 226658
226848 227183 226931 227014 227097
227184 227391 227235 227286 227337
227392 227546 227430 227468 227506
227547 228134 227693 227839 227985
228135 228229 228158 228181 228204
228230 228368 228264 228298 228332
228369 228510 228404 228439 228474
228511 228592 228531 228551 228571
228593 230095 228968 229343 229718
230096 230166 230113 230130 230147
230167 230266 230191 230215 230239
230267 230680 230370 230473 230576
230681 230847 230722 230763 230804
230848 230899 230860 230872 230884
230900 230980 230920 230940 230960
230981 231094 231009 231037 231065
231095 232266 231387 231679 231971
232267 232304 232276 232285 232294
232305 232580 232373 232441 232509
232581 232964 232676 232771 232866
232965 233161 233014 233063 233112
233162 233224 233177 233192 233207
233225 233356 233257 233289 233321
233357 233538 233402 233447 233492
233539 233568 233546 233553 233560
233569 233612 233579 233589 233599
233613 233669 233627 233641 233655
233670 233902 233728 233786 233844
233903 234188 233974 234045 234116
234189 234709 234319 234449 234579
234710 235133 234815 234920 235025
235134 235153 235138 235142 235146
235154 235198 235165 235176 235187
235199 235224 235205 235211 235217
235225 235244 235229 235233 235237
235245 235291 235256 235267 235278
235292 235327 235300 235308 235316
235328 235360 235336 235344 235352
235361 235406 235372 235383 235394
235407 235430 235412 235417 235422
235431 235465 235439 235447 235455
235466 235498 235474 235482 235490
235499 235522 235504 235509 235514
235523 235584 235538 235553 235568
235585 235688 235610 235635 235660
235689 235740 235701 235713 235725
235741 235859 235770 235799 235828
235860 235888 235867 235874 235881
235889 235919 235896 235903 235910
235920 236118 235969 236018 236067
236119 236385 236185 236251 236317
236386 236644 236450 236514 236578
236645 236709 236661 236677 236693
236710 236761 236722 236734 236746
236762 236795 236770 236778 236786
236796 236896 236821 236846 236871
236897 236979 236917 236937 236957
236980 237030 236992 237004 237016
237031 237114 237051 237071 237091
237115 237159 237126 237137 237148
237160 237262 237185 237210 237235
237263 237693 237370 237477 237584
237694 237756 237709 237724 237739
237757 237850 237780 237803 237826
237851 237885 237859 237867 237875
237886 237967 237906 237926 237946
237968 238028 237983 237998 238013
238029 238071 238039 238049 238059
238072 238179 238098 238124 238150
238180 238366 238226 238272 238318
238367 238479 238395 238423 238451
238480 238515 238488 238496 238504
238516 238598 238536 238556 238576
238599 238843 238660 238721 238782
238844 238885 238854 238864 238874
238886 239070 238932 238978 239024
239071 239203 239104 239137 239170
239204 239385 239249 239294 239339
239386 239474 239408 239430 239452
239475 239547 239493 239511 239529
239548 239594 239559 239570 239581
239595 239698 239620 239645 239670
239699 239716 239703 239707 239711
239717 239741 239723 239729 239735
239742 239845 239767 239792 239817
239846 239936 239868 239890 239912
239937 240139 239952 239967 240102
240140 240735 240288 240436 240584
240736 241134 240835 240934 241033
241135 241216 241155 241175 241195
241217 241287 241234 241251 241268
241288 241488 241338 241388 241438
241489 241593 241515 241541 241567
241594 241804 241646 241698 241750
241805 241909 241831 241857 241883
241910 241935 241916 241922 241928
241936 241955 241940 241944 241948
241956 242021 241972 241988 242004
242022 242739 242201 242380 242559
242740 242957 242794 242848 242902
242958 243578 243113 243268 243423
243579 243629 243591 243603 243615
243630 243705 243648 243666 243684
243706 243996 243778 243850 243922
243997 244101 244023 244049 244075
244102 244312 244154 244206 244258
244313 244501 244360 244407 244454
244502 244620 244531 244560 244589
244621 244682 244636 244651 244666
244683 244742 244697 244711 244725
244743 244817 244761 244779 244797
244818 245064 244879 244940 245001
245065 245121 245079 245093 245107
245122 245188 245138 245154 245170
245189 245337 245226 245263 245300
245338 245474 245372 245406 245440
245475 245548 245493 245511 245529
245549 245645 245573 245597 245621
245646 245766 245676 245706 245736
245767 246502 245950 246133 246316
246503 246865 246593 246683 246773
246866 247022 246905 246944 246983
247023 247091 247040 247057 247074
247092 247296 247143 247194 247245
247297 247442 247333 247369 247405
247443 247501 247457 247471 247485
247502 247577 247520 247538 247556
247578 247778 247628 247678 247728
247779 247848 247796 247813 247830
247849 247915 247865 247881 247897
247916 248110 247964 248012 248060
248111 248220 248138 248165 248192
248221 248276 248234 248247 248260
248277 248345 248294 248311 248328
248346 248425 248365 248384 248403
248426 248973 248562 248698 248834
248974 253666 250147 251320 252493
253667 258757 254000 254333 257817
