0 109 27 54 81
110 1705 508 906 1304
1706 1819 1734 1762 1790
1820 2036 1874 1928 1982
2037 2135 2061 2085 2109
2136 2331 2184 2232 2280
2332 2414 2352 2372 2392
2415 2554 2449 2483 2517
2555 2694 2589 2623 2657
2695 2795 2720 2745 2770
2796 3321 2927 3058 3189
3322 3557 3380 3438 3496
3558 3758 3608 3658 3708
3759 3846 3780 3801 3822
3847 4159 3925 4003 4081
4160 4252 4183 4206 4229
4253 4330 4272 4291 4310
4331 4357 4337 4343 4349
4358 4514 4397 4436 4475
4515 4584 4532 4549 4566
4585 4626 4595 4605 4615
4627 4680 4640 4653 4666
4681 4738 4695 4709 4723
4739 4757 4743 4747 4751
4758 4843 4779 4800 4821
4844 4956 4872 4900 4928
4957 5076 4986 5015 5044
5077 5149 5095 5113 5131
5150 5258 5177 5204 5231
5259 5391 5292 5325 5358
5392 5420 5399 5406 5413
5421 5478 5435 5449 5463
5479 5553 5497 5515 5533
5554 5613 5568 5582 5596
5614 5783 5656 5698 5740
5784 5887 5809 5834 5859
5888 6058 5930 5972 6014
6059 6217 6098 6137 6176
6218 6269 6230 6242 6254
6270 6287 6274 6278 6282
6288 6519 6345 6402 6459
6520 6632 6548 6576 6604
6633 6701 6650 6667 6684
6702 6868 6743 6784 6825
6869 6955 6890 6911 6932
6956 7038 6976 6996 7016
7039 7086 7050 7061 7072
7087 7127 7097 7107 7117
7128 7224 7152 7176 7200
7225 7533 7302 7379 7456
7534 8069 7667 7800 7933
8070 9218 8357 8644 8931
9219 9387 9261 9303 9345
9388 9545 9427 9466 9505
9546 9615 9563 9580 9597
9616 9636 9621 9626 9631
9637 9723 9658 9679 9700
9724 9790 9740 9756 9772
9791 9828 9800 9809 9818
9829 10287 9943 10057 10171
10288 10389 10313 10338 10363
10390 10552 10430 10470 10510
10553 10642 10575 10597 10619
10643 10683 10653 10663 10673
10684 10732 10696 10708 10720
10733 10785 10746 10759 10772
10786 10960 10829 10872 10915
10961 11437 11080 11199 11318
11438 11740 11513 11588 11663
11741 12092 11828 11915 12002
12093 12313 12148 12203 12258
12314 12484 12356 12398 12440
12485 12639 12523 12561 12599
12640 13074 12748 12856 12964
13075 13166 13097 13119 13141
13167 13214 13178 13189 13200
13215 13343 13247 13279 13311
13344 13549 13395 13446 13497
13550 13888 13634 13718 13802
13889 14013 13920 13951 13982
14014 14421 14115 14216 14317
14422 14507 14443 14464 14485
14508 14633 14539 14570 14601
14634 14824 14681 14728 14775
14825 14915 14847 14869 14891
14916 14985 14933 14950 14967
14986 15087 14989 14992 15063
15088 15190 15113 15138 15163
15191 15436 15252 15313 15374
15437 15727 15509 15581 15653
15728 15882 15766 15804 15842
15883 15932 15895 15907 15919
15933 15955 15938 15943 15948
15956 15999 15966 15976 15986
16000 16064 16016 16032 16048
16065 16468 16165 16265 16365
16469 16585 16498 16527 16556
16586 16744 16625 16664 16703
16745 16829 16766 16787 16808
16830 16931 16855 16880 16905
16932 16995 16947 16962 16977
16996 17058 17011 17026 17041
17059 17138 17078 17097 17116
17139 17172 17147 17155 17163
17173 17364 17220 17267 17314
17365 17497 17398 17431 17464
17498 17747 17560 17622 17684
17748 17836 17770 17792 17814
17837 18117 17907 17977 18047
18118 18239 18148 18178 18208
18240 18342 18265 18290 18315
18343 18398 18356 18369 18382
18399 18450 18411 18423 18435
18451 18524 18469 18487 18505
18525 18605 18545 18565 18585
18606 18686 18626 18646 18666
18687 18865 18731 18775 18819
18866 18924 18880 18894 18908
18925 19013 18947 18969 18991
19014 19144 19046 19078 19110
19145 19315 19187 19229 19271
19316 19453 19350 19384 19418
19454 20089 19612 19770 19928
20090 20147 20104 20118 20132
20148 20398 20210 20272 20334
20399 20461 20414 20429 20444
20462 20524 20477 20492 20507
20525 20572 20536 20547 20558
20573 20732 20612 20651 20690
20733 20818 20754 20775 20796
20819 20902 20839 20859 20879
20903 21770 21119 21335 21551
21771 21902 21803 21835 21867
21903 22008 21929 21955 21981
22009 22093 22030 22051 22072
22094 22156 22109 22124 22139
22157 22309 22195 22233 22271
22310 22417 22336 22362 22388
22418 22633 22471 22524 22577
22634 22778 22670 22706 22742
22779 22951 22822 22865 22908
22952 23119 22993 23034 23075
23120 23222 23145 23170 23195
23223 23333 23250 23277 23304
23334 23437 23359 23384 23409
23438 23700 23503 23568 23633
23701 23766 23717 23733 23749
23767 23864 23791 23815 23839
23865 24050 23911 23957 24003
24051 24189 24085 24119 24153
24190 24280 24212 24234 24256
24281 24338 24295 24309 24323
24339 24479 24374 24409 24444
24480 24609 24512 24544 24576
24610 24683 24628 24646 24664
24684 24811 24715 24746 24777
24812 25159 24898 24984 25070
25160 25226 25176 25192 25208
25227 25347 25257 25287 25317
25348 25453 25374 25400 25426
25454 25670 25508 25562 25616
25671 25800 25703 25735 25767
25801 25976 25844 25887 25930
25977 26155 26021 26065 26109
26156 26434 26225 26294 26363
26435 26509 26453 26471 26489
26510 26571 26525 26540 26555
26572 26678 26598 26624 26650
26679 26991 26757 26835 26913
26992 27208 27046 27100 27154
27209 27393 27255 27301 27347
27394 27690 27468 27542 27616
27691 27794 27716 27741 27766
27795 27869 27813 27831 27849
27870 28280 27972 28074 28176
28281 28365 28302 28323 28344
28366 28551 28412 28458 28504
28552 28882 28634 28716 28798
28883 28993 28910 28937 28964
28994 29280 29065 29136 29207
29281 29324 29291 29301 29311
29325 29410 29346 29367 29388
29411 29518 29437 29463 29489
29519 29701 29564 29609 29654
29702 29837 29735 29768 29801
29838 30025 29878 29918 30018
30026 30073 30037 30048 30059
30074 30941 30290 30506 30722
30942 31326 31038 31134 31230
31327 31439 31355 31383 31411
31440 31634 31488 31536 31584
31635 31808 31678 31721 31764
31809 31897 31831 31853 31875
31898 32077 31942 31986 32030
32078 32196 32107 32136 32165
32197 32327 32229 32261 32293
32328 32471 32363 32398 32433
32472 32553 32492 32512 32532
32554 32647 32577 32600 32623
32648 32738 32670 32692 32714
32739 32995 32803 32867 32931
32996 33194 33045 33094 33143
33195 33360 33236 33277 33318
33361 33578 33415 33469 33523
33579 33687 33606 33633 33660
33688 33939 33750 33812 33874
33940 34067 33971 34002 34033
34068 34171 34093 34118 34143
34172 34356 34218 34264 34310
34357 34427 34374 34391 34408
34428 34510 34448 34468 34488
34511 34621 34538 34565 34592
34622 34720 34646 34670 34694
34721 34835 34749 34777 34805
34836 35251 34939 35042 35145
35252 35465 35305 35358 35411
35466 35565 35490 35514 35538
35566 35626 35581 35596 35611
35627 35663 35636 35645 35654
35664 35714 35676 35688 35700
35715 35933 35769 35823 35877
35934 36154 35989 36044 36099
36155 36308 36193 36231 36269
36309 36474 36350 36391 36432
36475 36648 36518 36561 36604
36649 36819 36691 36733 36775
36820 36914 36843 36866 36889
36915 37001 36936 36957 36978
37002 37056 37015 37028 37041
37057 37146 37079 37101 37123
37147 37189 37157 37167 37177
37190 37207 37194 37198 37202
37208 37893 37379 37550 37721
37894 38009 37922 37950 37978
38010 38089 38029 38048 38067
38090 38143 38103 38116 38129
38144 38197 38157 38170 38183
38198 38364 38239 38280 38321
38365 38474 38392 38419 38446
38475 38615 38510 38545 38580
38616 38898 38686 38756 38826
38899 38991 38922 38945 38968
38992 39134 39027 39062 39097
39135 39211 39154 39173 39192
39212 39404 39260 39308 39356
39405 39486 39425 39445 39465
39487 39535 39499 39511 39523
39536 39711 39579 39622 39665
39712 39782 39729 39746 39763
39783 39877 39806 39829 39852
39878 40020 39913 39948 39983
40021 40126 40047 40073 40099
40127 40181 40140 40153 40166
40182 40331 40219 40256 40293
40332 40597 40398 40464 40530
40598 40792 40646 40694 40742
40793 40956 40833 40873 40913
40957 41091 40990 41023 41056
41092 41237 41128 41164 41200
41238 41319 41258 41278 41298
41320 41435 41348 41376 41404
41436 41603 41477 41518 41559
41604 41740 41638 41672 41706
41741 41839 41765 41789 41813
41840 42072 41898 41956 42014
42073 42174 42098 42123 42148
42175 42467 42248 42321 42394
42468 42708 42528 42588 42648
42709 42777 42726 42743 42760
42778 42841 42793 42808 42823
42842 42919 42861 42880 42899
42920 43236 42999 43078 43157
43237 43306 43254 43271 43288
43307 43351 43318 43329 43340
43352 43544 43400 43448 43496
43545 43636 43567 43589 43611
43637 43777 43672 43707 43742
43778 43940 43818 43858 43898
43941 44034 43964 43987 44010
44035 44195 44075 44115 44155
44196 44439 44256 44316 44376
44440 44637 44489 44538 44587
44638 44667 44645 44652 44659
44668 44720 44681 44694 44707
44721 44807 44742 44763 44784
44808 44891 44828 44848 44868
44892 45253 44918 44944 45189
45254 45367 45282 45310 45338
45368 45544 45412 45456 45500
45545 45616 45562 45579 45596
45617 45743 45648 45679 45710
45744 45859 45772 45800 45828
45860 45978 45889 45918 45947
45979 46047 45996 46013 46030
46048 46186 46082 46116 46150
46187 46221 46195 46203 46211
46222 46270 46234 46246 46258
46271 46460 46318 46365 46412
46461 46560 46485 46509 46533
46561 47243 46731 46901 47071
47244 47566 47324 47404 47484
47567 47666 47591 47615 47639
47667 47727 47682 47697 47712
47728 47792 47744 47760 47776
47793 47871 47812 47831 47850
47872 48114 47932 47992 48052
48115 48453 48199 48283 48367
48454 48676 48509 48564 48619
48677 48733 48691 48705 48719
48734 48905 48776 48818 48860
48906 49130 48962 49018 49074
49131 49252 49161 49191 49221
49253 49403 49290 49327 49364
49404 49583 49448 49492 49536
49584 49691 49610 49636 49662
49692 49759 49708 49724 49740
49760 49821 49775 49790 49805
49822 50240 49926 50030 50134
50241 50438 50290 50339 50388
50439 51054 50592 50745 50898
51055 51130 51073 51091 51109
51131 51383 51194 51257 51320
51384 51462 51403 51422 51441
51463 51937 51581 51699 51817
51938 52094 51977 52016 52055
52095 52253 52134 52173 52212
52254 52482 52311 52368 52425
52483 52671 52530 52577 52624
52672 53109 52781 52890 52999
53110 53226 53139 53168 53197
53227 53343 53256 53285 53314
53344 53470 53375 53406 53437
53471 53525 53484 53497 53510
53526 53602 53545 53564 53583
53603 53688 53624 53645 53666
53689 53804 53717 53745 53773
53805 53904 53829 53853 53877
53905 54010 53931 53957 53983
54011 54092 54031 54051 54071
54093 54138 54104 54115 54126
54139 54224 54160 54181 54202
54225 54309 54246 54267 54288
54310 54353 54320 54330 54340
54354 54450 54378 54402 54426
54451 54502 54463 54475 54487
54503 54570 54519 54535 54551
54571 54655 54592 54613 54634
54656 54702 54667 54678 54689
54703 54743 54713 54723 54733
54744 54781 54753 54762 54771
54782 54832 54794 54806 54818
54833 54873 54843 54853 54863
54874 55156 54944 55014 55084
55157 55261 55183 55209 55235
55262 55356 55285 55308 55331
55357 55460 55382 55407 55432
55461 55620 55500 55539 55578
55621 55704 55641 55661 55681
55705 55779 55723 55741 55759
55780 55844 55796 55812 55828
55845 55919 55863 55881 55899
55920 56061 55955 55990 56025
56062 56160 56086 56110 56134
56161 56366 56212 56263 56314
56367 56415 56379 56391 56403
56416 56559 56451 56486 56521
56560 56683 56590 56620 56650
56684 56845 56724 56764 56804
56846 56955 56873 56900 56927
56956 57047 56978 57000 57022
57048 57186 57082 57116 57150
57187 57246 57201 57215 57229
57247 57337 57269 57291 57313
57338 57411 57356 57374 57392
57412 57498 57433 57454 57475
57499 57555 57513 57527 57541
57556 57612 57570 57584 57598
57613 57789 57657 57701 57745
57790 57912 57820 57850 57880
57913 58259 57999 58085 58171
58260 58412 58298 58336 58374
58413 58491 58432 58451 58470
58492 58702 58544 58596 58648
58703 58936 58761 58819 58877
58937 59086 58974 59011 59048
59087 59338 59149 59211 59273
59339 60597 59504 59669 60447
60598 60720 60628 60658 60688
60721 60773 60734 60747 60760
60774 61557 60969 61164 61359
61558 61695 61592 61626 61660
61696 61800 61722 61748 61774
61801 61901 61826 61851 61876
61902 62296 62000 62098 62196
62297 62606 62374 62451 62528
62607 62854 62668 62729 62790
62855 62906 62867 62879 62891
62907 63319 63010 63113 63216
63320 63505 63366 63412 63458
63506 63569 63521 63536 63551
63570 63693 63600 63630 63660
63694 63740 63705 63716 63727
63741 63884 63776 63811 63846
63885 63961 63904 63923 63942
63962 64087 63993 64024 64055
64088 64108 64093 64098 64103
64109 64148 64118 64127 64136
64149 64217 64166 64183 64200
64218 64283 64234 64250 64266
64284 64354 64301 64318 64335
64355 64457 64380 64405 64430
64458 64846 64555 64652 64749
64847 64899 64860 64873 64886
64900 64988 64922 64944 64966
64989 65579 65136 65283 65430
65580 65900 65660 65740 65820
65901 66334 66009 66117 66225
66335 66373 66344 66353 66362
66374 66551 66418 66462 66506
66552 66633 66572 66592 66612
66634 66796 66674 66714 66754
66797 66901 66823 66849 66875
66902 67107 66953 67004 67055
67108 67152 67119 67130 67141
67153 67271 67182 67211 67240
67272 67387 67300 67328 67356
67388 67461 67406 67424 67442
67462 67534 67480 67498 67516
67535 67686 67572 67609 67646
67687 68057 67779 67871 67963
68058 68128 68075 68092 68109
68129 68180 68141 68153 68165
68181 68264 68201 68221 68241
68265 68327 68280 68295 68310
68328 68465 68362 68396 68430
68466 68946 68586 68706 68826
68947 69131 68993 69039 69085
69132 69598 69248 69364 69480
69599 69667 69616 69633 69650
69668 69709 69678 69688 69698
69710 69873 69750 69790 69830
69874 69950 69893 69912 69931
69951 70028 69970 69989 70008
70029 70143 70057 70085 70113
70144 70207 70159 70174 70189
70208 70349 70243 70278 70313
70350 70540 70397 70444 70491
70541 70618 70560 70579 70598
70619 70691 70637 70655 70673
70692 70757 70708 70724 70740
70758 70801 70768 70778 70788
70802 70883 70822 70842 70862
70884 70946 70899 70914 70929
70947 70991 70958 70969 70980
70992 71037 71003 71014 71025
71038 71354 71117 71196 71275
71355 71517 71395 71435 71475
71518 71807 71590 71662 71734
71808 72229 71913 72018 72123
72230 72563 72313 72396 72479
72564 72814 72626 72688 72750
72815 72957 72850 72885 72920
72958 73016 72972 72986 73000
73017 73312 73090 73163 73236
73313 73403 73335 73357 73379
73404 73622 73458 73512 73566
73623 73841 73677 73731 73785
73842 74108 73908 73974 74040
74109 74397 74181 74253 74325
74398 74507 74425 74452 74479
74508 74616 74535 74562 74589
74617 74713 74641 74665 74689
74714 74845 74746 74778 74810
74846 75216 74884 74922 75162
75217 75368 75254 75291 75328
75369 75460 75391 75413 75435
75461 75571 75488 75515 75542
75572 75679 75598 75624 75650
75680 75792 75708 75736 75764
75793 75940 75829 75865 75901
75941 75970 75948 75955 75962
75971 76043 75989 76007 76025
76044 76181 76078 76112 76146
76182 76261 76201 76220 76239
76262 76363 76287 76312 76337
76364 76479 76392 76420 76448
76480 76636 76519 76558 76597
76637 76761 76668 76699 76730
76762 76858 76786 76810 76834
76859 77245 76955 77051 77147
77246 77323 77265 77284 77303
77324 77375 77336 77348 77360
77376 77501 77407 77438 77469
77502 77782 77572 77642 77712
77783 77973 77830 77877 77924
77974 78081 78000 78026 78052
78082 78259 78126 78170 78214
78260 78482 78315 78370 78425
78483 78588 78509 78535 78561
78589 78709 78619 78649 78679
78710 78861 78747 78784 78821
78862 79042 78907 78952 78997
79043 79167 79074 79105 79136
79168 79323 79206 79244 79282
79324 79951 79480 79636 79792
79952 80102 79989 80026 80063
80103 81262 80392 80681 80970
81263 81595 81346 81429 81512
81596 81937 81681 81766 81851
81938 82105 81979 82020 82061
82106 82275 82148 82190 82232
82276 82400 82307 82338 82369
82401 82517 82430 82459 82488
82518 82647 82550 82582 82614
82648 82820 82691 82734 82777
82821 82959 82855 82889 82923
82960 83038 82979 82998 83017
83039 83220 83084 83129 83174
83221 83482 83286 83351 83416
83483 83713 83540 83597 83654
83714 83774 83729 83744 83759
83775 83908 83808 83841 83874
83909 84014 83935 83961 83987
84015 84237 84070 84125 84180
84238 84296 84252 84266 84280
84297 84334 84306 84315 84324
84335 84446 84362 84389 84416
84447 84675 84504 84561 84618
84676 84890 84729 84782 84835
84891 85243 84979 85067 85155
85244 85402 85283 85322 85361
85403 85549 85439 85475 85511
85550 85668 85579 85608 85637
85669 85753 85690 85711 85732
85754 85871 85783 85812 85841
85872 86366 85995 86118 86241
86367 86770 86467 86567 86667
86771 86936 86812 86853 86894
86937 87325 87034 87131 87228
87326 87542 87380 87434 87488
87543 88004 87658 87773 87888
88005 88112 88031 88057 88083
88113 88184 88130 88147 88164
88185 88239 88198 88211 88224
88240 88336 88264 88288 88312
88337 88437 88362 88387 88412
88438 89297 88652 88866 89080
89298 89565 89364 89430 89496
89566 89651 89587 89608 89629
89652 89755 89677 89702 89727
89756 89887 89788 89820 89852
89888 90028 89915 89942 90021
90029 90119 90051 90073 90095
90120 90186 90136 90152 90168
90187 90302 90215 90243 90271
90303 90460 90342 90381 90420
90461 90510 90473 90485 90497
90511 90643 90544 90577 90610
90644 90746 90669 90694 90719
90747 90807 90762 90777 90792
90808 91009 90858 90908 90958
91010 91055 91021 91032 91043
91056 91563 91182 91308 91434
91564 91623 91578 91592 91606
91624 91671 91635 91646 91657
91672 92021 91759 91846 91933
92022 92225 92072 92122 92172
92226 92283 92240 92254 92268
92284 92413 92316 92348 92380
92414 92505 92436 92458 92480
92506 92722 92560 92614 92668
92723 93159 92832 92941 93050
93160 93236 93179 93198 93217
93237 93359 93267 93297 93327
93360 93570 93412 93464 93516
93571 93850 93640 93709 93778
93851 94100 93913 93975 94037
94101 94302 94151 94201 94251
94303 94429 94334 94365 94396
94430 94515 94451 94472 94493
94516 94592 94535 94554 94573
94593 94670 94612 94631 94650
94671 94769 94695 94719 94743
94770 94919 94807 94844 94881
94920 94985 94936 94952 94968
94986 95010 94992 94998 95004
95011 95086 95029 95047 95065
95087 95121 95095 95103 95111
95122 95244 95152 95182 95212
95245 95354 95272 95299 95326
95355 95452 95379 95403 95427
95453 95570 95482 95511 95540
95571 95684 95599 95627 95655
95685 96002 95764 95843 95922
96003 96099 96027 96051 96075
96100 96384 96171 96242 96313
96385 96555 96427 96469 96511
96556 96645 96578 96600 96622
96646 96870 96702 96758 96814
96871 97082 96923 96975 97027
97083 97232 97120 97157 97194
97233 97528 97306 97379 97452
97529 97662 97562 97595 97628
97663 97829 97704 97745 97786
97830 98080 97892 97954 98016
98081 98287 98132 98183 98234
98288 98514 98344 98400 98456
98515 98669 98553 98591 98629
98670 98844 98713 98756 98799
98845 99040 98893 98941 98989
99041 99108 99057 99073 99089
99109 99404 99182 99255 99328
99405 99527 99435 99465 99495
99528 99695 99569 99610 99651
99696 99811 99724 99752 99780
99812 99884 99830 99848 99866
99885 100042 99924 99963 100002
100043 100117 100061 100079 100097
100118 100223 100144 100170 100196
100224 100298 100242 100260 100278
100299 100569 100366 100433 100500
100570 100790 100625 100680 100735
100791 100887 100815 100839 100863
100888 101060 100931 100974 101017
101061 101161 101086 101111 101136
101162 101243 101182 101202 101222
101244 101504 101309 101374 101439
101505 101564 101519 101533 101547
101565 101803 101624 101683 101742
101804 101880 101823 101842 101861
101881 101993 101909 101937 101965
101994 102042 102006 102018 102030
102043 102191 102080 102117 102154
102192 102330 102226 102260 102294
102331 102533 102381 102431 102481
102534 102658 102565 102596 102627
102659 102696 102668 102677 102686
102697 102720 102702 102707 102712
102721 102767 102732 102743 102754
102768 102864 102792 102816 102840
102865 102895 102872 102879 102886
102896 102950 102909 102922 102935
102951 103047 102975 102999 103023
103048 103115 103064 103080 103096
103116 103242 103147 103178 103209
103243 103345 103268 103293 103318
103346 103426 103366 103386 103406
103427 103572 103463 103499 103535
103573 103647 103591 103609 103627
103648 103756 103675 103702 103729
103757 103863 103783 103809 103835
103864 103999 103897 103930 103963
104000 104031 104007 104014 104021
104032 104108 104051 104070 104089
104109 105089 104331 104553 105066
105090 105178 105112 105134 105156
105179 105329 105216 105253 105290
105330 105411 105350 105370 105390
105412 105517 105438 105464 105490
105518 105722 105569 105620 105671
105723 105806 105743 105763 105783
105807 105900 105830 105853 105876
105901 106013 105929 105957 105985
106014 106244 106071 106128 106185
106245 106352 106271 106297 106323
106353 107103 106540 106727 106914
107104 107240 107138 107172 107206
107241 108239 107490 107739 107988
108240 108426 108286 108332 108378
108427 109097 108594 108761 108928
109098 109142 109109 109120 109131
109143 109393 109205 109267 109329
109394 109565 109436 109478 109520
109566 109819 109629 109692 109755
109820 109949 109852 109884 109916
109950 110059 109977 110004 110031
110060 110116 110074 110088 110102
110117 110139 110122 110127 110132
110140 110159 110144 110148 110152
110160 110308 110197 110234 110271
110309 110403 110332 110355 110378
110404 110490 110425 110446 110467
110491 110613 110521 110551 110581
110614 110670 110628 110642 110656
110671 110721 110683 110695 110707
110722 110768 110733 110744 110755
110769 110786 110773 110777 110781
110787 110906 110816 110845 110874
110907 113651 111593 112279 112965
113652 113932 113722 113792 113862
113933 114016 113953 113973 113993
114017 114291 114085 114153 114221
114292 114537 114353 114414 114475
114538 115415 114757 114976 115195
115416 115515 115440 115464 115488
115516 115822 115592 115668 115744
115823 116024 115873 115923 115973
116025 116256 116082 116139 116196
116257 116483 116313 116369 116425
116484 116632 116521 116558 116595
116633 116785 116671 116709 116747
116786 116836 116798 116810 116822
116837 116945 116864 116891 116918
116946 117063 116975 117004 117033
117064 117149 117085 117106 117127
117150 117298 117187 117224 117261
117299 117422 117329 117359 117389
117423 117524 117448 117473 117498
117525 117609 117546 117567 117588
117610 117696 117631 117652 117673
117697 117819 117727 117757 117787
117820 118089 117887 117954 118021
118090 118365 118158 118226 118294
118366 118512 118402 118438 118474
118513 118742 118570 118627 118684
118743 119374 118900 119057 119214
119375 119715 119460 119545 119630
119716 119885 119758 119800 119842
119886 120087 119914 119942 120063
120088 120261 120131 120174 120217
120262 120327 120278 120294 120310
120328 120415 120349 120370 120391
120416 120512 120440 120464 120488
120513 120707 120561 120609 120657
120708 120786 120727 120746 120765
120787 120859 120805 120823 120841
120860 120918 120874 120888 120902
120919 120972 120932 120945 120958
120973 121031 120987 121001 121015
121032 121195 121072 121112 121152
121196 121674 121315 121434 121553
121675 121759 121696 121717 121738
121760 121840 121780 121800 121820
121841 121918 121860 121879 121898
121919 122077 121958 121997 122036
122078 122178 122103 122128 122153
122179 122259 122199 122219 122239
122260 122301 122270 122280 122290
122302 122606 122378 122454 122530
122607 122705 122631 122655 122679
122706 122838 122739 122772 122805
122839 122933 122862 122885 122908
122934 123110 122978 123022 123066
123111 123359 123173 123235 123297
123360 123519 123399 123438 123477
123520 123551 123527 123534 123541
123552 123674 123582 123612 123642
123675 123778 123700 123725 123750
123779 124033 123842 123905 123968
124034 125200 124325 124616 124907
125201 125982 125396 125591 125786
125983 126516 126116 126249 126382
126517 126707 126564 126611 126658
126708 126815 126734 126760 126786
126816 126894 126835 126854 126873
126895 126945 126907 126919 126931
126946 127155 126998 127050 127102
127156 127252 127180 127204 127228
127253 127448 127301 127349 127397
127449 127535 127470 127491 127512
127536 127578 127546 127556 127566
127579 127773 127627 127675 127723
127774 127864 127796 127818 127840
127865 127921 127879 127893 127907
127922 127979 127936 127950 127964
127980 128091 128007 128034 128061
128092 128195 128117 128142 128167
128196 128408 128249 128302 128355
128409 128502 128432 128455 128478
128503 128659 128542 128581 128620
128660 128718 128674 128688 128702
128719 128795 128738 128757 128776
128796 128912 128825 128854 128883
128913 129506 129061 129209 129357
129507 129588 129527 129547 129567
129589 129698 129616 129643 129670
129699 129876 129743 129787 129831
129877 129969 129900 129923 129946
129970 130041 129987 130004 130021
130042 130138 130066 130090 130114
130139 130222 130159 130179 130199
130223 130313 130245 130267 130289
130314 130356 130324 130334 130344
130357 130374 130361 130365 130369
130375 130568 130423 130471 130519
130569 130718 130606 130643 130680
130719 130905 130765 130811 130857
130906 131042 130940 130974 131008
131043 131574 131175 131307 131439
131575 131698 131605 131635 131665
131699 132191 131822 131945 132068
132192 132333 132227 132262 132297
132334 132377 132344 132354 132364
132378 132461 132398 132418 132438
132462 132544 132482 132502 132522
132545 132700 132583 132621 132659
132701 132889 132748 132795 132842
132890 133384 133013 133136 133259
133385 134309 133616 133847 134078
134310 134491 134355 134400 134445
134492 134615 134522 134552 134582
134616 134888 134684 134752 134820
134889 135664 134916 134943 135498
135665 135764 135689 135713 135737
135765 135848 135785 135805 135825
135849 135929 135869 135889 135909
135930 136267 136014 136098 136182
136268 136422 136306 136344 136382
136423 136508 136444 136465 136486
136509 136629 136539 136569 136599
136630 136905 136698 136766 136834
136906 137092 136952 136998 137044
137093 137665 137236 137379 137522
137666 137746 137686 137706 137726
137747 137828 137767 137787 137807
137829 137999 137871 137913 137955
138000 138464 138116 138232 138348
138465 138677 138518 138571 138624
138678 138975 138752 138826 138900
138976 139205 139033 139090 139147
139206 139342 139240 139274 139308
139343 139486 139378 139413 139448
139487 139646 139526 139565 139604
139647 139784 139681 139715 139749
139785 140046 139850 139915 139980
140047 140164 140076 140105 140134
140165 140316 140202 140239 140276
140317 140388 140334 140351 140368
140389 140471 140409 140429 140449
140472 140603 140504 140536 140568
140604 140713 140631 140658 140685
140714 140829 140742 140770 140798
140830 140913 140850 140870 140890
140914 141123 140966 141018 141070
141124 141269 141160 141196 141232
141270 141552 141340 141410 141480
141553 141689 141587 141621 141655
141690 141809 141719 141748 141777
141810 141909 141834 141858 141882
141910 141945 141918 141926 141934
141946 142257 142023 142100 142177
142258 142370 142286 142314 142342
142371 142553 142416 142461 142506
142554 142659 142580 142606 142632
142660 142820 142700 142740 142780
142821 142926 142847 142873 142899
142927 143249 143007 143087 143167
143250 143414 143291 143332 143373
143415 143518 143440 143465 143490
143519 143631 143547 143575 143603
143632 143773 143667 143702 143737
143774 143953 143818 143862 143906
143954 144074 143984 144014 144044
144075 144268 144123 144171 144219
144269 144381 144297 144325 144353
144382 144452 144399 144416 144433
144453 144555 144478 144503 144528
144556 144660 144582 144608 144634
144661 144765 144687 144713 144739
144766 144885 144795 144824 144853
144886 144971 144907 144928 144949
144972 145079 144998 145024 145050
145080 145268 145127 145174 145221
145269 145570 145344 145419 145494
145571 145696 145602 145633 145664
145697 146350 145860 146023 146186
146351 146437 146372 146393 146414
146438 147646 146740 147042 147344
147647 147691 147658 147669 147680
147692 148403 147869 148046 148223
148404 148656 148467 148530 148593
148657 149621 148898 149139 149380
149622 149875 149685 149748 149811
149876 150356 149906 149936 150267
150357 150924 150498 150639 150780
150925 151004 150944 150963 150982
151005 151293 151077 151149 151221
151294 152907 151697 152100 152503
152908 153409 153033 153158 153283
153410 154451 153670 153930 154190
154452 154760 154529 154606 154683
154761 154922 154801 154841 154881
154923 154975 154936 154949 154962
154976 155076 155001 155026 155051
155077 155201 155108 155139 155170
155202 155337 155235 155268 155301
155338 155368 155345 155352 155359
155369 155445 155388 155407 155426
155446 155503 155460 155474 155488
155504 155598 155527 155550 155573
155599 155634 155607 155615 155623
155635 155683 155647 155659 155671
155684 155719 155692 155700 155708
155720 155739 155724 155728 155732
155740 155764 155746 155752 155758
155765 155783 155769 155773 155777
155784 155842 155798 155812 155826
155843 155914 155860 155877 155894
155915 155979 155931 155947 155963
155980 156002 155985 155990 155995
156003 156021 156007 156011 156015
156022 156063 156032 156042 156052
156064 156112 156076 156088 156100
156113 156806 156286 156459 156632
156807 157106 156881 156955 157029
157107 157231 157138 157169 157200
157232 157338 157258 157284 157310
157339 157646 157415 157491 157567
157647 157876 157704 157761 157818
157877 158011 157910 157943 157976
158012 158103 158034 158056 158078
158104 158271 158145 158186 158227
158272 159086 158475 158678 158881
159087 159422 159170 159253 159336
159423 159598 159466 159509 159552
159599 160104 159725 159851 159977
160105 160329 160161 160217 160273
160330 160463 160363 160396 160429
160464 160639 160507 160550 160593
160640 160715 160658 160676 160694
160716 161116 160816 160916 161016
161117 171556 162087 163057 169917
