0 167 41 82 123
168 313 204 240 276
314 1269 552 790 1028
1270 1313 1280 1290 1300
1314 1335 1319 1324 1329
1336 1367 1343 1350 1357
1368 1401 1376 1384 1392
1402 1430 1409 1416 1423
1431 1447 1435 1439 1443
1448 1480 1456 1464 1472
1481 1520 1490 1499 1508
1521 1689 1563 1605 1647
1690 1721 1697 1704 1711
1722 1771 1734 1746 1758
1772 1819 1783 1794 1805
1820 1913 1843 1866 1889
1914 1949 1922 1930 1938
1950 1984 1958 1966 1974
1985 2106 2015 2045 2075
2107 2171 2123 2139 2155
2172 2209 2181 2190 2199
2210 2253 2220 2230 2240
2254 2302 2266 2278 2290
2303 2349 2314 2325 2336
2350 2451 2375 2400 2425
2452 2476 2458 2464 2470
2477 2523 2488 2499 2510
2524 2579 2537 2550 2563
2580 2633 2593 2606 2619
2634 2696 2649 2664 2679
2697 2741 2708 2719 2730
2742 2767 2748 2754 2760
2768 2920 2806 2844 2882
2921 2956 2929 2937 2945
2957 3028 2974 2991 3008
3029 3044 3032 3035 3038
3045 3147 3070 3095 3120
3148 3225 3167 3186 3205
3226 3264 3235 3244 3253
3265 3317 3278 3291 3304
3318 3404 3339 3360 3381
3405 3435 3412 3419 3426
3436 3509 3454 3472 3490
3510 3582 3528 3546 3564
3583 3844 3648 3713 3778
3845 4024 3889 3933 3977
4025 4048 4030 4035 4040
4049 4077 4056 4063 4070
4078 4106 4085 4092 4099
4107 4144 4116 4125 4134
4145 4173 4152 4159 4166
4174 4193 4178 4182 4186
4194 4216 4199 4204 4209
4217 4266 4229 4241 4253
4267 4293 4273 4279 4285
4294 4337 4304 4314 4324
4338 4399 4353 4368 4383
4400 4485 4421 4442 4463
4486 4521 4494 4502 4510
4522 4556 4530 4538 4546
4557 4614 4571 4585 4599
4615 4996 4710 4805 4900
4997 5049 5010 5023 5036
5050 5075 5056 5062 5068
5076 5135 5090 5104 5118
5136 5191 5149 5162 5175
5192 5255 5207 5222 5237
5256 5496 5316 5376 5436
5497 5544 5508 5519 5530
5545 5654 5572 5599 5626
5655 5712 5669 5683 5697
5713 5807 5736 5759 5782
5808 5868 5823 5838 5853
5869 5933 5885 5901 5917
5934 6081 5970 6006 6042
6082 6135 6095 6108 6121
6136 6199 6151 6166 6181
6200 6263 6215 6230 6245
6264 6417 6302 6340 6378
6418 6442 6424 6430 6436
6443 6468 6449 6455 6461
6469 6502 6477 6485 6493
6503 6574 6520 6537 6554
6575 6595 6580 6585 6590
6596 6631 6604 6612 6620
6632 6663 6639 6646 6653
6664 6684 6669 6674 6679
6685 6703 6689 6693 6697
6704 6758 6717 6730 6743
6759 6795 6768 6777 6786
6796 6844 6808 6820 6832
6845 6911 6861 6877 6893
6912 6934 6917 6922 6927
6935 6966 6942 6949 6956
6967 6987 6972 6977 6982
6988 7016 6995 7002 7009
7017 7037 7022 7027 7032
7038 7075 7047 7056 7065
7076 7111 7084 7092 7100
7112 7148 7121 7130 7139
7149 7172 7154 7159 7164
7173 7207 7181 7189 7197
7208 7247 7217 7226 7235
7248 7296 7260 7272 7284
7297 7328 7304 7311 7318
7329 7354 7335 7341 7347
7355 7404 7367 7379 7391
7405 7442 7414 7423 7432
7443 7467 7449 7455 7461
7468 7539 7485 7502 7519
7540 7593 7553 7566 7579
7594 7615 7599 7604 7609
7616 7635 7620 7624 7628
7636 7665 7643 7650 7657
7666 7718 7679 7692 7705
7719 7746 7725 7731 7737
7747 7824 7766 7785 7804
7825 7862 7834 7843 7852
7863 7892 7870 7877 7884
7893 7932 7902 7911 7920
7933 7949 7937 7941 7945
7950 7966 7954 7958 7962
7967 7983 7971 7975 7979
7984 8010 7990 7996 8002
8011 8051 8021 8031 8041
8052 8070 8056 8060 8064
8071 8152 8091 8111 8131
8153 8172 8157 8161 8165
8173 8211 8182 8191 8200
8212 8236 8218 8224 8230
8237 8262 8243 8249 8255
8263 8286 8268 8273 8278
8287 8307 8292 8297 8302
8308 8341 8316 8324 8332
8342 8362 8347 8352 8357
8363 8394 8370 8377 8384
8395 8426 8402 8409 8416
8427 8504 8446 8465 8484
8505 8528 8510 8515 8520
8529 8564 8537 8545 8553
8565 8617 8578 8591 8604
8618 8666 8630 8642 8654
8667 8701 8675 8683 8691
8702 8727 8708 8714 8720
8728 8772 8739 8750 8761
8773 8829 8787 8801 8815
8830 8869 8839 8848 8857
8870 8891 8875 8880 8885
8892 8918 8898 8904 8910
8919 8958 8928 8937 8946
8959 9014 8972 8985 8998
9015 9063 9027 9039 9051
9064 9101 9073 9082 9091
9102 9268 9143 9184 9225
9269 9302 9277 9285 9293
9303 9343 9313 9323 9333
9344 9403 9358 9372 9386
9404 9439 9412 9420 9428
9440 9547 9466 9492 9518
9548 9584 9557 9566 9575
9585 9622 9594 9603 9612
9623 9671 9635 9647 9659
9672 9692 9677 9682 9687
9693 9723 9700 9707 9714
9724 9744 9729 9734 9739
9745 9764 9749 9753 9757
9765 9782 9769 9773 9777
9783 9832 9795 9807 9819
9833 9854 9838 9843 9848
9855 9893 9864 9873 9882
9894 9941 9905 9916 9927
9942 9964 9947 9952 9957
9965 9998 9973 9981 9989
9999 10023 10005 10011 10017
10024 10045 10029 10034 10039
10046 10094 10058 10070 10082
10095 10173 10114 10133 10152
10174 10206 10182 10190 10198
10207 10296 10229 10251 10273
10297 10313 10301 10305 10309
10314 10355 10324 10334 10344
10356 10386 10363 10370 10377
10387 10405 10391 10395 10399
10406 10424 10410 10414 10418
10425 10445 10430 10435 10440
10446 10468 10451 10456 10461
10469 10494 10475 10481 10487
10495 10538 10505 10515 10525
10539 10598 10553 10567 10581
10599 10632 10607 10615 10623
10633 10757 10664 10695 10726
10758 10795 10767 10776 10785
10796 10849 10809 10822 10835
10850 10905 10863 10876 10889
10906 10929 10911 10916 10921
10930 10992 10945 10960 10975
10993 11039 11004 11015 11026
11040 11143 11065 11090 11115
11144 11166 11149 11154 11159
11167 11200 11175 11183 11191
11201 11220 11205 11209 11213
11221 11267 11232 11243 11254
11268 11304 11277 11286 11295
11305 11338 11313 11321 11329
11339 11391 11352 11365 11378
11392 11464 11410 11428 11446
11465 11483 11469 11473 11477
11484 11505 11489 11494 11499
11506 11550 11517 11528 11539
11551 11568 11555 11559 11563
11569 11606 11578 11587 11596
11607 11647 11617 11627 11637
11648 11680 11656 11664 11672
11681 11719 11690 11699 11708
11720 11755 11728 11736 11744
11756 11777 11761 11766 11771
11778 11810 11786 11794 11802
11811 11851 11821 11831 11841
11852 11873 11857 11862 11867
11874 11903 11881 11888 11895
11904 11934 11911 11918 11925
11935 11948 11938 11941 11944
11949 11969 11954 11959 11964
11970 11986 11974 11978 11982
11987 12003 11991 11995 11999
12004 12032 12011 12018 12025
12033 12060 12039 12045 12051
12061 12085 12067 12073 12079
12086 12144 12100 12114 12128
12145 12188 12155 12165 12175
12189 12229 12199 12209 12219
12230 12248 12234 12238 12242
12249 12268 12253 12257 12261
12269 12301 12277 12285 12293
12302 12330 12309 12316 12323
12331 12371 12341 12351 12361
12372 12467 12395 12418 12441
12468 12495 12474 12480 12486
12496 12541 12507 12518 12529
12542 12564 12547 12552 12557
12565 12598 12573 12581 12589
12599 12618 12603 12607 12611
12619 12653 12627 12635 12643
12654 12714 12669 12684 12699
12715 12736 12720 12725 12730
12737 12754 12741 12745 12749
12755 12828 12773 12791 12809
12829 12847 12833 12837 12841
12848 12869 12853 12858 12863
12870 12891 12875 12880 12885
12892 12913 12897 12902 12907
12914 12938 12920 12926 12932
12939 12971 12947 12955 12963
12972 12996 12978 12984 12990
12997 13033 13006 13015 13024
13034 13073 13043 13052 13061
13074 13090 13078 13082 13086
13091 13107 13095 13099 13103
13108 13136 13115 13122 13129
13137 13172 13145 13153 13161
13173 13193 13178 13183 13188
13194 13236 13204 13214 13224
13237 13259 13242 13247 13252
13260 13333 13278 13296 13314
13334 13369 13342 13350 13358
13370 13405 13378 13386 13394
13406 13429 13411 13416 13421
13430 13458 13437 13444 13451
13459 13512 13472 13485 13498
13513 13553 13523 13533 13543
13554 13570 13558 13562 13566
13571 13599 13578 13585 13592
13600 13640 13610 13620 13630
13641 13673 13649 13657 13665
13674 13706 13682 13690 13698
13707 13741 13715 13723 13731
13742 13776 13750 13758 13766
13777 13858 13797 13817 13837
13859 13907 13871 13883 13895
13908 13945 13917 13926 13935
13946 13971 13952 13958 13964
13972 14019 13983 13994 14005
14020 14100 14040 14060 14080
14101 14161 14116 14131 14146
14162 14182 14167 14172 14177
14183 14204 14188 14193 14198
14205 14269 14221 14237 14253
14270 14288 14274 14278 14282
14289 14366 14308 14327 14346
14367 14439 14385 14403 14421
14440 14508 14457 14474 14491
14509 14548 14518 14527 14536
14549 14590 14559 14569 14579
14591 14693 14616 14641 14666
14694 15222 14770 14846 15165
15223 15241 15227 15231 15235
15242 15258 15246 15250 15254
15259 15277 15263 15267 15271
15278 15298 15283 15288 15293
15299 15343 15310 15321 15332
15344 15396 15357 15370 15383
15397 15419 15402 15407 15412
15420 15438 15424 15428 15432
15439 15490 15451 15463 15475
15491 15531 15501 15511 15521
15532 15623 15554 15576 15598
15624 15684 15639 15654 15669
15685 15923 15744 15803 15862
15924 15966 15934 15944 15954
15967 16121 16005 16043 16081
16122 16155 16130 16138 16146
16156 16205 16168 16180 16192
16206 16346 16241 16276 16311
16347 16401 16360 16373 16386
16402 16431 16409 16416 16423
16432 16531 16456 16480 16504
16532 16719 16578 16624 16670
16720 16763 16730 16740 16750
16764 16811 16775 16786 16797
16812 17032 16867 16922 16977
17033 17075 17043 17053 17063
17076 17143 17092 17108 17124
17144 17245 17169 17194 17219
17246 17323 17265 17284 17303
17324 17540 17378 17432 17486
17541 17562 17546 17551 17556
17563 17655 17586 17609 17632
17656 17726 17673 17690 17707
17727 17782 17740 17753 17766
17783 17896 17811 17839 17867
17897 17929 17905 17913 17921
17930 18450 18060 18190 18320
18451 18555 18477 18503 18529
18556 18609 18569 18582 18595
18610 18665 18623 18636 18649
18666 18721 18679 18692 18705
18722 19304 18867 19012 19157
19305 19535 19362 19419 19476
19536 19678 19571 19606 19641
19679 19821 19714 19749 19784
19822 19894 19840 19858 19876
19895 19925 19902 19909 19916
19926 19957 19933 19940 19947
19958 20068 19985 20012 20039
20069 20178 20096 20123 20150
20179 20263 20200 20221 20242
20264 20298 20272 20280 20288
20299 20352 20312 20325 20338
20353 20431 20372 20391 20410
20432 20509 20451 20470 20489
20510 21027 20639 20768 20897
21028 21204 21072 21116 21160
21205 21287 21225 21245 21265
21288 21325 21297 21306 21315
21326 21379 21339 21352 21365
21380 21513 21413 21446 21479
21514 21544 21521 21528 21535
21545 21579 21553 21561 21569
21580 21606 21586 21592 21598
21607 21745 21641 21675 21709
21746 21786 21756 21766 21776
21787 21858 21804 21821 21838
21859 21942 21879 21899 21919
21943 22019 21962 21981 22000
22020 22078 22034 22048 22062
22079 22139 22094 22109 22124
22140 22159 22144 22148 22152
22160 22229 22177 22194 22211
22230 22343 22258 22286 22314
22344 22459 22372 22400 22428
22460 22603 22495 22530 22565
22604 22671 22620 22636 22652
22672 22742 22689 22706 22723
22743 22816 22761 22779 22797
22817 22851 22825 22833 22841
22852 22875 22857 22862 22867
22876 22934 22890 22904 22918
22935 22961 22941 22947 22953
22962 23004 22972 22982 22992
23005 23080 23023 23041 23059
23081 23144 23096 23111 23126
23145 23187 23155 23165 23175
23188 23206 23192 23196 23200
23207 23238 23214 23221 23228
23239 23270 23246 23253 23260
23271 23296 23277 23283 23289
23297 23338 23307 23317 23327
23339 23379 23349 23359 23369
23380 23482 23405 23430 23455
23483 23567 23504 23525 23546
23568 23613 23579 23590 23601
23614 23667 23627 23640 23653
23668 23695 23674 23680 23686
23696 23737 23706 23716 23726
23738 23761 23743 23748 23753
23762 23809 23773 23784 23795
23810 23881 23827 23844 23861
23882 23943 23897 23912 23927
23944 23995 23956 23968 23980
23996 24060 24012 24028 24044
24061 24092 24068 24075 24082
24093 24126 24101 24109 24117
24127 24163 24136 24145 24154
24164 24223 24178 24192 24206
24224 24249 24230 24236 24242
24250 24294 24261 24272 24283
24295 24396 24320 24345 24370
24397 24442 24408 24419 24430
24443 24487 24454 24465 24476
24488 24546 24502 24516 24530
24547 24580 24555 24563 24571
24581 24696 24609 24637 24665
24697 24848 24734 24771 24808
24849 24926 24868 24887 24906
24927 24972 24938 24949 24960
24973 25007 24981 24989 24997
25008 25045 25017 25026 25035
25046 25187 25081 25116 25151
25188 25212 25194 25200 25206
25213 25250 25222 25231 25240
25251 25340 25273 25295 25317
25341 25401 25356 25371 25386
25402 25438 25411 25420 25429
25439 25472 25447 25455 25463
25473 25528 25486 25499 25512
25529 25598 25546 25563 25580
25599 25710 25626 25653 25680
25711 25757 25722 25733 25744
25758 25824 25774 25790 25806
25825 25976 25862 25899 25936
25977 26061 25998 26019 26040
26062 26092 26069 26076 26083
26093 26126 26101 26109 26117
26127 26162 26135 26143 26151
26163 26189 26169 26175 26181
26190 26222 26198 26206 26214
26223 26286 26238 26253 26268
26287 26370 26307 26327 26347
26371 26540 26413 26455 26497
26541 26651 26568 26595 26622
26652 26685 26660 26668 26676
26686 26778 26709 26732 26755
26779 26843 26795 26811 26827
26844 26922 26863 26882 26901
26923 27011 26945 26967 26989
27012 27054 27022 27032 27042
27055 27092 27064 27073 27082
27093 27159 27109 27125 27141
27160 27205 27171 27182 27193
27206 27231 27212 27218 27224
27232 27289 27246 27260 27274
27290 27353 27305 27320 27335
27354 27393 27363 27372 27381
27394 27428 27402 27410 27418
27429 27486 27443 27457 27471
27487 27530 27497 27507 27517
27531 27578 27542 27553 27564
27579 27660 27599 27619 27639
27661 27710 27673 27685 27697
27711 27914 27761 27811 27861
27915 27999 27936 27957 27978
28000 28079 28019 28038 28057
28080 28163 28100 28120 28140
28164 28540 28258 28352 28446
28541 28612 28558 28575 28592
28613 28681 28630 28647 28664
28682 28872 28729 28776 28823
28873 28929 28887 28901 28915
28930 28961 28937 28944 28951
28962 29187 29018 29074 29130
29188 29303 29216 29244 29272
29304 29388 29325 29346 29367
29389 29469 29409 29429 29449
29470 29538 29487 29504 29521
29539 29583 29550 29561 29572
29584 29713 29616 29648 29680
29714 29774 29729 29744 29759
29775 29846 29792 29809 29826
29847 29983 29881 29915 29949
29984 30036 29987 29990 30027
30037 30129 30060 30083 30106
30130 30205 30148 30166 30184
30206 30241 30214 30222 30230
30242 30310 30259 30276 30293
30311 30348 30320 30329 30338
30349 30377 30356 30363 30370
30378 30408 30385 30392 30399
30409 30428 30413 30417 30421
30429 30494 30445 30461 30477
30495 30552 30509 30523 30537
30553 30587 30561 30569 30577
30588 30660 30606 30624 30642
30661 30707 30672 30683 30694
30708 30789 30728 30748 30768
30790 30882 30813 30836 30859
30883 30916 30891 30899 30907
30917 30954 30926 30935 30944
30955 31087 30988 31021 31054
31088 31196 31115 31142 31169
31197 31336 31231 31265 31299
31337 31518 31382 31427 31472
31519 31598 31538 31557 31576
31599 31699 31624 31649 31674
31700 31950 31762 31824 31886
31951 32033 31971 31991 32011
32034 32323 32106 32178 32250
32324 32368 32335 32346 32357
32369 32419 32381 32393 32405
32420 32446 32426 32432 32438
32447 32539 32470 32493 32516
32540 32606 32556 32572 32588
32607 32642 32615 32623 32631
32643 32694 32655 32667 32679
32695 32886 32742 32789 32836
32887 33078 32934 32981 33028
33079 33180 33104 33129 33154
33181 33256 33199 33217 33235
33257 33375 33286 33315 33344
33376 33460 33397 33418 33439
33461 33517 33475 33489 33503
33518 33541 33523 33528 33533
33542 33612 33559 33576 33593
33613 33710 33637 33661 33685
33711 33840 33743 33775 33807
33841 33880 33850 33859 33868
33881 33971 33903 33925 33947
33972 34063 33994 34016 34038
34064 34220 34103 34142 34181
34221 34300 34240 34259 34278
34301 34356 34314 34327 34340
34357 34412 34370 34383 34396
34413 34441 34420 34427 34434
34442 34496 34455 34468 34481
34497 34570 34515 34533 34551
34571 34604 34579 34587 34595
34605 34644 34614 34623 34632
34645 34730 34666 34687 34708
34731 34772 34741 34751 34761
34773 34850 34792 34811 34830
34851 34895 34862 34873 34884
34896 34960 34912 34928 34944
34961 35001 34971 34981 34991
35002 35054 35015 35028 35041
35055 35122 35071 35087 35103
35123 35162 35132 35141 35150
35163 35211 35175 35187 35199
35212 35310 35236 35260 35284
35311 35341 35318 35325 35332
35342 35373 35349 35356 35363
35374 35428 35387 35400 35413
35429 35490 35444 35459 35474
35491 35516 35497 35503 35509
35517 35576 35531 35545 35559
35577 35652 35595 35613 35631
35653 35686 35661 35669 35677
35687 35724 35696 35705 35714
35725 36009 35796 35867 35938
36010 36184 36053 36096 36139
36185 36310 36216 36247 36278
36311 36596 36382 36453 36524
36597 36768 36639 36681 36723
36769 36915 36805 36841 36877
36916 37166 36978 37040 37102
37167 37200 37175 37183 37191
37201 37323 37231 37261 37291
37324 37364 37334 37344 37354
37365 37919 37503 37641 37779
37920 38060 37955 37990 38025
38061 38139 38080 38099 38118
38140 38228 38162 38184 38206
38229 38290 38244 38259 38274
38291 38384 38314 38337 38360
38385 38639 38448 38511 38574
38640 38729 38662 38684 38706
38730 38917 38776 38822 38868
38918 39004 38939 38960 38981
39005 39145 39040 39075 39110
39146 39313 39187 39228 39269
39314 39350 39323 39332 39341
39351 39399 39363 39375 39387
39400 39448 39412 39424 39436
39449 39502 39462 39475 39488
39503 39539 39512 39521 39530
39540 39608 39557 39574 39591
39609 39726 39638 39667 39696
39727 39772 39738 39749 39760
39773 39839 39789 39805 39821
39840 39905 39856 39872 39888
39906 39984 39925 39944 39963
39985 40105 40015 40045 40075
40106 40143 40115 40124 40133
40144 40199 40157 40170 40183
40200 40251 40212 40224 40236
40252 40298 40263 40274 40285
40299 40342 40309 40319 40329
40343 40377 40351 40359 40367
40378 40448 40395 40412 40429
40449 40487 40458 40467 40476
40488 40546 40502 40516 40530
40547 40611 40563 40579 40595
40612 40648 40621 40630 40639
40649 40708 40663 40677 40691
40709 40803 40732 40755 40778
40804 40919 40832 40860 40888
40920 41040 40950 40980 41010
41041 41106 41057 41073 41089
41107 41190 41127 41147 41167
41191 41279 41213 41235 41257
41280 41706 41386 41492 41598
41707 41981 41775 41843 41911
41982 42004 41987 41992 41997
42005 42027 42010 42015 42020
42028 42129 42053 42078 42103
42130 42149 42134 42138 42142
42150 42212 42165 42180 42195
42213 42277 42229 42245 42261
42278 42339 42293 42308 42323
42340 42384 42351 42362 42373
42385 42473 42407 42429 42451
42474 42509 42482 42490 42498
42510 42623 42538 42566 42594
42624 42681 42638 42652 42666
42682 42711 42689 42696 42703
42712 42799 42733 42754 42775
42800 42869 42817 42834 42851
42870 43122 42933 42996 43059
43123 43162 43132 43141 43150
43163 43181 43167 43171 43175
43182 43208 43188 43194 43200
43209 43234 43215 43221 43227
43235 43295 43250 43265 43280
43296 43340 43307 43318 43329
43341 43397 43355 43369 43383
43398 43461 43413 43428 43443
43462 43544 43482 43502 43522
43545 43601 43559 43573 43587
43602 43650 43614 43626 43638
43651 43734 43671 43691 43711
43735 43825 43757 43779 43801
43826 43847 43831 43836 43841
43848 43865 43852 43856 43860
43866 43921 43879 43892 43905
43922 43946 43928 43934 43940
43947 44010 43962 43977 43992
44011 44124 44039 44067 44095
44125 44187 44140 44155 44170
44188 44240 44201 44214 44227
44241 44449 44293 44345 44397
44450 44569 44479 44508 44537
44570 44656 44591 44612 44633
44657 44888 44714 44771 44828
44889 45067 44916 44943 45048
45068 45174 45094 45120 45146
45175 45239 45191 45207 45223
45240 45363 45270 45300 45330
45364 45492 45396 45428 45460
45493 45557 45509 45525 45541
45558 45602 45569 45580 45591
45603 45653 45615 45627 45639
45654 45702 45666 45678 45690
45703 45786 45723 45743 45763
45787 45847 45802 45817 45832
45848 45910 45863 45878 45893
45911 45998 45932 45953 45974
45999 46038 46008 46017 46026
46039 46089 46051 46063 46075
46090 46211 46120 46150 46180
46212 46295 46232 46252 46272
46296 46326 46303 46310 46317
46327 46408 46347 46367 46387
46409 46436 46415 46421 46427
46437 46463 46443 46449 46455
46464 46567 46489 46514 46539
46568 46601 46576 46584 46592
46602 46656 46615 46628 46641
46657 46719 46672 46687 46702
46720 46756 46729 46738 46747
46757 46868 46784 46811 46838
46869 46885 46873 46877 46881
46886 47021 46919 46952 46985
47022 47129 47048 47074 47100
47130 47223 47153 47176 47199
47224 47310 47245 47266 47287
47311 47406 47334 47357 47380
47407 47433 47413 47419 47425
47434 47457 47439 47444 47449
47458 47485 47464 47470 47476
47486 47596 47513 47540 47567
47597 47726 47629 47661 47693
47727 47766 47736 47745 47754
47767 47791 47773 47779 47785
47792 47855 47807 47822 47837
47856 47906 47868 47880 47892
47907 47978 47924 47941 47958
47979 48001 47984 47989 47994
48002 48076 48020 48038 48056
48077 48121 48088 48099 48110
48122 48202 48142 48162 48182
48203 48566 48293 48383 48473
48567 48641 48585 48603 48621
48642 48679 48651 48660 48669
48680 48737 48694 48708 48722
48738 48793 48751 48764 48777
48794 48971 48838 48882 48926
48972 49091 49001 49030 49059
49092 49170 49111 49130 49149
49171 49246 49189 49207 49225
49247 49302 49260 49273 49286
49303 49395 49326 49349 49372
49396 49463 49412 49428 49444
49464 49527 49479 49494 49509
49528 49728 49578 49628 49678
49729 49821 49752 49775 49798
49822 49911 49844 49866 49888
49912 50009 49936 49960 49984
50010 50068 50024 50038 50052
50069 50129 50084 50099 50114
50130 50191 50145 50160 50175
50192 50238 50203 50214 50225
50239 50380 50274 50309 50344
50381 50695 50459 50537 50615
50696 50805 50723 50750 50777
50806 50902 50830 50854 50878
50903 50944 50913 50923 50933
50945 51002 50959 50973 50987
51003 51162 51042 51081 51120
51163 51239 51182 51201 51220
51240 51303 51255 51270 51285
51304 51353 51316 51328 51340
51354 51447 51377 51400 51423
51448 51765 51527 51606 51685
51766 52008 51826 51886 51946
52009 52127 52038 52067 52096
52128 52304 52172 52216 52260
52305 52412 52331 52357 52383
52413 52474 52428 52443 52458
52475 52592 52504 52533 52562
52593 52686 52616 52639 52662
52687 52735 52699 52711 52723
52736 52783 52747 52758 52769
52784 52802 52788 52792 52796
52803 52852 52815 52827 52839
52853 52911 52867 52881 52895
52912 52984 52930 52948 52966
52985 53023 52994 53003 53012
53024 53078 53037 53050 53063
53079 53151 53097 53115 53133
53152 53273 53182 53212 53242
53274 53352 53293 53312 53331
53353 53427 53371 53389 53407
53428 53483 53441 53454 53467
53484 53555 53501 53518 53535
53556 53731 53599 53642 53685
53732 53896 53773 53814 53855
53897 53931 53905 53913 53921
53932 54062 53964 53996 54028
54063 54193 54095 54127 54159
54194 54226 54202 54210 54218
54227 54266 54236 54245 54254
54267 54329 54282 54297 54312
54330 54383 54343 54356 54369
54384 54413 54391 54398 54405
54414 54444 54421 54428 54435
54445 54471 54451 54457 54463
54472 54526 54485 54498 54511
54527 54582 54540 54553 54566
54583 54638 54596 54609 54622
54639 54689 54651 54663 54675
54690 54753 54705 54720 54735
54754 54898 54790 54826 54862
54899 55035 54933 54967 55001
55036 55129 55059 55082 55105
55130 55180 55142 55154 55166
55181 55247 55197 55213 55229
55248 55394 55284 55320 55356
55395 55521 55426 55457 55488
55522 56042 55652 55782 55912
56043 56219 56087 56131 56175
56220 56470 56282 56344 56406
56471 56526 56484 56497 56510
56527 56564 56536 56545 56554
56565 56641 56584 56603 56622
56642 56792 56679 56716 56753
56793 56983 56840 56887 56934
56984 57026 56994 57004 57014
57027 57226 57076 57125 57174
57227 57263 57236 57245 57254
57264 57358 57287 57310 57333
57359 57443 57380 57401 57422
57444 57537 57467 57490 57513
57538 58030 57661 57784 57907
58031 58128 58055 58079 58103
58129 58239 58156 58183 58210
58240 58331 58262 58284 58306
58332 58380 58344 58356 58368
58381 58448 58397 58413 58429
58449 58524 58467 58485 58503
58525 58605 58545 58565 58585
58606 58660 58619 58632 58645
58661 58699 58670 58679 58688
58700 58866 58741 58782 58823
58867 58934 58883 58899 58915
58935 58975 58945 58955 58965
58976 59058 58996 59016 59036
59059 59117 59073 59087 59101
59118 59195 59137 59156 59175
59196 59259 59211 59226 59241
59260 59349 59282 59304 59326
59350 59403 59363 59376 59389
59404 59423 59408 59412 59416
59424 59452 59431 59438 59445
59453 59491 59462 59471 59480
59492 59569 59511 59530 59549
59570 59639 59587 59604 59621
59640 59734 59663 59686 59709
59735 59819 59756 59777 59798
59820 59842 59825 59830 59835
59843 59893 59855 59867 59879
59894 59980 59915 59936 59957
59981 60030 59985 59989 60021
60031 60054 60036 60041 60046
60055 60073 60059 60063 60067
60074 60137 60089 60104 60119
60138 60179 60148 60158 60168
60180 60223 60190 60200 60210
60224 60263 60233 60242 60251
60264 60287 60269 60274 60279
60288 60312 60294 60300 60306
60313 60400 60334 60355 60376
60401 60442 60411 60421 60431
60443 60472 60450 60457 60464
60473 60506 60481 60489 60497
60507 60545 60516 60525 60534
60546 60586 60556 60566 60576
60587 60629 60597 60607 60617
60630 60841 60682 60734 60786
60842 60914 60860 60878 60896
60915 61145 60972 61029 61086
61146 61258 61174 61202 61230
61259 61281 61264 61269 61274
61282 61309 61288 61294 61300
61310 61374 61326 61342 61358
61375 61404 61382 61389 61396
61405 61443 61414 61423 61432
61444 61509 61460 61476 61492
61510 61533 61515 61520 61525
61534 61583 61546 61558 61570
61584 61717 61617 61650 61683
61718 61822 61744 61770 61796
61823 62024 61873 61923 61973
62025 62116 62047 62069 62091
62117 62615 62241 62365 62489
62616 62645 62623 62630 62637
62646 62671 62652 62658 62664
62672 62825 62710 62748 62786
62826 62869 62836 62846 62856
62870 62943 62888 62906 62924
62944 62986 62954 62964 62974
62987 63076 63009 63031 63053
63077 63154 63096 63115 63134
63155 63279 63186 63217 63248
63280 63332 63293 63306 63319
63333 63407 63351 63369 63387
63408 63497 63430 63452 63474
63498 63577 63517 63536 63555
63578 63615 63587 63596 63605
63616 63658 63626 63636 63646
63659 63873 63712 63765 63818
63874 63924 63886 63898 63910
63925 64067 63960 63995 64030
64068 64158 64090 64112 64134
64159 64218 64173 64187 64201
64219 64262 64229 64239 64249
64263 64402 64297 64331 64365
64403 64509 64429 64455 64481
64510 64603 64533 64556 64579
64604 64717 64632 64660 64688
64718 64779 64733 64748 64763
64780 64985 64831 64882 64933
64986 65080 65009 65032 65055
65081 65120 65090 65099 65108
65121 65169 65133 65145 65157
65170 65287 65199 65228 65257
65288 65351 65303 65318 65333
65352 65426 65370 65388 65406
65427 65505 65446 65465 65484
65506 65633 65537 65568 65599
65634 65666 65642 65650 65658
65667 65699 65675 65683 65691
65700 65781 65720 65740 65760
65782 65819 65791 65800 65809
65820 65866 65831 65842 65853
65867 65892 65873 65879 65885
65893 66050 65932 65971 66010
66051 66244 66099 66147 66195
66245 66356 66272 66299 66326
66357 66463 66383 66409 66435
66464 66564 66489 66514 66539
66565 66652 66586 66607 66628
66653 67045 66751 66849 66947
67046 67165 67075 67104 67133
67166 67259 67189 67212 67235
67260 67333 67278 67296 67314
67334 67480 67370 67406 67442
67481 67529 67493 67505 67517
67530 67570 67540 67550 67560
67571 67617 67582 67593 67604
67618 67713 67641 67664 67687
67714 68553 67923 68132 68341
68554 68669 68582 68610 68638
68670 68751 68690 68710 68730
68752 68797 68763 68774 68785
68798 69241 68908 69018 69128
69242 69321 69261 69280 69299
69322 69775 69435 69548 69661
69776 69798 69781 69786 69791
69799 69842 69809 69819 69829
69843 69986 69878 69913 69948
69987 70216 70044 70101 70158
70217 70515 70291 70365 70439
70516 70643 70547 70578 70609
70644 70684 70654 70664 70674
70685 70725 70695 70705 70715
70726 70807 70746 70766 70786
70808 71046 70867 70926 70985
71047 71122 71065 71083 71101
71123 71209 71144 71165 71186
71210 71262 71223 71236 71249
71263 71288 71269 71275 71281
71289 71329 71299 71309 71319
71330 71391 71345 71360 71375
71392 71490 71416 71440 71464
71491 71568 71510 71529 71548
71569 71612 71579 71589 71599
71613 71651 71622 71631 71640
71652 71963 71729 71806 71883
71964 72131 72005 72046 72087
72132 72230 72156 72180 72204
72231 72346 72259 72287 72315
72347 72409 72362 72377 72392
72410 72493 72430 72450 72470
72494 72617 72524 72554 72584
72618 72944 72699 72780 72861
72945 73024 72964 72983 73002
73025 73160 73058 73091 73124
73161 73214 73174 73187 73200
73215 73287 73233 73251 73269
73288 73313 73294 73300 73306
73314 73369 73327 73340 73353
73370 73411 73380 73390 73400
73412 73476 73428 73444 73460
73477 73543 73493 73509 73525
73544 73580 73553 73562 73571
73581 73672 73603 73625 73647
73673 73785 73701 73729 73757
73786 73860 73804 73822 73840
73861 73916 73874 73887 73900
73917 73954 73926 73935 73944
73955 74048 73978 74001 74024
74049 74126 74068 74087 74106
74127 74233 74153 74179 74205
74234 74337 74259 74284 74309
74338 74375 74347 74356 74365
74376 74414 74385 74394 74403
74415 74462 74426 74437 74448
74463 74510 74474 74485 74496
74511 74635 74542 74573 74604
74636 74691 74649 74662 74675
74692 74806 74720 74748 74776
74807 74906 74831 74855 74879
74907 74953 74918 74929 74940
74954 75002 74965 74976 75000
75003 75049 75014 75025 75036
75050 75174 75081 75112 75143
75175 75340 75216 75257 75298
75341 75424 75361 75381 75401
75425 75501 75444 75463 75482
75502 75568 75518 75534 75550
75569 75641 75587 75605 75623
75642 75662 75647 75652 75657
75663 75694 75670 75677 75684
75695 75723 75702 75709 75716
75724 75762 75733 75742 75751
75763 75790 75769 75775 75781
75791 75808 75795 75799 75803
75809 75871 75824 75839 75854
75872 75934 75887 75902 75917
75935 75972 75944 75953 75962
75973 76031 75987 76001 76015
76032 76099 76048 76064 76080
76100 76138 76109 76118 76127
76139 76171 76147 76155 76163
76172 76192 76177 76182 76187
76193 76217 76199 76205 76211
76218 76244 76224 76230 76236
76245 76328 76265 76285 76305
76329 76370 76339 76349 76359
76371 76441 76388 76405 76422
76442 76546 76468 76494 76520
76547 76710 76587 76627 76667
76711 76770 76725 76739 76753
76771 76830 76785 76799 76813
76831 76859 76838 76845 76852
76860 76883 76865 76870 76875
76884 76937 76897 76910 76923
76938 76983 76949 76960 76971
76984 77063 77003 77022 77041
77064 77191 77095 77126 77157
77192 77256 77208 77224 77240
77257 77276 77261 77265 77269
77277 77304 77283 77289 77295
77305 77436 77337 77369 77401
77437 77530 77460 77483 77506
77531 77610 77550 77569 77588
77611 77695 77632 77653 77674
77696 77736 77706 77716 77726
77737 77780 77747 77757 77767
77781 77881 77806 77831 77856
77882 77965 77902 77922 77942
77966 78069 77991 78016 78041
78070 78128 78084 78098 78112
78129 78285 78168 78207 78246
78286 78337 78298 78310 78322
78338 78517 78382 78426 78470
78518 78624 78544 78570 78596
78625 78883 78689 78753 78817
78884 79372 79006 79128 79250
79373 79416 79383 79393 79403
79417 79492 79435 79453 79471
79493 79559 79509 79525 79541
79560 79661 79585 79610 79635
79662 79702 79672 79682 79692
79703 79789 79724 79745 79766
79790 79863 79808 79826 79844
79864 79919 79877 79890 79903
79920 79975 79933 79946 79959
79976 80020 79987 79998 80009
80021 80101 80041 80061 80081
80102 80161 80116 80130 80144
80162 80255 80185 80208 80231
80256 80284 80263 80270 80277
80285 80318 80293 80301 80309
80319 80398 80338 80357 80376
80399 80470 80416 80433 80450
80471 80506 80479 80487 80495
80507 80615 80534 80561 80588
80616 80682 80632 80648 80664
80683 80742 80697 80711 80725
80743 80802 80757 80771 80785
80803 80961 80842 80881 80920
80962 81070 80989 81016 81043
81071 81125 81084 81097 81110
81126 81213 81147 81168 81189
81214 81384 81256 81298 81340
81385 81481 81409 81433 81457
81482 81534 81495 81508 81521
81535 81597 81550 81565 81580
81598 81686 81620 81642 81664
81687 81822 81720 81753 81786
81823 81919 81847 81871 81895
81920 81957 81929 81938 81947
81958 82159 82008 82058 82108
82160 82273 82188 82216 82244
82274 82338 82290 82306 82322
82339 82449 82366 82393 82420
82450 82642 82498 82546 82594
82643 82698 82656 82669 82682
82699 82739 82709 82719 82729
82740 82798 82754 82768 82782
82799 82832 82807 82815 82823
82833 82867 82841 82849 82857
82868 83027 82907 82946 82985
83028 83081 83041 83054 83067
83082 83149 83098 83114 83130
83150 83203 83163 83176 83189
83204 83248 83215 83226 83237
83249 83271 83254 83259 83264
83272 83317 83283 83294 83305
83318 83351 83326 83334 83342
83352 83391 83361 83370 83379
83392 83444 83405 83418 83431
83445 83542 83469 83493 83517
83543 83590 83554 83565 83576
83591 83635 83602 83613 83624
83636 83697 83651 83666 83681
83698 83795 83722 83746 83770
83796 83849 83809 83822 83835
83850 83894 83861 83872 83883
83895 83995 83920 83945 83970
83996 84051 84009 84022 84035
84052 84099 84063 84074 84085
84100 84174 84118 84136 84154
84175 84242 84191 84207 84223
84243 84353 84270 84297 84324
84354 84401 84365 84376 84387
84402 84457 84415 84428 84441
84458 84521 84473 84488 84503
84522 84568 84533 84544 84555
84569 84597 84576 84583 84590
84598 84633 84606 84614 84622
84634 84722 84656 84678 84700
84723 84802 84742 84761 84780
84803 84861 84817 84831 84845
84862 85083 84917 84972 85027
85084 85132 85096 85108 85120
85133 85273 85168 85203 85238
85274 85425 85311 85348 85385
85426 85501 85444 85462 85480
85502 85574 85520 85538 85556
85575 85635 85590 85605 85620
85636 85660 85642 85648 85654
85661 85769 85688 85715 85742
85770 85819 85782 85794 85806
85820 85937 85849 85878 85907
85938 85996 85952 85966 85980
85997 86066 86014 86031 86048
86067 86221 86105 86143 86181
86222 86313 86244 86266 86288
86314 86416 86339 86364 86389
86417 86500 86437 86457 86477
86501 86742 86561 86621 86681
86743 86850 86769 86795 86821
86851 86890 86860 86869 86878
86891 86951 86906 86921 86936
86952 87000 86964 86976 86988
87001 87118 87030 87059 87088
87119 87258 87153 87187 87221
87259 87327 87276 87293 87310
87328 87369 87338 87348 87358
87370 87400 87377 87384 87391
87401 87438 87410 87419 87428
87439 87471 87447 87455 87463
87472 87543 87489 87506 87523
87544 87626 87564 87584 87604
87627 87731 87653 87679 87705
87732 87839 87758 87784 87810
87840 87934 87863 87886 87909
87935 87986 87947 87959 87971
87987 88091 88013 88039 88065
88092 88186 88115 88138 88161
88187 88232 88198 88209 88220
88233 88269 88242 88251 88260
88270 88352 88290 88310 88330
88353 88380 88359 88365 88371
88381 88415 88389 88397 88405
88416 88445 88423 88430 88437
88446 88494 88458 88470 88482
88495 88537 88505 88515 88525
88538 88610 88556 88574 88592
88611 88660 88623 88635 88647
88661 88751 88683 88705 88727
88752 88800 88764 88776 88788
88801 88866 88817 88833 88849
88867 88981 88895 88923 88951
88982 89096 89010 89038 89066
89097 89143 89108 89119 89130
89144 89178 89152 89160 89168
89179 89255 89198 89217 89236
89256 89403 89292 89328 89364
89404 89455 89416 89428 89440
89456 89547 89478 89500 89522
89548 89592 89559 89570 89581
89593 89657 89609 89625 89641
89658 89759 89683 89708 89733
89760 89804 89771 89782 89793
89805 89852 89816 89827 89838
89853 89921 89870 89887 89904
89922 89979 89936 89950 89964
89980 90018 89984 89988 90012
90019 90045 90025 90031 90037
90046 90077 90053 90060 90067
90078 90119 90088 90098 90108
90120 90162 90130 90140 90150
90163 90207 90174 90185 90196
90208 90275 90224 90240 90256
90276 90320 90287 90298 90309
90321 90382 90336 90351 90366
90383 90421 90392 90401 90410
90422 90467 90433 90444 90455
90468 90545 90487 90506 90525
90546 90715 90588 90630 90672
90716 90792 90735 90754 90773
90793 90852 90807 90821 90835
90853 90898 90864 90875 90886
90899 90964 90915 90931 90947
90965 91036 90982 90999 91016
91037 91080 91047 91057 91067
91081 91110 91088 91095 91102
91111 91166 91124 91137 91150
91167 91202 91175 91183 91191
91203 91293 91225 91247 91269
91294 91370 91313 91332 91351
91371 91416 91382 91393 91404
91417 91551 91450 91483 91516
91552 91658 91578 91604 91630
91659 91705 91670 91681 91692
91706 91842 91740 91774 91808
91843 91922 91862 91881 91900
91923 91973 91935 91947 91959
91974 92053 91993 92012 92031
92054 92136 92074 92094 92114
92137 92187 92149 92161 92173
92188 92328 92223 92258 92293
92329 92541 92382 92435 92488
92542 92623 92562 92582 92602
92624 92648 92630 92636 92642
92649 92723 92667 92685 92703
92724 92831 92750 92776 92802
92832 92876 92843 92854 92865
92877 93029 92915 92953 92991
93030 93089 93044 93058 93072
93090 93275 93136 93182 93228
93276 93435 93315 93354 93393
93436 93801 93527 93618 93709
93802 93992 93849 93896 93943
93993 94063 94010 94027 94044
94064 94371 94140 94216 94292
94372 94463 94394 94416 94438
94464 94670 94515 94566 94617
94671 94771 94696 94721 94746
94772 94967 94820 94868 94916
94968 95055 94989 95010 95031
95056 95133 95075 95094 95113
95134 95230 95158 95182 95206
95231 95563 95314 95397 95480
95564 95614 95576 95588 95600
95615 95733 95644 95673 95702
95734 95798 95750 95766 95782
95799 95879 95819 95839 95859
95880 95961 95900 95920 95940
95962 95998 95971 95980 95989
95999 96044 96010 96021 96032
96045 96158 96073 96101 96129
96159 96258 96183 96207 96231
96259 96298 96268 96277 96286
96299 96344 96310 96321 96332
96345 96372 96351 96357 96363
96373 96430 96387 96401 96415
96431 96541 96458 96485 96512
96542 96608 96558 96574 96590
96609 96714 96635 96661 96687
96715 96757 96725 96735 96745
96758 96824 96774 96790 96806
96825 96897 96843 96861 96879
96898 96985 96919 96940 96961
96986 97047 97001 97016 97031
97048 97099 97060 97072 97084
97100 97135 97108 97116 97124
97136 97191 97149 97162 97175
97192 97242 97204 97216 97228
97243 97305 97258 97273 97288
97306 97348 97316 97326 97336
97349 97392 97359 97369 97379
97393 97430 97402 97411 97420
97431 97466 97439 97447 97455
97467 97529 97482 97497 97512
97530 97581 97542 97554 97566
97582 97657 97600 97618 97636
97658 97768 97685 97712 97739
97769 97834 97785 97801 97817
97835 97913 97854 97873 97892
97914 97970 97928 97942 97956
97971 98064 97994 98017 98040
98065 98144 98084 98103 98122
98145 98185 98155 98165 98175
98186 98218 98194 98202 98210
98219 98245 98225 98231 98237
98246 98318 98264 98282 98300
98319 98356 98328 98337 98346
98357 98378 98362 98367 98372
98379 98410 98386 98393 98400
98411 98428 98415 98419 98423
98429 98461 98437 98445 98453
98462 98495 98470 98478 98486
98496 98524 98503 98510 98517
98525 98662 98559 98593 98627
98663 98717 98676 98689 98702
98718 98785 98734 98750 98766
98786 98823 98795 98804 98813
98824 98870 98835 98846 98857
98871 98952 98891 98911 98931
98953 99023 98970 98987 99004
99024 99107 99044 99064 99084
99108 99200 99131 99154 99177
99201 99292 99223 99245 99267
99293 99358 99309 99325 99341
99359 99437 99378 99397 99416
99438 99487 99450 99462 99474
99488 99561 99506 99524 99542
99562 99619 99576 99590 99604
99620 99725 99646 99672 99698
99726 99757 99733 99740 99747
99758 99780 99763 99768 99773
99781 99802 99786 99791 99796
99803 99828 99809 99815 99821
99829 99864 99837 99845 99853
99865 99886 99870 99875 99880
99887 99908 99892 99897 99902
99909 99946 99918 99927 99936
99947 99989 99957 99967 99977
99990 100035 100001 100012 100023
100036 100074 100045 100054 100063
100075 100304 100132 100189 100246
100305 100344 100314 100323 100332
100345 100408 100360 100375 100390
100409 100464 100422 100435 100448
100465 100559 100488 100511 100534
100560 100637 100579 100598 100617
100638 100713 100656 100674 100692
100714 100812 100738 100762 100786
100813 100883 100830 100847 100864
100884 100916 100892 100900 100908
100917 100957 100927 100937 100947
100958 101019 100973 100988 101003
101020 101078 101034 101048 101062
101079 101143 101095 101111 101127
101144 101167 101149 101154 101159
101168 101197 101175 101182 101189
101198 101268 101215 101232 101249
101269 101330 101284 101299 101314
101331 101379 101343 101355 101367
101380 101669 101452 101524 101596
101670 101714 101681 101692 101703
101715 101797 101735 101755 101775
101798 101868 101815 101832 101849
101869 101923 101882 101895 101908
101924 101985 101939 101954 101969
101986 102030 101997 102008 102019
102031 102072 102041 102051 102061
102073 102093 102078 102083 102088
102094 102111 102098 102102 102106
102112 102140 102119 102126 102133
102141 102171 102148 102155 102162
102172 102217 102183 102194 102205
102218 102280 102233 102248 102263
102281 102326 102292 102303 102314
102327 102434 102353 102379 102405
102435 102493 102449 102463 102477
102494 102554 102509 102524 102539
102555 102583 102562 102569 102576
102584 102619 102592 102600 102608
102620 102647 102626 102632 102638
102648 102939 102720 102792 102864
102940 102971 102947 102954 102961
102972 102997 102978 102984 102990
102998 103047 103010 103022 103034
103048 103110 103063 103078 103093
103111 103165 103124 103137 103150
103166 103270 103192 103218 103244
103271 103339 103288 103305 103322
103340 103419 103359 103378 103397
103420 103449 103427 103434 103441
103450 103469 103454 103458 103462
103470 103494 103476 103482 103488
103495 103528 103503 103511 103519
103529 103602 103547 103565 103583
103603 103750 103639 103675 103711
103751 103891 103786 103821 103856
103892 103947 103905 103918 103931
103948 103989 103958 103968 103978
103990 104051 104005 104020 104035
104052 104104 104065 104078 104091
104105 104134 104112 104119 104126
104135 104229 104158 104181 104204
104230 104266 104239 104248 104257
104267 104310 104277 104287 104297
104311 104353 104321 104331 104341
104354 104383 104361 104368 104375
104384 104440 104398 104412 104426
104441 104465 104447 104453 104459
104466 104518 104479 104492 104505
104519 104556 104528 104537 104546
104557 104605 104569 104581 104593
104606 104630 104612 104618 104624
104631 104738 104657 104683 104709
104739 104797 104753 104767 104781
104798 104995 104847 104896 104945
104996 105078 104996 104996 105057
105079 105189 105106 105133 105160
105190 105311 105220 105250 105280
105312 105387 105330 105348 105366
105388 105443 105401 105414 105427
105444 105548 105470 105496 105522
105549 105671 105579 105609 105639
105672 105752 105692 105712 105732
105753 105787 105761 105769 105777
105788 105943 105826 105864 105902
105944 106005 105959 105974 105989
106006 106093 106027 106048 106069
106094 106241 106130 106166 106202
106242 106348 106268 106294 106320
106349 106568 106403 106457 106511
106569 106706 106603 106637 106671
106707 106770 106722 106737 106752
106771 106830 106785 106799 106813
106831 107025 106879 106927 106975
107026 107071 107037 107048 107059
107072 107101 107079 107086 107093
107102 107164 107117 107132 107147
107165 107319 107203 107241 107279
107320 107375 107333 107346 107359
107376 107612 107435 107494 107553
107613 107683 107630 107647 107664
107684 107760 107703 107722 107741
107761 107789 107768 107775 107782
107790 107823 107798 107806 107814
107824 107861 107833 107842 107851
107862 107903 107872 107882 107892
107904 108006 107929 107954 107979
108007 108031 108013 108019 108025
108032 108076 108043 108054 108065
108077 108129 108090 108103 108116
108130 108157 108136 108142 108148
108158 108187 108165 108172 108179
108188 108227 108197 108206 108215
108228 108274 108239 108250 108261
108275 108313 108284 108293 108302
108314 108338 108320 108326 108332
108339 108421 108359 108379 108399
108422 108453 108429 108436 108443
108454 108478 108460 108466 108472
108479 108524 108490 108501 108512
108525 108566 108535 108545 108555
108567 108600 108575 108583 108591
108601 108628 108607 108613 108619
108629 108703 108647 108665 108683
108704 108743 108713 108722 108731
108744 108823 108763 108782 108801
108824 108851 108830 108836 108842
108852 108968 108881 108910 108939
108969 109005 108978 108987 108996
109006 109037 109013 109020 109027
109038 109155 109067 109096 109125
109156 109263 109182 109208 109234
109264 109360 109288 109312 109336
109361 109405 109372 109383 109394
109406 109465 109420 109434 109448
109466 109636 109508 109550 109592
109637 109677 109647 109657 109667
109678 109695 109682 109686 109690
109696 109772 109715 109734 109753
109773 109814 109783 109793 109803
109815 109991 109859 109903 109947
109992 110096 110018 110044 110070
110097 110198 110122 110147 110172
110199 110226 110205 110211 110217
110227 110245 110231 110235 110239
110246 110275 110253 110260 110267
110276 110305 110283 110290 110297
110306 110363 110320 110334 110348
110364 110502 110398 110432 110466
110503 110570 110519 110535 110551
110571 110684 110599 110627 110655
110685 110776 110707 110729 110751
110777 110884 110803 110829 110855
110885 110926 110895 110905 110915
110927 110984 110941 110955 110969
110985 111072 111006 111027 111048
111073 111478 111174 111275 111376
111479 111593 111507 111535 111563
111594 111683 111616 111638 111660
111684 111865 111729 111774 111819
111866 111907 111876 111886 111896
111908 111945 111917 111926 111935
111946 111998 111959 111972 111985
111999 112184 112045 112091 112137
112185 112270 112206 112227 112248
112271 112382 112298 112325 112352
112383 112420 112392 112401 112410
112421 112534 112449 112477 112505
112535 112578 112545 112555 112565
112579 112627 112591 112603 112615
112628 112829 112678 112728 112778
112830 112849 112834 112838 112842
112850 112867 112854 112858 112862
112868 112896 112875 112882 112889
112897 112952 112910 112923 112936
112953 113257 113029 113105 113181
113258 113427 113300 113342 113384
113428 113737 113505 113582 113659
113738 113959 113793 113848 113903
113960 114197 114019 114078 114137
114198 114342 114234 114270 114306
114343 114482 114377 114411 114445
114483 114604 114513 114543 114573
114605 114693 114627 114649 114671
114694 114767 114712 114730 114748
114768 114971 114818 114868 114918
114972 114993 114977 114982 114987
114994 115094 115019 115044 115069
115095 115132 115104 115113 115122
115133 115158 115139 115145 115151
115159 115261 115184 115209 115234
115262 116171 115489 115716 115943
116172 116271 116196 116220 116244
116272 116764 116395 116518 116641
116765 116887 116795 116825 116855
116888 117053 116929 116970 117011
117054 117103 117066 117078 117090
117104 117306 117154 117204 117254
117307 117484 117351 117395 117439
117485 117575 117507 117529 117551
117576 117646 117593 117610 117627
117647 117755 117674 117701 117728
117756 117815 117770 117784 117798
117816 117829 117819 117822 117825
117830 117870 117840 117850 117860
117871 117970 117895 117919 117943
117971 118010 117980 117989 117998
118011 118070 118025 118039 118053
118071 118229 118110 118149 118188
118230 118318 118252 118274 118296
118319 118487 118361 118403 118445
118488 118609 118518 118548 118578
118610 118744 118643 118676 118709
118745 118777 118753 118761 118769
118778 118851 118796 118814 118832
118852 118887 118860 118868 118876
118888 118905 118892 118896 118900
118906 118978 118924 118942 118960
118979 119467 119101 119223 119345
119468 119661 119516 119564 119612
119662 119766 119688 119714 119740
119767 119817 119779 119791 119803
119818 119885 119834 119850 119866
119886 119934 119898 119910 119922
119935 120150 119951 119967 120111
120151 120197 120162 120173 120184
120198 120339 120233 120268 120303
120340 120469 120372 120404 120436
120470 120500 120477 120484 120491
120501 120614 120529 120557 120585
120615 120663 120627 120639 120651
120664 120730 120680 120696 120712
120731 120763 120739 120747 120755
120764 120852 120786 120808 120830
120853 121092 120912 120971 121030
121093 121122 121100 121107 121114
121123 121169 121134 121145 121156
121170 121268 121194 121218 121242
121269 121324 121282 121295 121308
121325 121357 121333 121341 121349
121358 121401 121368 121378 121388
121402 121487 121423 121444 121465
121488 121576 121510 121532 121554
121577 121651 121595 121613 121631
121652 121703 121664 121676 121688
121704 121910 121755 121806 121857
121911 121958 121922 121933 121944
121959 122038 121978 121997 122016
122039 122093 122052 122065 122078
122094 122135 122104 122114 122124
122136 122208 122154 122172 122190
122209 122305 122233 122257 122281
122306 122361 122319 122332 122345
122362 122432 122379 122396 122413
122433 122598 122474 122515 122556
122599 122658 122613 122627 122641
122659 122708 122671 122683 122695
122709 122761 122722 122735 122748
122762 122897 122795 122828 122861
122898 122936 122907 122916 122925
122937 122965 122944 122951 122958
122966 123139 123009 123052 123095
123140 123197 123154 123168 123182
123198 123272 123216 123234 123252
123273 123306 123281 123289 123297
123307 123374 123323 123339 123355
123375 123457 123395 123415 123435
123458 123531 123476 123494 123512
123532 123634 123557 123582 123607
123635 123677 123645 123655 123665
123678 123730 123691 123704 123717
123731 123813 123751 123771 123791
123814 123907 123837 123860 123883
123908 123993 123929 123950 123971
123994 124066 124012 124030 124048
124067 124101 124075 124083 124091
124102 124165 124117 124132 124147
124166 124235 124183 124200 124217
124236 124280 124247 124258 124269
124281 124323 124291 124301 124311
124324 124376 124337 124350 124363
124377 124411 124385 124393 124401
124412 124498 124433 124454 124475
124499 124546 124510 124521 124532
124547 124690 124582 124617 124652
124691 124737 124702 124713 124724
124738 124782 124749 124760 124771
124783 124867 124804 124825 124846
124868 124940 124886 124904 124922
124941 124985 124952 124963 124974
124986 125134 125023 125060 125097
125135 125246 125162 125189 125216
125247 125327 125267 125287 125307
125328 125356 125335 125342 125349
125357 125389 125365 125373 125381
125390 125481 125412 125434 125456
125482 125517 125490 125498 125506
125518 125576 125532 125546 125560
125577 125626 125589 125601 125613
125627 125653 125633 125639 125645
125654 125724 125671 125688 125705
125725 125923 125774 125823 125872
125924 125989 125940 125956 125972
125990 126036 126001 126012 126023
126037 126077 126047 126057 126067
126078 126121 126088 126098 126108
126122 126172 126134 126146 126158
126173 126211 126182 126191 126200
126212 126275 126227 126242 126257
126276 126354 126295 126314 126333
126355 126382 126361 126367 126373
126383 126435 126396 126409 126422
126436 126548 126464 126492 126520
126549 126606 126563 126577 126591
126607 126666 126621 126635 126649
126667 126761 126690 126713 126736
126762 126813 126774 126786 126798
126814 126885 126831 126848 126865
126886 126924 126895 126904 126913
126925 127018 126948 126971 126994
127019 127064 127030 127041 127052
127065 127126 127080 127095 127110
127127 127186 127141 127155 127169
127187 127251 127203 127219 127235
127252 127316 127268 127284 127300
127317 127422 127343 127369 127395
127423 127453 127430 127437 127444
127454 127544 127476 127498 127520
127545 127679 127578 127611 127644
127680 127760 127700 127720 127740
127761 127809 127773 127785 127797
127810 127863 127823 127836 127849
127864 127933 127881 127898 127915
127934 127976 127944 127954 127964
127977 128005 127984 127991 127998
128006 128057 128018 128030 128042
128058 128117 128072 128086 128100
128118 128147 128125 128132 128139
128148 128219 128165 128182 128199
128220 128243 128225 128230 128235
128244 128282 128253 128262 128271
128283 128333 128295 128307 128319
128334 128377 128344 128354 128364
128378 128402 128384 128390 128396
128403 128446 128413 128423 128433
128447 128501 128460 128473 128486
128502 128524 128507 128512 128517
128525 128547 128530 128535 128540
128548 128569 128553 128558 128563
128570 128606 128579 128588 128597
128607 128699 128630 128653 128676
128700 128756 128714 128728 128742
128757 128800 128767 128777 128787
128801 128887 128822 128843 128864
128888 128927 128897 128906 128915
128928 128959 128935 128942 128949
128960 128995 128968 128976 128984
128996 129115 129025 129054 129083
129116 129160 129127 129138 129149
129161 129345 129207 129253 129299
129346 129415 129363 129380 129397
129416 129506 129438 129460 129482
129507 129606 129531 129555 129579
129607 129678 129624 129641 129658
129679 129706 129685 129691 129697
129707 129780 129725 129743 129761
129781 129807 129787 129793 129799
129808 129924 129837 129866 129895
129925 130030 129951 129977 130003
130031 130131 130056 130081 130106
130132 130274 130167 130202 130237
130275 130427 130313 130351 130389
130428 130483 130441 130454 130467
130484 130558 130502 130520 130538
130559 130615 130573 130587 130601
130616 130688 130634 130652 130670
130689 130729 130699 130709 130719
130730 130846 130759 130788 130817
130847 130913 130863 130879 130895
130914 130964 130926 130938 130950
130965 131058 130988 131011 131034
131059 131094 131067 131075 131083
131095 131167 131113 131131 131149
131168 131216 131180 131192 131204
131217 131296 131236 131255 131274
131297 131324 131303 131309 131315
131325 131362 131334 131343 131352
131363 131410 131374 131385 131396
131411 131491 131431 131451 131471
131492 131517 131498 131504 131510
131518 131590 131536 131554 131572
131591 131634 131601 131611 131621
131635 131670 131643 131651 131659
131671 131767 131695 131719 131743
131768 131800 131776 131784 131792
131801 131890 131823 131845 131867
131891 131945 131904 131917 131930
131946 132033 131967 131988 132009
132034 132134 132059 132084 132109
132135 132163 132142 132149 132156
132164 132302 132198 132232 132266
132303 132370 132319 132335 132351
132371 132427 132385 132399 132413
132428 132464 132437 132446 132455
132465 132516 132477 132489 132501
132517 132625 132544 132571 132598
132626 132677 132638 132650 132662
132678 132801 132708 132738 132768
132802 132863 132817 132832 132847
132864 132899 132872 132880 132888
132900 132998 132924 132948 132972
132999 133024 133005 133011 133017
133025 133088 133040 133055 133070
133089 133129 133099 133109 133119
133130 133163 133138 133146 133154
133164 133196 133172 133180 133188
133197 133353 133236 133275 133314
133354 133391 133363 133372 133381
133392 133479 133413 133434 133455
133480 133542 133495 133510 133525
133543 133657 133571 133599 133627
133658 133696 133667 133676 133685
133697 133725 133704 133711 133718
133726 133805 133745 133764 133783
133806 133857 133818 133830 133842
133858 133991 133891 133924 133957
133992 134041 134004 134016 134028
134042 134116 134060 134078 134096
134117 134152 134125 134133 134141
134153 134254 134178 134203 134228
134255 134300 134266 134277 134288
134301 134386 134322 134343 134364
134387 134454 134403 134419 134435
134455 134509 134468 134481 134494
134510 134553 134520 134530 134540
134554 134582 134561 134568 134575
134583 134616 134591 134599 134607
134617 134658 134627 134637 134647
134659 134690 134666 134673 134680
134691 134725 134699 134707 134715
134726 134805 134745 134764 134783
134806 134859 134819 134832 134845
134860 134959 134884 134908 134932
134960 135038 134969 134978 135027
135039 135138 135063 135087 135111
135139 135187 135151 135163 135175
135188 135311 135218 135248 135278
135312 135366 135325 135338 135351
135367 135408 135377 135387 135397
135409 135525 135438 135467 135496
135526 135635 135553 135580 135607
135636 135702 135652 135668 135684
135703 135785 135723 135743 135763
135786 135829 135796 135806 135816
135830 135870 135840 135850 135860
135871 135919 135883 135895 135907
135920 136036 135949 135978 136007
136037 136086 136049 136061 136073
136087 136162 136105 136123 136141
136163 136290 136194 136225 136256
136291 136356 136307 136323 136339
136357 136421 136373 136389 136405
136422 136500 136441 136460 136479
136501 136598 136525 136549 136573
136599 136617 136603 136607 136611
136618 136671 136631 136644 136657
136672 136689 136676 136680 136684
136690 136811 136720 136750 136780
136812 136888 136831 136850 136869
136889 136926 136898 136907 136916
136927 136962 136935 136943 136951
136963 136986 136968 136973 136978
136987 137028 136997 137007 137017
137029 137059 137036 137043 137050
137060 137097 137069 137078 137087
137098 137144 137109 137120 137131
137145 137203 137159 137173 137187
137204 137237 137212 137220 137228
137238 137273 137246 137254 137262
137274 137315 137284 137294 137304
137316 137386 137333 137350 137367
137387 137424 137396 137405 137414
137425 137486 137440 137455 137470
137487 137520 137495 137503 137511
137521 137548 137527 137533 137539
137549 137613 137565 137581 137597
137614 137655 137624 137634 137644
137656 137705 137668 137680 137692
137706 137756 137718 137730 137742
137757 137776 137761 137765 137769
137777 137796 137781 137785 137789
137797 137880 137817 137837 137857
137881 137937 137895 137909 137923
137938 137985 137949 137960 137971
137986 138045 138000 138014 138028
138046 138081 138054 138062 138070
138082 138125 138092 138102 138112
138126 138152 138132 138138 138144
138153 138179 138159 138165 138171
138180 138244 138196 138212 138228
138245 138357 138273 138301 138329
138358 138409 138370 138382 138394
138410 138449 138419 138428 138437
138450 138522 138468 138486 138504
138523 138598 138541 138559 138577
138599 138626 138605 138611 138617
138627 138708 138647 138667 138687
138709 138776 138725 138741 138757
138777 138842 138793 138809 138825
138843 138890 138854 138865 138876
138891 138907 138895 138899 138903
138908 138931 138913 138918 138923
138932 139048 138961 138990 139019
139049 139152 139074 139099 139124
139153 139188 139161 139169 139177
139189 139234 139200 139211 139222
139235 139267 139243 139251 139259
139268 139307 139277 139286 139295
139308 139339 139315 139322 139329
139340 139391 139352 139364 139376
139392 139433 139402 139412 139422
139434 139479 139445 139456 139467
139480 139521 139490 139500 139510
139522 139570 139534 139546 139558
139571 139613 139581 139591 139601
139614 139657 139624 139634 139644
139658 139715 139672 139686 139700
139716 139764 139728 139740 139752
139765 139795 139772 139779 139786
139796 139815 139800 139804 139808
139816 139850 139824 139832 139840
139851 139884 139859 139867 139875
139885 139905 139890 139895 139900
139906 139958 139919 139932 139945
139959 139987 139966 139973 139980
139988 140024 139997 140006 140015
140025 140098 140043 140061 140079
140099 140123 140105 140111 140117
140124 140157 140132 140140 140148
140158 140205 140169 140180 140191
140206 140240 140214 140222 140230
140241 140345 140267 140293 140319
140346 140409 140361 140376 140391
140410 140470 140425 140440 140455
140471 140520 140483 140495 140507
140521 140549 140528 140535 140542
140550 140586 140559 140568 140577
140587 140662 140605 140623 140641
140663 140713 140675 140687 140699
140714 140760 140725 140736 140747
140761 140805 140772 140783 140794
140806 140899 140829 140852 140875
140900 140941 140910 140920 140930
140942 141006 140958 140974 140990
141007 141062 141020 141033 141046
141063 141092 141070 141077 141084
141093 141153 141108 141123 141138
141154 141204 141166 141178 141190
141205 141282 141224 141243 141262
141283 141308 141289 141295 141301
141309 141331 141314 141319 141324
141332 141365 141340 141348 141356
141366 141453 141387 141408 141429
141454 141502 141466 141478 141490
141503 141548 141514 141525 141536
141549 141590 141559 141569 141579
141591 141639 141603 141615 141627
141640 141663 141645 141650 141655
141664 141698 141672 141680 141688
141699 141744 141710 141721 141732
141745 141771 141751 141757 141763
141772 141792 141777 141782 141787
141793 141816 141798 141803 141808
141817 141846 141824 141831 141838
141847 141896 141859 141871 141883
141897 141934 141906 141915 141924
141935 141979 141946 141957 141968
141980 142021 141990 142000 142010
142022 142044 142027 142032 142037
142045 142072 142051 142057 142063
142073 142110 142082 142091 142100
142111 142156 142122 142133 142144
142157 142197 142167 142177 142187
142198 142240 142208 142218 142228
142241 142281 142251 142261 142271
142282 142357 142300 142318 142336
142358 142436 142377 142396 142415
142437 142502 142453 142469 142485
142503 142568 142519 142535 142551
142569 142590 142574 142579 142584
142591 142630 142600 142609 142618
142631 142736 142657 142683 142709
142737 142821 142758 142779 142800
142822 142920 142846 142870 142894
142921 142942 142926 142931 142936
142943 142966 142948 142953 142958
142967 143025 142981 142995 143009
143026 143044 143030 143034 143038
143045 143067 143050 143055 143060
143068 143090 143073 143078 143083
143091 143124 143099 143107 143115
143125 143176 143137 143149 143161
143177 143210 143185 143193 143201
143211 143243 143219 143227 143235
143244 143276 143252 143260 143268
143277 143308 143284 143291 143298
143309 143343 143317 143325 143333
143344 143372 143351 143358 143365
143373 143424 143385 143397 143409
143425 143460 143433 143441 143449
143461 143500 143470 143479 143488
143501 143526 143507 143513 143519
143527 143577 143539 143551 143563
143578 143601 143583 143588 143593
143602 143630 143609 143616 143623
143631 143652 143636 143641 143646
143653 143745 143676 143699 143722
143746 143827 143766 143786 143806
143828 143879 143840 143852 143864
143880 143901 143885 143890 143895
143902 143931 143909 143916 143923
143932 143951 143936 143940 143944
143952 143990 143961 143970 143979
143991 144039 144003 144015 144027
144040 144107 144056 144072 144088
144108 144154 144119 144130 144141
144155 144180 144161 144167 144173
144181 144259 144200 144219 144238
144260 144308 144272 144284 144296
144309 144359 144321 144333 144345
144360 144396 144369 144378 144387
144397 144479 144417 144437 144457
144480 144557 144499 144518 144537
144558 144593 144566 144574 144582
144594 144614 144599 144604 144609
144615 144645 144622 144629 144636
144646 144698 144659 144672 144685
144699 144723 144705 144711 144717
144724 144758 144732 144740 144748
144759 144785 144765 144771 144777
144786 144852 144802 144818 144834
144853 144881 144860 144867 144874
144882 144918 144891 144900 144909
144919 144936 144923 144927 144931
144937 144977 144947 144957 144967
144978 145020 144988 144998 145008
145021 145050 145028 145035 145042
145051 145075 145057 145063 145069
145076 145136 145091 145106 145121
145137 145162 145143 145149 145155
145163 145218 145176 145189 145202
145219 145270 145231 145243 145255
145271 145325 145284 145297 145310
145326 145343 145330 145334 145338
145344 145363 145348 145352 145356
145364 145413 145376 145388 145400
145414 145463 145426 145438 145450
145464 145496 145472 145480 145488
145497 145537 145507 145517 145527
145538 145567 145545 145552 145559
145568 145612 145579 145590 145601
145613 145686 145631 145649 145667
145687 145729 145697 145707 145717
145730 145759 145737 145744 145751
145760 145792 145768 145776 145784
145793 145864 145810 145827 145844
145865 145928 145880 145895 145910
145929 145983 145942 145955 145968
145984 146021 145993 146002 146011
146022 146045 146027 146032 146037
146046 146098 146059 146072 146085
146099 146141 146109 146119 146129
146142 146165 146147 146152 146157
146166 146222 146180 146194 146208
146223 146271 146235 146247 146259
146272 146299 146278 146284 146290
146300 146346 146311 146322 146333
146347 146468 146377 146407 146437
146469 146519 146481 146493 146505
146520 146711 146567 146614 146661
146712 146745 146720 146728 146736
146746 146786 146756 146766 146776
146787 146818 146794 146801 146808
146819 146843 146825 146831 146837
146844 146902 146858 146872 146886
146903 146974 146920 146937 146954
146975 147003 146982 146989 146996
147004 147043 147013 147022 147031
147044 147074 147051 147058 147065
147075 147134 147089 147103 147117
147135 147178 147145 147155 147165
147179 147249 147196 147213 147230
147250 147291 147260 147270 147280
147292 147369 147311 147330 147349
147370 147557 147416 147462 147508
147558 147629 147575 147592 147609
147630 147689 147644 147658 147672
147690 147752 147705 147720 147735
147753 147888 147786 147819 147852
147889 147971 147909 147929 147949
147972 148061 147994 148016 148038
148062 148122 148077 148092 148107
148123 148163 148133 148143 148153
148164 148241 148183 148202 148221
148242 148329 148263 148284 148305
148330 148417 148351 148372 148393
148418 148541 148448 148478 148508
148542 148714 148585 148628 148671
148715 148832 148744 148773 148802
148833 148925 148856 148879 148902
148926 149009 148946 148966 148986
149010 149047 149019 149028 149037
149048 149105 149062 149076 149090
149106 149207 149131 149156 149181
149208 149276 149225 149242 149259
149277 149375 149301 149325 149349
149376 149481 149402 149428 149454
149482 149502 149487 149492 149497
149503 149552 149515 149527 149539
149553 149606 149566 149579 149592
149607 149645 149616 149625 149634
149646 149688 149656 149666 149676
149689 149725 149698 149707 149716
149726 149836 149753 149780 149807
149837 149941 149863 149889 149915
149942 150021 149956 149970 150015
150022 150109 150043 150064 150085
150110 150478 150202 150294 150386
150479 150526 150490 150501 150512
150527 150592 150543 150559 150575
150593 150633 150603 150613 150623
150634 150666 150642 150650 150658
150667 150710 150677 150687 150697
150711 150880 150753 150795 150837
150881 150987 150907 150933 150959
150988 151040 151001 151014 151027
151041 151191 151078 151115 151152
151192 151331 151226 151260 151294
151332 151396 151348 151364 151380
151397 151470 151415 151433 151451
151471 151515 151482 151493 151504
151516 151659 151551 151586 151621
151660 151726 151676 151692 151708
151727 152057 151809 151891 151973
152058 152125 152074 152090 152106
152126 152294 152168 152210 152252
152295 152363 152312 152329 152346
152364 152460 152388 152412 152436
152461 152683 152516 152571 152626
152684 152846 152724 152764 152804
152847 152909 152862 152877 152892
152910 152949 152919 152928 152937
152950 153225 153018 153086 153154
153226 153362 153260 153294 153328
153363 153546 153408 153453 153498
153547 153607 153562 153577 153592
153608 153645 153617 153626 153635
153646 153727 153666 153686 153706
153728 153764 153737 153746 153755
153765 153792 153771 153777 153783
153793 153854 153808 153823 153838
153855 153917 153870 153885 153900
153918 153996 153937 153956 153975
153997 154086 154019 154041 154063
154087 154124 154096 154105 154114
154125 154165 154135 154145 154155
154166 154194 154173 154180 154187
154195 154213 154199 154203 154207
154214 154247 154222 154230 154238
154248 154322 154266 154284 154302
154323 154359 154332 154341 154350
154360 154407 154371 154382 154393
154408 154489 154428 154448 154468
154490 154529 154499 154508 154517
154530 154594 154546 154562 154578
154595 154673 154614 154633 154652
154674 154755 154694 154714 154734
154756 154804 154768 154780 154792
154805 154937 154838 154871 154904
154938 155081 154973 155008 155043
155082 155134 155095 155108 155121
155135 155217 155155 155175 155195
155218 155290 155236 155254 155272
155291 155375 155312 155333 155354
155376 155524 155413 155450 155487
155525 155741 155579 155633 155687
155742 155852 155769 155796 155823
155853 155890 155862 155871 155880
155891 155922 155898 155905 155912
155923 155991 155940 155957 155974
155992 156167 156035 156078 156121
156168 156223 156181 156194 156207
156224 156401 156268 156312 156356
156402 156559 156441 156480 156519
156560 156594 156568 156576 156584
156595 156622 156601 156607 156613
156623 156690 156639 156655 156671
156691 156766 156709 156727 156745
156767 156916 156804 156841 156878
156917 157044 156948 156979 157010
157045 157173 157077 157109 157141
157174 157244 157191 157208 157225
157245 157460 157298 157351 157404
157461 157615 157499 157537 157575
157616 157805 157663 157710 157757
157806 157874 157823 157840 157857
157875 157979 157901 157927 157953
157980 161839 158944 159908 160872
161840 162561 162020 162200 162380
162562 172874 163171 163780 170904
172875 172968 172898 172921 172944
172969 173101 173002 173035 173068
173102 173159 173116 173130 173144
