0 1132 283 566 849
1133 1452 1212 1291 1370
1453 1502 1465 1477 1489
1503 1571 1520 1537 1554
1572 2719 1858 2144 2430
2720 3227 2846 2972 3098
3228 3282 3241 3254 3267
3283 3425 3318 3353 3388
3426 3534 3453 3480 3507
3535 3606 3552 3569 3586
3607 3797 3654 3701 3748
3798 3948 3835 3872 3909
3949 4087 3983 4017 4051
4088 4130 4098 4108 4118
4131 4520 4228 4325 4422
4521 5118 4670 4819 4968
5119 5199 5139 5159 5179
5200 5402 5250 5300 5350
5403 5868 5519 5635 5751
5869 6181 5947 6025 6103
6182 6259 6201 6220 6239
6260 6390 6292 6324 6356
6391 6416 6397 6403 6409
6417 6482 6433 6449 6465
6483 6510 6489 6495 6501
6511 6589 6530 6549 6568
6590 6635 6601 6612 6623
6636 6690 6649 6662 6675
6691 7114 6796 6901 7006
7115 7174 7129 7143 7157
7175 7369 7223 7271 7319
7370 7562 7418 7466 7514
7563 7845 7633 7703 7773
7846 7927 7866 7886 7906
7928 8064 7962 7996 8030
8065 8483 8169 8273 8377
8484 8502 8488 8492 8496
8503 8588 8524 8545 8566
8589 8842 8652 8715 8778
8843 8924 8863 8883 8903
8925 8959 8933 8941 8949
8960 9188 9017 9074 9131
9189 9269 9209 9229 9249
9270 9300 9277 9284 9291
9301 9659 9390 9479 9568
9660 10273 9813 9966 10119
10274 10342 10291 10308 10325
10343 10467 10374 10405 10436
10468 10651 10513 10558 10603
10652 10843 10699 10746 10793
10844 11082 10903 10962 11021
11083 12647 11474 11865 12256
12648 12664 12652 12656 12660
12665 13679 12918 13171 13424
13680 13837 13719 13758 13797
13838 13915 13857 13876 13895
13916 13993 13935 13954 13973
13994 14071 14013 14032 14051
14072 14150 14091 14110 14129
14151 14206 14164 14177 14190
14207 14303 14231 14255 14279
14304 14373 14321 14338 14355
14374 14488 14402 14430 14458
14489 14549 14504 14519 14534
14550 14614 14566 14582 14598
14615 14706 14637 14659 14681
14707 14770 14722 14737 14752
14771 14855 14792 14813 14834
14856 14879 14861 14866 14871
14880 14937 14894 14908 14922
14938 14979 14948 14958 14968
14980 15082 14984 14988 15060
15083 15144 15098 15113 15128
15145 15211 15161 15177 15193
15212 15229 15216 15220 15224
15230 15255 15236 15242 15248
15256 15301 15267 15278 15289
15302 15370 15319 15336 15353
15371 15403 15379 15387 15395
15404 15473 15421 15438 15455
15474 15573 15498 15522 15546
15574 15642 15591 15608 15625
15643 15697 15656 15669 15682
15698 15731 15706 15714 15722
15732 15884 15770 15808 15846
15885 15991 15911 15937 15963
15992 16052 16007 16022 16037
16053 16084 16060 16067 16074
16085 16247 16125 16165 16205
16248 16313 16264 16280 16296
16314 16361 16325 16336 16347
16362 16386 16368 16374 16380
16387 16471 16408 16429 16450
16472 16552 16492 16512 16532
16553 16660 16579 16605 16631
16661 16785 16692 16723 16754
16786 16919 16819 16852 16885
16920 16988 16937 16954 16971
16989 17049 17004 17019 17034
17050 17083 17058 17066 17074
17084 17206 17114 17144 17174
17207 17275 17224 17241 17258
17276 17300 17282 17288 17294
17301 17455 17339 17377 17415
17456 17550 17479 17502 17525
17551 17602 17563 17575 17587
17603 17707 17629 17655 17681
17708 17786 17727 17746 17765
17787 17880 17810 17833 17856
17881 17981 17906 17931 17956
17982 18061 18001 18020 18039
18062 18124 18077 18092 18107
18125 18188 18140 18155 18170
18189 18255 18205 18221 18237
18256 18410 18294 18332 18370
18411 18521 18438 18465 18492
18522 18597 18540 18558 18576
18598 18671 18616 18634 18652
18672 18791 18701 18730 18759
18792 18852 18807 18822 18837
18853 19029 18897 18941 18985
19030 19050 19035 19040 19045
19051 19095 19062 19073 19084
19096 19142 19107 19118 19129
19143 19356 19196 19249 19302
19357 19408 19369 19381 19393
19409 19527 19438 19467 19496
19528 19554 19534 19540 19546
19555 19619 19571 19587 19603
19620 19636 19624 19628 19632
19637 19672 19645 19653 19661
19673 19729 19687 19701 19715
19730 19807 19749 19768 19787
19808 19890 19828 19848 19868
19891 20014 19921 19951 19981
20015 20164 20052 20089 20126
20165 20387 20220 20275 20330
20388 20572 20434 20480 20526
20573 20639 20589 20605 20621
20640 20742 20665 20690 20715
20743 20960 20797 20851 20905
20961 21051 20983 21005 21027
21052 21241 21099 21146 21193
21242 21274 21250 21258 21266
21275 21324 21287 21299 21311
21325 21518 21373 21421 21469
21519 21573 21532 21545 21558
21574 21653 21593 21612 21631
21654 21742 21676 21698 21720
21743 21848 21769 21795 21821
21849 21941 21872 21895 21918
21942 22135 21990 22038 22086
22136 22439 22211 22286 22361
22440 22553 22468 22496 22524
22554 22705 22591 22628 22665
22706 22801 22729 22752 22775
22802 22869 22818 22834 22850
22870 22950 22890 22910 22930
22951 23123 22994 23037 23080
23124 23240 23153 23182 23211
23241 23381 23276 23311 23346
23382 23450 23399 23416 23433
23451 23501 23463 23475 23487
23502 23556 23515 23528 23541
23557 23821 23623 23689 23755
23822 23867 23833 23844 23855
23868 24009 23903 23938 23973
24010 24075 24026 24042 24058
24076 24228 24114 24152 24190
24229 24333 24255 24281 24307
24334 24366 24342 24350 24358
24367 24404 24376 24385 24394
24405 24463 24419 24433 24447
24464 24672 24516 24568 24620
24673 24832 24712 24751 24790
24833 25068 24891 24949 25007
25069 25184 25097 25125 25153
25185 25990 25386 25587 25788
25991 26110 26020 26049 26078
26111 26277 26152 26193 26234
26278 26400 26308 26338 26368
26401 26528 26432 26463 26494
26529 26576 26540 26551 26562
26577 26703 26608 26639 26670
26704 26897 26752 26800 26848
26898 27123 26954 27010 27066
27124 27166 27134 27144 27154
27167 27323 27206 27245 27284
27324 27428 27350 27376 27402
27429 27480 27441 27453 27465
27481 27642 27521 27561 27601
27643 27904 27708 27773 27838
27905 28104 27954 28003 28052
28105 28221 28134 28163 28192
28222 28279 28236 28250 28264
28280 28326 28291 28302 28313
28327 28358 28334 28341 28348
28359 28403 28370 28381 28392
28404 28474 28421 28438 28455
28475 28539 28491 28507 28523
28540 28598 28554 28568 28582
28599 28651 28612 28625 28638
28652 28745 28675 28698 28721
28746 28808 28761 28776 28791
28809 28966 28848 28887 28926
28967 29173 29018 29069 29120
29174 29251 29193 29212 29231
29252 29394 29287 29322 29357
29395 29525 29427 29459 29491
29526 29584 29540 29554 29568
29585 29689 29611 29637 29663
29690 29871 29735 29780 29825
29872 29924 29885 29898 29911
29925 30022 29943 29961 30015
30023 30084 30038 30053 30068
30085 30164 30104 30123 30142
30165 30239 30183 30201 30219
30240 30300 30255 30270 30285
30301 30538 30360 30419 30478
30539 30847 30616 30693 30770
30848 30884 30857 30866 30875
30885 31031 30921 30957 30993
31032 31226 31080 31128 31176
31227 31289 31242 31257 31272
31290 31405 31318 31346 31374
31406 31455 31418 31430 31442
31456 31607 31493 31530 31567
31608 31852 31669 31730 31791
31853 31876 31858 31863 31868
31877 31901 31883 31889 31895
31902 31919 31906 31910 31914
31920 31936 31924 31928 31932
31937 32000 31952 31967 31982
32001 32056 32014 32027 32040
32057 32200 32092 32127 32162
32201 32305 32227 32253 32279
32306 32508 32356 32406 32456
32509 32599 32531 32553 32575
32600 32782 32645 32690 32735
32783 32920 32817 32851 32885
32921 32967 32932 32943 32954
32968 33225 33032 33096 33160
33226 33340 33254 33282 33310
33341 33535 33389 33437 33485
33536 33577 33546 33556 33566
33578 33724 33614 33650 33686
33725 33867 33760 33795 33830
33868 34059 33915 33962 34009
34060 34179 34089 34118 34147
34180 34314 34213 34246 34279
34315 34356 34325 34335 34345
34357 34436 34376 34395 34414
34437 34515 34456 34475 34494
34516 34567 34528 34540 34552
34568 34601 34576 34584 34592
34602 34741 34636 34670 34704
34742 34878 34776 34810 34844
34879 34932 34892 34905 34918
34933 35032 34957 34981 35005
35033 35109 35052 35071 35090
35110 35327 35164 35218 35272
35328 35702 35421 35514 35607
35703 35754 35715 35727 35739
35755 35821 35771 35787 35803
35822 35883 35837 35852 35867
35884 35957 35902 35920 35938
35958 36041 35978 35998 36018
36042 36588 36178 36314 36450
36589 36900 36666 36743 36820
36901 37168 36967 37033 37099
37169 37386 37223 37277 37331
37387 37522 37420 37453 37486
37523 37706 37568 37613 37658
37707 37815 37734 37761 37788
37816 37884 37833 37850 37867
37885 37966 37905 37925 37945
37967 38018 37979 37991 38003
38019 38089 38036 38053 38070
38090 38672 38235 38380 38525
38673 38725 38686 38699 38712
38726 38829 38751 38776 38801
38830 38967 38864 38898 38932
38968 39146 39012 39056 39100
39147 39204 39161 39175 39189
39205 39265 39220 39235 39250
39266 39407 39301 39336 39371
39408 39516 39435 39462 39489
39517 39572 39530 39543 39556
39573 39889 39652 39731 39810
39890 39933 39900 39910 39920
39934 40030 39958 39982 40006
40031 40164 40064 40097 40130
40165 40287 40195 40225 40255
40288 40373 40309 40330 40351
40374 40447 40392 40410 40428
40448 40569 40478 40508 40538
40570 40635 40586 40602 40618
40636 40670 40644 40652 40660
40671 40846 40714 40757 40800
40847 40884 40856 40865 40874
40885 40904 40889 40893 40897
40905 41111 40956 41007 41058
41112 41187 41130 41148 41166
41188 41243 41201 41214 41227
41244 41296 41257 41270 41283
41297 41393 41321 41345 41369
41394 41587 41442 41490 41538
41588 41679 41610 41632 41654
41680 41876 41729 41778 41827
41877 42115 41936 41995 42054
42116 42278 42156 42196 42236
42279 42346 42295 42311 42327
42347 42695 42434 42521 42608
42696 42779 42716 42736 42756
42780 42865 42801 42822 42843
42866 42990 42897 42928 42959
42991 43075 43012 43033 43054
43076 43481 43177 43278 43379
43482 43811 43564 43646 43728
43812 43899 43833 43854 43875
43900 44087 43946 43992 44038
44088 44327 44147 44206 44265
44328 44414 44349 44370 44391
44415 44468 44428 44441 44454
44469 44946 44588 44707 44826
44947 45294 44960 44973 45219
45295 45373 45314 45333 45352
45374 45489 45402 45430 45458
45490 45739 45552 45614 45676
45740 45937 45789 45838 45887
45938 45992 45951 45964 45977
45993 46305 46071 46149 46227
46306 46427 46336 46366 46396
46428 46575 46464 46500 46536
46576 46646 46593 46610 46627
46647 46714 46663 46679 46695
46715 46758 46725 46735 46745
46759 46937 46803 46847 46891
46938 46999 46953 46968 46983
47000 47162 47040 47080 47120
47163 47201 47172 47181 47190
47202 47243 47212 47222 47232
47244 47302 47258 47272 47286
47303 47326 47308 47313 47318
47327 47354 47333 47339 47345
47355 47377 47360 47365 47370
47378 47443 47394 47410 47426
47444 47490 47455 47466 47477
47491 47621 47523 47555 47587
47622 47789 47663 47704 47745
47790 47855 47806 47822 47838
47856 48116 47921 47986 48051
48117 48161 48128 48139 48150
48162 48464 48237 48312 48387
48465 48523 48479 48493 48507
48524 48612 48546 48568 48590
48613 48728 48641 48669 48697
48729 49016 48800 48871 48942
49017 49155 49051 49085 49119
49156 49236 49176 49196 49216
49237 49385 49274 49311 49348
49386 49431 49397 49408 49419
49432 49590 49471 49510 49549
49591 49700 49618 49645 49672
49701 49816 49729 49757 49785
49817 50043 49873 49929 49985
50044 50076 50052 50060 50068
50077 50162 50098 50119 50140
50163 50228 50179 50195 50211
50229 50341 50257 50285 50313
50342 50533 50389 50436 50483
50534 50634 50559 50584 50609
50635 50923 50707 50779 50851
50924 51016 50947 50970 50993
51017 51098 51037 51057 51077
51099 51179 51119 51139 51159
51180 51253 51198 51216 51234
51254 51542 51326 51398 51470
51543 51628 51564 51585 51606
51629 51713 51650 51671 51692
51714 51852 51748 51782 51816
51853 51921 51870 51887 51904
51922 52020 51946 51970 51994
52021 52120 52045 52069 52093
52121 52187 52137 52153 52169
52188 52216 52195 52202 52209
52217 52308 52239 52261 52283
52309 52374 52325 52341 52357
52375 52456 52395 52415 52435
52457 52486 52464 52471 52478
52487 52563 52506 52525 52544
52564 52823 52628 52692 52756
52824 52855 52831 52838 52845
52856 52884 52863 52870 52877
52885 52926 52895 52905 52915
52927 53003 52946 52965 52984
53004 53128 53035 53066 53097
53129 53223 53152 53175 53198
53224 53362 53258 53292 53326
53363 53446 53383 53403 53423
53447 53579 53480 53513 53546
53580 53698 53609 53638 53667
53699 53832 53732 53765 53798
53833 53927 53856 53879 53902
53928 54174 53989 54050 54111
54175 54257 54195 54215 54235
54258 54311 54271 54284 54297
54312 54347 54320 54328 54336
54348 54593 54409 54470 54531
54594 54627 54602 54610 54618
54628 54825 54677 54726 54775
54826 54875 54838 54850 54862
54876 54962 54897 54918 54939
54963 54999 54972 54981 54990
55000 55056 55014 55028 55042
55057 55146 55079 55101 55123
55147 55184 55156 55165 55174
55185 55312 55216 55247 55278
55313 55351 55322 55331 55340
55352 55473 55382 55412 55442
55474 55645 55516 55558 55600
55646 55778 55679 55712 55745
55779 55877 55803 55827 55851
55878 55958 55898 55918 55938
55959 56007 55971 55983 55995
56008 56058 56020 56032 56044
56059 56273 56112 56165 56218
56274 56395 56304 56334 56364
56396 56513 56425 56454 56483
56514 56554 56524 56534 56544
56555 56721 56596 56637 56678
56722 56851 56754 56786 56818
56852 56915 56867 56882 56897
56916 56988 56934 56952 56970
56989 57087 57013 57037 57061
57088 57217 57120 57152 57184
57218 57243 57224 57230 57236
57244 57339 57267 57290 57313
57340 57405 57356 57372 57388
57406 57458 57419 57432 57445
57459 57517 57473 57487 57501
57518 57564 57529 57540 57551
57565 57607 57575 57585 57595
57608 57649 57618 57628 57638
57650 57808 57689 57728 57767
57809 57870 57824 57839 57854
57871 58076 57922 57973 58024
58077 58152 58095 58113 58131
58153 58362 58205 58257 58309
58363 58470 58389 58415 58441
58471 58754 58541 58611 58681
58755 58804 58767 58779 58791
58805 58923 58834 58863 58892
58924 59001 58943 58962 58981
59002 59115 59030 59058 59086
59116 59160 59127 59138 59149
59161 59192 59168 59175 59182
59193 59223 59200 59207 59214
59224 59314 59246 59268 59290
59315 59408 59338 59361 59384
59409 59669 59474 59539 59604
59670 59787 59699 59728 59757
59788 59970 59833 59878 59923
59971 60069 59978 59985 60051
60070 60284 60123 60176 60229
60285 60362 60304 60323 60342
60363 60437 60381 60399 60417
60438 60618 60483 60528 60573
60619 60801 60664 60709 60754
60802 60907 60828 60854 60880
60908 61036 60940 60972 61004
61037 61425 61134 61231 61328
61426 61616 61473 61520 61567
61617 61713 61641 61665 61689
61714 61887 61757 61800 61843
61888 62054 61929 61970 62011
62055 62349 62128 62201 62274
62350 62406 62364 62378 62392
62407 62835 62514 62621 62728
62836 62929 62859 62882 62905
62930 63026 62954 62978 63002
63027 63510 63147 63267 63387
63511 63584 63529 63547 63565
63585 63786 63635 63685 63735
63787 63912 63818 63849 63880
63913 64005 63936 63959 63982
64006 64139 64039 64072 64105
64140 64251 64167 64194 64221
64252 64396 64288 64324 64360
64397 64530 64430 64463 64496
64531 64648 64560 64589 64618
64649 64706 64663 64677 64691
64707 64740 64715 64723 64731
64741 64897 64780 64819 64858
64898 65160 64963 65028 65093
65161 65236 65179 65197 65215
65237 65527 65309 65381 65453
65528 65582 65541 65554 65567
65583 65794 65635 65687 65739
65795 65951 65834 65873 65912
65952 66075 65982 66012 66042
66076 66106 66083 66090 66097
66107 66192 66128 66149 66170
66193 66261 66210 66227 66244
66262 66325 66277 66292 66307
66326 66527 66376 66426 66476
66528 66565 66537 66546 66555
66566 66647 66586 66606 66626
66648 66670 66653 66658 66663
66671 66860 66718 66765 66812
66861 66927 66877 66893 66909
66928 67228 67003 67078 67153
67229 67328 67253 67277 67301
67329 67430 67354 67379 67404
67431 67478 67442 67453 67464
67479 67542 67494 67509 67524
67543 67644 67568 67593 67618
67645 67813 67687 67729 67771
67814 67909 67837 67860 67883
67910 67978 67927 67944 67961
67979 68064 68000 68021 68042
68065 68130 68081 68097 68113
68131 68287 68170 68209 68248
68288 68608 68368 68448 68528
68609 68699 68631 68653 68675
68700 68749 68712 68724 68736
68750 68780 68757 68764 68771
68781 68897 68810 68839 68868
68898 69123 68954 69010 69066
69124 69200 69143 69162 69181
69201 69245 69212 69223 69234
69246 69386 69281 69316 69351
69387 69514 69418 69449 69480
69515 69627 69543 69571 69599
69628 69695 69644 69660 69676
69696 69831 69729 69762 69795
69832 69880 69844 69856 69868
69881 69954 69899 69917 69935
69955 70037 69975 69995 70015
70038 70123 70059 70080 70101
70124 70324 70174 70224 70274
70325 70425 70350 70375 70400
70426 70461 70434 70442 70450
70462 70515 70475 70488 70501
70516 70565 70528 70540 70552
70566 70664 70590 70614 70638
70665 70746 70685 70705 70725
70747 71026 70816 70885 70954
71027 71100 71045 71063 71081
71101 71172 71118 71135 71152
71173 71364 71220 71267 71314
71365 71425 71380 71395 71410
71426 71679 71489 71552 71615
71680 71899 71734 71788 71842
71900 72124 71956 72012 72068
72125 72163 72134 72143 72152
72164 72738 72307 72450 72593
72739 72864 72770 72801 72832
72865 73435 73007 73149 73291
73436 73626 73483 73530 73577
73627 73718 73649 73671 73693
73719 73805 73740 73761 73782
73806 73897 73828 73850 73872
73898 73965 73914 73930 73946
73966 74022 73980 73994 74008
74023 74089 74039 74055 74071
74090 74148 74104 74118 74132
74149 74285 74183 74217 74251
74286 74357 74303 74320 74337
74358 74435 74377 74396 74415
74436 74509 74454 74472 74490
74510 74587 74529 74548 74567
74588 74624 74597 74606 74615
74625 74696 74642 74659 74676
74697 74723 74703 74709 74715
74724 74791 74740 74756 74772
74792 74817 74798 74804 74810
74818 74875 74832 74846 74860
74876 74897 74881 74886 74891
74898 74945 74909 74920 74931
74946 74975 74953 74960 74967
74976 75013 74981 74986 75009
75014 75061 75025 75036 75047
75062 75112 75074 75086 75098
75113 75137 75119 75125 75131
75138 75162 75144 75150 75156
75163 75187 75169 75175 75181
75188 75213 75194 75200 75206
75214 75279 75230 75246 75262
75280 75317 75289 75298 75307
75318 75400 75338 75358 75378
75401 75451 75413 75425 75437
75452 77844 76050 76648 77246
77845 77902 77859 77873 77887
77903 78196 77976 78049 78122
78197 78222 78203 78209 78215
78223 78467 78284 78345 78406
78468 78511 78478 78488 78498
78512 79087 78655 78798 78941
79088 79440 79176 79264 79352
79441 79482 79451 79461 79471
79483 79520 79492 79501 79510
79521 79599 79540 79559 79578
79600 79628 79607 79614 79621
79629 79726 79653 79677 79701
79727 79747 79732 79737 79742
79748 79808 79763 79778 79793
79809 79992 79854 79899 79944
79993 80345 80081 80169 80257
80346 80426 80366 80386 80406
80427 80507 80447 80467 80487
80508 80837 80590 80672 80754
80838 80981 80873 80908 80943
80982 81275 81055 81128 81201
81276 81407 81308 81340 81372
81408 81906 81532 81656 81780
81907 81976 81924 81941 81958
81977 82159 82022 82067 82112
82160 82219 82174 82188 82202
82220 82306 82241 82262 82283
82307 82362 82320 82333 82346
82363 82474 82390 82417 82444
82475 82664 82522 82569 82616
82665 82753 82687 82709 82731
82754 82806 82767 82780 82793
82807 82882 82825 82843 82861
82883 82940 82897 82911 82925
82941 83002 82956 82971 82986
83003 83049 83014 83025 83036
83050 83110 83065 83080 83095
83111 83138 83117 83123 83129
83139 83195 83153 83167 83181
83196 83239 83206 83216 83226
83240 83345 83266 83292 83318
83346 83382 83355 83364 83373
83383 83423 83393 83403 83413
83424 83497 83442 83460 83478
83498 83553 83511 83524 83537
83554 83676 83584 83614 83644
83677 83783 83703 83729 83755
83784 83848 83800 83816 83832
83849 83917 83866 83883 83900
83918 83962 83929 83940 83951
83963 84005 83973 83983 83993
84006 84214 84058 84110 84162
84215 84308 84238 84261 84284
84309 84374 84325 84341 84357
84375 84408 84383 84391 84399
84409 84527 84438 84467 84496
84528 84600 84546 84564 84582
84601 84660 84615 84629 84643
84661 84718 84675 84689 84703
84719 84774 84732 84745 84758
84775 84843 84792 84809 84826
84844 84881 84853 84862 84871
84882 84908 84888 84894 84900
84909 84968 84923 84937 84951
84969 85172 85019 85069 85119
85173 85239 85189 85205 85221
85240 85368 85272 85304 85336
85369 85463 85392 85415 85438
85464 85519 85477 85490 85503
85520 85582 85535 85550 85565
85583 85657 85601 85619 85637
85658 85717 85672 85686 85700
85718 85746 85725 85732 85739
85747 85862 85775 85803 85831
85863 86016 85901 85939 85977
86017 86083 86033 86049 86065
86084 86215 86116 86148 86180
86216 86255 86225 86234 86243
86256 86324 86273 86290 86307
86325 86478 86363 86401 86439
86479 86513 86487 86495 86503
86514 86669 86552 86590 86628
86670 86708 86679 86688 86697
86709 86830 86739 86769 86799
86831 86903 86849 86867 86885
86904 86966 86919 86934 86949
86967 87077 86994 87021 87048
87078 87144 87094 87110 87126
87145 87222 87164 87183 87202
87223 87258 87231 87239 87247
87259 87368 87286 87313 87340
87369 87416 87380 87391 87402
87417 87492 87435 87453 87471
87493 87572 87512 87531 87550
87573 87733 87613 87653 87693
87734 87769 87742 87750 87758
87770 88084 87848 87926 88004
88085 88171 88106 88127 88148
88172 88212 88182 88192 88202
88213 88299 88234 88255 88276
88300 88357 88314 88328 88342
88358 88412 88371 88384 88397
88413 88446 88421 88429 88437
88447 88507 88462 88477 88492
88508 88546 88517 88526 88535
88547 88657 88574 88601 88628
88658 88705 88669 88680 88691
88706 88852 88742 88778 88814
88853 88910 88867 88881 88895
88911 88981 88928 88945 88962
88982 89064 89002 89022 89042
89065 89124 89079 89093 89107
89125 89185 89140 89155 89170
89186 89224 89195 89204 89213
89225 89295 89242 89259 89276
89296 89391 89319 89342 89365
89392 89451 89406 89420 89434
89452 89472 89457 89462 89467
89473 89504 89480 89487 89494
89505 89522 89509 89513 89517
89523 89557 89531 89539 89547
89558 89575 89562 89566 89570
89576 89635 89590 89604 89618
89636 89668 89644 89652 89660
89669 89706 89678 89687 89696
89707 89754 89718 89729 89740
89755 89814 89769 89783 89797
89815 90052 89861 89907 90039
90053 90156 90078 90103 90128
90157 90343 90203 90249 90295
90344 90493 90381 90418 90455
90494 90550 90508 90522 90536
90551 90757 90602 90653 90704
90758 90868 90785 90812 90839
90869 90951 90889 90909 90929
90952 91115 90992 91032 91072
91116 91569 91229 91342 91455
91570 91654 91591 91612 91633
91655 91782 91686 91717 91748
91783 91838 91796 91809 91822
91839 91948 91866 91893 91920
91949 92040 91971 91993 92015
92041 92432 92138 92235 92332
92433 92516 92453 92473 92493
92517 92793 92586 92655 92724
92794 92920 92825 92856 92887
92921 93098 92965 93009 93053
93099 93229 93131 93163 93195
93230 93370 93265 93300 93335
93371 93445 93389 93407 93425
93446 93468 93451 93456 93461
93469 93599 93501 93533 93565
93600 93682 93620 93640 93660
93683 93855 93726 93769 93812
93856 94004 93893 93930 93967
94005 94073 94022 94039 94056
94074 94165 94096 94118 94140
94166 94204 94175 94184 94193
94205 94314 94232 94259 94286
94315 94398 94335 94355 94375
94399 94464 94415 94431 94447
94465 94528 94480 94495 94510
94529 94579 94541 94553 94565
94580 94633 94593 94606 94619
94634 94710 94653 94672 94691
94711 94840 94743 94775 94807
94841 94930 94863 94885 94907
94931 94992 94946 94961 94976
94993 95188 95041 95089 95137
95189 95225 95198 95207 95216
95226 95337 95253 95280 95307
95338 95414 95357 95376 95395
95415 95464 95427 95439 95451
95465 95645 95510 95555 95600
95646 95682 95655 95664 95673
95683 95754 95700 95717 95734
95755 95873 95784 95813 95842
95874 95910 95883 95892 95901
95911 95969 95925 95939 95953
95970 96121 96007 96044 96081
96122 96343 96177 96232 96287
96344 96465 96374 96404 96434
96466 96534 96483 96500 96517
96535 96646 96562 96589 96616
96647 96964 96726 96805 96884
96965 97007 96975 96985 96995
97008 97131 97038 97068 97098
97132 97217 97153 97174 97195
97218 97273 97231 97244 97257
97274 97413 97308 97342 97376
97414 97446 97422 97430 97438
97447 97486 97456 97465 97474
97487 97560 97505 97523 97541
97561 97781 97616 97671 97726
97782 98249 97898 98014 98130
98250 98319 98267 98284 98301
98320 98364 98331 98342 98353
98365 98454 98387 98409 98431
98455 98619 98496 98537 98578
98620 98701 98640 98660 98680
98702 98796 98725 98748 98771
98797 98844 98808 98819 98830
98845 98920 98863 98881 98899
98921 99023 98946 98971 98996
99024 99538 99152 99280 99408
99539 100422 99759 99979 100199
100423 100588 100464 100505 100546
100589 100632 100599 100609 100619
100633 100667 100641 100649 100657
100668 100738 100685 100702 100719
100739 100784 100750 100761 100772
100785 100852 100801 100817 100833
100853 100965 100881 100909 100937
100966 101131 101007 101048 101089
101132 101351 101186 101240 101294
101352 101513 101392 101432 101472
101514 101599 101535 101556 101577
101600 101780 101645 101690 101735
101781 101827 101792 101803 101814
101828 101889 101843 101858 101873
101890 102017 101921 101952 101983
102018 102059 102028 102038 102048
102060 102233 102103 102146 102189
102234 102438 102285 102336 102387
102439 102578 102473 102507 102541
102579 102680 102604 102629 102654
102681 102800 102710 102739 102768
102801 102939 102835 102869 102903
102940 102974 102948 102956 102964
102975 103014 102984 102993 103002
103015 103073 103029 103043 103057
103074 103146 103092 103110 103128
103147 103333 103193 103239 103285
103334 103363 103341 103348 103355
103364 103437 103382 103400 103418
103438 103498 103453 103468 103483
103499 103630 103531 103563 103595
103631 103737 103657 103683 103709
103738 103851 103766 103794 103822
103852 104131 103921 103990 104059
104132 104386 104195 104258 104321
104387 104449 104402 104417 104432
104450 104555 104476 104502 104528
104556 104599 104566 104576 104586
104600 104630 104607 104614 104621
104631 104896 104697 104763 104829
104897 105173 104922 104947 105129
105174 105247 105192 105210 105228
105248 105297 105260 105272 105284
105298 105443 105334 105370 105406
105444 105550 105470 105496 105522
105551 105621 105568 105585 105602
105622 105672 105634 105646 105658
105673 105741 105690 105707 105724
105742 106099 105831 105920 106009
106100 106206 106126 106152 106178
106207 106345 106241 106275 106309
106346 106498 106384 106422 106460
106499 106566 106515 106531 106547
106567 106654 106588 106609 106630
106655 106762 106681 106707 106733
106763 107430 106929 107095 107261
107431 107865 107539 107647 107755
107866 108428 108006 108146 108286
108429 108510 108449 108469 108489
108511 108579 108528 108545 108562
108580 108650 108597 108614 108631
108651 108801 108688 108725 108762
108802 108873 108819 108836 108853
108874 108937 108889 108904 108919
108938 108973 108946 108954 108962
108974 109041 108990 109006 109022
109042 109147 109068 109094 109120
109148 109184 109157 109166 109175
109185 109345 109225 109265 109305
109346 109411 109362 109378 109394
109412 109535 109442 109472 109502
109536 109602 109552 109568 109584
109603 109666 109618 109633 109648
109667 109783 109696 109725 109754
109784 110373 109931 110078 110225
110374 110675 110449 110524 110599
110676 111163 110797 110918 111039
111164 111203 111173 111182 111191
111204 111258 111217 111230 111243
111259 111394 111292 111325 111358
111395 111588 111443 111491 111539
111589 111629 111599 111609 111619
111630 111677 111641 111652 111663
111678 111789 111705 111732 111759
111790 111886 111814 111838 111862
111887 111992 111913 111939 111965
111993 112094 112018 112043 112068
112095 112230 112128 112161 112194
112231 112288 112245 112259 112273
112289 112351 112304 112319 112334
112352 112375 112357 112362 112367
112376 112400 112382 112388 112394
112401 112462 112416 112431 112446
112463 112490 112469 112475 112481
112491 112529 112500 112509 112518
112530 112607 112549 112568 112587
112608 112643 112616 112624 112632
112644 112789 112680 112716 112752
112790 112978 112837 112884 112931
112979 113067 113001 113023 113045
113068 113142 113086 113104 113122
113143 113234 113165 113187 113209
113235 113267 113243 113251 113259
113268 113457 113315 113362 113409
113458 113646 113505 113552 113599
113647 113750 113672 113697 113722
113751 113804 113764 113777 113790
113805 113828 113810 113815 113820
113829 113889 113844 113859 113874
113890 113972 113910 113930 113950
113973 114061 113995 114017 114039
114062 114189 114093 114124 114155
114190 114232 114200 114210 114220
114233 114307 114251 114269 114287
114308 114449 114343 114378 114413
114450 114732 114520 114590 114660
114733 114873 114768 114803 114838
114874 115212 114958 115042 115126
115213 115279 115229 115245 115261
115280 115324 115291 115302 115313
115325 115398 115343 115361 115379
115399 115426 115405 115411 115417
115427 115487 115442 115457 115472
115488 115573 115509 115530 115551
115574 115676 115599 115624 115649
115677 115766 115699 115721 115743
115767 115868 115792 115817 115842
115869 115911 115879 115889 115899
115912 115972 115927 115942 115957
115973 115991 115977 115981 115985
115992 116034 116002 116012 116022
116035 116107 116053 116071 116089
116108 116148 116118 116128 116138
116149 116169 116154 116159 116164
116170 116262 116193 116216 116239
116263 116685 116368 116473 116578
116686 116807 116716 116746 116776
116808 117464 116972 117136 117300
117465 117608 117500 117535 117570
117609 118011 117709 117809 117909
118012 118152 118047 118082 118117
118153 118197 118164 118175 118186
118198 118406 118250 118302 118354
118407 118486 118426 118445 118464
118487 118622 118520 118553 118586
118623 118681 118637 118651 118665
118682 118867 118728 118774 118820
118868 118962 118891 118914 118937
118963 119066 118988 119013 119038
119067 119181 119095 119123 119151
119182 119319 119216 119250 119284
119320 119430 119347 119374 119401
119431 119743 119509 119587 119665
119744 119926 119789 119834 119879
119927 120001 119945 119963 120000
120002 120106 120028 120054 120080
120107 120240 120140 120173 120206
120241 120296 120254 120267 120280
120297 120393 120321 120345 120369
120394 120533 120428 120462 120496
120534 120554 120539 120544 120549
120555 120591 120564 120573 120582
120592 120631 120601 120610 120619
120632 120698 120648 120664 120680
120699 120741 120709 120719 120729
120742 120815 120760 120778 120796
120816 121099 120886 120956 121026
121100 121189 121122 121144 121166
121190 121330 121225 121260 121295
121331 121424 121354 121377 121400
121425 121597 121468 121511 121554
121598 121776 121642 121686 121730
121777 122016 121836 121895 121954
122017 122070 122030 122043 122056
122071 122221 122108 122145 122182
122222 122346 122253 122284 122315
122347 122859 122475 122603 122731
122860 122935 122878 122896 122914
122936 123073 122970 123004 123038
123074 123214 123109 123144 123179
123215 123302 123236 123257 123278
123303 123410 123329 123355 123381
123411 123504 123434 123457 123480
123505 123550 123516 123527 123538
123551 123603 123564 123577 123590
123604 123799 123652 123700 123748
123800 124035 123858 123916 123974
124036 124202 124077 124118 124159
124203 124286 124223 124243 124263
124287 124371 124308 124329 124350
124372 124452 124392 124412 124432
124453 124595 124488 124523 124558
124596 124635 124605 124614 124623
124636 124706 124653 124670 124687
124707 124781 124725 124743 124761
124782 124815 124790 124798 124806
124816 124882 124832 124848 124864
124883 125114 124940 124997 125054
125115 125240 125146 125177 125208
125241 125833 125389 125537 125685
125834 126000 125875 125916 125957
126001 126455 126114 126227 126340
126456 126710 126519 126582 126645
126711 126883 126754 126797 126840
126884 126950 126900 126916 126932
126951 127056 126977 127003 127029
127057 127109 127070 127083 127096
127110 127251 127145 127180 127215
127252 127296 127263 127274 127285
127297 127368 127314 127331 127348
127369 127445 127388 127407 127426
127446 127617 127488 127530 127572
127618 127800 127663 127708 127753
127801 127865 127817 127833 127849
127866 127988 127896 127926 127956
127989 128053 128005 128021 128037
128054 128183 128086 128118 128150
128184 128275 128206 128228 128250
128276 128383 128302 128328 128354
128384 128449 128400 128416 128432
128450 128507 128464 128478 128492
128508 128661 128546 128584 128622
128662 128787 128693 128724 128755
128788 128858 128805 128822 128839
128859 128908 128871 128883 128895
128909 129134 128965 129021 129077
129135 129183 129147 129159 129171
129184 129261 129203 129222 129241
129262 129315 129275 129288 129301
129316 129442 129347 129378 129409
129443 129518 129461 129479 129497
129519 129579 129534 129549 129564
129580 129781 129630 129680 129730
129782 129851 129799 129816 129833
129852 130064 129905 129958 130011
130065 130154 130087 130109 130131
130155 130623 130272 130389 130506
130624 130683 130638 130652 130666
130684 130743 130698 130712 130726
130744 130801 130758 130772 130786
130802 130945 130837 130872 130907
130946 130984 130955 130964 130973
130985 131042 130999 131013 131027
131043 131694 131205 131367 131529
131695 131901 131746 131797 131848
131902 132076 131945 131988 132031
132077 132306 132134 132191 132248
132307 132384 132326 132345 132364
132385 132489 132411 132437 132463
132490 132585 132513 132536 132559
132586 132643 132600 132614 132628
132644 132704 132659 132674 132689
132705 132829 132736 132767 132798
132830 132887 132844 132858 132872
132888 132954 132904 132920 132936
132955 133019 132971 132987 133003
133020 133152 133053 133086 133119
133153 133205 133166 133179 133192
133206 133605 133305 133404 133503
133606 133744 133640 133674 133708
133745 133930 133791 133837 133883
133931 133993 133946 133961 133976
133994 134304 134071 134148 134225
134305 134364 134319 134333 134347
134365 134682 134444 134523 134602
134683 134805 134713 134743 134773
134806 134931 134837 134868 134899
134932 135028 134948 134964 135021
135029 135156 135060 135091 135122
135157 135213 135171 135185 135199
135214 135333 135243 135272 135301
135334 135363 135341 135348 135355
135364 135606 135424 135484 135544
135607 135627 135612 135617 135622
135628 135796 135670 135712 135754
135797 135838 135807 135817 135827
135839 135991 135877 135915 135953
135992 136038 136003 136014 136025
136039 136076 136048 136057 136066
136077 136139 136092 136107 136122
136140 136224 136161 136182 136203
136225 136259 136233 136241 136249
136260 136387 136291 136322 136353
136388 136467 136407 136426 136445
136468 136509 136478 136488 136498
136510 136551 136520 136530 136540
136552 136699 136588 136624 136660
136700 136828 136732 136764 136796
136829 136924 136852 136875 136898
136925 137068 136960 136995 137030
137069 137125 137083 137097 137111
137126 137320 137174 137222 137270
137321 137427 137347 137373 137399
137428 137529 137453 137478 137503
137530 137595 137546 137562 137578
137596 137668 137614 137632 137650
137669 137865 137718 137767 137816
137866 138042 137910 137954 137998
138043 138137 138066 138089 138112
138138 138176 138147 138156 138165
138177 138293 138206 138235 138264
138294 138392 138318 138342 138366
138393 138467 138411 138429 138447
138468 138687 138522 138576 138630
138688 138792 138714 138740 138766
138793 138979 138839 138885 138931
138980 139056 138999 139018 139037
139057 139101 139068 139079 139090
139102 139174 139120 139138 139156
139175 139230 139188 139201 139214
139231 139254 139236 139241 139246
139255 139371 139284 139313 139342
139372 139464 139395 139418 139441
139465 139736 139532 139599 139666
139737 139796 139751 139765 139779
139797 139878 139817 139837 139857
139879 139947 139896 139913 139930
139948 140044 139972 139996 140020
140045 140084 140054 140063 140072
140085 140175 140107 140129 140151
140176 140266 140198 140220 140242
140267 140378 140294 140321 140348
140379 140468 140401 140423 140445
140469 140881 140572 140675 140778
140882 140968 140903 140924 140945
140969 141012 140979 140989 140999
141013 141231 141067 141121 141175
141232 141294 141247 141262 141277
141295 141352 141309 141323 141337
141353 141390 141362 141371 141380
141391 141492 141416 141441 141466
141493 141595 141518 141543 141568
141596 141666 141613 141630 141647
141667 141778 141694 141721 141748
141779 141824 141790 141801 141812
141825 141879 141838 141851 141864
141880 143347 142246 142612 142978
143348 143378 143355 143362 143369
143379 143423 143390 143401 143412
143424 143669 143485 143546 143607
143670 143746 143689 143708 143727
143747 143817 143764 143781 143798
143818 143892 143836 143854 143872
143893 151574 145419 146945 151179
151575 151920 151661 151747 151833
