0 576 144 288 432
577 1010 685 793 901
1011 1052 1021 1031 1041
1053 1268 1106 1159 1212
1269 1399 1301 1333 1365
1400 1475 1418 1436 1454
1476 1545 1493 1510 1527
1546 1646 1571 1596 1621
1647 1705 1661 1675 1689
1706 1765 1720 1734 1748
1766 1819 1779 1792 1805
1820 1903 1840 1860 1880
1904 1975 1921 1938 1955
1976 2011 1984 1992 2000
2012 2060 2024 2036 2048
2061 2102 2071 2081 2091
2103 2207 2129 2155 2181
2208 2250 2218 2228 2238
2251 2493 2311 2371 2431
2494 2689 2542 2590 2638
2690 2784 2713 2736 2759
2785 2825 2795 2805 2815
2826 2864 2835 2844 2853
2865 2945 2885 2905 2925
2946 2983 2955 2964 2973
2984 3001 2988 2992 2996
3002 3042 3012 3022 3032
3043 3097 3056 3069 3082
3098 3256 3137 3176 3215
3257 3305 3269 3281 3293
3306 3444 3340 3374 3408
3445 3524 3464 3483 3502
3525 3573 3537 3549 3561
3574 3636 3589 3604 3619
3637 3685 3649 3661 3673
3686 3750 3702 3718 3734
3751 3842 3773 3795 3817
3843 3922 3862 3881 3900
3923 3959 3932 3941 3950
3960 3977 3964 3968 3972
3978 4042 3994 4010 4026
4043 4095 4056 4069 4082
4096 4171 4114 4132 4150
4172 4221 4184 4196 4208
4222 4260 4231 4240 4249
4261 4374 4289 4317 4345
4375 4509 4408 4441 4474
4510 4528 4514 4518 4522
4529 4560 4536 4543 4550
4561 4611 4573 4585 4597
4612 4649 4621 4630 4639
4650 4689 4659 4668 4677
4690 4749 4704 4718 4732
4750 4801 4762 4774 4786
4802 4849 4813 4824 4835
4850 4917 4866 4882 4898
4918 4987 4935 4952 4969
4988 5049 5003 5018 5033
5050 5132 5070 5090 5110
5133 5158 5139 5145 5151
5159 5193 5167 5175 5183
5194 5265 5211 5228 5245
5266 5296 5273 5280 5287
5297 5416 5326 5355 5384
5417 5502 5438 5459 5480
5503 5547 5514 5525 5536
5548 5579 5555 5562 5569
5580 5627 5591 5602 5613
5628 5695 5644 5660 5676
5696 5863 5737 5778 5819
5864 5951 5885 5906 5927
5952 5983 5959 5966 5973
5984 6016 5992 6000 6008
6017 6089 6035 6053 6071
6090 6133 6100 6110 6120
6134 6232 6158 6182 6206
6233 6281 6245 6257 6269
6282 6326 6293 6304 6315
6327 6475 6364 6401 6438
6476 6571 6499 6522 6545
6572 6968 6671 6770 6869
6969 7035 6985 7001 7017
7036 7073 7045 7054 7063
7074 7144 7091 7108 7125
7145 7237 7168 7191 7214
7238 7316 7257 7276 7295
7317 7422 7343 7369 7395
7423 7454 7430 7437 7444
7455 7496 7465 7475 7485
7497 7531 7505 7513 7521
7532 7587 7545 7558 7571
7588 7622 7596 7604 7612
7623 7651 7630 7637 7644
7652 7677 7658 7664 7670
7678 7725 7689 7700 7711
7726 7782 7740 7754 7768
7783 7843 7798 7813 7828
7844 7900 7858 7872 7886
7901 7936 7909 7917 7925
7937 7968 7944 7951 7958
7969 8027 7983 7997 8011
8028 8079 8040 8052 8064
8080 8157 8099 8118 8137
8158 8529 8250 8342 8434
8530 8585 8543 8556 8569
8586 8628 8596 8606 8616
8629 8857 8686 8743 8800
8858 8905 8869 8880 8891
8906 8946 8916 8926 8936
8947 8980 8955 8963 8971
8981 9028 8992 9003 9014
9029 9097 9046 9063 9080
9098 9143 9109 9120 9131
9144 9178 9152 9160 9168
9179 9215 9188 9197 9206
9216 9292 9235 9254 9273
9293 9370 9312 9331 9350
9371 9436 9387 9403 9419
9437 9477 9447 9457 9467
9478 9498 9483 9488 9493
9499 9580 9519 9539 9559
9581 9613 9589 9597 9605
9614 9659 9625 9636 9647
9660 9746 9681 9702 9723
9747 9916 9789 9831 9873
9917 10078 9957 9997 10037
10079 10124 10090 10101 10112
10125 10187 10140 10155 10170
10188 10228 10198 10208 10218
10229 10250 10234 10239 10244
10251 10307 10265 10279 10293
10308 10376 10325 10342 10359
10377 10411 10385 10393 10401
10412 10436 10418 10424 10430
10437 10529 10460 10483 10506
10530 10601 10547 10564 10581
10602 10636 10610 10618 10626
10637 10660 10642 10647 10652
10661 10686 10667 10673 10679
10687 10712 10693 10699 10705
10713 10755 10723 10733 10743
10756 10782 10762 10768 10774
10783 10825 10793 10803 10813
10826 10902 10845 10864 10883
10903 10921 10907 10911 10915
10922 10973 10934 10946 10958
10974 11007 10982 10990 10998
11008 11062 11021 11034 11047
11063 11112 11075 11087 11099
11113 11197 11134 11155 11176
11198 11219 11203 11208 11213
11220 11267 11231 11242 11253
11268 11342 11286 11304 11322
11343 11753 11445 11547 11649
11754 11999 11815 11876 11937
12000 12061 12015 12030 12045
12062 12135 12080 12098 12116
12136 12274 12170 12204 12238
12275 12375 12300 12325 12350
12376 12427 12388 12400 12412
12428 12462 12436 12444 12452
12463 12529 12479 12495 12511
12530 12689 12569 12608 12647
12690 12763 12708 12726 12744
12764 12794 12771 12778 12785
12795 12851 12809 12823 12837
12852 12893 12862 12872 12882
12894 12937 12904 12914 12924
12938 12988 12950 12962 12974
12989 13030 12999 13009 13019
13031 13065 13039 13047 13055
13066 13118 13079 13092 13105
13119 13174 13132 13145 13158
13175 13300 13206 13237 13268
13301 13662 13391 13481 13571
13663 14124 13778 13893 14008
14125 14215 14147 14169 14191
14216 14393 14260 14304 14348
14394 14436 14404 14414 14424
14437 14468 14444 14451 14458
14469 14616 14505 14541 14577
14617 14680 14632 14647 14662
14681 14716 14689 14697 14705
14717 14768 14729 14741 14753
14769 14833 14785 14801 14817
14834 14888 14847 14860 14873
14889 15333 14916 14943 15249
15334 15500 15375 15416 15457
15501 15607 15527 15553 15579
15608 15731 15638 15668 15698
15732 15944 15785 15838 15891
15945 15990 15956 15967 15978
15991 16033 16001 16011 16021
16034 16076 16044 16054 16064
16077 16119 16087 16097 16107
16120 16204 16141 16162 16183
16205 16306 16230 16255 16280
16307 16844 16441 16575 16709
16845 16918 16863 16881 16899
16919 17195 16988 17057 17126
17196 17347 17233 17270 17307
17348 17420 17366 17384 17402
17421 17603 17466 17511 17556
17604 17942 17688 17772 17856
17943 18047 17969 17995 18021
18048 18133 18069 18090 18111
18134 18270 18168 18202 18236
18271 18380 18298 18325 18352
18381 18492 18408 18435 18462
18493 18579 18514 18535 18556
18580 18659 18599 18618 18637
18660 18742 18680 18700 18720
18743 18834 18765 18787 18809
18835 18867 18843 18851 18859
18868 18890 18873 18878 18883
18891 18927 18900 18909 18918
18928 19049 18958 18988 19018
19050 19119 19067 19084 19101
19120 19181 19135 19150 19165
19182 19295 19210 19238 19266
19296 19379 19316 19336 19356
19380 19468 19402 19424 19446
19469 19692 19524 19579 19634
19693 19735 19703 19713 19723
19736 19806 19753 19770 19787
19807 19874 19823 19839 19855
19875 19975 19900 19925 19950
19976 20058 19996 20016 20036
20059 20171 20087 20115 20143
20172 20491 20251 20330 20409
20492 20590 20516 20540 20564
20591 20660 20608 20625 20642
20661 20759 20685 20709 20733
20760 20867 20786 20812 20838
20868 20938 20885 20902 20919
20939 21015 20958 20977 20996
21016 21071 21029 21042 21055
21072 21103 21079 21086 21093
21104 21176 21122 21140 21158
21177 21281 21203 21229 21255
21282 21336 21295 21308 21321
21337 21388 21349 21361 21373
21389 21409 21394 21399 21404
21410 21451 21420 21430 21440
21452 21473 21457 21462 21467
21474 21497 21479 21484 21489
21498 21530 21506 21514 21522
21531 21575 21542 21553 21564
21576 21663 21597 21618 21639
21664 21784 21694 21724 21754
21785 21825 21795 21805 21815
21826 21944 21855 21884 21913
21945 22033 21967 21989 22011
22034 22065 22041 22048 22055
22066 22091 22072 22078 22084
22092 22116 22098 22104 22110
22117 22138 22122 22127 22132
22139 22160 22144 22149 22154
22161 22466 22237 22313 22389
22467 22500 22475 22483 22491
22501 22556 22514 22527 22540
22557 22609 22570 22583 22596
22610 22645 22618 22626 22634
22646 22877 22703 22760 22817
22878 22956 22897 22916 22935
22957 23069 22985 23013 23041
23070 23107 23079 23088 23097
23108 23132 23114 23120 23126
23133 23160 23139 23145 23151
23161 23243 23181 23201 23221
23244 23492 23306 23368 23430
23493 23546 23506 23519 23532
23547 23583 23556 23565 23574
23584 23610 23590 23596 23602
23611 23661 23623 23635 23647
23662 23780 23691 23720 23749
23781 23815 23789 23797 23805
23816 23934 23845 23874 23903
23935 23958 23940 23945 23950
23959 24072 23987 24015 24043
24073 24142 24090 24107 24124
24143 24189 24154 24165 24176
24190 24244 24203 24216 24229
24245 24274 24252 24259 24266
24275 24308 24283 24291 24299
24309 24332 24314 24319 24324
24333 24355 24338 24343 24348
24356 24378 24361 24366 24371
24379 24425 24390 24401 24412
24426 24460 24434 24442 24450
24461 24523 24476 24491 24506
24524 24569 24535 24546 24557
24570 24613 24580 24590 24600
24614 24670 24628 24642 24656
24671 24700 24678 24685 24692
24701 24728 24707 24713 24719
24729 25030 24804 24879 24954
25031 25171 25066 25101 25136
25172 25203 25179 25186 25193
25204 25223 25208 25212 25216
25224 25258 25232 25240 25248
25259 25301 25269 25279 25289
25302 25403 25327 25352 25377
25404 25592 25451 25498 25545
25593 25623 25600 25607 25614
25624 25650 25630 25636 25642
25651 25707 25665 25679 25693
25708 25760 25721 25734 25747
25761 25790 25768 25775 25782
25791 25877 25812 25833 25854
25878 25945 25894 25910 25926
25946 25970 25952 25958 25964
25971 26006 25979 25987 25995
26007 26036 26014 26021 26028
26037 26063 26043 26049 26055
26064 26107 26074 26084 26094
26108 26152 26119 26130 26141
26153 26203 26165 26177 26189
26204 26279 26222 26240 26258
26280 26386 26306 26332 26358
26387 26419 26395 26403 26411
26420 26471 26432 26444 26456
26472 26496 26478 26484 26490
26497 26523 26503 26509 26515
26524 26557 26532 26540 26548
26558 26633 26576 26594 26612
26634 26677 26644 26654 26664
26678 26722 26689 26700 26711
26723 26741 26727 26731 26735
26742 26801 26756 26770 26784
26802 26838 26811 26820 26829
26839 26862 26844 26849 26854
26863 26904 26873 26883 26893
26905 26949 26916 26927 26938
26950 26983 26958 26966 26974
26984 27003 26988 26992 26996
27004 27104 27029 27054 27079
27105 27173 27122 27139 27156
27174 27208 27182 27190 27198
27209 27388 27253 27297 27341
27389 27435 27400 27411 27422
27436 27535 27460 27484 27508
27536 27700 27577 27618 27659
27701 27736 27709 27717 27725
27737 27764 27743 27749 27755
27765 27784 27769 27773 27777
27785 27816 27792 27799 27806
27817 27842 27823 27829 27835
27843 27874 27850 27857 27864
27875 27897 27880 27885 27890
27898 27914 27902 27906 27910
27915 27994 27934 27953 27972
27995 28030 28003 28011 28019
28031 28146 28059 28087 28115
28147 28233 28168 28189 28210
28234 28268 28242 28250 28258
28269 28292 28274 28279 28284
28293 28541 28355 28417 28479
28542 28600 28556 28570 28584
28601 28700 28625 28649 28673
28701 28735 28709 28717 28725
28736 28935 28785 28834 28883
28936 29016 28956 28976 28996
29017 29238 29072 29127 29182
29239 29322 29259 29279 29299
29323 29396 29341 29359 29377
29397 29531 29430 29463 29496
29532 29689 29571 29610 29649
29690 29943 29753 29816 29879
29944 30004 29957 29970 30003
30005 30071 30021 30037 30053
30072 30186 30100 30128 30156
30187 30337 30224 30261 30298
30338 30382 30349 30360 30371
30383 30411 30390 30397 30404
30412 30577 30453 30494 30535
30578 30697 30607 30636 30665
30698 30793 30721 30744 30767
30794 30899 30820 30846 30872
30900 30988 30922 30944 30966
30989 31044 31002 31015 31028
31045 31158 31073 31101 31129
31159 31243 31180 31201 31222
31244 31315 31261 31278 31295
31316 31434 31345 31374 31403
31435 31545 31462 31489 31516
31546 31646 31571 31596 31621
31647 31773 31678 31709 31740
31774 31828 31787 31800 31813
31829 31930 31854 31879 31904
31931 32049 31960 31989 32018
32050 32174 32081 32112 32143
32175 32242 32191 32207 32223
32243 32279 32252 32261 32270
32280 32322 32290 32300 32310
32323 32397 32341 32359 32377
32398 32420 32403 32408 32413
32421 32463 32431 32441 32451
32464 32521 32478 32492 32506
32522 32705 32567 32612 32657
32706 32752 32717 32728 32739
32753 32784 32760 32767 32774
32785 32860 32803 32821 32839
32861 32884 32866 32871 32876
32885 32922 32894 32903 32912
32923 32973 32935 32947 32959
32974 33009 32982 32990 32998
33010 33053 33020 33030 33040
33054 33114 33069 33084 33099
33115 33272 33154 33193 33232
33273 33389 33302 33331 33360
33390 33475 33411 33432 33453
33476 33543 33492 33508 33524
33544 33682 33578 33612 33646
33683 33765 33703 33723 33743
33766 33830 33782 33798 33814
33831 33930 33855 33879 33903
33931 33996 33947 33963 33979
33997 34087 34019 34041 34063
34088 34120 34096 34104 34112
34121 34194 34139 34157 34175
34195 34218 34200 34205 34210
34219 34242 34224 34229 34234
34243 34284 34253 34263 34273
34285 34347 34300 34315 34330
34348 34484 34382 34416 34450
34485 34523 34494 34503 34512
34524 34566 34534 34544 34554
34567 34633 34583 34599 34615
34634 34671 34643 34652 34661
34672 34739 34688 34704 34720
34740 34777 34749 34758 34767
34778 34836 34792 34806 34820
34837 34980 34872 34907 34942
34981 35036 34994 35007 35020
35037 35346 35114 35191 35268
35347 35395 35359 35371 35383
35396 35428 35404 35412 35420
35429 35475 35440 35451 35462
35476 35544 35493 35510 35527
35545 35621 35564 35583 35602
35622 35652 35629 35636 35643
35653 35735 35673 35693 35713
35736 35919 35781 35826 35871
35920 35962 35930 35940 35950
35963 35998 35971 35979 35987
35999 36271 36067 36135 36203
36272 36378 36298 36324 36350
36379 36420 36389 36399 36409
36421 36577 36460 36499 36538
36578 36619 36588 36598 36608
36620 36641 36625 36630 36635
36642 36703 36657 36672 36687
36704 36725 36709 36714 36719
36726 36813 36747 36768 36789
36814 36867 36827 36840 36853
36868 36928 36883 36898 36913
36929 36965 36938 36947 36956
36966 37003 36975 36984 36993
37004 37038 37012 37020 37028
37039 37085 37050 37061 37072
37086 37147 37101 37116 37131
37148 37202 37161 37174 37187
37203 37270 37219 37235 37251
37271 37374 37296 37321 37346
37375 37573 37424 37473 37522
37574 37682 37601 37628 37655
37683 37723 37693 37703 37713
37724 37845 37754 37784 37814
37846 37882 37855 37864 37873
37883 37900 37887 37891 37895
37901 37949 37913 37925 37937
37950 38026 37969 37988 38007
38027 38140 38055 38083 38111
38141 38184 38151 38161 38171
38185 38238 38198 38211 38224
38239 38298 38253 38267 38281
38299 38355 38313 38327 38341
38356 38448 38379 38402 38425
38449 38497 38461 38473 38485
38498 38563 38514 38530 38546
38564 38676 38592 38620 38648
38677 38767 38699 38721 38743
38768 38796 38775 38782 38789
38797 39001 38848 38899 38950
39002 39041 39011 39020 39029
39042 39065 39047 39052 39057
39066 39126 39081 39096 39111
39127 39234 39153 39179 39205
39235 39434 39284 39333 39382
39435 39463 39442 39449 39456
39464 39604 39499 39534 39569
39605 39739 39638 39671 39704
39740 39933 39788 39836 39884
39934 39952 39938 39942 39946
39953 39976 39958 39963 39968
39977 39993 39981 39985 39989
39994 40010 39998 40002 40006
40011 40028 40015 40019 40023
40029 40046 40033 40037 40041
40047 40066 40051 40055 40059
40067 40090 40072 40077 40082
40091 40124 40099 40107 40115
40125 40144 40129 40133 40137
40145 40189 40156 40167 40178
40190 40208 40194 40198 40202
40209 40237 40216 40223 40230
40238 40262 40244 40250 40256
40263 40303 40273 40283 40293
40304 40322 40308 40312 40316
40323 40342 40327 40331 40335
40343 40359 40347 40351 40355
40360 40377 40364 40368 40372
40378 40438 40393 40408 40423
40439 40460 40444 40449 40454
40461 40509 40473 40485 40497
40510 40542 40518 40526 40534
40543 40589 40554 40565 40576
40590 40606 40594 40598 40602
40607 40655 40619 40631 40643
40656 40674 40660 40664 40668
40675 40695 40680 40685 40690
40696 40723 40702 40708 40714
40724 40742 40728 40732 40736
40743 40764 40748 40753 40758
40765 40790 40771 40777 40783
40791 40870 40810 40829 40848
40871 40888 40875 40879 40883
40889 40917 40896 40903 40910
40918 40968 40930 40942 40954
40969 40998 40976 40983 40990
40999 41033 41007 41015 41023
41034 41118 41055 41076 41097
41119 41151 41127 41135 41143
41152 41177 41158 41164 41170
41178 41215 41187 41196 41205
41216 41234 41220 41224 41228
41235 41255 41240 41245 41250
41256 41300 41267 41278 41289
41301 41333 41309 41317 41325
41334 41418 41355 41376 41397
41419 41493 41437 41455 41473
41494 41521 41500 41506 41512
41522 41574 41535 41548 41561
41575 41621 41586 41597 41608
41622 41879 41686 41750 41814
41880 41977 41904 41928 41952
41978 42022 41989 42000 42011
42023 42166 42058 42093 42128
42167 42211 42178 42189 42200
42212 42262 42224 42236 42248
42263 42299 42272 42281 42290
42300 42338 42309 42318 42327
42339 42367 42346 42353 42360
42368 42429 42383 42398 42413
42430 42599 42472 42514 42556
42600 42683 42620 42640 42660
42684 42724 42694 42704 42714
42725 42922 42774 42823 42872
42923 43038 42951 42979 43007
43039 43350 43116 43193 43270
43351 43371 43356 43361 43366
43372 43476 43398 43424 43450
43477 43525 43489 43501 43513
43526 43596 43543 43560 43577
43597 43681 43618 43639 43660
43682 43714 43690 43698 43706
43715 43750 43723 43731 43739
43751 43781 43758 43765 43772
43782 43831 43794 43806 43818
43832 43921 43854 43876 43898
43922 43954 43930 43938 43946
43955 43998 43965 43975 43985
43999 44410 44101 44203 44305
44411 44454 44421 44431 44441
44455 44513 44469 44483 44497
44514 44574 44529 44544 44559
44575 44623 44587 44599 44611
44624 44659 44632 44640 44648
44660 44706 44671 44682 44693
44707 44734 44713 44719 44725
44735 44785 44747 44759 44771
44786 44813 44792 44798 44804
44814 44838 44820 44826 44832
44839 44883 44850 44861 44872
44884 44906 44889 44894 44899
44907 44933 44913 44919 44925
44934 44952 44938 44942 44946
44953 44981 44960 44967 44974
44982 45001 44986 44990 45000
45002 45028 45008 45014 45020
45029 45050 45034 45039 45044
45051 45113 45066 45081 45096
45114 45161 45125 45136 45147
45162 45186 45168 45174 45180
45187 45217 45194 45201 45208
45218 45265 45229 45240 45251
45266 45319 45279 45292 45305
45320 45452 45353 45386 45419
45453 45586 45486 45519 45552
45587 45605 45591 45595 45599
45606 45623 45610 45614 45618
45624 45644 45629 45634 45639
45645 45679 45653 45661 45669
45680 45700 45685 45690 45695
45701 45723 45706 45711 45716
45724 45746 45729 45734 45739
45747 45763 45751 45755 45759
45764 45811 45775 45786 45797
45812 45850 45821 45830 45839
45851 45887 45860 45869 45878
45888 45917 45895 45902 45909
45918 45944 45924 45930 45936
45945 45964 45949 45953 45957
45965 45997 45973 45981 45989
45998 46041 46008 46018 46028
46042 46120 46061 46080 46099
46121 46154 46129 46137 46145
46155 46175 46160 46165 46170
46176 46203 46182 46188 46194
46204 46220 46208 46212 46216
46221 46245 46227 46233 46239
46246 46292 46257 46268 46279
46293 46331 46302 46311 46320
46332 46401 46349 46366 46383
46402 46420 46406 46410 46414
46421 46437 46425 46429 46433
46438 46456 46442 46446 46450
46457 46474 46461 46465 46469
46475 46497 46480 46485 46490
46498 46531 46506 46514 46522
46532 46554 46537 46542 46547
46555 46592 46564 46573 46582
46593 46612 46597 46601 46605
46613 46634 46618 46623 46628
46635 46657 46640 46645 46650
46658 46690 46666 46674 46682
46691 46707 46695 46699 46703
46708 46734 46714 46720 46726
46735 46754 46739 46743 46747
46755 46855 46780 46805 46830
46856 46884 46863 46870 46877
46885 46913 46892 46899 46906
46914 46947 46922 46930 46938
46948 47004 46962 46976 46990
47005 47022 47009 47013 47017
47023 47039 47027 47031 47035
47040 47058 47044 47048 47052
47059 47089 47066 47073 47080
47090 47159 47107 47124 47141
47160 47182 47165 47170 47175
47183 47212 47190 47197 47204
47213 47232 47217 47221 47225
47233 47268 47241 47249 47257
47269 47286 47273 47277 47281
47287 47336 47299 47311 47323
47337 47366 47344 47351 47358
47367 47385 47371 47375 47379
47386 47409 47391 47396 47401
47410 47433 47415 47420 47425
47434 47491 47448 47462 47476
47492 47555 47507 47522 47537
47556 47586 47563 47570 47577
47587 47620 47595 47603 47611
47621 47662 47631 47641 47651
47663 47692 47670 47677 47684
47693 47712 47697 47701 47705
47713 47732 47717 47721 47725
47733 47776 47743 47753 47763
47777 47824 47788 47799 47810
47825 47863 47834 47843 47852
47864 47889 47870 47876 47882
47890 47907 47894 47898 47902
47908 47927 47912 47916 47920
47928 47987 47942 47956 47970
47988 48004 47992 47996 48000
48005 48024 48009 48013 48017
48025 48041 48029 48033 48037
48042 48077 48050 48058 48066
48078 48101 48083 48088 48093
48102 48120 48106 48110 48114
48121 48175 48134 48147 48160
48176 48226 48188 48200 48212
48227 48257 48234 48241 48248
48258 48280 48263 48268 48273
48281 48299 48285 48289 48293
48300 48386 48321 48342 48363
48387 48406 48391 48395 48399
48407 48427 48412 48417 48422
48428 48444 48432 48436 48440
48445 48470 48451 48457 48463
48471 48496 48477 48483 48489
48497 48521 48503 48509 48515
48522 48542 48527 48532 48537
48543 48563 48548 48553 48558
48564 48583 48568 48572 48576
48584 48606 48589 48594 48599
48607 48630 48612 48617 48622
48631 48649 48635 48639 48643
48650 48676 48656 48662 48668
48677 48705 48684 48691 48698
48706 48726 48711 48716 48721
48727 48759 48735 48743 48751
48760 48790 48767 48774 48781
48791 48809 48795 48799 48803
48810 48829 48814 48818 48822
48830 48847 48834 48838 48842
48848 48864 48852 48856 48860
48865 48898 48873 48881 48889
48899 48924 48905 48911 48917
48925 48961 48934 48943 48952
48962 48991 48969 48976 48983
48992 49013 48997 49002 49007
49014 49030 49018 49022 49026
49031 49048 49035 49039 49043
49049 49068 49053 49057 49061
49069 49105 49078 49087 49096
49106 49130 49112 49118 49124
49131 49155 49137 49143 49149
49156 49186 49163 49170 49177
49187 49203 49191 49195 49199
49204 49222 49208 49212 49216
49223 49240 49227 49231 49235
49241 49257 49245 49249 49253
49258 49289 49265 49272 49279
49290 49309 49294 49298 49302
49310 49329 49314 49318 49322
49330 49347 49334 49338 49342
49348 49368 49353 49358 49363
49369 49386 49373 49377 49381
49387 49415 49394 49401 49408
49416 49445 49423 49430 49437
49446 49478 49454 49462 49470
49479 49504 49485 49491 49497
49505 49577 49523 49541 49559
49578 49600 49583 49588 49593
49601 49624 49606 49611 49616
49625 49654 49632 49639 49646
49655 49695 49665 49675 49685
49696 49726 49703 49710 49717
49727 49764 49736 49745 49754
49765 49782 49769 49773 49777
49783 49814 49790 49797 49804
49815 49858 49825 49835 49845
49859 49876 49863 49867 49871
49877 49896 49881 49885 49889
49897 49942 49908 49919 49930
49943 49998 49956 49969 49982
49999 50017 50003 50007 50011
50018 50035 50022 50026 50030
50036 50058 50041 50046 50051
50059 50095 50068 50077 50086
50096 50135 50105 50114 50123
50136 50185 50148 50160 50172
50186 50202 50190 50194 50198
50203 50223 50208 50213 50218
50224 50248 50230 50236 50242
50249 50268 50253 50257 50261
50269 50295 50275 50281 50287
50296 50316 50301 50306 50311
50317 50338 50322 50327 50332
50339 50357 50343 50347 50351
50358 50404 50369 50380 50391
50405 50427 50410 50415 50420
50428 50459 50435 50442 50449
50460 50494 50468 50476 50484
50495 50511 50499 50503 50507
50512 50548 50521 50530 50539
50549 50574 50555 50561 50567
50575 50601 50581 50587 50593
50602 50628 50608 50614 50620
50629 50645 50633 50637 50641
50646 50673 50652 50658 50664
50674 50705 50681 50688 50695
50706 50733 50712 50718 50724
50734 50783 50746 50758 50770
50784 50809 50790 50796 50802
50810 50829 50814 50818 50822
50830 50850 50835 50840 50845
50851 50876 50857 50863 50869
50877 50902 50883 50889 50895
50903 51011 50930 50957 50984
51012 51065 51025 51038 51051
51066 51095 51073 51080 51087
51096 51144 51108 51120 51132
51145 51161 51149 51153 51157
51162 51178 51166 51170 51174
51179 51199 51184 51189 51194
51200 51238 51209 51218 51227
51239 51280 51249 51259 51269
51281 51335 51294 51307 51320
51336 51372 51345 51354 51363
51373 51413 51383 51393 51403
51414 51432 51418 51422 51426
51433 51449 51437 51441 51445
51450 51470 51455 51460 51465
51471 51487 51475 51479 51483
51488 51509 51493 51498 51503
51510 51529 51514 51518 51522
51530 51546 51534 51538 51542
51547 51563 51551 51555 51559
51564 51585 51569 51574 51579
51586 51611 51592 51598 51604
51612 51665 51625 51638 51651
51666 51708 51676 51686 51696
51709 51750 51719 51729 51739
51751 51771 51756 51761 51766
51772 51788 51776 51780 51784
51789 51810 51794 51799 51804
51811 51836 51817 51823 51829
51837 51853 51841 51845 51849
51854 51879 51860 51866 51872
51880 51901 51885 51890 51895
51902 51919 51906 51910 51914
51920 51936 51924 51928 51932
51937 51957 51942 51947 51952
51958 51985 51964 51970 51976
51986 52005 51990 51994 51998
52006 52023 52010 52014 52018
52024 52043 52028 52032 52036
52044 52075 52051 52058 52065
52076 52120 52087 52098 52109
52121 52142 52126 52131 52136
52143 52165 52148 52153 52158
52166 52194 52173 52180 52187
52195 52213 52199 52203 52207
52214 52235 52219 52224 52229
52236 52256 52241 52246 52251
52257 52312 52270 52283 52296
52313 52378 52329 52345 52361
52379 52398 52383 52387 52391
52399 52422 52404 52409 52414
52423 52443 52428 52433 52438
52444 52467 52449 52454 52459
52468 52498 52475 52482 52489
52499 52517 52503 52507 52511
52518 52535 52522 52526 52530
52536 52577 52546 52556 52566
52578 52628 52590 52602 52614
52629 52647 52633 52637 52641
52648 52664 52652 52656 52660
52665 52763 52689 52713 52737
52764 52845 52784 52804 52824
52846 52903 52860 52874 52888
52904 52943 52913 52922 52931
52944 53008 52960 52976 52992
53009 53034 53015 53021 53027
53035 53079 53046 53057 53068
53080 53127 53091 53102 53113
53128 53161 53136 53144 53152
53162 53191 53169 53176 53183
53192 53233 53202 53212 53222
53234 53268 53242 53250 53258
53269 53305 53278 53287 53296
53306 53389 53326 53346 53366
53390 53408 53394 53398 53402
53409 53530 53439 53469 53499
53531 53585 53544 53557 53570
53586 53657 53603 53620 53637
53658 53700 53668 53678 53688
53701 53868 53742 53783 53824
53869 53910 53879 53889 53899
53911 53960 53923 53935 53947
53961 54036 53979 53997 54015
54037 54071 54045 54053 54061
54072 54094 54077 54082 54087
54095 54128 54103 54111 54119
54129 54177 54141 54153 54165
54178 54198 54183 54188 54193
54199 54244 54210 54221 54232
54245 54270 54251 54257 54263
54271 54315 54282 54293 54304
54316 54340 54322 54328 54334
54341 54360 54345 54349 54353
54361 54398 54370 54379 54388
54399 54425 54405 54411 54417
54426 54566 54461 54496 54531
54567 54731 54608 54649 54690
54732 55015 54802 54872 54942
55016 55094 55035 55054 55073
55095 55169 55113 55131 55149
55170 55218 55182 55194 55206
55219 55302 55239 55259 55279
55303 55373 55320 55337 55354
55374 55454 55394 55414 55434
55455 55559 55481 55507 55533
55560 55818 55624 55688 55752
55819 55899 55839 55859 55879
55900 56015 55928 55956 55984
56016 56085 56033 56050 56067
56086 56180 56109 56132 56155
56181 56288 56207 56233 56259
56289 56338 56301 56313 56325
56339 56372 56347 56355 56363
56373 56485 56401 56429 56457
56486 56604 56515 56544 56573
56605 56862 56669 56733 56797
56863 56967 56889 56915 56941
56968 57069 56993 57018 57043
57070 57106 57079 57088 57097
57107 57143 57116 57125 57134
57144 57194 57156 57168 57180
57195 57272 57214 57233 57252
57273 57326 57286 57299 57312
57327 57358 57334 57341 57348
57359 57451 57382 57405 57428
57452 57526 57470 57488 57506
57527 57705 57571 57615 57659
57706 57760 57719 57732 57745
57761 57809 57773 57785 57797
57810 57938 57842 57874 57906
57939 57976 57948 57957 57966
57977 58111 58010 58043 58076
58112 58152 58122 58132 58142
58153 58182 58160 58167 58174
58183 58237 58196 58209 58222
58238 58373 58271 58304 58337
58374 58437 58389 58404 58419
58438 58484 58449 58460 58471
58485 58535 58497 58509 58521
58536 58662 58567 58598 58629
58663 58751 58685 58707 58729
58752 58816 58768 58784 58800
58817 58929 58845 58873 58901
58930 58991 58945 58960 58975
58992 59039 59003 59014 59025
59040 59114 59058 59076 59094
59115 59150 59123 59131 59139
59151 59184 59159 59167 59175
59185 59220 59193 59201 59209
59221 59259 59230 59239 59248
59260 59290 59267 59274 59281
59291 59321 59298 59305 59312
59322 59364 59332 59342 59352
59365 59399 59373 59381 59389
59400 59421 59405 59410 59415
59422 59470 59434 59446 59458
59471 59547 59490 59509 59528
59548 59596 59560 59572 59584
59597 59618 59602 59607 59612
59619 59653 59627 59635 59643
59654 59708 59667 59680 59693
59709 59731 59714 59719 59724
59732 59783 59744 59756 59768
59784 59814 59791 59798 59805
59815 59847 59823 59831 59839
59848 59869 59853 59858 59863
59870 59886 59874 59878 59882
59887 59932 59898 59909 59920
59933 59990 59947 59961 59975
59991 60009 59993 59995 60006
60010 60034 60016 60022 60028
60035 60077 60045 60055 60065
60078 60164 60099 60120 60141
60165 60229 60181 60197 60213
60230 60267 60239 60248 60257
60268 60289 60273 60278 60283
60290 60409 60319 60348 60377
60410 60470 60425 60440 60455
60471 60805 60554 60637 60720
60806 60914 60833 60860 60887
60915 60939 60921 60927 60933
60940 60963 60945 60950 60955
60964 61002 60973 60982 60991
61003 61052 61015 61027 61039
61053 61102 61065 61077 61089
61103 61143 61113 61123 61133
61144 61320 61188 61232 61276
61321 61395 61339 61357 61375
61396 61448 61409 61422 61435
61449 61490 61459 61469 61479
61491 61549 61505 61519 61533
61550 61615 61566 61582 61598
61616 61700 61637 61658 61679
61701 61725 61707 61713 61719
61726 61755 61733 61740 61747
61756 61813 61770 61784 61798
61814 61862 61826 61838 61850
61863 61910 61874 61885 61896
61911 61944 61919 61927 61935
61945 62013 61962 61979 61996
62014 62038 62020 62026 62032
62039 62120 62059 62079 62099
62121 62179 62135 62149 62163
62180 62236 62194 62208 62222
62237 62264 62243 62249 62255
62265 62309 62276 62287 62298
62310 62328 62314 62318 62322
62329 62412 62349 62369 62389
62413 62872 62527 62641 62755
62873 63058 62919 62965 63011
63059 63188 63091 63123 63155
63189 63357 63231 63273 63315
63358 63451 63381 63404 63427
63452 63498 63463 63474 63485
63499 63589 63521 63543 63565
63590 63647 63604 63618 63632
63648 63681 63656 63664 63672
63682 63719 63691 63700 63709
63720 63754 63728 63736 63744
63755 63879 63786 63817 63848
63880 63918 63889 63898 63907
63919 63982 63934 63949 63964
63983 64029 63994 64005 64016
64030 64081 64042 64054 64066
64082 64137 64095 64108 64121
64138 64159 64143 64148 64153
64160 64192 64168 64176 64184
64193 64270 64212 64231 64250
64271 64413 64306 64341 64376
64414 64473 64428 64442 64456
64474 64506 64482 64490 64498
64507 64551 64518 64529 64540
64552 64602 64564 64576 64588
64603 64716 64631 64659 64687
64717 64749 64725 64733 64741
64750 64809 64764 64778 64792
64810 64830 64815 64820 64825
64831 64871 64841 64851 64861
64872 64897 64878 64884 64890
64898 64943 64909 64920 64931
64944 64968 64950 64956 64962
64969 64998 64976 64983 64990
64999 65022 65004 65009 65014
65023 65044 65028 65033 65038
65045 65069 65051 65057 65063
65070 65102 65078 65086 65094
65103 65120 65107 65111 65115
65121 65144 65126 65131 65136
65145 65185 65155 65165 65175
65186 65226 65196 65206 65216
65227 65270 65237 65247 65257
65271 65327 65285 65299 65313
65328 65400 65346 65364 65382
65401 65419 65405 65409 65413
65420 65500 65440 65460 65480
65501 65517 65505 65509 65513
65518 65536 65522 65526 65530
65537 65586 65549 65561 65573
65587 65611 65593 65599 65605
65612 65635 65617 65622 65627
65636 65676 65646 65656 65666
65677 65703 65683 65689 65695
65704 65743 65713 65722 65731
65744 65798 65757 65770 65783
65799 65839 65809 65819 65829
65840 65875 65848 65856 65864
65876 65900 65882 65888 65894
65901 65918 65905 65909 65913
65919 65935 65923 65927 65931
65936 65955 65940 65944 65948
65956 65996 65966 65976 65986
65997 66170 66040 66083 66126
66171 66251 66191 66211 66231
66252 66501 66314 66376 66438
66502 66574 66520 66538 66556
66575 66704 66607 66639 66671
66705 66891 66751 66797 66843
66892 67001 66919 66946 66973
67002 67083 67022 67042 67062
67084 67150 67100 67116 67132
67151 67319 67193 67235 67277
67320 67355 67328 67336 67344
67356 67376 67361 67366 67371
67377 67460 67397 67417 67437
67461 67484 67466 67471 67476
67485 67551 67501 67517 67533
67552 67593 67562 67572 67582
67594 67647 67607 67620 67633
67648 67700 67661 67674 67687
67701 67742 67711 67721 67731
67743 67856 67771 67799 67827
67857 68101 67918 67979 68040
68102 68157 68115 68128 68141
68158 68199 68168 68178 68188
68200 68244 68211 68222 68233
68245 68358 68273 68301 68329
68359 68447 68381 68403 68425
68448 68524 68467 68486 68505
68525 68581 68539 68553 68567
68582 68666 68603 68624 68645
68667 68733 68683 68699 68715
68734 68778 68745 68756 68767
68779 68903 68810 68841 68872
68904 68936 68912 68920 68928
68937 68975 68946 68955 68964
68976 69044 68993 69010 69027
69045 69112 69061 69077 69093
69113 69190 69132 69151 69170
69191 69255 69207 69223 69239
69256 69295 69265 69274 69283
69296 69371 69314 69332 69350
69372 69443 69389 69406 69423
69444 69504 69459 69474 69489
69505 69587 69525 69545 69565
69588 69616 69595 69602 69609
69617 69674 69631 69645 69659
69675 69727 69688 69701 69714
69728 69774 69739 69750 69761
69775 69906 69807 69839 69871
69907 70010 69932 69957 69982
70011 70068 70025 70039 70053
70069 70116 70080 70091 70102
70117 70152 70125 70133 70141
70153 70193 70163 70173 70183
70194 70241 70205 70216 70227
70242 70292 70254 70266 70278
70293 70319 70299 70305 70311
70320 70406 70341 70362 70383
70407 70440 70415 70423 70431
70441 70471 70448 70455 70462
70472 70529 70486 70500 70514
70530 70582 70543 70556 70569
70583 70632 70595 70607 70619
70633 70693 70648 70663 70678
70694 70799 70720 70746 70772
70800 70914 70828 70856 70884
70915 70948 70923 70931 70939
70949 71017 70966 70983 71000
71018 71090 71036 71054 71072
71091 71141 71103 71115 71127
71142 71261 71171 71200 71229
71262 71279 71266 71270 71274
71280 71370 71302 71324 71346
71371 71462 71393 71415 71437
71463 71522 71477 71491 71505
71523 71699 71567 71611 71655
71700 71821 71730 71760 71790
71822 71883 71837 71852 71867
71884 72008 71915 71946 71977
72009 72106 72033 72057 72081
72107 72149 72117 72127 72137
72150 72177 72156 72162 72168
72178 72250 72196 72214 72232
72251 72287 72260 72269 72278
72288 72322 72296 72304 72312
72323 72356 72331 72339 72347
72357 72452 72380 72403 72426
72453 72496 72463 72473 72483
72497 72554 72511 72525 72539
72555 72653 72579 72603 72627
72654 72690 72663 72672 72681
72691 72756 72707 72723 72739
72757 72777 72762 72767 72772
72778 72813 72786 72794 72802
72814 72842 72821 72828 72835
72843 72881 72852 72861 72870
72882 72916 72890 72898 72906
72917 72971 72930 72943 72956
72972 73003 72979 72986 72993
73004 73026 73009 73014 73019
73027 73058 73034 73041 73048
73059 73114 73072 73085 73098
73115 73265 73152 73189 73226
73266 73302 73275 73284 73293
73303 73367 73319 73335 73351
73368 73503 73401 73434 73467
73504 73773 73571 73638 73705
73774 73860 73795 73816 73837
73861 73908 73872 73883 73894
73909 74021 73937 73965 73993
74022 74224 74072 74122 74172
74225 74322 74249 74273 74297
74323 74389 74339 74355 74371
74390 74453 74405 74420 74435
74454 74550 74478 74502 74526
74551 74659 74578 74605 74632
74660 74834 74703 74746 74789
74835 75121 74876 74917 75090
75122 75190 75139 75156 75173
75191 75302 75218 75245 75272
75303 75393 75325 75347 75369
75394 75453 75408 75422 75436
75454 75504 75466 75478 75490
75505 75521 75509 75513 75517
75522 75626 75548 75574 75600
75627 75663 75636 75645 75654
75664 75687 75669 75674 75679
75688 75717 75695 75702 75709
75718 75757 75727 75736 75745
75758 75788 75765 75772 75779
75789 75820 75796 75803 75810
75821 75854 75829 75837 75845
75855 75877 75860 75865 75870
75878 75898 75883 75888 75893
75899 75915 75903 75907 75911
75916 75932 75920 75924 75928
75933 75950 75937 75941 75945
75951 75969 75955 75959 75963
75970 75991 75975 75980 75985
75992 76024 76000 76008 76016
76025 76043 76029 76033 76037
76044 76336 76117 76190 76263
76337 76363 76343 76349 76355
76364 76383 76368 76372 76376
76384 76408 76390 76396 76402
76409 76449 76419 76429 76439
76450 76489 76459 76468 76477
76490 76520 76497 76504 76511
76521 76551 76528 76535 76542
76552 76575 76557 76562 76567
76576 76609 76584 76592 76600
76610 76629 76614 76618 76622
76630 76653 76635 76640 76645
76654 76682 76661 76668 76675
76683 76703 76688 76693 76698
76704 76725 76709 76714 76719
76726 76742 76730 76734 76738
76743 76769 76749 76755 76761
76770 76795 76776 76782 76788
76796 76817 76801 76806 76811
76818 76834 76822 76826 76830
76835 76864 76842 76849 76856
76865 76908 76875 76885 76895
76909 76951 76919 76929 76939
76952 76988 76961 76970 76979
76989 77021 76997 77005 77013
77022 77061 77031 77040 77049
77062 77089 77068 77074 77080
77090 77109 77094 77098 77102
77110 77163 77123 77136 77149
77164 77233 77181 77198 77215
77234 77286 77247 77260 77273
77287 77323 77296 77305 77314
77324 77392 77341 77358 77375
77393 77422 77400 77407 77414
77423 77463 77433 77443 77453
77464 77487 77469 77474 77479
77488 77513 77494 77500 77506
77514 77534 77519 77524 77529
77535 77566 77542 77549 77556
77567 77606 77576 77585 77594
77607 77626 77611 77615 77619
77627 77650 77632 77637 77642
77651 77676 77657 77663 77669
77677 77694 77681 77685 77689
77695 77717 77700 77705 77710
77718 77746 77725 77732 77739
77747 77775 77754 77761 77768
77776 77821 77787 77798 77809
77822 77846 77828 77834 77840
77847 77864 77851 77855 77859
77865 77899 77873 77881 77889
77900 77945 77911 77922 77933
77946 77962 77950 77954 77958
77963 78009 77974 77985 77996
78010 78033 78015 78020 78025
78034 78068 78042 78050 78058
78069 78116 78080 78091 78102
78117 78151 78125 78133 78141
78152 78171 78156 78160 78164
78172 78194 78177 78182 78187
78195 78276 78215 78235 78255
78277 78294 78281 78285 78289
78295 78313 78299 78303 78307
78314 78358 78325 78336 78347
78359 78393 78367 78375 78383
78394 78418 78400 78406 78412
78419 78440 78424 78429 78434
78441 78466 78447 78453 78459
78467 78492 78473 78479 78485
78493 78522 78500 78507 78514
78523 78583 78538 78553 78568
78584 78609 78590 78596 78602
78610 78631 78615 78620 78625
78632 78752 78662 78692 78722
78753 78776 78758 78763 78768
78777 78793 78781 78785 78789
78794 78811 78798 78802 78806
78812 78843 78819 78826 78833
78844 78871 78850 78856 78862
78872 78911 78881 78890 78899
78912 78937 78918 78924 78930
78938 78985 78949 78960 78971
78986 79088 79011 79036 79061
79089 79132 79099 79109 79119
79133 79168 79141 79149 79157
79169 79243 79187 79205 79223
79244 79273 79251 79258 79265
79274 79311 79283 79292 79301
79312 79339 79318 79324 79330
79340 79356 79344 79348 79352
79357 79397 79367 79377 79387
79398 79422 79404 79410 79416
79423 79469 79434 79445 79456
79470 79495 79476 79482 79488
79496 79515 79500 79504 79508
79516 79537 79521 79526 79531
79538 79637 79562 79586 79610
79638 79659 79643 79648 79653
79660 79689 79667 79674 79681
79690 79746 79704 79718 79732
79747 79791 79758 79769 79780
79792 79830 79801 79810 79819
79831 79886 79844 79857 79870
79887 79912 79893 79899 79905
79913 79967 79926 79939 79952
79968 80060 79991 80014 80037
80061 80095 80069 80077 80085
80096 80127 80103 80110 80117
80128 80153 80134 80140 80146
80154 80183 80161 80168 80175
80184 80214 80191 80198 80205
80215 80239 80221 80227 80233
80240 80321 80260 80280 80300
80322 80346 80328 80334 80340
80347 80368 80352 80357 80362
80369 80388 80373 80377 80381
80389 80424 80397 80405 80413
80425 80449 80431 80437 80443
80450 80488 80459 80468 80477
80489 80545 80503 80517 80531
80546 80562 80550 80554 80558
80563 80644 80583 80603 80623
80645 80735 80667 80689 80711
80736 80808 80754 80772 80790
80809 80895 80830 80851 80872
80896 81009 80924 80952 80980
81010 81098 81032 81054 81076
81099 81153 81112 81125 81138
81154 81216 81169 81184 81199
81217 81242 81223 81229 81235
81243 81271 81250 81257 81264
81272 81311 81281 81290 81299
81312 81344 81320 81328 81336
81345 81403 81359 81373 81387
81404 81438 81412 81420 81428
81439 81504 81455 81471 81487
81505 81540 81513 81521 81529
81541 81576 81549 81557 81565
81577 81743 81618 81659 81700
81744 81800 81758 81772 81786
81801 81824 81806 81811 81816
81825 81859 81833 81841 81849
81860 82035 81903 81946 81989
82036 82156 82066 82096 82126
82157 82407 82219 82281 82343
82408 82512 82434 82460 82486
82513 82593 82533 82553 82573
82594 82661 82610 82626 82642
82662 82750 82684 82706 82728
82751 82814 82766 82781 82796
82815 82863 82827 82839 82851
82864 82937 82882 82900 82918
82938 82973 82946 82954 82962
82974 83098 83005 83036 83067
83099 83127 83106 83113 83120
83128 83194 83144 83160 83176
83195 83266 83212 83229 83246
83267 83393 83298 83329 83360
83394 83428 83402 83410 83418
83429 83468 83438 83447 83456
83469 83520 83481 83493 83505
83521 83563 83531 83541 83551
83564 83668 83590 83616 83642
83669 83806 83703 83737 83771
83807 83951 83843 83879 83915
83952 83975 83957 83962 83967
83976 83992 83980 83984 83988
83993 84052 84007 84021 84035
84053 84091 84062 84071 84080
84092 84213 84122 84152 84182
84214 84239 84220 84226 84232
84240 84401 84280 84320 84360
84402 84451 84414 84426 84438
84452 84480 84459 84466 84473
84481 84522 84491 84501 84511
84523 84714 84570 84617 84664
84715 84946 84772 84829 84886
84947 85001 84960 84973 84986
85002 85124 85032 85062 85092
85125 85188 85140 85155 85170
85189 85273 85210 85231 85252
85274 85382 85301 85328 85355
85383 85426 85393 85403 85413
85427 85476 85439 85451 85463
85477 85538 85492 85507 85522
85539 85611 85557 85575 85593
85612 85642 85619 85626 85633
85643 85684 85653 85663 85673
85685 85712 85691 85697 85703
85713 85740 85719 85725 85731
85741 85847 85767 85793 85819
85848 85881 85856 85864 85872
85882 85939 85896 85910 85924
85940 85954 85943 85946 85949
85955 86013 85969 85983 85997
86014 86061 86025 86036 86047
86062 86161 86086 86110 86134
86162 86217 86175 86188 86201
86218 86288 86235 86252 86269
86289 86373 86310 86331 86352
86374 86483 86401 86428 86455
86484 86552 86501 86518 86535
86553 86603 86565 86577 86589
86604 86663 86618 86632 86646
86664 86728 86680 86696 86712
86729 86759 86736 86743 86750
86760 86800 86770 86780 86790
86801 86823 86806 86811 86816
86824 86875 86836 86848 86860
86876 87026 86913 86950 86987
87027 87103 87046 87065 87084
87104 87280 87148 87192 87236
87281 87342 87296 87311 87326
87343 87385 87353 87363 87373
87386 87442 87400 87414 87428
87443 87491 87455 87467 87479
87492 87634 87527 87562 87597
87635 87695 87650 87665 87680
87696 87766 87713 87730 87747
87767 87788 87772 87777 87782
87789 87849 87804 87819 87834
87850 87979 87882 87914 87946
87980 88054 87998 88016 88034
88055 88222 88096 88137 88178
88223 88284 88238 88253 88268
88285 88428 88320 88355 88390
88429 88557 88461 88493 88525
88558 88716 88597 88636 88675
88717 88805 88739 88761 88783
88806 88991 88852 88898 88944
88992 89156 89033 89074 89115
89157 89227 89174 89191 89208
89228 89292 89244 89260 89276
89293 89358 89309 89325 89341
89359 89387 89366 89373 89380
89388 89422 89396 89404 89412
89423 89516 89446 89469 89492
89517 89627 89544 89571 89598
89628 89664 89637 89646 89655
89665 89686 89670 89675 89680
89687 89714 89693 89699 89705
89715 89771 89729 89743 89757
89772 89856 89793 89814 89835
89857 89903 89868 89879 89890
89904 90014 89927 89950 90009
90015 90302 90086 90157 90228
90303 90341 90312 90321 90330
90342 90373 90349 90356 90363
90374 90424 90386 90398 90410
90425 90545 90455 90485 90515
90546 90631 90567 90588 90609
90632 90674 90642 90652 90662
90675 90751 90694 90713 90732
90752 90839 90773 90794 90815
90840 91078 90899 90958 91017
91079 91130 91091 91103 91115
91131 91291 91171 91211 91251
91292 91333 91302 91312 91322
91334 91371 91343 91352 91361
91372 91444 91390 91408 91426
91445 91580 91478 91511 91544
91581 91646 91597 91613 91629
91647 91684 91656 91665 91674
91685 91831 91721 91757 91793
91832 92006 91875 91918 91961
92007 92091 92028 92049 92070
92092 92142 92104 92116 92128
92143 92205 92158 92173 92188
92206 92364 92245 92284 92323
92365 92432 92381 92397 92413
92433 92555 92463 92493 92523
92556 92706 92593 92630 92667
92707 92986 92776 92845 92914
92987 93049 93002 93017 93032
93050 93094 93061 93072 93083
93095 93136 93105 93115 93125
93137 93166 93144 93151 93158
93167 93217 93179 93191 93203
93218 93282 93234 93250 93266
93283 93400 93312 93341 93370
93401 93425 93407 93413 93419
93426 93479 93439 93452 93465
93480 93519 93489 93498 93507
93520 93559 93529 93538 93547
93560 93582 93565 93570 93575
93583 93602 93587 93591 93595
93603 93641 93612 93621 93630
93642 93671 93649 93656 93663
93672 93693 93677 93682 93687
93694 93752 93708 93722 93736
93753 93789 93762 93771 93780
93790 93827 93799 93808 93817
93828 93865 93837 93846 93855
93866 94026 93906 93946 93986
94027 94095 94044 94061 94078
94096 94129 94104 94112 94120
94130 94149 94134 94138 94142
94150 94176 94156 94162 94168
94177 94234 94191 94205 94219
94235 94272 94244 94253 94262
94273 94360 94294 94315 94336
94361 94437 94380 94399 94418
94438 94511 94456 94474 94492
94512 94587 94530 94548 94566
94588 94655 94604 94620 94636
94656 94722 94672 94688 94704
94723 94765 94733 94743 94753
94766 94806 94776 94786 94796
94807 94930 94837 94867 94897
94931 94995 94947 94963 94979
94996 95137 95031 95066 95101
95138 95392 95201 95264 95327
95393 95501 95420 95447 95474
95502 95589 95523 95544 95565
95590 95897 95666 95742 95818
95898 96087 95945 95992 96039
96088 96139 96100 96112 96124
96140 96205 96156 96172 96188
96206 96240 96214 96222 96230
96241 96332 96263 96285 96307
96333 96353 96338 96343 96348
96354 96433 96373 96392 96411
96434 96452 96438 96442 96446
96453 96472 96457 96461 96465
96473 96509 96482 96491 96500
96510 96528 96514 96518 96522
96529 96644 96557 96585 96613
96645 96700 96658 96671 96684
96701 96753 96714 96727 96740
96754 96778 96760 96766 96772
96779 96799 96784 96789 96794
96800 96819 96804 96808 96812
96820 96877 96834 96848 96862
96878 97010 96911 96944 96977
97011 97050 97020 97029 97038
97051 97074 97056 97061 97066
97075 97100 97081 97087 97093
97101 97127 97107 97113 97119
97128 97180 97141 97154 97167
97181 97309 97213 97245 97277
97310 97381 97327 97344 97361
97382 97579 97431 97480 97529
97580 97639 97594 97608 97622
97640 97701 97655 97670 97685
97702 98069 97793 97884 97975
98070 98233 98110 98150 98190
98234 98563 98316 98398 98480
98564 98772 98616 98668 98720
98773 99077 98849 98925 99001
99078 99218 99113 99148 99183
99219 99263 99230 99241 99252
99264 99292 99271 99278 99285
99293 99371 99312 99331 99350
99372 99411 99381 99390 99399
99412 99451 99421 99430 99439
99452 99572 99482 99512 99542
99573 99663 99595 99617 99639
99664 99703 99673 99682 99691
99704 99740 99713 99722 99731
99741 99826 99762 99783 99804
99827 99859 99835 99843 99851
99860 99883 99865 99870 99875
99884 99977 99907 99930 99953
99978 100034 99992 100006 100020
100035 100064 100042 100049 100056
100065 100092 100071 100077 100083
100093 100119 100099 100105 100111
100120 100150 100127 100134 100141
100151 100186 100159 100167 100175
100187 100219 100195 100203 100211
100220 100294 100238 100256 100274
100295 100342 100306 100317 100328
100343 100645 100418 100493 100568
100646 100882 100705 100764 100823
100883 100925 100893 100903 100913
100926 100970 100937 100948 100959
100971 101081 100998 101025 101052
101082 101112 101089 101096 101103
101113 101178 101129 101145 101161
101179 101224 101190 101201 101212
101225 101290 101241 101257 101273
101291 101329 101300 101309 101318
101330 101365 101338 101346 101354
101366 101393 101372 101378 101384
101394 101505 101421 101448 101475
101506 101606 101531 101556 101581
101607 101748 101642 101677 101712
101749 101780 101756 101763 101770
101781 101915 101814 101847 101880
101916 101945 101923 101930 101937
101946 101968 101951 101956 101961
101969 102005 101978 101987 101996
102006 102042 102015 102024 102033
102043 102078 102051 102059 102067
102079 102101 102084 102089 102094
102102 102119 102106 102110 102114
102120 102136 102124 102128 102132
102137 102162 102143 102149 102155
102163 102192 102170 102177 102184
102193 102255 102208 102223 102238
102256 102296 102266 102276 102286
102297 102342 102308 102319 102330
102343 102391 102355 102367 102379
102392 102426 102400 102408 102416
102427 102494 102443 102459 102475
102495 102564 102512 102529 102546
102565 102642 102584 102603 102622
102643 102697 102656 102669 102682
102698 102729 102705 102712 102719
102730 102771 102740 102750 102760
102772 102842 102789 102806 102823
102843 102987 102879 102915 102951
102988 103073 103009 103030 103051
103074 103234 103114 103154 103194
103235 103285 103247 103259 103271
103286 103318 103294 103302 103310
103319 103418 103343 103367 103391
103419 103445 103425 103431 103437
103446 103463 103450 103454 103458
103464 103499 103472 103480 103488
103500 103516 103504 103508 103512
103517 103548 103524 103531 103538
103549 103581 103557 103565 103573
103582 103601 103586 103590 103594
103602 103637 103610 103618 103626
103638 103664 103644 103650 103656
103665 103686 103670 103675 103680
103687 103723 103696 103705 103714
103724 103743 103728 103732 103736
103744 103804 103759 103774 103789
103805 103831 103811 103817 103823
103832 103855 103837 103842 103847
103856 103872 103860 103864 103868
103873 103898 103879 103885 103891
103899 103993 103922 103945 103968
103994 104013 103998 104002 104006
104014 104032 104018 104022 104026
104033 104051 104037 104041 104045
104052 104071 104056 104060 104064
104072 104096 104078 104084 104090
104097 104161 104113 104129 104145
104162 104192 104169 104176 104183
104193 104228 104201 104209 104217
104229 104252 104234 104239 104244
104253 104276 104258 104263 104268
104277 104312 104285 104293 104301
104313 104349 104322 104331 104340
104350 104384 104358 104366 104374
104385 104462 104404 104423 104442
104463 104480 104467 104471 104475
104481 104498 104485 104489 104493
104499 104522 104504 104509 104514
104523 104554 104530 104537 104544
104555 104602 104566 104577 104588
104603 104621 104607 104611 104615
104622 104645 104627 104632 104637
104646 104689 104656 104666 104676
104690 104745 104703 104716 104729
104746 104790 104757 104768 104779
104791 104812 104796 104801 104806
104813 104830 104817 104821 104825
104831 104852 104836 104841 104846
104853 104898 104864 104875 104886
104899 104975 104918 104937 104956
104976 105047 104981 104986 105033
105048 105088 105058 105068 105078
105089 105143 105102 105115 105128
105144 105191 105155 105166 105177
105192 105224 105200 105208 105216
105225 105248 105230 105235 105240
105249 105327 105268 105287 105306
105328 105419 105350 105372 105394
105420 105457 105429 105438 105447
105458 105477 105462 105466 105470
105478 105512 105486 105494 105502
105513 105529 105517 105521 105525
105530 105549 105534 105538 105542
105550 105593 105560 105570 105580
105594 105623 105601 105608 105615
105624 105663 105633 105642 105651
105664 105688 105670 105676 105682
105689 105790 105714 105739 105764
105791 105814 105796 105801 105806
105815 105962 105851 105887 105923
105963 106010 105974 105985 105996
106011 106031 106016 106021 106026
106032 106051 106036 106040 106044
106052 106083 106059 106066 106073
106084 106164 106104 106124 106144
106165 106181 106169 106173 106177
106182 106211 106189 106196 106203
106212 106243 106219 106226 106233
106244 106275 106251 106258 106265
106276 106309 106284 106292 106300
106310 106336 106316 106322 106328
106337 106393 106351 106365 106379
106394 106439 106405 106416 106427
106440 106466 106446 106452 106458
106467 106492 106473 106479 106485
106493 106519 106499 106505 106511
106520 106559 106529 106538 106547
106560 106592 106568 106576 106584
106593 106637 106604 106615 106626
106638 106668 106645 106652 106659
106669 106695 106675 106681 106687
106696 106730 106704 106712 106720
106731 106750 106735 106739 106743
106751 106778 106757 106763 106769
106779 106800 106784 106789 106794
106801 106818 106805 106809 106813
106819 106854 106827 106835 106843
106855 106891 106864 106873 106882
106892 106915 106897 106902 106907
106916 106933 106920 106924 106928
106934 106959 106940 106946 106952
106960 106983 106965 106970 106975
106984 107008 106990 106996 107002
107009 107039 107016 107023 107030
107040 107080 107050 107060 107070
107081 107132 107093 107105 107117
107133 107154 107138 107143 107148
107155 107260 107181 107207 107233
107261 107277 107265 107269 107273
107278 107305 107284 107290 107296
107306 107324 107310 107314 107318
107325 107342 107329 107333 107337
107343 107365 107348 107353 107358
107366 107394 107373 107380 107387
107395 107435 107405 107415 107425
107436 107557 107466 107496 107526
107558 107606 107570 107582 107594
107607 107653 107618 107629 107640
107654 107687 107662 107670 107678
107688 107705 107692 107696 107700
107706 107736 107713 107720 107727
107737 107777 107747 107757 107767
107778 107810 107786 107794 107802
107811 107827 107815 107819 107823
107828 107875 107839 107850 107861
107876 107919 107886 107896 107906
107920 107964 107931 107942 107953
107965 107998 107973 107981 107989
107999 108052 108012 108025 108038
108053 108107 108066 108079 108092
108108 108125 108112 108116 108120
108126 108144 108130 108134 108138
108145 108198 108158 108171 108184
108199 108235 108208 108217 108226
108236 108257 108241 108246 108251
108258 108315 108272 108286 108300
108316 108360 108327 108338 108349
108361 108457 108385 108409 108433
108458 108566 108485 108512 108539
108567 108686 108596 108625 108654
108687 108750 108702 108717 108732
108751 108821 108768 108785 108802
108822 108859 108831 108840 108849
108860 108892 108868 108876 108884
108893 108914 108898 108903 108908
108915 108976 108930 108945 108960
108977 109012 108985 108993 109001
109013 109062 109025 109037 109049
109063 109099 109072 109081 109090
109100 109124 109106 109112 109118
109125 109142 109129 109133 109137
109143 109175 109151 109159 109167
109176 109215 109185 109194 109203
109216 109234 109220 109224 109228
109235 109251 109239 109243 109247
109252 109291 109261 109270 109279
109292 109338 109303 109314 109325
109339 109372 109347 109355 109363
109373 109399 109379 109385 109391
109400 109422 109405 109410 109415
109423 109456 109431 109439 109447
109457 109480 109462 109467 109472
109481 109526 109492 109503 109514
109527 109565 109536 109545 109554
109566 109621 109579 109592 109605
109622 109651 109629 109636 109643
109652 109669 109656 109660 109664
109670 109698 109677 109684 109691
109699 109716 109703 109707 109711
109717 109878 109757 109797 109837
109879 109895 109883 109887 109891
109896 109919 109901 109906 109911
109920 110005 109941 109962 109983
110006 110032 110012 110018 110024
110033 110049 110037 110041 110045
110050 110088 110059 110068 110077
110089 110168 110108 110127 110146
110169 110305 110203 110237 110271
110306 110350 110317 110328 110339
110351 110400 110363 110375 110387
110401 110465 110417 110433 110449
110466 110550 110487 110508 110529
110551 110798 110612 110673 110734
110799 110925 110830 110861 110892
110926 111379 111039 111152 111265
111380 111558 111424 111468 111512
111559 111701 111594 111629 111664
111702 112063 111792 111882 111972
112064 112082 112068 112072 112076
112083 112116 112091 112099 112107
112117 112212 112140 112163 112186
112213 112296 112233 112253 112273
112297 113640 112632 112967 113302
113641 113917 113710 113779 113848
113918 113978 113933 113948 113963
113979 114066 114000 114021 114042
114067 114159 114090 114113 114136
114160 114243 114180 114200 114220
114244 114293 114256 114268 114280
114294 114396 114319 114344 114369
114397 114417 114402 114407 114412
114418 114465 114429 114440 114451
114466 114490 114472 114478 114484
114491 114622 114523 114555 114587
114623 114648 114629 114635 114641
114649 114684 114657 114665 114673
114685 114719 114693 114701 114709
114720 114752 114728 114736 114744
114753 114815 114768 114783 114798
114816 114867 114828 114840 114852
114868 114989 114898 114928 114958
114990 115036 115001 115012 115023
115037 115101 115053 115069 115085
115102 115147 115113 115124 115135
115148 115201 115161 115174 115187
115202 115236 115210 115218 115226
115237 115331 115260 115283 115306
115332 115366 115340 115348 115356
115367 115418 115379 115391 115403
115419 115456 115428 115437 115446
115457 115497 115467 115477 115487
115498 115547 115510 115522 115534
115548 115606 115562 115576 115590
115607 115740 115640 115673 115706
115741 115799 115755 115769 115783
115800 115848 115812 115824 115836
115849 116039 115896 115943 115990
116040 116188 116077 116114 116151
116189 116269 116209 116229 116249
116270 116316 116281 116292 116303
116317 116419 116342 116367 116392
116420 116493 116438 116456 116474
116494 116545 116506 116518 116530
116546 116857 116623 116700 116777
116858 116936 116877 116896 116915
116937 116992 116950 116963 116976
116993 117022 117000 117007 117014
117023 117130 117049 117075 117101
117131 117193 117146 117161 117176
117194 117216 117199 117204 117209
117217 117234 117221 117225 117229
117235 117353 117264 117293 117322
117354 117451 117378 117402 117426
117452 117493 117462 117472 117482
117494 117825 117576 117658 117740
117826 117890 117842 117858 117874
117891 117952 117906 117921 117936
117953 118011 117967 117981 117995
118012 118133 118042 118072 118102
118134 118233 118158 118182 118206
118234 118372 118268 118302 118336
118373 118456 118393 118413 118433
118457 118488 118464 118471 118478
118489 118545 118503 118517 118531
118546 118662 118575 118604 118633
118663 118723 118678 118693 118708
118724 118788 118740 118756 118772
118789 118896 118815 118841 118867
118897 118984 118918 118939 118960
118985 119366 119080 119175 119270
119367 119437 119384 119401 119418
119438 119512 119456 119474 119492
119513 119646 119546 119579 119612
119647 119690 119657 119667 119677
119691 119712 119696 119701 119706
119713 119804 119735 119757 119779
119805 119846 119815 119825 119835
119847 120019 119885 119923 120012
120020 120052 120028 120036 120044
120053 120085 120061 120069 120077
120086 120114 120093 120100 120107
120115 120137 120120 120125 120130
120138 120306 120180 120222 120264
120307 120342 120315 120323 120331
120343 120400 120357 120371 120385
120401 120503 120426 120451 120476
120504 120579 120522 120540 120558
120580 120604 120586 120592 120598
120605 120629 120611 120617 120623
120630 120684 120643 120656 120669
120685 120862 120729 120773 120817
120863 120918 120876 120889 120902
120919 121047 120951 120983 121015
121048 121229 121093 121138 121183
121230 121256 121236 121242 121248
121257 121334 121276 121295 121314
121335 121435 121360 121385 121410
121436 121512 121455 121474 121493
121513 121580 121529 121545 121561
121581 121639 121595 121609 121623
121640 121755 121668 121696 121724
121756 121847 121778 121800 121822
121848 122009 121888 121928 121968
122010 122070 122025 122040 122055
122071 122118 122082 122093 122104
122119 122171 122132 122145 122158
122172 122250 122191 122210 122229
122251 122604 122339 122427 122515
122605 122666 122620 122635 122650
122667 122698 122674 122681 122688
122699 122722 122704 122709 122714
122723 122795 122741 122759 122777
122796 122870 122814 122832 122850
122871 123065 122919 122967 123015
123066 123193 123097 123128 123159
123194 123222 123201 123208 123215
123223 123312 123245 123267 123289
123313 123387 123331 123349 123367
123388 123434 123399 123410 123421
123435 123481 123446 123457 123468
123482 123770 123554 123626 123698
123771 123871 123796 123821 123846
123872 123890 123876 123880 123884
123891 123936 123902 123913 123924
123937 124054 123966 123995 124024
124055 124330 124123 124191 124259
124331 124424 124354 124377 124400
124425 124502 124444 124463 124482
124503 124576 124521 124539 124557
124577 124673 124601 124625 124649
124674 124899 124730 124786 124842
124900 125004 124926 124952 124978
125005 125028 125010 125015 125020
125029 125050 125034 125039 125044
125051 125086 125059 125067 125075
125087 125140 125100 125113 125126
125141 125233 125164 125187 125210
125234 125257 125239 125244 125249
125258 125327 125275 125292 125309
125328 125419 125350 125372 125394
125420 125469 125432 125444 125456
125470 125505 125478 125486 125494
125506 125575 125523 125540 125557
125576 125652 125595 125614 125633
125653 125706 125666 125679 125692
125707 125737 125714 125721 125728
125738 125820 125758 125778 125798
125821 125924 125846 125871 125896
125925 125991 125941 125957 125973
125992 126030 126001 126010 126019
126031 126061 126038 126045 126052
126062 126090 126069 126076 126083
126091 126206 126119 126147 126175
126207 126273 126223 126239 126255
126274 126331 126288 126302 126316
126332 126370 126341 126350 126359
126371 126422 126383 126395 126407
126423 126496 126441 126459 126477
126497 126532 126505 126513 126521
126533 126567 126541 126549 126557
126568 126606 126577 126586 126595
126607 126685 126626 126645 126664
126686 126747 126701 126716 126731
126748 126765 126752 126756 126760
126766 126788 126771 126776 126781
126789 126815 126795 126801 126807
126816 126832 126820 126824 126828
126833 126857 126839 126845 126851
126858 126905 126869 126880 126891
126906 126983 126925 126944 126963
126984 127018 126992 127000 127008
127019 127091 127037 127055 127073
127092 127117 127098 127104 127110
127118 127142 127124 127130 127136
127143 127172 127150 127157 127164
127173 127192 127177 127181 127185
127193 127211 127197 127201 127205
127212 127247 127220 127228 127236
127248 127270 127253 127258 127263
127271 127336 127287 127303 127319
127337 127370 127345 127353 127361
127371 127436 127387 127403 127419
127437 127462 127443 127449 127455
127463 127479 127467 127471 127475
127480 127496 127484 127488 127492
127497 127514 127501 127505 127509
127515 127543 127522 127529 127536
127544 127572 127551 127558 127565
127573 127616 127583 127593 127603
127617 127640 127622 127627 127632
127641 127667 127647 127653 127659
127668 127689 127673 127678 127683
127690 127713 127695 127700 127705
127714 127740 127720 127726 127732
127741 127764 127746 127751 127756
127765 127812 127776 127787 127798
127813 127846 127821 127829 127837
127847 127917 127864 127881 127898
127918 128129 127970 128022 128074
128130 128266 128164 128198 128232
128267 128353 128288 128309 128330
128354 128531 128398 128442 128486
128532 128576 128543 128554 128565
128577 128629 128590 128603 128616
128630 128742 128658 128686 128714
128743 128760 128747 128751 128755
128761 128852 128783 128805 128827
128853 128877 128859 128865 128871
128878 128948 128895 128912 128929
128949 129001 128962 128975 128988
129002 129043 129012 129022 129032
129044 129077 129052 129060 129068
129078 129205 129109 129140 129171
129206 129249 129216 129226 129236
129250 129299 129262 129274 129286
129300 129360 129315 129330 129345
129361 129426 129377 129393 129409
129427 129548 129457 129487 129517
129549 129674 129580 129611 129642
129675 129765 129697 129719 129741
129766 129901 129799 129832 129865
129902 129960 129916 129930 129944
129961 130032 129978 129995 130012
130033 130088 130046 130059 130072
130089 130165 130108 130127 130146
130166 130213 130177 130188 130199
130214 130234 130219 130224 130229
130235 130281 130246 130257 130268
130282 130397 130310 130338 130366
130398 130438 130408 130418 130428
130439 130485 130450 130461 130472
130486 130554 130503 130520 130537
130555 130596 130565 130575 130585
130597 130686 130619 130641 130663
130687 130755 130704 130721 130738
130756 130845 130778 130800 130822
130846 130906 130861 130876 130891
130907 130966 130921 130935 130949
130967 131019 130980 130993 131006
131020 131076 131034 131048 131062
131077 131148 131094 131111 131128
131149 131312 131189 131229 131269
131313 131371 131327 131341 131355
131372 131406 131380 131388 131396
131407 131457 131419 131431 131443
131458 131541 131478 131498 131518
131542 131569 131548 131554 131560
131570 131600 131577 131584 131591
131601 131628 131607 131613 131619
131629 131646 131633 131637 131641
131647 131685 131656 131665 131674
131686 131708 131691 131696 131701
131709 131730 131714 131719 131724
131731 131760 131738 131745 131752
131761 131785 131767 131773 131779
131786 131818 131794 131802 131810
131819 131843 131825 131831 131837
131844 131908 131860 131876 131892
131909 132215 131985 132061 132137
132216 132255 132225 132234 132243
132256 132322 132272 132288 132304
132323 132397 132341 132359 132377
132398 132453 132411 132424 132437
132454 132476 132459 132464 132469
132477 132500 132482 132487 132492
132501 132631 132533 132565 132597
132632 132735 132657 132682 132707
132736 133359 132891 133046 133201
133360 133441 133380 133400 133420
133442 133555 133470 133498 133526
133556 133591 133564 133572 133580
133592 133682 133614 133636 133658
133683 133790 133709 133735 133761
133791 133876 133812 133833 133854
133877 134097 133932 133987 134042
134098 134132 134106 134114 134122
134133 134254 134163 134193 134223
134255 134284 134262 134269 134276
134285 134324 134294 134303 134312
134325 134347 134330 134335 134340
134348 134376 134355 134362 134369
134377 134413 134386 134395 134404
134414 134448 134422 134430 134438
134449 134487 134458 134467 134476
134488 134531 134498 134508 134518
134532 134569 134541 134550 134559
134570 134617 134581 134592 134603
134618 134678 134633 134648 134663
134679 134753 134697 134715 134733
134754 134858 134780 134806 134832
134859 134878 134863 134867 134871
134879 134928 134891 134903 134915
134929 135033 134946 134963 135024
135034 135110 135053 135072 135091
135111 135148 135120 135129 135138
135149 135189 135159 135169 135179
135190 135213 135195 135200 135205
135214 135241 135220 135226 135232
135242 135264 135247 135252 135257
135265 135289 135271 135277 135283
135290 135586 135364 135438 135512
135587 135628 135597 135607 135617
135629 135675 135640 135651 135662
135676 135707 135683 135690 135697
135708 135788 135728 135748 135768
135789 136031 135849 135909 135969
136032 136103 136049 136066 136083
136104 136148 136115 136126 136137
136149 136179 136156 136163 136170
136180 136202 136185 136190 136195
136203 136239 136212 136221 136230
136240 136282 136250 136260 136270
136283 136429 136319 136355 136391
136430 136457 136436 136442 136448
136458 136514 136472 136486 136500
136515 136571 136529 136543 136557
136572 136659 136593 136614 136635
136660 136719 136674 136688 136702
136720 136758 136729 136738 136747
136759 136804 136770 136781 136792
136805 136914 136832 136859 136886
136915 137066 136952 136989 137026
137067 137125 137081 137095 137109
137126 137154 137133 137140 137147
137155 137175 137160 137165 137170
137176 137230 137189 137202 137215
137231 137261 137238 137245 137252
137262 137310 137274 137286 137298
137311 137330 137315 137319 137323
137331 137376 137342 137353 137364
137377 137491 137405 137433 137461
137492 137630 137526 137560 137594
137631 137673 137641 137651 137661
137674 137764 137696 137718 137740
137765 137807 137775 137785 137795
137808 137826 137812 137816 137820
137827 137849 137832 137837 137842
137850 137941 137872 137894 137916
137942 138016 137960 137978 137996
138017 138107 138039 138061 138083
138108 138159 138120 138132 138144
138160 138206 138171 138182 138193
138207 138274 138223 138239 138255
138275 138315 138285 138295 138305
138316 138493 138360 138404 138448
138494 138549 138507 138520 138533
138550 138641 138572 138594 138616
138642 138740 138666 138690 138714
138741 138788 138752 138763 138774
138789 138842 138802 138815 138828
138843 138874 138850 138857 138864
138875 138896 138880 138885 138890
138897 138933 138906 138915 138924
138934 139000 138950 138966 138982
139001 139042 139011 139021 139031
139043 139125 139063 139083 139103
139126 139161 139134 139142 139150
139162 139187 139168 139174 139180
139188 139226 139197 139206 139215
139227 139326 139251 139275 139299
139327 139349 139332 139337 139342
139350 139367 139354 139358 139362
139368 139409 139378 139388 139398
139410 139446 139419 139428 139437
139447 139465 139451 139455 139459
139466 139510 139477 139488 139499
139511 139538 139517 139523 139529
139539 139578 139548 139557 139566
139579 139615 139588 139597 139606
139616 139639 139621 139626 139631
139640 139680 139650 139660 139670
139681 139713 139689 139697 139705
139714 139753 139723 139732 139741
139754 139778 139760 139766 139772
139779 139824 139790 139801 139812
139825 139845 139830 139835 139840
139846 139881 139854 139862 139870
139882 139906 139888 139894 139900
139907 139939 139915 139923 139931
139940 139971 139947 139954 139961
139972 140011 139981 139990 139999
140012 140072 140027 140042 140057
140073 140104 140080 140087 140094
140105 140150 140116 140127 140138
140151 140168 140155 140159 140163
140169 140207 140178 140187 140196
140208 140316 140235 140262 140289
140317 140340 140322 140327 140332
140341 140366 140347 140353 140359
140367 140383 140371 140375 140379
140384 140457 140402 140420 140438
140458 140486 140465 140472 140479
140487 140515 140494 140501 140508
140516 140535 140520 140524 140528
140536 140557 140541 140546 140551
140558 140579 140563 140568 140573
140580 140600 140585 140590 140595
140601 140653 140614 140627 140640
140654 140680 140660 140666 140672
140681 140713 140689 140697 140705
140714 140739 140720 140726 140732
140740 140756 140744 140748 140752
140757 140773 140761 140765 140769
140774 140791 140778 140782 140786
140792 140830 140801 140810 140819
140831 140855 140837 140843 140849
140856 140880 140862 140868 140874
140881 140911 140888 140895 140902
140912 140946 140920 140928 140936
140947 140983 140956 140965 140974
140984 141015 140991 140998 141005
141016 141040 141022 141028 141034
141041 141059 141045 141049 141053
141060 141081 141065 141070 141075
141082 141102 141087 141092 141097
141103 141126 141108 141113 141118
141127 141143 141131 141135 141139
141144 141163 141148 141152 141156
141164 141206 141174 141184 141194
141207 141236 141214 141221 141228
141237 141254 141241 141245 141249
141255 141271 141259 141263 141267
141272 141295 141277 141282 141287
141296 141349 141309 141322 141335
141350 141430 141370 141390 141410
141431 141475 141442 141453 141464
141476 141666 141523 141570 141617
141667 141728 141682 141697 141712
141729 141773 141740 141751 141762
141774 141820 141785 141796 141807
141821 141906 141842 141863 141884
141907 141934 141913 141919 141925
141935 141958 141940 141945 141950
141959 142039 141979 141999 142019
142040 142069 142047 142054 142061
142070 142146 142089 142108 142127
142147 142207 142162 142177 142192
142208 142283 142226 142244 142262
142284 142327 142294 142304 142314
142328 142377 142340 142352 142364
142378 142415 142387 142396 142405
142416 142478 142431 142446 142461
142479 142502 142484 142489 142494
142503 142550 142514 142525 142536
142551 142570 142555 142559 142563
142571 142607 142580 142589 142598
142608 142634 142614 142620 142626
142635 142675 142645 142655 142665
142676 142695 142680 142684 142688
142696 142721 142702 142708 142714
142722 142740 142726 142730 142734
142741 142760 142745 142749 142753
142761 142780 142765 142769 142773
142781 142810 142788 142795 142802
142811 142827 142815 142819 142823
142828 142851 142833 142838 142843
142852 142874 142857 142862 142867
142875 142895 142880 142885 142890
142896 142913 142900 142904 142908
142914 142947 142922 142930 142938
142948 142986 142957 142966 142975
142987 143038 142999 143011 143023
143039 143092 143052 143065 143078
143093 143109 143097 143101 143105
143110 143136 143116 143122 143128
143137 143284 143173 143209 143245
143285 143376 143307 143329 143351
143377 143414 143386 143395 143404
143415 143438 143420 143425 143430
143439 143483 143450 143461 143472
143484 143577 143507 143530 143553
143578 143628 143590 143602 143614
143629 143658 143636 143643 143650
143659 143694 143667 143675 143683
143695 143755 143710 143725 143740
143756 144014 143820 143884 143948
144015 144036 144020 144025 144030
144037 144075 144046 144055 144064
144076 144123 144087 144098 144109
144124 144162 144133 144142 144151
144163 144179 144167 144171 144175
144180 144260 144200 144220 144240
144261 144278 144265 144269 144273
144279 144333 144292 144305 144318
144334 144396 144349 144364 144379
144397 144429 144405 144413 144421
144430 144540 144457 144484 144511
144541 144631 144563 144585 144607
144632 144702 144649 144666 144683
144703 144722 144707 144711 144715
144723 144796 144741 144759 144777
144797 144859 144812 144827 144842
144860 144930 144877 144894 144911
144931 144981 144943 144955 144967
144982 145067 145003 145024 145045
145068 145154 145089 145110 145131
145155 145660 145281 145407 145533
145661 145780 145690 145719 145748
145781 145798 145785 145789 145793
145799 145891 145822 145845 145868
145892 146016 145923 145954 145985
146017 146069 146030 146043 146056
146070 146214 146106 146142 146178
146215 146265 146227 146239 146251
146266 146294 146273 146280 146287
146295 146339 146306 146317 146328
146340 146375 146348 146356 146364
146376 146415 146385 146394 146403
146416 146476 146431 146446 146461
146477 146535 146491 146505 146519
146536 146560 146542 146548 146554
146561 146602 146571 146581 146591
146603 146714 146630 146657 146684
146715 146749 146723 146731 146739
146750 146796 146761 146772 146783
146797 146817 146802 146807 146812
146818 146878 146833 146848 146863
146879 146904 146885 146891 146897
146905 146924 146909 146913 146917
146925 147011 146946 146967 146988
147012 147819 147213 147414 147615
147820 148012 147868 147916 147964
148013 148188 148056 148099 148142
148189 148255 148205 148221 148237
148256 148323 148272 148288 148304
148324 148429 148350 148376 148402
148430 148510 148450 148470 148490
148511 148552 148521 148531 148541
148553 148599 148564 148575 148586
148600 148623 148605 148610 148615
148624 148668 148635 148646 148657
148669 148686 148673 148677 148681
148687 148734 148698 148709 148720
148735 148754 148739 148743 148747
148755 148771 148759 148763 148767
148772 148810 148781 148790 148799
148811 148845 148819 148827 148835
148846 148865 148850 148854 148858
148866 148883 148870 148874 148878
148884 148903 148888 148892 148896
148904 148933 148911 148918 148925
148934 148967 148942 148950 148958
148968 148992 148974 148980 148986
148993 149022 149000 149007 149014
149023 149068 149034 149045 149056
149069 149098 149076 149083 149090
149099 149135 149108 149117 149126
149136 149170 149144 149152 149160
149171 149209 149180 149189 149198
149210 149260 149222 149234 149246
149261 149346 149282 149303 149324
149347 149372 149353 149359 149365
149373 149400 149379 149385 149391
149401 149434 149409 149417 149425
149435 149456 149440 149445 149450
149457 149486 149464 149471 149478
149487 149515 149494 149501 149508
149516 149548 149524 149532 149540
149549 149584 149557 149565 149573
149585 149607 149590 149595 149600
149608 149632 149614 149620 149626
149633 149663 149640 149647 149654
149664 149725 149679 149694 149709
149726 149770 149737 149748 149759
149771 149881 149798 149825 149852
149882 149940 149896 149910 149924
149941 150019 149955 149969 150012
150020 150039 150024 150028 150032
150040 150057 150044 150048 150052
150058 150110 150071 150084 150097
150111 150127 150115 150119 150123
150128 150190 150143 150158 150173
150191 150220 150198 150205 150212
150221 150244 150226 150231 150236
150245 150283 150254 150263 150272
150284 150310 150290 150296 150302
150311 150339 150318 150325 150332
150340 150367 150346 150352 150358
150368 150413 150379 150390 150401
150414 150502 150436 150458 150480
150503 150593 150525 150547 150569
150594 150701 150620 150646 150672
150702 150750 150714 150726 150738
150751 150792 150761 150771 150781
150793 150918 150824 150855 150886
150919 150959 150929 150939 150949
150960 151007 150971 150982 150993
151008 151041 151016 151024 151032
151042 151128 151063 151084 151105
151129 151145 151133 151137 151141
151146 151167 151151 151156 151161
151168 151218 151180 151192 151204
151219 151277 151233 151247 151261
151278 151325 151289 151300 151311
151326 151352 151332 151338 151344
151353 151385 151361 151369 151377
151386 151414 151393 151400 151407
151415 151433 151419 151423 151427
151434 151453 151438 151442 151446
151454 151485 151461 151468 151475
151486 151504 151490 151494 151498
151505 151530 151511 151517 151523
151531 151555 151537 151543 151549
151556 151576 151561 151566 151571
151577 151623 151588 151599 151610
151624 151640 151628 151632 151636
151641 151701 151656 151671 151686
151702 151725 151707 151712 151717
151726 151783 151740 151754 151768
151784 151866 151804 151824 151844
151867 151981 151895 151923 151951
151982 152215 152040 152098 152156
152216 152268 152229 152242 152255
152269 152356 152290 152311 152332
152357 152533 152401 152445 152489
152534 152564 152541 152548 152555
152565 152596 152572 152579 152586
152597 152639 152607 152617 152627
152640 152676 152649 152658 152667
152677 152697 152682 152687 152692
152698 152745 152709 152720 152731
152746 152797 152758 152770 152782
152798 152818 152803 152808 152813
152819 152842 152824 152829 152834
152843 152876 152851 152859 152867
152877 152895 152881 152885 152889
152896 152918 152901 152906 152911
152919 152936 152923 152927 152931
152937 153037 152962 152987 153012
153038 153079 153048 153058 153068
153080 153122 153090 153100 153110
153123 153252 153155 153187 153219
153253 153709 153367 153481 153595
153710 153796 153731 153752 153773
153797 153839 153807 153817 153827
153840 153902 153855 153870 153885
153903 153980 153922 153941 153960
153981 154075 154004 154027 154050
154076 154128 154089 154102 154115
154129 154150 154134 154139 154144
154151 154173 154156 154161 154166
154174 154218 154185 154196 154207
154219 154237 154223 154227 154231
154238 154262 154244 154250 154256
154263 154286 154268 154273 154278
154287 154321 154295 154303 154311
154322 154344 154327 154332 154337
154345 154364 154349 154353 154357
154365 154381 154369 154373 154377
154382 154404 154387 154392 154397
154405 154427 154410 154415 154420
154428 154457 154435 154442 154449
154458 154489 154465 154472 154479
154490 154515 154496 154502 154508
154516 154535 154520 154524 154528
154536 154560 154542 154548 154554
154561 154586 154567 154573 154579
154587 154613 154593 154599 154605
154614 154631 154618 154622 154626
154632 154654 154637 154642 154647
154655 154676 154660 154665 154670
154677 154701 154683 154689 154695
154702 154727 154708 154714 154720
154728 154757 154735 154742 154749
154758 154779 154763 154768 154773
154780 154800 154785 154790 154795
154801 154832 154808 154815 154822
154833 154856 154838 154843 154848
154857 154894 154866 154875 154884
154895 154911 154899 154903 154907
154912 154964 154925 154938 154951
154965 154987 154970 154975 154980
154988 155011 154993 154998 155003
155012 155032 155017 155022 155027
155033 155107 155051 155069 155087
155108 155131 155113 155118 155123
155132 155159 155138 155144 155150
155160 155197 155169 155178 155187
155198 155232 155206 155214 155222
155233 155272 155242 155251 155260
155273 155314 155283 155293 155303
155315 155357 155325 155335 155345
155358 155523 155399 155440 155481
155524 155816 155597 155670 155743
155817 155959 155852 155887 155922
155960 156042 155980 156000 156020
156043 156094 156055 156067 156079
156095 156129 156103 156111 156119
156130 156165 156138 156146 156154
156166 156255 156188 156210 156232
156256 156310 156269 156282 156295
156311 156404 156334 156357 156380
156405 156624 156459 156513 156567
156625 156779 156663 156701 156739
156780 156848 156797 156814 156831
156849 156926 156868 156887 156906
156927 157004 156946 156965 156984
157005 157481 157124 157243 157362
157482 157576 157505 157528 157551
157577 157602 157583 157589 157595
157603 158180 157747 157891 158035
158181 158240 158195 158209 158223
158241 158283 158251 158261 158271
158284 158300 158288 158292 158296
158301 158356 158314 158327 158340
158357 158417 158372 158387 158402
158418 158453 158426 158434 158442
158454 158483 158461 158468 158475
158484 158521 158493 158502 158511
158522 158587 158538 158554 158570
158588 158654 158604 158620 158636
158655 158687 158663 158671 158679
158688 158947 158752 158816 158880
158948 159010 158963 158978 158993
159011 159062 159023 159035 159047
159063 159151 159085 159107 159129
159152 159214 159167 159182 159197
159215 169153 160661 162107 168114
