0 78 19 38 57
79 835 268 457 646
836 942 862 888 914
943 1280 1027 1111 1195
1281 1367 1302 1323 1344
1368 1444 1387 1406 1425
1445 1530 1466 1487 1508
1531 1554 1536 1541 1546
1555 1583 1562 1569 1576
1584 1636 1597 1610 1623
1637 1663 1643 1649 1655
1664 1696 1672 1680 1688
1697 1720 1702 1707 1712
1721 1790 1738 1755 1772
1791 2016 1847 1903 1959
2017 2097 2037 2057 2077
2098 2225 2129 2160 2191
2226 2294 2243 2260 2277
2295 2368 2313 2331 2349
2369 2394 2375 2381 2387
2395 2465 2412 2429 2446
2466 2678 2519 2572 2625
2679 2779 2704 2729 2754
2780 2854 2798 2816 2834
2855 2932 2874 2893 2912
2933 2996 2948 2963 2978
2997 3118 3027 3057 3087
3119 3170 3131 3143 3155
3171 3205 3179 3187 3195
3206 3267 3221 3236 3251
3268 3298 3275 3282 3289
3299 3339 3309 3319 3329
3340 3378 3349 3358 3367
3379 3413 3387 3395 3403
3414 3453 3423 3432 3441
3454 3498 3465 3476 3487
3499 3531 3507 3515 3523
3532 3548 3536 3540 3544
3549 3580 3556 3563 3570
3581 3634 3594 3607 3620
3635 3668 3643 3651 3659
3669 3717 3681 3693 3705
3718 3744 3724 3730 3736
3745 3761 3749 3753 3757
3762 3785 3767 3772 3777
3786 3803 3790 3794 3798
3804 3834 3811 3818 3825
3835 3928 3858 3881 3904
3929 3991 3944 3959 3974
3992 4036 4003 4014 4025
4037 4068 4044 4051 4058
4069 4118 4081 4093 4105
4119 4142 4124 4129 4134
4143 4169 4149 4155 4161
4170 4192 4175 4180 4185
4193 4214 4198 4203 4208
4215 4232 4219 4223 4227
4233 4272 4242 4251 4260
4273 4298 4279 4285 4291
4299 4327 4306 4313 4320
4328 4347 4332 4336 4340
4348 4380 4356 4364 4372
4381 4398 4385 4389 4393
4399 4435 4408 4417 4426
4436 4462 4442 4448 4454
4463 4514 4475 4487 4499
4515 4542 4521 4527 4533
4543 4561 4547 4551 4555
4562 4579 4566 4570 4574
4580 4620 4590 4600 4610
4621 4649 4628 4635 4642
4650 4706 4664 4678 4692
4707 4734 4713 4719 4725
4735 4755 4740 4745 4750
4756 4792 4765 4774 4783
4793 4853 4808 4823 4838
4854 4882 4861 4868 4875
4883 4928 4894 4905 4916
4929 5096 4970 5011 5052
5097 5127 5104 5111 5118
5128 5163 5136 5144 5152
5164 5180 5168 5172 5176
5181 5215 5189 5197 5205
5216 5232 5220 5224 5228
5233 5254 5238 5243 5248
5255 5272 5259 5263 5267
5273 5300 5279 5285 5291
5301 5346 5312 5323 5334
5347 5381 5355 5363 5371
5382 5426 5393 5404 5415
5427 5514 5448 5469 5490
5515 5670 5553 5591 5629
5671 5760 5693 5715 5737
5761 5814 5774 5787 5800
5815 5856 5825 5835 5845
5857 5903 5868 5879 5890
5904 5952 5916 5928 5940
5953 6072 5982 6011 6040
6073 6138 6089 6105 6121
6139 6188 6151 6163 6175
6189 6208 6193 6197 6201
6209 6239 6216 6223 6230
6240 6344 6266 6292 6318
6345 6378 6353 6361 6369
6379 6578 6428 6477 6526
6579 6722 6614 6649 6684
6723 6743 6728 6733 6738
6744 6766 6749 6754 6759
6767 6798 6774 6781 6788
6799 6823 6805 6811 6817
6824 6995 6866 6908 6950
6996 7032 7005 7014 7023
7033 7085 7046 7059 7072
7086 7124 7095 7104 7113
7125 7289 7166 7207 7248
7290 7352 7305 7320 7335
7353 7404 7365 7377 7389
7405 7446 7415 7425 7435
7447 7520 7465 7483 7501
7521 7612 7543 7565 7587
7613 7748 7646 7679 7712
7749 7840 7771 7793 7815
7841 7910 7858 7875 7892
7911 7944 7919 7927 7935
7945 7987 7955 7965 7975
7988 8020 7996 8004 8012
8021 8055 8029 8037 8045
8056 8149 8079 8102 8125
8150 8220 8167 8184 8201
8221 8287 8237 8253 8269
8288 8434 8324 8360 8396
8435 8542 8461 8487 8513
8543 8592 8555 8567 8579
8593 8645 8606 8619 8632
8646 8734 8668 8690 8712
8735 8805 8752 8769 8786
8806 8898 8829 8852 8875
8899 9016 8928 8957 8986
9017 9070 9030 9043 9056
9071 9134 9086 9101 9116
9135 9199 9151 9167 9183
9200 9265 9216 9232 9248
9266 9306 9276 9286 9296
9307 9373 9323 9339 9355
9374 9571 9423 9472 9521
9572 9640 9589 9606 9623
9641 9723 9661 9681 9701
9724 9793 9741 9758 9775
9794 9828 9802 9810 9818
9829 9888 9843 9857 9871
9889 9926 9898 9907 9916
9927 9963 9936 9945 9954
9964 10074 9991 10018 10045
10075 10110 10083 10091 10099
10111 10146 10119 10127 10135
10147 10316 10189 10231 10273
10317 10436 10346 10375 10404
10437 10584 10473 10509 10545
10585 10628 10595 10605 10615
10629 10728 10653 10677 10701
10729 10786 10743 10757 10771
10787 10881 10810 10833 10856
10882 10928 10893 10904 10915
10929 11012 10949 10969 10989
11013 11201 11060 11107 11154
11202 11356 11240 11278 11316
11357 11386 11364 11371 11378
11387 11418 11394 11401 11408
11419 11452 11427 11435 11443
11453 11469 11457 11461 11465
11470 11708 11529 11588 11647
11709 11737 11716 11723 11730
11738 11783 11749 11760 11771
11784 11837 11797 11810 11823
11838 11933 11861 11884 11907
11934 11966 11942 11950 11958
11967 12055 11989 12011 12033
12056 12115 12070 12084 12098
12116 12296 12161 12206 12251
12297 12364 12313 12329 12345
12365 12434 12382 12399 12416
12435 12506 12452 12469 12486
12507 12618 12534 12561 12588
12619 12689 12636 12653 12670
12690 12739 12702 12714 12726
12740 12821 12760 12780 12800
12822 12908 12843 12864 12885
12909 12969 12924 12939 12954
12970 13003 12978 12986 12994
13004 13036 13012 13020 13028
13037 13139 13062 13087 13112
13140 13327 13186 13232 13278
13328 13380 13341 13354 13367
13381 13553 13424 13467 13510
13554 13618 13570 13586 13602
13619 13675 13633 13647 13661
13676 13799 13706 13736 13766
13800 13866 13816 13832 13848
13867 13929 13882 13897 13912
13930 14123 13978 14026 14074
14124 14218 14147 14170 14193
14219 14359 14254 14289 14324
14360 14567 14411 14462 14513
14568 15027 14675 14782 15018
15028 15073 15039 15050 15061
15074 15193 15103 15132 15161
15194 15273 15213 15232 15251
15274 15379 15300 15326 15352
15380 15581 15430 15480 15530
15582 15651 15599 15616 15633
15652 15684 15660 15668 15676
15685 15715 15692 15699 15706
15716 15776 15731 15746 15761
15777 15876 15801 15825 15849
15877 15915 15886 15895 15904
15916 16067 15953 15990 16027
16068 16107 16077 16086 16095
16108 16143 16116 16124 16132
16144 16174 16151 16158 16165
16175 16211 16184 16193 16202
16212 16384 16255 16298 16341
16385 16558 16428 16471 16514
16559 16656 16583 16607 16631
16657 16913 16721 16785 16849
16914 16940 16920 16926 16932
16941 16963 16946 16951 16956
16964 17045 16984 17004 17024
17046 17120 17064 17082 17100
17121 17204 17141 17161 17181
17205 17238 17213 17221 17229
17239 17292 17252 17265 17278
17293 17349 17307 17321 17335
17350 17403 17363 17376 17389
17404 17480 17423 17442 17461
17481 17590 17508 17535 17562
17591 18078 17712 17833 17954
18079 18185 18105 18131 18157
18186 18228 18196 18206 18216
18229 18279 18241 18253 18265
18280 18308 18287 18294 18301
18309 18388 18328 18347 18366
18389 18431 18399 18409 18419
18432 18491 18446 18460 18474
18492 18541 18504 18516 18528
18542 18578 18551 18560 18569
18579 18694 18607 18635 18663
18695 18790 18718 18741 18764
18791 18866 18809 18827 18845
18867 18907 18877 18887 18897
18908 18978 18925 18942 18959
18979 19073 19002 19025 19048
19074 19102 19081 19088 19095
19103 19214 19130 19157 19184
19215 19294 19234 19253 19272
19295 19437 19330 19365 19400
19438 19463 19444 19450 19456
19464 19628 19505 19546 19587
19629 19688 19643 19657 19671
19689 19736 19700 19711 19722
19737 19800 19752 19767 19782
19801 19835 19809 19817 19825
19836 19868 19844 19852 19860
19869 19940 19886 19903 19920
19941 19992 19953 19965 19977
19993 20017 19999 20005 20011
20018 20082 20034 20050 20066
20083 20123 20093 20103 20113
20124 20236 20152 20180 20208
20237 20435 20286 20335 20384
20436 20595 20475 20514 20553
20596 20642 20607 20618 20629
20643 20729 20664 20685 20706
20730 20841 20757 20784 20811
20842 20981 20876 20910 20944
20982 21025 20992 21002 21012
21026 21050 21032 21038 21044
21051 21088 21060 21069 21078
21089 21110 21094 21099 21104
21111 21165 21124 21137 21150
21166 21278 21194 21222 21250
21279 21321 21289 21299 21309
21322 21399 21341 21360 21379
21400 21439 21409 21418 21427
21440 21486 21451 21462 21473
21487 21517 21494 21501 21508
21518 21586 21535 21552 21569
21587 21688 21612 21637 21662
21689 21807 21718 21747 21776
21808 21836 21815 21822 21829
21837 21854 21841 21845 21849
21855 21901 21866 21877 21888
21902 21942 21912 21922 21932
21943 22024 21963 21983 22003
22025 22070 22036 22047 22058
22071 22136 22087 22103 22119
22137 22181 22148 22159 22170
22182 22270 22204 22226 22248
22271 22319 22283 22295 22307
22320 22389 22337 22354 22371
22390 22442 22403 22416 22429
22443 22472 22450 22457 22464
22473 22506 22481 22489 22497
22507 22541 22515 22523 22531
22542 22592 22554 22566 22578
22593 22681 22615 22637 22659
22682 22814 22715 22748 22781
22815 22868 22828 22841 22854
22869 22930 22884 22899 22914
22931 22979 22943 22955 22967
22980 23107 23011 23042 23073
23108 23141 23116 23124 23132
23142 23161 23146 23150 23154
23162 23189 23168 23174 23180
23190 23209 23194 23198 23202
23210 23433 23265 23320 23375
23434 23536 23459 23484 23509
23537 23726 23584 23631 23678
23727 23834 23753 23779 23805
23835 23903 23852 23869 23886
23904 23991 23925 23946 23967
23992 24063 24009 24026 24043
24064 24188 24095 24126 24157
24189 24236 24200 24211 24222
24237 24342 24263 24289 24315
24343 24429 24364 24385 24406
24430 24480 24442 24454 24466
24481 24528 24492 24503 24514
24529 24569 24539 24549 24559
24570 24588 24574 24578 24582
24589 24614 24595 24601 24607
24615 24652 24624 24633 24642
24653 24691 24662 24671 24680
24692 24760 24709 24726 24743
24761 24903 24796 24831 24866
24904 24930 24910 24916 24922
24931 25009 24950 24969 24988
25010 25053 25020 25030 25040
25054 25343 25126 25198 25270
25344 25455 25371 25398 25425
25456 25552 25480 25504 25528
25553 25720 25594 25635 25676
25721 25791 25738 25755 25772
25792 25811 25796 25800 25804
25812 25893 25832 25852 25872
25894 25924 25901 25908 25915
25925 25960 25933 25941 25949
25961 25994 25969 25977 25985
25995 26012 25999 26003 26007
26013 26032 26017 26021 26025
26033 26104 26050 26067 26084
26105 26141 26114 26123 26132
26142 26321 26186 26230 26274
26322 26366 26333 26344 26355
26367 26407 26377 26387 26397
26408 26498 26430 26452 26474
26499 26523 26505 26511 26517
26524 26569 26535 26546 26557
26570 26663 26593 26616 26639
26664 26811 26700 26736 26772
26812 26877 26828 26844 26860
26878 26947 26895 26912 26929
26948 27223 27016 27084 27152
27224 27386 27264 27304 27344
27387 27491 27413 27439 27465
27492 27531 27501 27510 27519
27532 27578 27543 27554 27565
27579 27609 27586 27593 27600
27610 27643 27618 27626 27634
27644 27685 27654 27664 27674
27686 27743 27700 27714 27728
27744 27863 27773 27802 27831
27864 28008 27900 27936 27972
28009 28129 28039 28069 28099
28130 28163 28138 28146 28154
28164 28238 28182 28200 28218
28239 28266 28245 28251 28257
28267 28313 28278 28289 28300
28314 28349 28322 28330 28338
28350 28407 28364 28378 28392
28408 28458 28420 28432 28444
28459 28503 28470 28481 28492
28504 28530 28510 28516 28522
28531 28582 28543 28555 28567
28583 28624 28593 28603 28613
28625 28643 28629 28633 28637
28644 28679 28652 28660 28668
28680 28755 28698 28716 28734
28756 28850 28779 28802 28825
28851 28882 28858 28865 28872
28883 28950 28899 28915 28931
28951 29013 28966 28981 28996
29014 29043 29021 29028 29035
29044 29135 29066 29088 29110
29136 29206 29153 29170 29187
29207 29356 29244 29281 29318
29357 29425 29374 29391 29408
29426 29468 29436 29446 29456
29469 29574 29495 29521 29547
29575 29906 29657 29739 29821
29907 30027 29930 29953 30018
30028 30115 30049 30070 30091
30116 30148 30124 30132 30140
30149 30271 30179 30209 30239
30272 30318 30283 30294 30305
30319 30420 30344 30369 30394
30421 30478 30435 30449 30463
30479 30540 30494 30509 30524
30541 30721 30586 30631 30676
30722 30794 30740 30758 30776
30795 30907 30823 30851 30879
30908 30978 30925 30942 30959
30979 30998 30983 30987 30991
30999 31017 31003 31007 31011
31018 31052 31026 31034 31042
31053 31107 31066 31079 31092
31108 31183 31126 31144 31162
31184 31206 31189 31194 31199
31207 31260 31220 31233 31246
31261 31320 31275 31289 31303
31321 31372 31333 31345 31357
31373 31449 31392 31411 31430
31450 31514 31466 31482 31498
31515 31567 31528 31541 31554
31568 31687 31597 31626 31655
31688 31723 31696 31704 31712
31724 31741 31728 31732 31736
31742 31790 31754 31766 31778
31791 31834 31801 31811 31821
31835 31876 31845 31855 31865
31877 31937 31892 31907 31922
31938 32002 31954 31970 31986
32003 32078 32021 32039 32057
32079 32140 32094 32109 32124
32141 32194 32154 32167 32180
32195 32244 32207 32219 32231
32245 32301 32259 32273 32287
32302 32466 32343 32384 32425
32467 32538 32484 32501 32518
32539 32713 32582 32625 32668
32714 32736 32719 32724 32729
32737 32795 32751 32765 32779
32796 32862 32812 32828 32844
32863 32911 32875 32887 32899
32912 32936 32918 32924 32930
32937 32978 32947 32957 32967
32979 33047 32996 33013 33030
33048 33074 33054 33060 33066
33075 33129 33088 33101 33114
33130 33246 33159 33188 33217
33247 33283 33256 33265 33274
33284 33347 33299 33314 33329
33348 33401 33361 33374 33387
33402 33437 33410 33418 33426
33438 33498 33453 33468 33483
33499 33529 33506 33513 33520
33530 33547 33534 33538 33542
33548 33587 33557 33566 33575
33588 33625 33597 33606 33615
33626 33651 33632 33638 33644
33652 33743 33674 33696 33718
33744 33821 33763 33782 33801
33822 33843 33827 33832 33837
33844 33885 33854 33864 33874
33886 33905 33890 33894 33898
33906 33958 33919 33932 33945
33959 33985 33965 33971 33977
33986 34001 33989 33992 33995
34002 34052 34014 34026 34038
34053 34117 34069 34085 34101
34118 34237 34147 34176 34205
34238 34351 34266 34294 34322
34352 34417 34368 34384 34400
34418 34482 34434 34450 34466
34483 34580 34507 34531 34555
34581 34664 34601 34621 34641
34665 34814 34702 34739 34776
34815 34857 34825 34835 34845
34858 34948 34880 34902 34924
34949 35060 34976 35003 35030
35061 35200 35095 35129 35163
35201 35270 35218 35235 35252
35271 35292 35276 35281 35286
35293 35315 35298 35303 35308
35316 35363 35327 35338 35349
35364 35564 35414 35464 35514
35565 35601 35574 35583 35592
35602 35633 35609 35616 35623
35634 35704 35651 35668 35685
35705 35743 35714 35723 35732
35744 35773 35751 35758 35765
35774 35800 35780 35786 35792
35801 35875 35819 35837 35855
35876 35986 35903 35930 35957
35987 36058 36004 36021 36038
36059 36136 36078 36097 36116
36137 36213 36156 36175 36194
36214 36259 36225 36236 36247
36260 36364 36286 36312 36338
36365 36550 36411 36457 36503
36551 36609 36565 36579 36593
36610 36771 36650 36690 36730
36772 36843 36789 36806 36823
36844 36883 36853 36862 36871
36884 36998 36912 36940 36968
36999 37048 37011 37023 37035
37049 37085 37058 37067 37076
37086 37186 37111 37136 37161
37187 37245 37201 37215 37229
37246 37377 37278 37310 37342
37378 37497 37407 37436 37465
37498 37624 37529 37560 37591
37625 37655 37632 37639 37646
37656 37679 37661 37666 37671
37680 37712 37688 37696 37704
37713 37739 37719 37725 37731
37740 37774 37748 37756 37764
37775 37822 37786 37797 37808
37823 37851 37830 37837 37844
37852 38028 37896 37940 37984
38029 38053 38035 38041 38047
38054 38113 38068 38082 38096
38114 38176 38129 38144 38159
38177 38210 38185 38193 38201
38211 38275 38227 38243 38259
38276 38303 38282 38288 38294
38304 38361 38318 38332 38346
38362 38382 38367 38372 38377
38383 38419 38392 38401 38410
38420 38449 38427 38434 38441
38450 38578 38482 38514 38546
38579 38634 38592 38605 38618
38635 38676 38645 38655 38665
38677 38704 38683 38689 38695
38705 38749 38716 38727 38738
38750 38786 38759 38768 38777
38787 38810 38792 38797 38802
38811 38858 38822 38833 38844
38859 38893 38867 38875 38883
38894 38915 38899 38904 38909
38916 38951 38924 38932 38940
38952 39000 38964 38976 38988
39001 39049 39013 39025 39037
39050 39067 39054 39058 39062
39068 39100 39076 39084 39092
39101 39138 39110 39119 39128
39139 39175 39148 39157 39166
39176 39251 39194 39212 39230
39252 39342 39274 39296 39318
39343 39517 39386 39429 39472
39518 39538 39523 39528 39533
39539 39703 39580 39621 39662
39704 39814 39731 39758 39785
39815 39897 39835 39855 39875
39898 40024 39929 39960 39991
40025 40084 40039 40053 40067
40085 40102 40089 40093 40097
40103 40138 40111 40119 40127
40139 40372 40197 40255 40313
40373 40411 40382 40391 40400
40412 40469 40426 40440 40454
40470 40486 40474 40478 40482
40487 40505 40491 40495 40499
40506 40599 40529 40552 40575
40600 40665 40616 40632 40648
40666 40757 40688 40710 40732
40758 40814 40772 40786 40800
40815 40879 40831 40847 40863
40880 40966 40901 40922 40943
40967 41028 40982 40997 41012
41029 41435 41130 41231 41332
41436 41530 41459 41482 41505
41531 41812 41601 41671 41741
41813 41896 41833 41853 41873
41897 42167 41964 42031 42098
42168 42262 42191 42214 42237
42263 42409 42299 42335 42371
42410 42583 42453 42496 42539
42584 42684 42609 42634 42659
42685 42770 42706 42727 42748
42771 42812 42781 42791 42801
42813 42889 42832 42851 42870
42890 43008 42919 42948 42977
43009 43103 43032 43055 43078
43104 43230 43135 43166 43197
43231 43287 43245 43259 43273
43288 43331 43298 43308 43318
43332 43446 43360 43388 43416
43447 43493 43458 43469 43480
43494 43791 43568 43642 43716
43792 44310 43921 44050 44179
44311 44468 44350 44389 44428
44469 44557 44491 44513 44535
44558 44617 44572 44586 44600
44618 44710 44641 44664 44687
44711 44786 44729 44747 44765
44787 44873 44808 44829 44850
44874 44891 44878 44882 44886
44892 44963 44909 44926 44943
44964 45043 44972 44980 45030
45044 45146 45069 45094 45119
45147 45597 45259 45371 45483
45598 45706 45625 45652 45679
45707 45756 45719 45731 45743
45757 45887 45789 45821 45853
45888 45939 45900 45912 45924
45940 46005 45956 45972 45988
46006 46090 46027 46048 46069
46091 46195 46117 46143 46169
46196 46256 46211 46226 46241
46257 46307 46269 46281 46293
46308 46567 46372 46436 46500
46568 46618 46580 46592 46604
46619 46682 46634 46649 46664
46683 46739 46697 46711 46725
46740 46874 46773 46806 46839
46875 46944 46892 46909 46926
46945 47019 46963 46981 46999
47020 47103 47040 47060 47080
47104 47158 47117 47130 47143
47159 47284 47190 47221 47252
47285 47312 47291 47297 47303
47313 47333 47318 47323 47328
47334 47357 47339 47344 47349
47358 47545 47404 47450 47496
47546 47594 47558 47570 47582
47595 47647 47608 47621 47634
47648 47701 47661 47674 47687
47702 47750 47714 47726 47738
47751 47786 47759 47767 47775
47787 47842 47800 47813 47826
47843 48012 47885 47927 47969
48013 48093 48033 48053 48073
48094 48180 48115 48136 48157
48181 48225 48192 48203 48214
48226 48281 48239 48252 48265
48282 48325 48292 48302 48312
48326 48419 48349 48372 48395
48420 48492 48438 48456 48474
48493 48575 48513 48533 48553
48576 48721 48612 48648 48684
48722 48765 48732 48742 48752
48766 48814 48778 48790 48802
48815 48847 48823 48831 48839
48848 48926 48867 48886 48905
48927 49017 48949 48971 48993
49018 49066 49030 49042 49054
49067 49145 49086 49105 49124
49146 49277 49178 49210 49242
49278 49348 49295 49312 49329
49349 49542 49397 49445 49493
49543 49623 49563 49583 49603
49624 49683 49638 49652 49666
49684 49722 49693 49702 49711
49723 49792 49740 49757 49774
49793 49841 49805 49817 49829
49842 49877 49850 49858 49866
49878 49903 49884 49890 49896
49904 49941 49913 49922 49931
49942 50079 49976 50010 50044
50080 50128 50092 50104 50116
50129 50148 50133 50137 50141
50149 50226 50168 50187 50206
50227 50369 50262 50297 50332
50370 50423 50383 50396 50409
50424 50483 50438 50452 50466
50484 50516 50492 50500 50508
50517 50563 50528 50539 50550
50564 50624 50579 50594 50609
50625 50732 50651 50677 50703
50733 50762 50740 50747 50754
50763 50791 50770 50777 50784
50792 50853 50807 50822 50837
50854 50897 50864 50874 50884
50898 50976 50917 50936 50955
50977 51055 50996 51015 51034
51056 51219 51096 51136 51176
51220 51261 51230 51240 51250
51262 51389 51293 51324 51355
51390 51460 51407 51424 51441
51461 51478 51465 51469 51473
51479 51508 51486 51493 51500
51509 51557 51521 51533 51545
51558 51628 51575 51592 51609
51629 51710 51649 51669 51689
51711 51827 51740 51769 51798
51828 51881 51841 51854 51867
51882 51978 51906 51930 51954
51979 52176 52028 52077 52126
52177 52334 52216 52255 52294
52335 52366 52342 52349 52356
52367 52407 52377 52387 52397
52408 52443 52416 52424 52432
52444 52510 52460 52476 52492
52511 52617 52537 52563 52589
52618 52668 52630 52642 52654
52669 52712 52679 52689 52699
52713 52812 52737 52761 52785
52813 53075 52878 52943 53008
53076 53111 53084 53092 53100
53112 53198 53133 53154 53175
53199 53420 53254 53309 53364
53421 53502 53441 53461 53481
53503 53642 53537 53571 53605
53643 53774 53675 53707 53739
53775 53796 53780 53785 53790
53797 53837 53807 53817 53827
53838 53891 53851 53864 53877
53892 53986 53915 53938 53961
53987 54029 53997 54007 54017
54030 54078 54042 54054 54066
54079 54176 54103 54127 54151
54177 54243 54193 54209 54225
54244 54305 54259 54274 54289
54306 54357 54318 54330 54342
54358 54395 54367 54376 54385
54396 54584 54443 54490 54537
54585 54655 54602 54619 54636
54656 54725 54673 54690 54707
54726 55099 54819 54912 55005
55100 55182 55120 55140 55160
55183 55263 55203 55223 55243
55264 55361 55288 55312 55336
55362 55441 55381 55400 55419
55442 55551 55469 55496 55523
55552 55621 55569 55586 55603
55622 55747 55653 55684 55715
55748 55805 55762 55776 55790
55806 55830 55812 55818 55824
55831 55847 55835 55839 55843
55848 55875 55854 55860 55866
55876 55963 55897 55918 55939
55964 56049 55985 56006 56027
56050 56102 56063 56076 56089
56103 56425 56183 56263 56343
56426 56443 56430 56434 56438
56444 56531 56465 56486 56507
56532 56571 56541 56550 56559
56572 56611 56581 56590 56599
56612 56700 56634 56656 56678
56701 56799 56725 56749 56773
56800 56886 56821 56842 56863
56887 56940 56900 56913 56926
56941 57037 56965 56989 57013
57038 57099 57053 57068 57083
57100 57231 57132 57164 57196
57232 57265 57240 57248 57256
57266 57295 57273 57280 57287
57296 57318 57301 57306 57311
57319 57369 57331 57343 57355
57370 57390 57375 57380 57385
57391 57436 57402 57413 57424
57437 57472 57445 57453 57461
57473 57514 57483 57493 57503
57515 57556 57525 57535 57545
57557 57586 57564 57571 57578
57587 57607 57592 57597 57602
57608 57631 57613 57618 57623
57632 57668 57641 57650 57659
57669 57696 57675 57681 57687
57697 57723 57703 57709 57715
57724 57744 57729 57734 57739
57745 57786 57755 57765 57775
57787 57839 57800 57813 57826
57840 57872 57848 57856 57864
57873 57890 57877 57881 57885
57891 57940 57903 57915 57927
57941 57979 57950 57959 57968
57980 58005 57986 57992 57998
58006 58091 58027 58048 58069
58092 58139 58103 58114 58125
58140 58184 58151 58162 58173
58185 58235 58197 58209 58221
58236 58375 58270 58304 58338
58376 58470 58399 58422 58445
58471 58553 58491 58511 58531
58554 58678 58585 58616 58647
58679 58738 58693 58707 58721
58739 58947 58791 58843 58895
58948 58974 58954 58960 58966
58975 59010 58983 58991 58999
59011 59245 59069 59127 59185
59246 59281 59254 59262 59270
59282 59380 59306 59330 59354
59381 59517 59415 59449 59483
59518 59556 59527 59536 59545
59557 59587 59564 59571 59578
59588 59620 59596 59604 59612
59621 59655 59629 59637 59645
59656 59724 59673 59690 59707
59725 59765 59735 59745 59755
59766 59833 59782 59798 59814
59834 59923 59856 59878 59900
59924 59966 59934 59944 59954
59967 60026 59975 59983 60018
60027 60207 60072 60117 60162
60208 60459 60270 60332 60394
60460 60593 60493 60526 60559
60594 60884 60666 60738 60810
60885 60924 60894 60903 60912
60925 61019 60948 60971 60994
61020 61184 61061 61102 61143
61185 61205 61190 61195 61200
61206 61322 61235 61264 61293
61323 61702 61417 61511 61605
61703 61725 61708 61713 61718
61726 61759 61734 61742 61750
61760 61788 61767 61774 61781
61789 61808 61793 61797 61801
61809 61860 61821 61833 61845
61861 61961 61886 61911 61936
61962 62047 61983 62004 62025
62048 62197 62085 62122 62159
62198 62532 62281 62364 62447
62533 62619 62554 62575 62596
62620 63482 62835 63050 63265
63483 63691 63535 63587 63639
63692 63782 63714 63736 63758
63783 63986 63833 63883 63933
63987 64077 64009 64031 64053
64078 64121 64088 64098 64108
64122 64163 64132 64142 64152
64164 64275 64191 64218 64245
64276 64592 64355 64434 64513
64593 64711 64622 64651 64680
64712 64791 64731 64750 64769
64792 64830 64801 64810 64819
64831 64922 64853 64875 64897
64923 65081 64962 65001 65040
65082 65418 65166 65250 65334
65419 65557 65453 65487 65521
65558 66208 65720 65882 66044
66209 66297 66231 66253 66275
66298 66416 66327 66356 66385
66417 66445 66424 66431 66438
66446 66592 66482 66518 66554
66593 66685 66616 66639 66662
66686 66743 66700 66714 66728
66744 67212 66861 66978 67095
67213 67275 67228 67243 67258
67276 67317 67286 67296 67306
67318 67496 67362 67406 67450
67497 67557 67512 67527 67542
67558 67630 67576 67594 67612
67631 67665 67639 67647 67655
67666 67732 67682 67698 67714
67733 67780 67744 67755 67766
67781 67800 67785 67789 67793
67801 67850 67813 67825 67837
67851 67896 67862 67873 67884
67897 68067 67939 67981 68023
68068 68100 68076 68084 68092
68101 68161 68116 68131 68146
68162 68188 68168 68174 68180
68189 68213 68195 68201 68207
68214 68252 68223 68232 68241
68253 68281 68260 68267 68274
68282 68328 68293 68304 68315
68329 68383 68342 68355 68368
68384 68441 68398 68412 68426
68442 68482 68452 68462 68472
68483 68525 68493 68503 68513
68526 68561 68534 68542 68550
68562 68584 68567 68572 68577
68585 68616 68592 68599 68606
68617 68737 68647 68677 68707
68738 68841 68763 68788 68813
68842 68913 68859 68876 68893
68914 68957 68924 68934 68944
68958 68996 68967 68976 68985
68997 69032 69005 69013 69021
69033 69111 69052 69071 69090
69112 69293 69157 69202 69247
69294 69379 69315 69336 69357
69380 69549 69422 69464 69506
69550 69578 69557 69564 69571
69579 69598 69583 69587 69591
69599 69632 69607 69615 69623
69633 69660 69639 69645 69651
69661 69798 69695 69729 69763
69799 69867 69816 69833 69850
69868 69917 69880 69892 69904
69918 70097 69962 70006 70050
70098 70298 70148 70198 70248
70299 70338 70308 70317 70326
70339 70555 70393 70447 70501
70556 70619 70571 70586 70601
70620 70719 70644 70668 70692
70720 70775 70733 70746 70759
70776 70841 70792 70808 70824
70842 71037 70890 70938 70986
71038 71091 71051 71064 71077
71092 71164 71110 71128 71146
71165 71267 71190 71215 71240
71268 71297 71275 71282 71289
71298 71379 71318 71338 71358
71380 71418 71389 71398 71407
71419 71477 71433 71447 71461
71478 71502 71484 71490 71496
71503 71543 71513 71523 71533
71544 71579 71552 71560 71568
71580 71619 71589 71598 71607
71620 71675 71633 71646 71659
71676 71719 71686 71696 71706
71720 71781 71735 71750 71765
71782 71982 71832 71882 71932
71983 72001 71987 71991 71995
72002 72037 72010 72018 72026
72038 72118 72058 72078 72098
72119 72193 72137 72155 72173
72194 72251 72208 72222 72236
72252 72293 72262 72272 72282
72294 72370 72313 72332 72351
72371 72397 72377 72383 72389
72398 72474 72417 72436 72455
72475 72533 72489 72503 72517
72534 72577 72544 72554 72564
72578 72611 72586 72594 72602
72612 72693 72632 72652 72672
72694 72832 72728 72762 72796
72833 72907 72851 72869 72887
72908 72959 72920 72932 72944
72960 73010 72972 72984 72996
73011 73119 73038 73065 73092
73120 73211 73142 73164 73186
73212 73304 73235 73258 73281
73305 73386 73325 73345 73365
73387 73501 73415 73443 73471
73502 73615 73530 73558 73586
73616 73641 73622 73628 73634
73642 73690 73654 73666 73678
73691 73741 73703 73715 73727
73742 73807 73758 73774 73790
73808 73953 73844 73880 73916
73954 74078 73985 74016 74047
74079 74161 74099 74119 74139
74162 74220 74176 74190 74204
74221 74287 74237 74253 74269
74288 74408 74318 74348 74378
74409 74467 74423 74437 74451
74468 74529 74483 74498 74513
74530 74586 74544 74558 74572
74587 74722 74620 74653 74686
74723 74797 74741 74759 74777
74798 74857 74812 74826 74840
74858 74893 74866 74874 74882
74894 74929 74902 74910 74918
74930 74972 74940 74950 74960
74973 75076 74979 74985 75057
75077 75097 75082 75087 75092
75098 75134 75107 75116 75125
75135 75188 75148 75161 75174
75189 75208 75193 75197 75201
75209 75225 75213 75217 75221
75226 75266 75236 75246 75256
75267 75302 75275 75283 75291
75303 75340 75312 75321 75330
75341 75371 75348 75355 75362
75372 75397 75378 75384 75390
75398 75429 75405 75412 75419
75430 75508 75449 75468 75487
75509 75677 75551 75593 75635
75678 75716 75687 75696 75705
75717 75757 75727 75737 75747
75758 75800 75768 75778 75788
75801 75830 75808 75815 75822
75831 75855 75837 75843 75849
75856 75949 75879 75902 75925
75950 75984 75958 75966 75974
75985 76006 75990 75995 76000
76007 76053 76018 76029 76040
76054 76093 76063 76072 76081
76094 76146 76107 76120 76133
76147 76173 76153 76159 76165
76174 76243 76191 76208 76225
76244 76289 76255 76266 76277
76290 76356 76306 76322 76338
76357 76439 76377 76397 76417
76440 76555 76468 76496 76524
76556 76615 76570 76584 76598
76616 76645 76623 76630 76637
76646 76663 76650 76654 76658
76664 76702 76673 76682 76691
76703 76756 76716 76729 76742
76757 76846 76779 76801 76823
76847 76960 76875 76903 76931
76961 77049 76983 77005 77027
77050 77166 77079 77108 77137
77167 77212 77178 77189 77200
77213 77290 77232 77251 77270
77291 77386 77314 77337 77360
77387 77488 77412 77437 77462
77489 77577 77511 77533 77555
77578 77662 77599 77620 77641
77663 77772 77690 77717 77744
77773 77847 77791 77809 77827
77848 77927 77867 77886 77905
77928 77987 77942 77956 77970
77988 78064 78007 78026 78045
78065 78186 78095 78125 78155
78187 78256 78204 78221 78238
78257 78311 78270 78283 78296
78312 78382 78329 78346 78363
78383 78470 78404 78425 78446
78471 78581 78498 78525 78552
78582 78696 78610 78638 78666
78697 78766 78714 78731 78748
78767 78943 78811 78855 78899
78944 79169 79000 79056 79112
79170 79183 79173 79176 79179
79184 79277 79207 79230 79253
79278 79330 79291 79304 79317
79331 79392 79346 79361 79376
79393 79431 79402 79411 79420
79432 79466 79440 79448 79456
79467 79511 79478 79489 79500
79512 79567 79525 79538 79551
79568 79596 79575 79582 79589
79597 79653 79611 79625 79639
79654 79693 79663 79672 79681
79694 79791 79718 79742 79766
79792 79850 79806 79820 79834
79851 79896 79862 79873 79884
79897 79927 79904 79911 79918
79928 79989 79943 79958 79973
79990 80022 79998 80006 80014
80023 80066 80033 80043 80053
80067 80091 80073 80079 80085
80092 80126 80100 80108 80116
80127 80161 80135 80143 80151
80162 80234 80180 80198 80216
80235 80335 80260 80285 80310
80336 80420 80357 80378 80399
80421 80488 80437 80453 80469
80489 80551 80504 80519 80534
80552 80582 80559 80566 80573
80583 80639 80597 80611 80625
80640 80679 80649 80658 80667
80680 80768 80702 80724 80746
80769 80871 80794 80819 80844
80872 80920 80884 80896 80908
80921 80949 80928 80935 80942
80950 80971 80955 80960 80965
80972 80997 80978 80984 80990
80998 81033 81006 81014 81022
81034 81124 81056 81078 81100
81125 81232 81151 81177 81203
81233 81270 81242 81251 81260
81271 81322 81283 81295 81307
81323 81396 81341 81359 81377
81397 81521 81428 81459 81490
81522 81650 81554 81586 81618
81651 81668 81655 81659 81663
81669 81693 81675 81681 81687
81694 81732 81703 81712 81721
81733 81794 81748 81763 81778
81795 81863 81812 81829 81846
81864 81884 81869 81874 81879
81885 81908 81890 81895 81900
81909 81930 81914 81919 81924
81931 81947 81935 81939 81943
81948 81972 81954 81960 81966
81973 82002 81980 81987 81994
82003 82024 82008 82013 82018
82025 82042 82029 82033 82037
82043 82061 82047 82051 82055
82062 82082 82067 82072 82077
82083 82120 82092 82101 82110
82121 82158 82130 82139 82148
82159 82186 82165 82171 82177
82187 82206 82191 82195 82199
82207 82243 82216 82225 82234
82244 82271 82250 82256 82262
82272 82288 82276 82280 82284
82289 82307 82293 82297 82301
82308 82329 82313 82318 82323
82330 82351 82335 82340 82345
82352 82373 82357 82362 82367
82374 82404 82381 82388 82395
82405 82442 82414 82423 82432
82443 82501 82457 82471 82485
82502 82522 82507 82512 82517
82523 82544 82528 82533 82538
82545 82567 82550 82555 82560
82568 82590 82573 82578 82583
82591 82611 82596 82601 82606
82612 82636 82618 82624 82630
82637 82656 82641 82645 82649
82657 82680 82662 82667 82672
82681 82713 82689 82697 82705
82714 82735 82719 82724 82729
82736 82754 82740 82744 82748
82755 82814 82769 82783 82797
82815 82831 82819 82823 82827
82832 82849 82836 82840 82844
82850 82866 82854 82858 82862
82867 82883 82871 82875 82879
82884 82906 82889 82894 82899
82907 82941 82915 82923 82931
82942 82984 82952 82962 82972
82985 83023 82994 83003 83012
83024 83050 83030 83036 83042
83051 83118 83067 83083 83099
83119 83182 83134 83149 83164
83183 83256 83201 83219 83237
83257 83307 83269 83281 83293
83308 83344 83317 83326 83335
83345 83395 83357 83369 83381
83396 83451 83409 83422 83435
83452 83480 83459 83466 83473
83481 83501 83486 83491 83496
83502 83569 83518 83534 83550
83570 83640 83587 83604 83621
83641 83679 83650 83659 83668
83680 83751 83697 83714 83731
83752 83807 83765 83778 83791
83808 83879 83825 83842 83859
83880 83923 83890 83900 83910
83924 83973 83936 83948 83960
83974 84017 83984 83994 84004
84018 84062 84029 84040 84051
84063 84132 84080 84097 84114
84133 84190 84147 84161 84175
84191 84234 84201 84211 84221
84235 84286 84247 84259 84271
84287 84311 84293 84299 84305
84312 84350 84321 84330 84339
84351 84380 84358 84365 84372
84381 84429 84393 84405 84417
84430 84463 84438 84446 84454
84464 84492 84471 84478 84485
84493 84589 84517 84541 84565
84590 84632 84600 84610 84620
84633 84768 84666 84699 84732
84769 84846 84788 84807 84826
84847 84917 84864 84881 84898
84918 85180 84983 85048 85113
85181 85233 85194 85207 85220
85234 85339 85260 85286 85312
85340 85411 85357 85374 85391
85412 85440 85419 85426 85433
85441 85495 85454 85467 85480
85496 85580 85517 85538 85559
85581 85679 85605 85629 85653
85680 85749 85697 85714 85731
85750 85771 85755 85760 85765
85772 85802 85779 85786 85793
85803 85877 85821 85839 85857
85878 85992 85906 85934 85962
85993 86044 86005 86017 86029
86045 86064 86049 86053 86057
86065 86098 86073 86081 86089
86099 86251 86137 86175 86213
86252 86375 86282 86312 86342
86376 86459 86396 86416 86436
86460 86502 86470 86480 86490
86503 86548 86514 86525 86536
86549 86629 86569 86589 86609
86630 86703 86648 86666 86684
86704 86794 86726 86748 86770
86795 86831 86804 86813 86822
86832 86877 86843 86854 86865
86878 86944 86894 86910 86926
86945 87061 86974 87003 87032
87062 87176 87090 87118 87146
87177 87331 87215 87253 87291
87332 87376 87343 87354 87365
87377 87424 87388 87399 87410
87425 87490 87441 87457 87473
87491 87537 87502 87513 87524
87538 87598 87553 87568 87583
87599 87656 87613 87627 87641
87657 87713 87671 87685 87699
87714 87747 87722 87730 87738
87748 87820 87766 87784 87802
87821 88557 88005 88189 88373
88558 88795 88617 88676 88735
88796 88910 88824 88852 88880
88911 89031 88941 88971 89001
89032 89136 89058 89084 89110
89137 89186 89149 89161 89173
89187 89230 89197 89207 89217
89231 89286 89244 89257 89270
89287 89319 89295 89303 89311
89320 89420 89345 89370 89395
89421 89546 89452 89483 89514
89547 89579 89555 89563 89571
89580 89636 89594 89608 89622
89637 89673 89646 89655 89664
89674 89702 89681 89688 89695
89703 89806 89728 89753 89778
89807 89900 89830 89853 89876
89901 89949 89913 89925 89937
89950 90082 89962 89974 90060
90083 90161 90102 90121 90140
90162 90231 90179 90196 90213
90232 90298 90248 90264 90280
90299 90362 90314 90329 90344
90363 90394 90370 90377 90384
90395 90500 90421 90447 90473
90501 90619 90530 90559 90588
90620 90689 90637 90654 90671
90690 90786 90714 90738 90762
90787 90871 90808 90829 90850
90872 90958 90893 90914 90935
90959 91091 90992 91025 91058
91092 91262 91134 91176 91218
91263 91328 91279 91295 91311
91329 91463 91362 91395 91428
91464 91881 91568 91672 91776
91882 91923 91892 91902 91912
91924 91947 91929 91934 91939
91948 91982 91956 91964 91972
91983 92083 92008 92033 92058
92084 92138 92097 92110 92123
92139 92165 92145 92151 92157
92166 92196 92173 92180 92187
92197 92270 92215 92233 92251
92271 92330 92285 92299 92313
92331 92371 92341 92351 92361
92372 92412 92382 92392 92402
92413 92430 92417 92421 92425
92431 92517 92452 92473 92494
92518 92559 92528 92538 92548
92560 92635 92578 92596 92614
92636 92672 92645 92654 92663
92673 92737 92689 92705 92721
92738 92881 92773 92808 92843
92882 92932 92894 92906 92918
92933 93188 92996 93059 93122
93189 93214 93195 93201 93207
93215 93272 93229 93243 93257
93273 93372 93297 93321 93345
93373 93412 93382 93391 93400
93413 93452 93422 93431 93440
93453 93471 93457 93461 93465
93472 93501 93479 93486 93493
93502 93558 93516 93530 93544
93559 93601 93569 93579 93589
93602 93644 93612 93622 93632
93645 93686 93655 93665 93675
93687 93780 93710 93733 93756
93781 93808 93787 93793 93799
93809 93848 93818 93827 93836
93849 93884 93857 93865 93873
93885 93925 93895 93905 93915
93926 93946 93931 93936 93941
93947 93967 93952 93957 93962
93968 93989 93973 93978 93983
93990 94061 94007 94024 94041
94062 94154 94085 94108 94131
94155 94345 94202 94249 94296
94346 94377 94353 94360 94367
94378 94584 94429 94480 94531
94585 94636 94597 94609 94621
94637 94698 94652 94667 94682
94699 94737 94708 94717 94726
94738 94818 94758 94778 94798
94819 94854 94827 94835 94843
94855 94905 94867 94879 94891
94906 94944 94915 94924 94933
94945 95023 94964 94983 95002
95024 95067 95034 95044 95054
95068 95175 95094 95120 95146
95176 95211 95184 95192 95200
95212 95319 95238 95264 95290
95320 95372 95333 95346 95359
95373 95462 95395 95417 95439
95463 95585 95493 95523 95553
95586 95624 95595 95604 95613
95625 95675 95637 95649 95661
95676 95735 95690 95704 95718
95736 95760 95742 95748 95754
95761 95850 95783 95805 95827
95851 95892 95861 95871 95881
95893 96009 95922 95951 95980
96010 96084 96028 96046 96064
96085 96104 96089 96093 96097
96105 96122 96109 96113 96117
96123 96180 96137 96151 96165
96181 96323 96216 96251 96286
96324 96378 96337 96350 96363
96379 96421 96389 96399 96409
96422 96521 96446 96470 96494
96522 96576 96535 96548 96561
96577 96631 96590 96603 96616
96632 96667 96640 96648 96656
96668 96737 96685 96702 96719
96738 96763 96744 96750 96756
96764 96943 96808 96852 96896
96944 96993 96956 96968 96980
96994 97022 97001 97008 97015
97023 97069 97034 97045 97056
97070 97100 97077 97084 97091
97101 97144 97111 97121 97131
97145 97261 97174 97203 97232
97262 97332 97279 97296 97313
97333 97385 97346 97359 97372
97386 97419 97394 97402 97410
97420 97463 97430 97440 97450
97464 97636 97507 97550 97593
97637 97808 97679 97721 97763
97809 97864 97822 97835 97848
97865 97890 97871 97877 97883
97891 97970 97910 97929 97948
97971 98012 97981 97991 98001
98013 98154 98048 98083 98118
98155 98296 98190 98225 98260
98297 98397 98322 98347 98372
98398 98462 98414 98430 98446
98463 98674 98515 98567 98619
98675 98845 98717 98759 98801
98846 98908 98861 98876 98891
98909 98952 98919 98929 98939
98953 98980 98959 98965 98971
98981 99040 98995 99009 99023
99041 99090 99053 99065 99077
99091 99191 99116 99141 99166
99192 99230 99201 99210 99219
99231 99292 99246 99261 99276
99293 99361 99310 99327 99344
99362 99441 99381 99400 99419
99442 99502 99457 99472 99487
99503 99548 99514 99525 99536
99549 99612 99564 99579 99594
99613 99643 99620 99627 99634
99644 99738 99667 99690 99713
99739 99948 99791 99843 99895
99949 100017 99966 99983 100000
100018 100051 100026 100034 100042
100052 100137 100073 100094 100115
100138 100218 100158 100178 100198
100219 100254 100227 100235 100243
100255 100308 100268 100281 100294
100309 100366 100323 100337 100351
100367 100418 100379 100391 100403
100419 100457 100428 100437 100446
100458 100573 100486 100514 100542
100574 100641 100590 100606 100622
100642 100667 100648 100654 100660
100668 100714 100679 100690 100701
100715 100751 100724 100733 100742
100752 100818 100768 100784 100800
100819 100955 100853 100887 100921
100956 100975 100960 100964 100968
100976 101012 100985 100994 101003
101013 101054 101023 101033 101043
101055 101083 101062 101069 101076
101084 101116 101092 101100 101108
101117 101145 101124 101131 101138
101146 101199 101159 101172 101185
101200 101267 101216 101232 101248
101268 101312 101279 101290 101301
101313 101430 101342 101371 101400
101431 101480 101443 101455 101467
101481 101518 101490 101499 101508
101519 101559 101529 101539 101549
101560 101597 101569 101578 101587
101598 101671 101616 101634 101652
101672 101716 101683 101694 101705
101717 101796 101736 101755 101774
101797 101864 101813 101829 101845
101865 101901 101874 101883 101892
101902 101925 101907 101912 101917
101926 101986 101941 101956 101971
101987 102067 102007 102027 102047
102068 102132 102084 102100 102116
102133 102164 102140 102147 102154
102165 102232 102181 102197 102213
102233 102293 102248 102263 102278
102294 102516 102349 102404 102459
102517 102629 102545 102573 102601
102630 102717 102651 102672 102693
102718 102782 102734 102750 102766
102783 102844 102798 102813 102828
102845 102954 102872 102899 102926
102955 103024 102972 102989 103006
103025 103112 103046 103067 103088
103113 103235 103143 103173 103203
103236 103271 103244 103252 103260
103272 103315 103282 103292 103302
103316 103344 103323 103330 103337
103345 103485 103380 103415 103450
103486 103677 103533 103580 103627
103678 103734 103692 103706 103720
103735 103930 103783 103831 103879
103931 104026 103954 103977 104000
104027 104156 104059 104091 104123
104157 104229 104175 104193 104211
104230 104309 104249 104268 104287
104310 104420 104337 104364 104391
104421 104527 104447 104473 104499
104528 104620 104551 104574 104597
104621 104745 104652 104683 104714
104746 104877 104778 104810 104842
104878 104959 104898 104918 104938
104960 105029 104969 104978 105021
105030 105140 105057 105084 105111
105141 105247 105167 105193 105219
105248 105297 105260 105272 105284
105298 105332 105306 105314 105322
105333 105411 105352 105371 105390
105412 105472 105427 105442 105457
105473 105574 105498 105523 105548
105575 105710 105608 105641 105674
105711 105924 105764 105817 105870
105925 106059 105958 105991 106024
106060 106128 106077 106094 106111
106129 106243 106157 106185 106213
106244 106424 106289 106334 106379
106425 106551 106456 106487 106518
106552 106622 106569 106586 106603
106623 106681 106637 106651 106665
106682 106723 106692 106702 106712
106724 106794 106741 106758 106775
106795 106849 106808 106821 106834
106850 106897 106861 106872 106883
106898 107017 106927 106956 106985
107018 107286 107085 107152 107219
107287 107412 107318 107349 107380
107413 107479 107429 107445 107461
107480 107559 107499 107518 107537
107560 107643 107580 107600 107620
107644 107759 107672 107700 107728
107760 107890 107792 107824 107856
107891 108084 107939 107987 108035
108085 108162 108104 108123 108142
108163 109408 108474 108785 109096
109409 109531 109439 109469 109499
109532 109599 109548 109564 109580
109600 109674 109618 109636 109654
109675 109707 109683 109691 109699
109708 109925 109762 109816 109870
109926 110057 109958 109990 110022
110058 110145 110079 110100 110121
110146 110187 110156 110166 110176
110188 110335 110224 110260 110296
110336 110408 110354 110372 110390
110409 110490 110429 110449 110469
110491 110577 110512 110533 110554
110578 110635 110592 110606 110620
110636 110733 110660 110684 110708
110734 110798 110750 110766 110782
110799 110881 110819 110839 110859
110882 111077 110930 110978 111026
111078 111155 111097 111116 111135
111156 111213 111170 111184 111198
111214 111349 111247 111280 111313
111350 111379 111357 111364 111371
111380 111412 111388 111396 111404
111413 111431 111417 111421 111425
111432 111500 111449 111466 111483
111501 111635 111534 111567 111600
111636 111669 111644 111652 111660
111670 111783 111698 111726 111754
111784 111879 111807 111830 111853
111880 111968 111902 111924 111946
111969 112014 111980 111991 112002
112015 112226 112067 112119 112171
112227 112421 112275 112323 112371
112422 112468 112433 112444 112455
112469 112724 112532 112595 112658
112725 112772 112736 112747 112758
112773 112866 112796 112819 112842
112867 112906 112876 112885 112894
112907 112964 112921 112935 112949
112965 112996 112972 112979 112986
112997 113129 113030 113063 113096
113130 113159 113137 113144 113151
113160 113185 113166 113172 113178
113186 113242 113200 113214 113228
113243 113360 113272 113301 113330
113361 113383 113366 113371 113376
113384 113468 113405 113426 113447
113469 113580 113496 113523 113550
113581 113619 113590 113599 113608
113620 113695 113638 113656 113674
113696 113764 113713 113730 113747
113765 113803 113774 113783 113792
113804 114015 113856 113908 113960
114016 114048 114024 114032 114040
114049 114172 114079 114109 114139
114173 114212 114182 114191 114200
114213 114288 114231 114249 114267
114289 114454 114330 114371 114412
114455 114491 114464 114473 114482
114492 114536 114503 114514 114525
114537 114572 114545 114553 114561
114573 114635 114588 114603 114618
114636 114658 114641 114646 114651
114659 114715 114673 114687 114701
114716 114848 114749 114782 114815
114849 114912 114864 114879 114894
114913 114969 114927 114941 114955
114970 115034 114986 115002 115018
115035 115077 115045 115055 115065
115078 115106 115085 115092 115099
115107 115148 115117 115127 115137
115149 115290 115184 115219 115254
115291 115309 115295 115299 115303
115310 115343 115318 115326 115334
115344 115465 115374 115404 115434
115466 115730 115532 115598 115664
115731 115809 115750 115769 115788
115810 115897 115831 115852 115873
115898 116012 115926 115954 115982
116013 116075 116028 116043 116058
116076 116149 116094 116112 116130
116150 116227 116169 116188 116207
116228 116350 116258 116288 116318
116351 116419 116368 116385 116402
116420 116507 116441 116462 116483
116508 116546 116517 116526 116535
116547 116574 116553 116559 116565
116575 116825 116637 116699 116761
116826 116873 116837 116848 116859
116874 116911 116883 116892 116901
116912 117543 117069 117226 117383
117544 117734 117591 117638 117685
117735 117794 117749 117763 117777
117795 117823 117802 117809 117816
117824 117890 117840 117856 117872
117891 117993 117916 117941 117966
117994 118101 118020 118046 118072
118102 118220 118131 118160 118189
118221 118240 118225 118229 118233
118241 118307 118257 118273 118289
118308 118339 118315 118322 118329
118340 118413 118358 118376 118394
118414 118451 118423 118432 118441
118452 118488 118461 118470 118479
118489 118546 118503 118517 118531
118547 118587 118557 118567 118577
118588 118643 118601 118614 118627
118644 118700 118658 118672 118686
118701 118746 118712 118723 118734
118747 118774 118753 118759 118765
118775 118830 118788 118801 118814
118831 118890 118845 118859 118873
118891 118926 118899 118907 118915
118927 118977 118939 118951 118963
118978 119017 118987 118996 119005
119018 119078 119033 119048 119063
119079 119188 119106 119133 119160
119189 119232 119199 119209 119219
119233 119275 119243 119253 119263
119276 119317 119286 119296 119306
119318 119364 119329 119340 119351
119365 119409 119376 119387 119398
119410 119462 119423 119436 119449
119463 119511 119475 119487 119499
119512 119557 119523 119534 119545
119558 119586 119565 119572 119579
119587 119650 119602 119617 119632
119651 119701 119663 119675 119687
119702 119783 119722 119742 119762
119784 119835 119796 119808 119820
119836 119868 119844 119852 119860
119869 119909 119879 119889 119899
119910 119933 119915 119920 119925
119934 119971 119943 119952 119961
119972 120181 119978 119984 120135
120182 120300 120211 120240 120269
120301 120367 120317 120333 120349
120368 120402 120376 120384 120392
120403 120457 120416 120429 120442
120458 120559 120483 120508 120533
120560 120612 120573 120586 120599
120613 120655 120623 120633 120643
120656 120730 120674 120692 120710
120731 120799 120748 120765 120782
120800 120861 120815 120830 120845
120862 121130 120929 120996 121063
121131 121203 121149 121167 121185
121204 121378 121247 121290 121333
121379 121451 121397 121415 121433
121452 121518 121468 121484 121500
121519 121554 121527 121535 121543
121555 121606 121567 121579 121591
121607 121650 121617 121627 121637
121651 121675 121657 121663 121669
121676 121737 121691 121706 121721
121738 121831 121761 121784 121807
121832 121877 121843 121854 121865
121878 121939 121893 121908 121923
121940 122024 121961 121982 122003
122025 122058 122033 122041 122049
122059 122123 122075 122091 122107
122124 122156 122132 122140 122148
122157 122223 122173 122189 122205
122224 122359 122257 122290 122323
122360 122415 122373 122386 122399
122416 122527 122443 122470 122497
122528 122570 122538 122548 122558
122571 122650 122590 122609 122628
122651 122748 122675 122699 122723
122749 122798 122761 122773 122785
122799 122956 122838 122877 122916
122957 122999 122967 122977 122987
123000 123035 123008 123016 123024
123036 123060 123042 123048 123054
123061 123094 123069 123077 123085
123095 123230 123128 123161 123194
123231 123354 123261 123291 123321
123355 123421 123371 123387 123403
123422 123885 123537 123652 123767
123886 124057 123928 123970 124012
124058 124125 124074 124090 124106
124126 124154 124133 124140 124147
124155 124193 124164 124173 124182
124194 124314 124224 124254 124284
124315 124351 124324 124333 124342
124352 124392 124362 124372 124382
124393 124414 124398 124403 124408
124415 124441 124421 124427 124433
124442 124468 124448 124454 124460
124469 124516 124480 124491 124502
124517 124556 124526 124535 124544
124557 124575 124561 124565 124569
124576 124639 124591 124606 124621
124640 124663 124645 124650 124655
124664 124686 124669 124674 124679
124687 124764 124706 124725 124744
124765 125261 124889 125013 125137
125262 125299 125271 125280 125289
125300 125316 125304 125308 125312
125317 125338 125322 125327 125332
125339 125398 125353 125367 125381
125399 125434 125407 125415 125423
125435 125491 125449 125463 125477
125492 125518 125498 125504 125510
125519 125580 125534 125549 125564
125581 125616 125589 125597 125605
125617 125693 125636 125655 125674
125694 125741 125705 125716 125727
125742 125887 125778 125814 125850
125888 125917 125895 125902 125909
125918 126013 125941 125964 125987
126014 126036 126019 126024 126029
126037 126054 126041 126045 126049
126055 126077 126060 126065 126070
126078 126270 126126 126174 126222
126271 126388 126300 126329 126358
126389 126490 126414 126439 126464
126491 126542 126503 126515 126527
126543 126623 126563 126583 126603
126624 126659 126632 126640 126648
126660 126691 126667 126674 126681
126692 126714 126697 126702 126707
126715 126799 126736 126757 126778
126800 126828 126807 126814 126821
126829 126872 126839 126849 126859
126873 126923 126885 126897 126909
126924 126948 126930 126936 126942
126949 126987 126958 126967 126976
126988 127024 126997 127006 127015
127025 127064 127034 127043 127052
127065 127084 127069 127073 127077
127085 127111 127091 127097 127103
127112 127142 127119 127126 127133
127143 127181 127152 127161 127170
127182 127231 127194 127206 127218
127232 127302 127249 127266 127283
127303 127327 127309 127315 127321
127328 127351 127333 127338 127343
127352 127417 127368 127384 127400
127418 127458 127428 127438 127448
127459 127510 127471 127483 127495
127511 127561 127523 127535 127547
127562 127625 127577 127592 127607
127626 127767 127661 127696 127731
127768 127832 127784 127800 127816
127833 127916 127853 127873 127893
127917 128303 128013 128109 128205
128304 128380 128323 128342 128361
128381 128408 128387 128393 128399
128409 128454 128420 128431 128442
128455 128499 128466 128477 128488
128500 128534 128508 128516 128524
128535 128568 128543 128551 128559
128569 128603 128577 128585 128593
128604 128710 128630 128656 128682
128711 128795 128732 128753 128774
128796 128826 128803 128810 128817
128827 128932 128853 128879 128905
128933 128958 128939 128945 128951
128959 129028 128976 128993 129010
129029 129118 129051 129073 129095
129119 129193 129137 129155 129173
129194 129297 129219 129244 129269
129298 129327 129305 129312 129319
129328 129349 129333 129338 129343
129350 129466 129379 129408 129437
129467 129546 129486 129505 129524
129547 129645 129571 129595 129619
129646 129671 129652 129658 129664
129672 129701 129679 129686 129693
129702 129757 129715 129728 129741
129758 129807 129770 129782 129794
129808 129899 129830 129852 129874
129900 129956 129914 129928 129942
129957 129991 129965 129973 129981
129992 130032 130002 130012 130022
130033 130110 130052 130071 130090
130111 130185 130129 130147 130165
130186 130221 130194 130202 130210
130222 130307 130243 130264 130285
130308 130372 130324 130340 130356
130373 130424 130385 130397 130409
130425 130470 130436 130447 130458
130471 130494 130476 130481 130486
130495 130585 130517 130539 130561
130586 130608 130591 130596 130601
130609 130648 130618 130627 130636
130649 130697 130661 130673 130685
130698 130740 130708 130718 130728
130741 130764 130746 130751 130756
130765 130890 130796 130827 130858
130891 130955 130907 130923 130939
130956 131038 130976 130996 131016
131039 131098 131053 131067 131081
131099 131167 131116 131133 131150
131168 131282 131196 131224 131252
131283 131350 131299 131315 131331
131351 131401 131363 131375 131387
131402 131482 131422 131442 131462
131483 131534 131495 131507 131519
131535 131575 131545 131555 131565
131576 131823 131637 131698 131759
131824 131932 131851 131878 131905
131933 131982 131945 131957 131969
131983 132053 132000 132017 132034
132054 132103 132066 132078 132090
132104 132136 132112 132120 132128
132137 132159 132142 132147 132152
132160 132216 132174 132188 132202
132217 132279 132232 132247 132262
132280 132328 132292 132304 132316
132329 132369 132339 132349 132359
132370 132419 132382 132394 132406
132420 132481 132435 132450 132465
132482 132528 132493 132504 132515
132529 132572 132539 132549 132559
132573 132625 132586 132599 132612
132626 132657 132633 132640 132647
132658 132696 132667 132676 132685
132697 132742 132708 132719 132730
132743 132765 132748 132753 132758
132766 132795 132773 132780 132787
132796 132834 132805 132814 132823
132835 132859 132841 132847 132853
132860 132891 132867 132874 132881
132892 132914 132897 132902 132907
132915 132945 132922 132929 132936
132946 132998 132959 132972 132985
132999 133056 133013 133027 133041
133057 133163 133083 133109 133135
133164 133200 133173 133182 133191
133201 133264 133216 133231 133246
133265 133377 133293 133321 133349
133378 133418 133388 133398 133408
133419 133486 133435 133451 133467
133487 133646 133526 133565 133604
133647 133692 133658 133669 133680
133693 133835 133728 133763 133798
133836 133904 133853 133870 133887
133905 133995 133927 133949 133971
133996 134077 134016 134036 134056
134078 134125 134089 134100 134111
134126 134202 134145 134164 134183
134203 134273 134220 134237 134254
134274 134296 134279 134284 134289
134297 134328 134304 134311 134318
134329 134345 134333 134337 134341
134346 134375 134353 134360 134367
134376 134401 134382 134388 134394
134402 134433 134409 134416 134423
134434 134482 134446 134458 134470
134483 134518 134491 134499 134507
134519 134551 134527 134535 134543
134552 134622 134569 134586 134603
134623 134723 134648 134673 134698
134724 134763 134733 134742 134751
134764 134847 134784 134804 134824
134848 134945 134872 134896 134920
134946 135060 134959 134972 135045
135061 135202 135096 135131 135166
135203 135233 135210 135217 135224
135234 135291 135248 135262 135276
135292 135326 135300 135308 135316
135327 135356 135334 135341 135348
135357 135419 135372 135387 135402
135420 135499 135439 135458 135477
135500 135545 135511 135522 135533
135546 135648 135571 135596 135621
135649 135812 135689 135729 135769
135813 135924 135840 135867 135894
135925 135946 135930 135935 135940
135947 136008 135962 135977 135992
136009 136132 136039 136069 136099
136133 136185 136146 136159 136172
136186 136269 136206 136226 136246
136270 136327 136284 136298 136312
136328 136446 136357 136386 136415
136447 136558 136474 136501 136528
136559 136606 136570 136581 136592
136607 136658 136619 136631 136643
136659 136827 136701 136743 136785
136828 136950 136858 136888 136918
136951 137009 136965 136979 136993
137010 137123 137038 137066 137094
137124 137155 137131 137138 137145
137156 137334 137200 137244 137288
137335 137404 137352 137369 137386
137405 137459 137418 137431 137444
137460 137702 137520 137580 137640
137703 137804 137728 137753 137778
137805 137971 137846 137887 137928
137972 138095 138002 138032 138062
138096 138117 138101 138106 138111
138118 138252 138151 138184 138217
138253 138329 138272 138291 138310
138330 138474 138366 138402 138438
138475 138555 138495 138515 138535
138556 138607 138568 138580 138592
138608 138669 138623 138638 138653
138670 138739 138687 138704 138721
138740 138847 138766 138792 138818
138848 138940 138871 138894 138917
138941 138980 138950 138959 138968
138981 139045 138997 139013 139029
139046 139069 139051 139056 139061
139070 139091 139075 139080 139085
139092 139115 139097 139102 139107
139116 139163 139127 139138 139149
139164 139204 139174 139184 139194
139205 139248 139215 139225 139235
139249 139335 139270 139291 139312
139336 139486 139373 139410 139447
139487 139568 139507 139527 139547
139569 139610 139579 139589 139599
139611 139641 139618 139625 139632
139642 139718 139661 139680 139699
139719 139771 139732 139745 139758
139772 139798 139778 139784 139790
139799 139823 139805 139811 139817
139824 139842 139828 139832 139836
139843 139878 139851 139859 139867
139879 139936 139893 139907 139921
139937 139965 139944 139951 139958
139966 140054 139988 140010 140032
140055 140078 140060 140065 140070
140079 140109 140086 140093 140100
140110 140130 140115 140120 140125
140131 140217 140152 140173 140194
140218 140272 140231 140244 140257
140273 140454 140318 140363 140408
140455 140651 140504 140553 140602
140652 140837 140698 140744 140790
140838 140888 140850 140862 140874
140889 141007 140918 140947 140976
141008 141074 141024 141040 141056
141075 141142 141091 141107 141123
141143 141312 141185 141227 141269
141313 141368 141326 141339 141352
141369 141406 141378 141387 141396
141407 141494 141428 141449 141470
141495 141522 141501 141507 141513
141523 141609 141544 141565 141586
141610 141657 141621 141632 141643
141658 141692 141666 141674 141682
141693 141850 141732 141771 141810
141851 141919 141868 141885 141902
141920 141973 141933 141946 141959
141974 142055 141994 142014 142034
142056 142133 142075 142094 142113
142134 142228 142157 142180 142203
142229 142263 142237 142245 142253
142264 142362 142288 142312 142336
142363 142554 142410 142457 142504
142555 142595 142565 142575 142585
142596 142659 142611 142626 142641
142660 142727 142676 142692 142708
142728 142761 142736 142744 142752
142762 142803 142772 142782 142792
142804 142832 142811 142818 142825
142833 142949 142862 142891 142920
142950 143062 142978 143006 143034
143063 143111 143075 143087 143099
143112 143192 143132 143152 143172
143193 143247 143206 143219 143232
143248 143307 143262 143276 143290
143308 143458 143345 143382 143419
143459 143503 143470 143481 143492
143504 143617 143532 143560 143588
143618 143723 143644 143670 143696
143724 143758 143732 143740 143748
143759 143877 143788 143817 143846
143878 143908 143885 143892 143899
143909 143938 143916 143923 143930
143939 143959 143944 143949 143954
143960 144010 143972 143984 143996
144011 144068 144025 144039 144053
144069 144161 144092 144115 144138
144162 144201 144171 144180 144189
144202 144237 144210 144218 144226
144238 144321 144258 144278 144298
144322 144425 144347 144372 144397
144426 144462 144435 144444 144453
144463 144528 144479 144495 144511
144529 144545 144533 144537 144541
144546 144578 144554 144562 144570
144579 144596 144583 144587 144591
144597 144648 144609 144621 144633
144649 144668 144653 144657 144661
144669 144691 144674 144679 144684
144692 144712 144697 144702 144707
144713 144737 144719 144725 144731
144738 144760 144743 144748 144753
144761 144784 144766 144771 144776
144785 144809 144791 144797 144803
144810 144834 144816 144822 144828
144835 144858 144840 144845 144850
144859 144882 144864 144869 144874
144883 144950 144899 144915 144931
144951 145001 144963 144975 144987
145002 145052 145014 145026 145038
145053 145136 145073 145093 145113
145137 145300 145177 145217 145257
145301 145343 145311 145321 145331
145344 145411 145360 145376 145392
145412 145547 145445 145478 145511
145548 145578 145555 145562 145569
145579 145667 145601 145623 145645
145668 145709 145678 145688 145698
145710 145809 145734 145758 145782
145810 145891 145830 145850 145870
145892 145917 145898 145904 145910
145918 145960 145928 145938 145948
145961 146026 145977 145993 146009
146027 146073 146038 146049 146060
146074 146136 146089 146104 146119
146137 146199 146152 146167 146182
146200 146221 146205 146210 146215
146222 146266 146233 146244 146255
146267 146350 146287 146307 146327
146351 146459 146378 146405 146432
146460 146608 146497 146534 146571
146609 146663 146622 146635 146648
146664 146878 146717 146770 146823
146879 147021 146914 146949 146984
147022 147130 147049 147076 147103
147131 147177 147142 147153 147164
147178 147356 147222 147266 147310
147357 147398 147367 147377 147387
147399 147676 147468 147537 147606
147677 147828 147714 147751 147788
147829 147881 147842 147855 147868
147882 147922 147892 147902 147912
147923 147963 147933 147943 147953
147964 148046 147984 148004 148024
148047 148139 148070 148093 148116
148140 148206 148156 148172 148188
148207 148273 148223 148239 148255
148274 148338 148290 148306 148322
148339 148476 148373 148407 148441
148477 148578 148502 148527 148552
148579 148694 148607 148635 148663
148695 148728 148703 148711 148719
148729 148917 148776 148823 148870
148918 148969 148930 148942 148954
148970 149065 148993 149016 149039
149066 149112 149077 149088 149099
149113 149159 149124 149135 149146
149160 149220 149175 149190 149205
149221 149322 149246 149271 149296
149323 149360 149332 149341 149350
149361 149421 149376 149391 149406
149422 149572 149459 149496 149533
149573 149749 149617 149661 149705
149750 150005 149812 149874 150003
150006 150041 150014 150022 150030
150042 150098 150056 150070 150084
150099 150139 150109 150119 150129
150140 150197 150154 150168 150182
150198 150661 150313 150428 150543
150662 150872 150714 150766 150818
150873 151042 150915 150957 150999
151043 151176 151076 151109 151142
151177 151200 151182 151187 151192
151201 151243 151211 151221 151231
151244 151267 151249 151254 151259
151268 151295 151274 151280 151286
151296 151584 151368 151440 151512
151585 151691 151611 151637 151663
151692 151733 151702 151712 151722
151734 151790 151748 151762 151776
151791 151883 151814 151837 151860
151884 151952 151901 151918 151935
151953 151996 151963 151973 151983
151997 152033 152006 152015 152024
152034 152071 152043 152052 152061
152072 152122 152084 152096 152108
152123 152185 152138 152153 152168
152186 152228 152196 152206 152216
152229 152269 152239 152249 152259
152270 152313 152280 152290 152300
152314 152447 152347 152380 152413
152448 152512 152464 152480 152496
152513 152685 152556 152599 152642
152686 152747 152701 152716 152731
152748 152884 152782 152816 152850
152885 152905 152890 152895 152900
152906 159167 154471 156036 157601
