0 256 64 128 192
257 325 274 291 308
326 515 373 420 467
516 572 530 544 558
573 640 589 605 621
641 689 653 665 677
690 1692 940 1190 1440
1693 1714 1698 1703 1708
1715 1810 1738 1761 1784
1811 1927 1840 1869 1898
1928 1958 1935 1942 1949
1959 1997 1968 1977 1986
1998 2054 2012 2026 2040
2055 2179 2086 2117 2148
2180 2198 2184 2188 2192
2199 2242 2209 2219 2229
2243 2306 2258 2273 2288
2307 2359 2320 2333 2346
2360 2431 2377 2394 2411
2432 2637 2483 2534 2585
2638 2680 2648 2658 2668
2681 2771 2703 2725 2747
2772 2862 2794 2816 2838
2863 3027 2904 2945 2986
3028 3196 3070 3112 3154
3197 3314 3226 3255 3284
3315 3366 3327 3339 3351
3367 3444 3386 3405 3424
3445 3478 3453 3461 3469
3479 3505 3485 3491 3497
3506 3537 3513 3520 3527
3538 3782 3599 3660 3721
3783 3905 3813 3843 3873
3906 4072 3947 3988 4029
4073 4204 4105 4137 4169
4205 4283 4224 4243 4262
4284 4347 4299 4314 4329
4348 4598 4410 4472 4534
4599 4717 4628 4657 4686
4718 4748 4725 4732 4739
4749 4799 4761 4773 4785
4800 4877 4819 4838 4857
4878 5033 4916 4954 4992
5034 5252 5088 5142 5196
5253 5556 5328 5403 5478
5557 5806 5619 5681 5743
5807 6103 5881 5955 6029
6104 6127 6109 6114 6119
6128 6156 6135 6142 6149
6157 6179 6162 6167 6172
6180 6241 6195 6210 6225
6242 6548 6318 6394 6470
6549 6588 6558 6567 6576
6589 6650 6604 6619 6634
6651 6684 6659 6667 6675
6685 7434 6872 7059 7246
7435 7470 7443 7451 7459
7471 7509 7480 7489 7498
7510 7548 7519 7528 7537
7549 7593 7560 7571 7582
7594 7795 7644 7694 7744
7796 7979 7841 7886 7931
7980 8033 7993 8006 8019
8034 8440 8135 8236 8337
8441 8560 8470 8499 8528
8561 8929 8653 8745 8837
8930 9053 8960 8990 9020
9054 9288 9112 9170 9228
9289 9355 9305 9321 9337
9356 9421 9372 9388 9404
9422 9439 9426 9430 9434
9440 9511 9457 9474 9491
9512 10781 9829 10146 10463
10782 11036 10845 10908 10971
11037 11110 11055 11073 11091
11111 11239 11143 11175 11207
11240 11356 11269 11298 11327
11357 12122 11548 11739 11930
12123 12680 12262 12401 12540
12681 12833 12719 12757 12795
12834 13034 12884 12934 12984
13035 13131 13059 13083 13107
13132 13207 13150 13168 13186
13208 13353 13244 13280 13316
13354 13379 13360 13366 13372
13380 13523 13415 13450 13485
13524 13814 13596 13668 13740
13815 13879 13831 13847 13863
13880 14273 13978 14076 14174
14274 14364 14296 14318 14340
14365 14478 14393 14421 14449
14479 14510 14486 14493 14500
14511 14592 14531 14551 14571
14593 14649 14607 14621 14635
14650 14667 14654 14658 14662
14668 14753 14689 14710 14731
14754 14784 14761 14768 14775
14785 14807 14790 14795 14800
14808 14855 14819 14830 14841
14856 14877 14861 14866 14871
14878 15005 14908 14938 15003
15006 15065 15020 15034 15048
15066 15155 15088 15110 15132
15156 15200 15167 15178 15189
15201 15887 15372 15543 15714
15888 16040 15926 15964 16002
16041 16875 16249 16457 16665
16876 16990 16904 16932 16960
16991 17858 17207 17423 17639
17859 17900 17869 17879 17889
17901 18042 17936 17971 18006
18043 18087 18054 18065 18076
18088 18501 18191 18294 18397
18502 18583 18522 18542 18562
18584 18814 18641 18698 18755
18815 18876 18830 18845 18860
18877 19066 18924 18971 19018
19067 19155 19089 19111 19133
19156 19196 19166 19176 19186
19197 19252 19210 19223 19236
19253 19338 19274 19295 19316
19339 19401 19354 19369 19384
19402 19438 19411 19420 19429
19439 19477 19448 19457 19466
19478 19509 19485 19492 19499
19510 19607 19534 19558 19582
19608 19773 19649 19690 19731
19774 19802 19781 19788 19795
19803 19843 19813 19823 19833
19844 19933 19866 19888 19910
19934 20246 20012 20090 20168
20247 21550 20572 20897 21222
21551 22126 21694 21837 21980
22127 22210 22147 22167 22187
22211 22259 22223 22235 22247
22260 22339 22279 22298 22317
22340 22953 22493 22646 22799
22954 23349 23052 23150 23248
23350 23491 23385 23420 23455
23492 23961 23609 23726 23843
23962 24251 24034 24106 24178
24252 24336 24273 24294 24315
24337 24531 24385 24433 24481
24532 24562 24539 24546 24553
24563 25059 24687 24811 24935
25060 25139 25079 25098 25117
25140 25192 25153 25166 25179
25193 25250 25207 25221 25235
25251 25456 25302 25353 25404
25457 25606 25494 25531 25568
25607 25749 25642 25677 25712
25750 25848 25774 25798 25822
25849 26220 25941 26033 26125
26221 26303 26241 26261 26281
26304 26753 26416 26528 26640
26754 26876 26784 26814 26844
26877 27004 26908 26939 26970
27005 27071 27021 27037 27053
27072 27174 27097 27122 27147
27175 27223 27187 27199 27211
27224 27281 27238 27252 27266
27282 27342 27297 27312 27327
27343 27457 27371 27399 27427
27458 27495 27467 27476 27485
27496 27533 27505 27514 27523
27534 27639 27560 27586 27612
27640 27709 27657 27674 27691
27710 27790 27730 27750 27770
27791 27828 27800 27809 27818
27829 27919 27851 27873 27895
27920 28033 27948 27976 28004
28034 28101 28050 28066 28082
28102 28127 28108 28114 28120
28128 28166 28137 28146 28155
28167 28194 28173 28179 28185
28195 28219 28201 28207 28213
28220 28306 28241 28262 28283
28307 28360 28320 28333 28346
28361 28436 28379 28397 28415
28437 28463 28443 28449 28455
28464 28490 28470 28476 28482
28491 28535 28502 28513 28524
28536 28714 28580 28624 28668
28715 28922 28766 28817 28868
28923 29045 28953 28983 29013
29046 29280 29104 29162 29220
29281 29387 29307 29333 29359
29388 29461 29406 29424 29442
29462 29521 29476 29490 29504
29522 29586 29538 29554 29570
29587 29615 29594 29601 29608
29616 29851 29674 29732 29790
29852 29986 29885 29918 29951
29987 30038 29990 29993 30027
30039 30280 30099 30159 30219
30281 30440 30320 30359 30398
30441 30772 30523 30605 30687
30773 30812 30782 30791 30800
30813 30850 30822 30831 30840
30851 30894 30861 30871 30881
30895 31000 30921 30947 30973
31001 31136 31034 31067 31100
31137 31197 31152 31167 31182
31198 31272 31216 31234 31252
31273 31358 31294 31315 31336
31359 31412 31372 31385 31398
31413 31514 31438 31463 31488
31515 31572 31529 31543 31557
31573 31840 31639 31705 31771
31841 31918 31860 31879 31898
31919 32016 31943 31967 31991
32017 32086 32034 32051 32068
32087 32140 32100 32113 32126
32141 32326 32187 32233 32279
32327 32565 32386 32445 32504
32566 32707 32601 32636 32671
32708 32930 32763 32818 32873
32931 32989 32945 32959 32973
32990 33037 33001 33012 33023
33038 33100 33053 33068 33083
33101 33227 33132 33163 33194
33228 33540 33306 33384 33462
33541 33589 33553 33565 33577
33590 33941 33677 33764 33851
33942 33997 33955 33968 33981
33998 34127 34030 34062 34094
34128 34232 34154 34180 34206
34233 34354 34263 34293 34323
34355 34389 34363 34371 34379
34390 34483 34413 34436 34459
34484 34571 34505 34526 34547
34572 34977 34673 34774 34875
34978 35149 35020 35062 35104
35150 35280 35182 35214 35246
35281 35357 35300 35319 35338
35358 35535 35402 35446 35490
35536 35674 35570 35604 35638
35675 35828 35713 35751 35789
35829 35910 35849 35869 35889
35911 35969 35925 35939 35953
35970 36028 35984 35998 36012
36029 36138 36056 36083 36110
36139 36234 36162 36185 36208
36235 36469 36293 36351 36409
36470 36544 36488 36506 36524
36545 36581 36554 36563 36572
36582 36605 36587 36592 36597
36606 36655 36618 36630 36642
36656 36676 36661 36666 36671
36677 36714 36686 36695 36704
36715 36778 36730 36745 36760
36779 36818 36788 36797 36806
36819 36904 36840 36861 36882
36905 36934 36912 36919 36926
36935 36996 36950 36965 36980
36997 37110 37025 37053 37081
37111 37167 37125 37139 37153
37168 37234 37184 37200 37216
37235 37281 37246 37257 37268
37282 37347 37298 37314 37330
37348 37473 37379 37410 37441
37474 37638 37515 37556 37597
37639 38069 37746 37853 37960
38070 38176 38096 38122 38148
38177 38207 38184 38191 38198
38208 38341 38241 38274 38307
38342 38551 38394 38446 38498
38552 38613 38567 38582 38597
38614 38636 38619 38624 38629
38637 38658 38642 38647 38652
38659 38713 38672 38685 38698
38714 38759 38725 38736 38747
38760 38805 38771 38782 38793
38806 38847 38816 38826 38836
38848 38887 38857 38866 38875
38888 40109 39193 39498 39803
40110 40154 40121 40132 40143
40155 40189 40163 40171 40179
40190 40708 40319 40448 40577
40709 40819 40736 40763 40790
40820 40903 40840 40860 40880
40904 41061 40943 40982 41021
41062 41173 41089 41116 41143
41174 41242 41191 41208 41225
41243 41297 41256 41269 41282
41298 41372 41316 41334 41352
41373 41469 41397 41421 41445
41470 41541 41487 41504 41521
41542 41602 41557 41572 41587
41603 41691 41625 41647 41669
41692 41743 41704 41716 41728
41744 41839 41767 41790 41813
41840 41913 41858 41876 41894
41914 41995 41934 41954 41974
41996 42062 42012 42028 42044
42063 42229 42104 42145 42186
42230 42294 42246 42262 42278
42295 42355 42310 42325 42340
42356 42416 42371 42386 42401
42417 42462 42428 42439 42450
42463 42537 42481 42499 42517
42538 42656 42567 42596 42625
42657 42715 42671 42685 42699
42716 42816 42741 42766 42791
42817 43066 42879 42941 43003
43067 43131 43083 43099 43115
43132 43223 43154 43176 43198
43224 43271 43235 43246 43257
43272 43303 43279 43286 43293
43304 43343 43313 43322 43331
43344 43372 43351 43358 43365
43373 43409 43382 43391 43400
43410 43446 43419 43428 43437
43447 43477 43454 43461 43468
43478 43564 43499 43520 43541
43565 43606 43575 43585 43595
43607 43736 43639 43671 43703
43737 43794 43751 43765 43779
43795 43864 43812 43829 43846
43865 43987 43895 43925 43955
43988 44058 44005 44022 44039
44059 44149 44081 44103 44125
44150 44267 44179 44208 44237
44268 44343 44286 44304 44322
44344 44507 44384 44424 44464
44508 44568 44523 44538 44553
44569 44638 44586 44603 44620
44639 44731 44662 44685 44708
44732 44798 44748 44764 44780
44799 44877 44818 44837 44856
44878 44951 44896 44914 44932
44952 45119 44963 44974 45087
45120 45266 45156 45192 45228
45267 45327 45282 45297 45312
45328 45386 45342 45356 45370
45387 45474 45408 45429 45450
45475 45515 45485 45495 45505
45516 45586 45533 45550 45567
45587 45617 45594 45601 45608
45618 45707 45640 45662 45684
45708 45805 45732 45756 45780
45806 45865 45820 45834 45848
45866 45899 45874 45882 45890
45900 45939 45909 45918 45927
45940 46035 45963 45986 46009
46036 46085 46048 46060 46072
46086 46150 46102 46118 46134
46151 46206 46164 46177 46190
46207 46256 46219 46231 46243
46257 46292 46265 46273 46281
46293 46333 46303 46313 46323
46334 46426 46357 46380 46403
46427 46461 46435 46443 46451
46462 46514 46475 46488 46501
46515 46544 46522 46529 46536
46545 46597 46558 46571 46584
46598 46695 46622 46646 46670
46696 46792 46720 46744 46768
46793 46850 46807 46821 46835
46851 47451 47001 47151 47301
47452 48214 47642 47832 48022
48215 48499 48286 48357 48428
48500 48635 48533 48566 48599
48636 48978 48721 48806 48891
48979 49340 49069 49159 49249
49341 49674 49424 49507 49590
49675 49738 49690 49705 49720
49739 49804 49755 49771 49787
49805 49967 49845 49885 49925
49968 50017 49980 49992 50004
50018 50219 50068 50118 50168
50220 50293 50238 50256 50274
50294 50412 50323 50352 50381
50413 50460 50424 50435 50446
50461 50670 50513 50565 50617
50671 50691 50676 50681 50686
50692 50720 50699 50706 50713
50721 50811 50743 50765 50787
50812 50978 50853 50894 50935
50979 51098 51008 51037 51066
51099 51477 51193 51287 51381
51478 51757 51547 51616 51685
51758 52020 51823 51888 51953
52021 52130 52048 52075 52102
52131 52344 52184 52237 52290
52345 53321 52589 52833 53077
53322 53661 53406 53490 53574
53662 53806 53698 53734 53770
53807 53895 53829 53851 53873
53896 53984 53918 53940 53962
53985 54225 54045 54105 54165
54226 54279 54239 54252 54265
54280 54391 54307 54334 54361
54392 54462 54409 54426 54443
54463 54558 54486 54509 54532
54559 54723 54600 54641 54682
54724 54829 54750 54776 54802
54830 55278 54942 55054 55166
55279 55404 55310 55341 55372
55405 56001 55554 55703 55852
56002 56096 56025 56048 56071
56097 56201 56123 56149 56175
56202 56407 56253 56304 56355
56408 56468 56423 56438 56453
56469 56529 56484 56499 56514
56530 56878 56617 56704 56791
56879 57210 56961 57043 57125
57211 57254 57221 57231 57241
57255 57322 57271 57287 57303
57323 57530 57374 57425 57476
57531 57610 57550 57569 57588
57611 57653 57621 57631 57641
57654 57794 57689 57724 57759
57795 57814 57799 57803 57807
57815 57956 57850 57885 57920
57957 58036 57976 57995 58014
58037 58092 58050 58063 58076
58093 58143 58105 58117 58129
58144 58234 58166 58188 58210
58235 58307 58253 58271 58289
58308 58349 58318 58328 58338
58350 58454 58376 58402 58428
58455 58694 58514 58573 58632
58695 59011 58774 58853 58932
59012 59061 59024 59036 59048
59062 59358 59136 59210 59284
59359 59437 59378 59397 59416
59438 59636 59487 59536 59585
59637 59708 59654 59671 59688
59709 60449 59781 59853 60336
60450 60692 60510 60570 60630
60693 61099 60794 60895 60996
61100 61333 61158 61216 61274
61334 61469 61367 61400 61433
61470 62152 61640 61810 61980
62153 62315 62193 62233 62273
62316 62456 62351 62386 62421
62457 62556 62481 62505 62529
62557 62641 62578 62599 62620
62642 62669 62648 62654 62660
62670 62717 62681 62692 62703
62718 62855 62752 62786 62820
62856 62879 62861 62866 62871
62880 63049 62922 62964 63006
63050 63130 63070 63090 63110
63131 63188 63145 63159 63173
63189 63241 63202 63215 63228
63242 63280 63251 63260 63269
63281 63312 63288 63295 63302
63313 63358 63324 63335 63346
63359 63397 63368 63377 63386
63398 63448 63410 63422 63434
63449 63476 63455 63461 63467
63477 63503 63483 63489 63495
63504 63604 63529 63554 63579
63605 63728 63635 63665 63695
63729 63808 63748 63767 63786
63809 63838 63816 63823 63830
63839 63888 63851 63863 63875
63889 63929 63899 63909 63919
63930 63952 63935 63940 63945
63953 64291 64037 64121 64205
64292 64430 64326 64360 64394
64431 64655 64487 64543 64599
64656 64722 64672 64688 64704
64723 65247 64854 64985 65116
65248 65307 65262 65276 65290
65308 65444 65342 65376 65410
65445 66816 65787 66129 66471
66817 66904 66838 66859 66880
66905 67079 66948 66991 67034
67080 67127 67091 67102 67113
67128 67195 67144 67160 67176
67196 67254 67210 67224 67238
67255 67440 67301 67347 67393
67441 67471 67448 67455 67462
67472 67545 67490 67508 67526
67546 67603 67560 67574 67588
67604 67663 67618 67632 67646
67664 67712 67676 67688 67700
67713 67755 67723 67733 67743
67756 67828 67774 67792 67810
67829 67927 67853 67877 67901
67928 67989 67943 67958 67973
67990 68044 68003 68016 68029
68045 68139 68068 68091 68114
68140 68343 68190 68240 68290
68344 68375 68351 68358 68365
68376 68505 68408 68440 68472
68506 68774 68573 68640 68707
68775 68832 68789 68803 68817
68833 68979 68869 68905 68941
68980 69070 69002 69024 69046
69071 69117 69082 69093 69104
69118 69184 69134 69150 69166
69185 69209 69191 69197 69203
69210 69293 69230 69250 69270
69294 69318 69300 69306 69312
69319 69351 69327 69335 69343
69352 69386 69360 69368 69376
69387 69465 69406 69425 69444
69466 69520 69479 69492 69505
69521 69578 69535 69549 69563
69579 69734 69617 69655 69693
69735 69879 69771 69807 69843
69880 69969 69902 69924 69946
69970 70058 69992 70014 70036
70059 70288 70116 70173 70230
70289 70366 70308 70327 70346
70367 70424 70381 70395 70409
70425 70461 70434 70443 70452
70462 71340 70681 70900 71119
71341 71493 71379 71417 71455
71494 71617 71524 71554 71584
71618 71723 71644 71670 71696
71724 71813 71746 71768 71790
71814 71991 71858 71902 71946
71992 72704 72170 72348 72526
72705 74053 73042 73379 73716
74054 74862 74256 74458 74660
74863 74979 74892 74921 74950
74980 75039 74984 74988 75027
75040 75105 75056 75072 75088
75106 75146 75116 75126 75136
75147 75203 75161 75175 75189
75204 75353 75241 75278 75315
75354 75447 75377 75400 75423
75448 75641 75496 75544 75592
75642 76038 75741 75840 75939
76039 76085 76050 76061 76072
76086 76295 76138 76190 76242
76296 76420 76327 76358 76389
76421 76467 76432 76443 76454
76468 76498 76475 76482 76489
76499 76552 76512 76525 76538
76553 76599 76564 76575 76586
76600 76672 76618 76636 76654
76673 76757 76694 76715 76736
76758 76840 76778 76798 76818
76841 77006 76882 76923 76964
77007 77045 77016 77025 77034
77046 77132 77067 77088 77109
77133 77152 77137 77141 77145
77153 77190 77162 77171 77180
77191 77229 77200 77209 77218
77230 77302 77248 77266 77284
77303 77379 77322 77341 77360
77380 77466 77401 77422 77443
77467 77512 77478 77489 77500
77513 77547 77521 77529 77537
77548 77724 77592 77636 77680
77725 77770 77736 77747 77758
77771 77936 77812 77853 77894
77937 78006 77954 77971 77988
78007 78089 78027 78047 78067
78090 78189 78114 78138 78162
78190 78481 78262 78334 78406
78482 78726 78543 78604 78665
78727 78754 78733 78739 78745
78755 78786 78762 78769 78776
78787 78843 78801 78815 78829
78844 79198 78932 79020 79108
79199 79243 79210 79221 79232
79244 79305 79259 79274 79289
79306 79351 79317 79328 79339
79352 79692 79437 79522 79607
79693 80486 79891 80089 80287
80487 80583 80511 80535 80559
80584 80643 80598 80612 80626
80644 80697 80657 80670 80683
80698 80830 80731 80764 80797
80831 80883 80844 80857 80870
80884 81019 80917 80950 80983
81020 81077 81034 81048 81062
81078 81158 81098 81118 81138
81159 81234 81177 81195 81213
81235 81417 81280 81325 81370
81418 81467 81430 81442 81454
81468 81511 81478 81488 81498
81512 81603 81534 81556 81578
81604 81740 81638 81672 81706
81741 81775 81749 81757 81765
81776 82182 81877 81978 82079
82183 82302 82212 82241 82270
82303 82449 82339 82375 82411
82450 82492 82460 82470 82480
82493 82520 82499 82505 82511
82521 82549 82528 82535 82542
82550 83071 82680 82810 82940
83072 83161 83094 83116 83138
83162 83310 83199 83236 83273
83311 83589 83380 83449 83518
83590 83646 83604 83618 83632
83647 83747 83672 83697 83722
83748 83767 83752 83756 83760
83768 83989 83823 83878 83933
83990 84045 84003 84016 84029
84046 84120 84064 84082 84100
84121 84171 84133 84145 84157
84172 84233 84187 84202 84217
84234 84330 84258 84282 84306
84331 84372 84341 84351 84361
84373 84428 84386 84399 84412
84429 84528 84453 84477 84501
84529 84559 84536 84543 84550
84560 84579 84564 84568 84572
84580 84606 84586 84592 84598
84607 84665 84621 84635 84649
84666 84693 84672 84678 84684
84694 84749 84707 84720 84733
84750 84829 84769 84788 84807
84830 84866 84839 84848 84857
84867 84897 84874 84881 84888
84898 84986 84920 84942 84964
84987 85093 85013 85039 85065
85094 85150 85108 85122 85136
85151 85172 85156 85161 85166
85173 85228 85186 85199 85212
85229 85250 85234 85239 85244
85251 85500 85313 85375 85437
85501 85599 85525 85549 85573
85600 85679 85619 85638 85657
85680 85716 85689 85698 85707
85717 85775 85731 85745 85759
85776 85825 85788 85800 85812
85826 85884 85840 85854 85868
85885 85951 85901 85917 85933
85952 85968 85956 85960 85964
85969 85990 85974 85979 85984
85991 86031 86001 86011 86021
86032 86050 86036 86040 86044
86051 86082 86058 86065 86072
86083 86102 86087 86091 86095
86103 86157 86116 86129 86142
86158 86203 86169 86180 86191
86204 86222 86208 86212 86216
86223 86246 86228 86233 86238
86247 86273 86253 86259 86265
86274 86301 86280 86286 86292
86302 86376 86320 86338 86356
86377 86411 86385 86393 86401
86412 86470 86426 86440 86454
86471 86496 86477 86483 86489
86497 86529 86505 86513 86521
86530 86554 86536 86542 86548
86555 86571 86559 86563 86567
86572 86600 86579 86586 86593
86601 86652 86613 86625 86637
86653 86759 86679 86705 86731
86760 86801 86770 86780 86790
86802 86875 86820 86838 86856
86876 86925 86888 86900 86912
86926 87053 86957 86988 87019
87054 87091 87063 87072 87081
87092 87308 87146 87200 87254
87309 87780 87426 87543 87660
87781 88072 87853 87925 87997
88073 88132 88087 88101 88115
88133 88202 88150 88167 88184
88203 88280 88222 88241 88260
88281 88330 88293 88305 88317
88331 88380 88343 88355 88367
88381 88428 88392 88403 88414
88429 88489 88444 88459 88474
88490 88539 88502 88514 88526
88540 88783 88600 88660 88720
88784 88905 88814 88844 88874
88906 88981 88924 88942 88960
88982 89032 88994 89006 89018
89033 89077 89044 89055 89066
89078 89170 89101 89124 89147
89171 89193 89176 89181 89186
89194 89345 89231 89268 89305
89346 89376 89353 89360 89367
89377 89496 89406 89435 89464
89497 89606 89524 89551 89578
89607 89631 89613 89619 89625
89632 89750 89661 89690 89719
89751 89795 89762 89773 89784
89796 89946 89833 89870 89907
89947 90073 89960 89973 90054
90074 90119 90085 90096 90107
90120 90189 90137 90154 90171
90190 90317 90221 90252 90283
90318 90431 90346 90374 90402
90432 90496 90448 90464 90480
90497 90827 90579 90661 90743
90828 90904 90847 90866 90885
90905 91707 91105 91305 91505
91708 91874 91749 91790 91831
91875 92002 91906 91937 91968
92003 92067 92019 92035 92051
92068 92615 92204 92340 92476
92616 92748 92649 92682 92715
92749 92851 92774 92799 92824
92852 92913 92867 92882 92897
92914 93014 92939 92964 92989
93015 93074 93029 93043 93057
93075 93195 93105 93135 93165
93196 93261 93212 93228 93244
93262 93323 93277 93292 93307
93324 93968 93485 93646 93807
93969 94602 94127 94285 94443
94603 94693 94625 94647 94669
94694 94753 94708 94722 94736
94754 94947 94802 94850 94898
94948 95026 94967 94986 95005
95027 95636 95179 95331 95483
95637 96041 95738 95839 95940
96042 96111 96059 96076 96093
96112 96161 96124 96136 96148
96162 96194 96170 96178 96186
96195 96355 96235 96275 96315
96356 96409 96369 96382 96395
96410 96445 96418 96426 96434
96446 96472 96452 96458 96464
96473 96508 96481 96489 96497
96509 96527 96513 96517 96521
96528 96552 96534 96540 96546
96553 96575 96558 96563 96568
96576 96679 96601 96626 96651
96680 97743 96945 97210 97475
97744 98221 97863 97982 98101
98222 98459 98281 98340 98399
98460 98797 98544 98628 98712
98798 98825 98804 98810 98816
98826 98931 98852 98878 98904
98932 99001 98949 98966 98983
99002 99377 99095 99188 99281
99378 99412 99386 99394 99402
99413 99453 99423 99433 99443
99454 99508 99467 99480 99493
99509 99547 99518 99527 99536
99548 99587 99557 99566 99575
99588 99681 99611 99634 99657
99682 99768 99703 99724 99745
99769 99795 99775 99781 99787
99796 99840 99807 99818 99829
99841 99893 99854 99867 99880
99894 99943 99906 99918 99930
99944 100008 99960 99976 99992
100009 100097 100031 100053 100075
100098 100125 100104 100110 100116
100126 100153 100132 100138 100144
100154 100190 100163 100172 100181
100191 100210 100195 100199 100203
100211 100237 100217 100223 100229
100238 100257 100242 100246 100250
100258 100288 100265 100272 100279
100289 100310 100294 100299 100304
100311 100336 100317 100323 100329
100337 100367 100344 100351 100358
100368 100434 100384 100400 100416
100435 100495 100450 100465 100480
100496 100515 100500 100504 100508
100516 100542 100522 100528 100534
100543 100560 100547 100551 100555
100561 100587 100567 100573 100579
100588 100609 100593 100598 100603
100610 100627 100614 100618 100622
100628 100661 100636 100644 100652
100662 100688 100668 100674 100680
100689 100705 100693 100697 100701
100706 100785 100725 100744 100763
100786 100854 100803 100820 100837
100855 100916 100870 100885 100900
100917 100955 100926 100935 100944
100956 100990 100964 100972 100980
100991 101009 100995 100999 101003
101010 101028 101014 101018 101022
101029 101045 101033 101037 101041
101046 101062 101050 101054 101058
101063 101089 101069 101075 101081
101090 101123 101098 101106 101114
101124 101193 101141 101158 101175
101194 101243 101206 101218 101230
101244 101262 101248 101252 101256
101263 101285 101268 101273 101278
101286 101309 101291 101296 101301
101310 101332 101315 101320 101325
101333 101368 101341 101349 101357
101369 101387 101373 101377 101381
101388 101404 101392 101396 101400
101405 101424 101409 101413 101417
101425 101453 101432 101439 101446
101454 101659 101505 101556 101607
101660 101700 101670 101680 101690
101701 101763 101716 101731 101746
101764 101817 101777 101790 101803
101818 101849 101825 101832 101839
101850 101920 101867 101884 101901
101921 101959 101930 101939 101948
101960 102160 102010 102060 102110
102161 102195 102169 102177 102185
102196 102290 102219 102242 102265
102291 102314 102296 102301 102306
102315 102395 102335 102355 102375
102396 102412 102400 102404 102408
102413 102468 102426 102439 102452
102469 102520 102481 102493 102505
102521 102566 102532 102543 102554
102567 102591 102573 102579 102585
102592 102645 102605 102618 102631
102646 102678 102654 102662 102670
102679 102726 102690 102701 102712
102727 102744 102731 102735 102739
102745 102764 102749 102753 102757
102765 102784 102769 102773 102777
102785 102811 102791 102797 102803
102812 102840 102819 102826 102833
102841 102868 102847 102853 102859
102869 102903 102877 102885 102893
102904 102934 102911 102918 102925
102935 103055 102965 102995 103025
103056 103136 103076 103096 103116
103137 103190 103150 103163 103176
103191 103217 103197 103203 103209
103218 103239 103223 103228 103233
103240 103280 103250 103260 103270
103281 103324 103291 103301 103311
103325 103511 103371 103417 103463
103512 103571 103526 103540 103554
103572 103609 103581 103590 103599
103610 103663 103623 103636 103649
103664 103687 103669 103674 103679
103688 103712 103694 103700 103706
103713 103731 103717 103721 103725
103732 103765 103740 103748 103756
103766 103792 103772 103778 103784
103793 103810 103797 103801 103805
103811 103883 103829 103847 103865
103884 103913 103891 103898 103905
103914 103931 103918 103922 103926
103932 103952 103937 103942 103947
103953 103973 103958 103963 103968
103974 104003 103981 103988 103995
104004 104047 104014 104024 104034
104048 104082 104056 104064 104072
104083 104119 104092 104101 104110
104120 104150 104127 104134 104141
104151 104189 104160 104169 104178
104190 104218 104197 104204 104211
104219 104254 104227 104235 104243
104255 104316 104270 104285 104300
104317 104361 104328 104339 104350
104362 104389 104368 104374 104380
104390 104432 104400 104410 104420
104433 104468 104441 104449 104457
104469 104488 104473 104477 104481
104489 104522 104497 104505 104513
104523 104558 104531 104539 104547
104559 104584 104565 104571 104577
104585 104624 104594 104603 104612
104625 104725 104650 104675 104700
104726 104759 104734 104742 104750
104760 104794 104768 104776 104784
104795 104820 104801 104807 104813
104821 104862 104831 104841 104851
104863 104882 104867 104871 104875
104883 104899 104887 104891 104895
104900 104934 104908 104916 104924
104935 104963 104942 104949 104956
104964 104991 104970 104976 104982
104992 105035 104993 104994 105024
105036 105070 105044 105052 105060
105071 105092 105076 105081 105086
105093 105117 105099 105105 105111
105118 105187 105135 105152 105169
105188 105205 105192 105196 105200
105206 105226 105211 105216 105221
105227 105249 105232 105237 105242
105250 105267 105254 105258 105262
105268 105302 105276 105284 105292
105303 105333 105310 105317 105324
105334 105358 105340 105346 105352
105359 105398 105368 105377 105386
105399 105479 105419 105439 105459
105480 105522 105490 105500 105510
105523 105562 105532 105541 105550
105563 105611 105575 105587 105599
105612 105644 105620 105628 105636
105645 105675 105652 105659 105666
105676 105713 105685 105694 105703
105714 105748 105722 105730 105738
105749 105778 105756 105763 105770
105779 105812 105787 105795 105803
105813 105863 105825 105837 105849
105864 105886 105869 105874 105879
105887 105962 105905 105923 105941
105963 105998 105971 105979 105987
105999 106034 106007 106015 106023
106035 106070 106043 106051 106059
106071 106114 106081 106091 106101
106115 106154 106124 106133 106142
106155 106174 106159 106163 106167
106175 106221 106186 106197 106208
106222 106256 106230 106238 106246
106257 106298 106267 106277 106287
106299 106349 106311 106323 106335
106350 106398 106362 106374 106386
106399 106440 106409 106419 106429
106441 106471 106448 106455 106462
106472 106571 106496 106520 106544
106572 106606 106580 106588 106596
106607 106629 106612 106617 106622
106630 106661 106637 106644 106651
106662 106712 106674 106686 106698
106713 106756 106723 106733 106743
106757 106807 106769 106781 106793
106808 106842 106816 106824 106832
106843 106867 106849 106855 106861
106868 106897 106875 106882 106889
106898 106921 106903 106908 106913
106922 106966 106933 106944 106955
106967 106998 106974 106981 106988
106999 107032 107007 107015 107023
107033 107071 107042 107051 107060
107072 107094 107077 107082 107087
107095 107124 107102 107109 107116
107125 107148 107130 107135 107140
107149 107186 107158 107167 107176
107187 107229 107197 107207 107217
107230 107278 107242 107254 107266
107279 107308 107286 107293 107300
107309 107344 107317 107325 107333
107345 107382 107354 107363 107372
107383 107453 107400 107417 107434
107454 107514 107469 107484 107499
107515 107533 107519 107523 107527
107534 107571 107543 107552 107561
107572 107588 107576 107580 107584
107589 107623 107597 107605 107613
107624 107686 107639 107654 107669
107687 107805 107716 107745 107774
107806 107899 107829 107852 107875
107900 107927 107906 107912 107918
107928 107984 107942 107956 107970
107985 108047 108000 108015 108030
108048 108126 108067 108086 108105
108127 108217 108149 108171 108193
108218 108388 108260 108302 108344
108389 108489 108414 108439 108464
108490 108557 108506 108522 108538
108558 108605 108569 108580 108591
108606 108652 108617 108628 108639
108653 108998 108739 108825 108911
108999 109069 109016 109033 109050
109070 109160 109092 109114 109136
109161 109223 109176 109191 109206
109224 109288 109240 109256 109272
109289 109336 109300 109311 109322
109337 110114 109531 109725 109919
110115 110227 110143 110171 110199
110228 110511 110298 110368 110438
110512 110556 110523 110534 110545
110557 110628 110574 110591 110608
110629 110812 110674 110719 110764
110813 110840 110819 110825 110831
110841 110924 110861 110881 110901
110925 111030 110951 110977 111003
111031 111088 111045 111059 111073
111089 111486 111188 111287 111386
111487 111522 111495 111503 111511
111523 112218 111696 111869 112042
112219 112417 112268 112317 112366
112418 112536 112447 112476 112505
112537 112567 112544 112551 112558
112568 112632 112584 112600 112616
112633 112755 112663 112693 112723
112756 113396 112916 113076 113236
113397 113474 113416 113435 113454
113475 113638 113515 113555 113595
113639 113724 113660 113681 113702
113725 113811 113746 113767 113788
113812 113928 113841 113870 113899
113929 114048 113958 113987 114016
114049 114095 114060 114071 114082
114096 114251 114134 114172 114210
114252 114473 114307 114362 114417
114474 114725 114536 114598 114660
114726 114868 114761 114796 114831
114869 114953 114890 114911 114932
114954 115046 114977 115000 115023
115047 115339 115120 115193 115266
115340 115437 115364 115388 115412
115438 115482 115449 115460 115471
115483 115556 115501 115519 115537
115557 115592 115565 115573 115581
115593 115776 115638 115683 115728
115777 115855 115796 115815 115834
115856 115896 115866 115876 115886
115897 115956 115911 115925 115939
115957 115994 115966 115975 115984
115995 116065 116012 116029 116046
116066 116288 116121 116176 116231
116289 116354 116305 116321 116337
116355 116426 116372 116389 116406
116427 116513 116448 116469 116490
116514 116580 116530 116546 116562
116581 116826 116642 116703 116764
116827 116888 116842 116857 116872
116889 116955 116905 116921 116937
116956 117045 116978 117000 117022
117046 117132 117067 117088 117109
117133 117390 117197 117261 117325
117391 117503 117419 117447 117475
117504 117650 117540 117576 117612
117651 117790 117685 117719 117753
117791 117990 117840 117889 117938
117991 118029 118000 118009 118018
118030 118080 118042 118054 118066
118081 118188 118107 118133 118159
118189 118259 118206 118223 118240
118260 118494 118318 118376 118434
118495 118662 118536 118577 118618
118663 119405 118848 119033 119218
119406 119616 119458 119510 119562
119617 119756 119651 119685 119719
119757 119785 119764 119771 119778
119786 119907 119816 119846 119876
119908 119953 119919 119930 119941
119954 120130 119965 119976 120096
120131 120198 120147 120163 120179
120199 120399 120249 120299 120349
120400 120455 120413 120426 120439
120456 120606 120493 120530 120567
120607 120704 120631 120655 120679
120705 120800 120728 120751 120774
120801 120880 120820 120839 120858
120881 121802 121111 121341 121571
121803 122168 121894 121985 122076
122169 122290 122199 122229 122259
122291 122345 122304 122317 122330
122346 122403 122360 122374 122388
122404 122485 122424 122444 122464
122486 122582 122510 122534 122558
122583 122635 122596 122609 122622
122636 122671 122644 122652 122660
122672 122803 122704 122736 122768
122804 122834 122811 122818 122825
122835 122936 122860 122885 122910
122937 122977 122947 122957 122967
122978 123094 123007 123036 123065
123095 123139 123106 123117 123128
123140 123180 123150 123160 123170
123181 123213 123189 123197 123205
123214 123308 123237 123260 123283
123309 123409 123334 123359 123384
123410 123584 123453 123496 123539
123585 123695 123612 123639 123666
123696 123784 123718 123740 123762
123785 124302 123914 124043 124172
124303 124321 124307 124311 124315
124322 124355 124330 124338 124346
124356 124420 124372 124388 124404
124421 124462 124431 124441 124451
124463 124543 124483 124503 124523
124544 124585 124554 124564 124574
124586 124686 124611 124636 124661
124687 124745 124701 124715 124729
124746 124838 124769 124792 124815
124839 124863 124845 124851 124857
124864 124885 124869 124874 124879
124886 124909 124891 124896 124901
124910 124944 124918 124926 124934
124945 125140 124993 125041 125089
125141 125259 125170 125199 125228
125260 125384 125291 125322 125353
125385 125497 125413 125441 125469
125498 125622 125529 125560 125591
125623 125696 125641 125659 125677
125697 125819 125727 125757 125787
125820 125908 125842 125864 125886
125909 125964 125922 125935 125948
125965 126121 126004 126043 126082
126122 126218 126146 126170 126194
126219 126326 126245 126271 126297
126327 126355 126334 126341 126348
126356 126871 126484 126612 126740
126872 127170 126946 127020 127094
127171 127342 127213 127255 127297
127343 127535 127391 127439 127487
127536 127846 127613 127690 127767
127847 127932 127868 127889 127910
127933 127977 127944 127955 127966
127978 128148 128020 128062 128104
128149 128254 128175 128201 128227
128255 128305 128267 128279 128291
128306 128428 128336 128366 128396
128429 128566 128463 128497 128531
128567 128627 128582 128597 128612
128628 128742 128656 128684 128712
128743 128834 128765 128787 128809
128835 128884 128847 128859 128871
128885 128903 128889 128893 128897
128904 129046 128939 128974 129009
129047 129198 129084 129121 129158
129199 129237 129208 129217 129226
129238 129370 129271 129304 129337
129371 129458 129392 129413 129434
129459 130113 129622 129785 129948
130114 130305 130161 130208 130255
130306 130382 130325 130344 130363
130383 130466 130403 130423 130443
130467 130616 130504 130541 130578
130617 130703 130638 130659 130680
130704 130944 130764 130824 130884
130945 131004 130959 130973 130987
131005 131064 131019 131033 131047
131065 131140 131083 131101 131119
131141 131286 131177 131213 131249
131287 131325 131296 131305 131314
131326 131378 131339 131352 131365
131379 131551 131422 131465 131508
131552 131655 131577 131602 131627
131656 131698 131666 131676 131686
131699 131774 131717 131735 131753
131775 131811 131784 131793 131802
131812 131840 131819 131826 131833
131841 131896 131854 131867 131880
131897 132113 131951 132005 132059
132114 132142 132121 132128 132135
132143 132205 132158 132173 132188
132206 132266 132221 132236 132251
132267 132347 132287 132307 132327
132348 132394 132359 132370 132381
132395 132491 132419 132443 132467
132492 132595 132517 132542 132567
132596 132621 132602 132608 132614
132622 132673 132634 132646 132658
132674 132722 132686 132698 132710
132723 132746 132728 132733 132738
132747 132830 132767 132787 132807
132831 132866 132839 132847 132855
132867 132902 132875 132883 132891
132903 132975 132921 132939 132957
132976 133004 132983 132990 132997
133005 133031 133011 133017 133023
133032 133060 133039 133046 133053
133061 133085 133067 133073 133079
133086 133134 133098 133110 133122
133135 133172 133144 133153 133162
133173 133204 133180 133187 133194
133205 133234 133212 133219 133226
133235 133265 133242 133249 133256
133266 133295 133273 133280 133287
133296 133312 133300 133304 133308
133313 133334 133318 133323 133328
133335 133430 133358 133381 133404
133431 133580 133468 133505 133542
133581 133638 133595 133609 133623
133639 133923 133710 133781 133852
133924 134057 133957 133990 134023
134058 134461 134158 134258 134358
134462 134514 134475 134488 134501
134515 134842 134596 134677 134758
134843 135029 134882 134921 135021
135030 135094 135046 135062 135078
135095 135201 135121 135147 135173
135202 135776 135345 135488 135631
135777 135905 135809 135841 135873
135906 135967 135921 135936 135951
135968 136028 135983 135998 136013
136029 136067 136038 136047 136056
136068 136120 136081 136094 136107
136121 136297 136165 136209 136253
136298 136365 136314 136330 136346
136366 136625 136430 136494 136558
136626 136682 136640 136654 136668
136683 136791 136710 136737 136764
136792 136847 136805 136818 136831
136848 136943 136871 136894 136917
136944 137076 136977 137010 137043
137077 137142 137093 137109 137125
137143 137369 137199 137255 137311
137370 137628 137434 137498 137562
137629 137723 137652 137675 137698
137724 138064 137809 137894 137979
138065 138233 138107 138149 138191
138234 138855 138389 138544 138699
138856 138934 138875 138894 138913
138935 139386 139047 139159 139271
139387 139564 139431 139475 139519
139565 139658 139588 139611 139634
139659 140156 139783 139907 140031
140157 140196 140166 140175 140184
140197 140325 140229 140261 140293
140326 140372 140337 140348 140359
140373 140412 140382 140391 140400
140413 140512 140437 140461 140485
140513 140594 140533 140553 140573
140595 140640 140606 140617 140628
140641 140734 140664 140687 140710
140735 140795 140750 140765 140780
140796 140858 140811 140826 140841
140859 141097 140918 140977 141036
141098 141114 141102 141106 141110
141115 141225 141142 141169 141196
141226 141317 141248 141270 141292
141318 141415 141342 141366 141390
141416 141500 141437 141458 141479
141501 141829 141583 141665 141747
141830 141955 141861 141892 141923
141956 142206 142018 142080 142142
142207 142381 142250 142293 142336
142382 142545 142422 142462 142502
142546 142622 142565 142584 142603
142623 142785 142663 142703 142743
142786 143123 142870 142954 143038
143124 143280 143163 143202 143241
143281 143409 143313 143345 143377
143410 143454 143421 143432 143443
143455 143511 143469 143483 143497
143512 143561 143524 143536 143548
143562 143682 143592 143622 143652
143683 143780 143707 143731 143755
143781 143875 143804 143827 143850
143876 143964 143898 143920 143942
143965 144170 144016 144067 144118
144171 144240 144188 144205 144222
144241 144285 144252 144263 144274
144286 144358 144304 144322 144340
144359 144480 144389 144419 144449
144481 144517 144490 144499 144508
144518 144556 144527 144536 144545
144557 144662 144583 144609 144635
144663 144743 144683 144703 144723
144744 144822 144763 144782 144801
144823 144895 144841 144859 144877
144896 145163 144962 145028 145094
145164 145235 145181 145198 145215
145236 145296 145251 145266 145281
145297 145480 145342 145387 145432
145481 145521 145491 145501 145511
145522 145554 145530 145538 145546
145555 145698 145590 145625 145660
145699 145752 145712 145725 145738
145753 145804 145765 145777 145789
145805 145841 145814 145823 145832
145842 145881 145851 145860 145869
145882 145922 145892 145902 145912
145923 145966 145933 145943 145953
145967 146162 146015 146063 146111
146163 146506 146248 146333 146418
146507 146591 146528 146549 146570
146592 146680 146614 146636 146658
146681 146883 146731 146781 146831
146884 146950 146900 146916 146932
146951 146996 146962 146973 146984
146997 147036 147006 147015 147024
147037 147096 147051 147065 147079
147097 147135 147106 147115 147124
147136 147253 147165 147194 147223
147254 147374 147284 147314 147344
147375 147582 147426 147477 147528
147583 147652 147600 147617 147634
147653 147692 147662 147671 147680
147693 147743 147705 147717 147729
147744 147771 147750 147756 147762
147772 147790 147776 147780 147784
147791 147870 147810 147829 147848
147871 147943 147889 147907 147925
147944 148079 147977 148010 148043
148080 148115 148088 148096 148104
148116 148151 148124 148132 148140
148152 148225 148170 148188 148206
148226 148262 148235 148244 148253
148263 148301 148272 148281 148290
148302 148324 148307 148312 148317
148325 148363 148334 148343 148352
148364 148471 148390 148416 148442
148472 148549 148491 148510 148529
148550 148628 148569 148588 148607
148629 148687 148643 148657 148671
148688 148723 148696 148704 148712
148724 148931 148775 148826 148877
148932 148989 148946 148960 148974
148990 149024 148998 149006 149014
149025 149095 149042 149059 149076
149096 149128 149104 149112 149120
149129 149188 149143 149157 149171
149189 149211 149194 149199 149204
149212 149254 149222 149232 149242
149255 149294 149264 149273 149282
149295 149316 149300 149305 149310
149317 149350 149325 149333 149341
149351 149409 149365 149379 149393
149410 149457 149421 149432 149443
149458 149516 149472 149486 149500
149517 149558 149527 149537 149547
149559 149584 149565 149571 149577
149585 149617 149593 149601 149609
149618 149656 149627 149636 149645
149657 149674 149661 149665 149669
149675 149691 149679 149683 149687
149692 149733 149702 149712 149722
149734 149782 149746 149758 149770
149783 149834 149795 149807 149819
149835 149892 149849 149863 149877
149893 149924 149900 149907 149914
149925 149961 149934 149943 149952
149962 150015 149971 149980 150009
150016 150105 150038 150060 150082
150106 150139 150114 150122 150130
150140 150270 150172 150204 150236
150271 150362 150293 150315 150337
150363 150394 150370 150377 150384
150395 150415 150400 150405 150410
150416 150492 150435 150454 150473
150493 150563 150510 150527 150544
150564 150642 150583 150602 150621
150643 150670 150649 150655 150661
150671 150710 150680 150689 150698
150711 150773 150726 150741 150756
150774 150842 150791 150808 150825
150843 150873 150850 150857 150864
150874 150899 150880 150886 150892
150900 150922 150905 150910 150915
150923 151107 150969 151015 151061
151108 151215 151134 151160 151186
151216 151271 151229 151242 151255
151272 151334 151287 151302 151317
151335 151464 151367 151399 151431
151465 151498 151473 151481 151489
151499 151576 151518 151537 151556
151577 151700 151607 151637 151667
151701 151732 151708 151715 151722
151733 151766 151741 151749 151757
151767 151803 151776 151785 151794
151804 151837 151812 151820 151828
151838 151861 151843 151848 151853
151862 151897 151870 151878 151886
151898 151947 151910 151922 151934
151948 152062 151976 152004 152032
152063 152085 152068 152073 152078
152086 152126 152096 152106 152116
152127 152203 152146 152165 152184
152204 152237 152212 152220 152228
152238 152257 152242 152246 152250
152258 152308 152270 152282 152294
152309 152384 152327 152345 152363
152385 152401 152389 152393 152397
152402 152436 152410 152418 152426
152437 152492 152450 152463 152476
152493 152557 152509 152525 152541
152558 152603 152569 152580 152591
152604 152631 152610 152616 152622
152632 152660 152639 152646 152653
152661 152695 152669 152677 152685
152696 152722 152702 152708 152714
152723 152770 152734 152745 152756
152771 152813 152781 152791 152801
152814 152872 152828 152842 152856
152873 152949 152892 152911 152930
152950 152992 152960 152970 152980
152993 153011 152997 153001 153005
153012 153065 153025 153038 153051
153066 153134 153083 153100 153117
153135 153192 153149 153163 153177
153193 153271 153212 153231 153250
153272 154013 153457 153642 153827
154014 154097 154034 154054 154074
154098 154128 154105 154112 154119
154129 154230 154154 154179 154204
154231 154268 154240 154249 154258
154269 154377 154296 154323 154350
154378 154460 154398 154418 154438
154461 154607 154497 154533 154569
154608 154746 154642 154676 154710
154747 154924 154791 154835 154879
154925 155035 154952 154979 155006
155036 155083 155047 155058 155069
155084 155214 155116 155148 155180
155215 155327 155243 155271 155299
155328 155485 155367 155406 155445
155486 155526 155496 155506 155516
155527 155677 155564 155601 155638
155678 155839 155718 155758 155798
155840 155894 155853 155866 155879
155895 156061 155936 155977 156018
156062 164273 158114 160166 162218
164274 164450 164318 164362 164406
