0 68 17 34 51
69 682 222 375 528
683 907 739 795 851
908 1006 932 956 980
1007 1105 1031 1055 1079
1106 2116 1358 1610 1862
2117 2237 2147 2177 2207
2238 2384 2274 2310 2346
2385 2504 2414 2443 2472
2505 2689 2551 2597 2643
2690 2906 2744 2798 2852
2907 3038 2939 2971 3003
3039 3437 3138 3237 3336
3438 3802 3529 3620 3711
3803 4045 3863 3923 3983
4046 4356 4123 4200 4277
4357 4569 4410 4463 4516
4570 4626 4584 4598 4612
4627 4675 4639 4651 4663
4676 4725 4688 4700 4712
4726 4764 4735 4744 4753
4765 4826 4780 4795 4810
4827 4873 4838 4849 4860
4874 4910 4883 4892 4901
4911 5146 4969 5027 5085
5147 6289 5432 5717 6002
6290 6534 6351 6412 6473
6535 6776 6595 6655 6715
6777 6837 6792 6807 6822
6838 6881 6848 6858 6868
6882 6924 6892 6902 6912
6925 7302 7019 7113 7207
7303 7811 7430 7557 7684
7812 7896 7833 7854 7875
7897 7997 7922 7947 7972
7998 8040 8008 8018 8028
8041 8097 8055 8069 8083
8098 8165 8114 8130 8146
8166 8249 8186 8206 8226
8250 8407 8289 8328 8367
8408 8568 8448 8488 8528
8569 8626 8583 8597 8611
8627 8668 8637 8647 8657
8669 8746 8688 8707 8726
8747 8818 8764 8781 8798
8819 8936 8848 8877 8906
8937 9008 8954 8971 8988
9009 9103 9032 9055 9078
9104 9216 9132 9160 9188
9217 9338 9247 9277 9307
9339 9418 9358 9377 9396
9419 9449 9426 9433 9440
9450 9537 9471 9492 9513
9538 9848 9615 9692 9769
9849 9965 9878 9907 9936
9966 10240 10034 10102 10170
10241 10332 10263 10285 10307
10333 10508 10376 10419 10462
10509 10537 10516 10523 10530
10538 10575 10547 10556 10565
10576 10802 10632 10688 10744
10803 10891 10825 10847 10869
10892 10968 10911 10930 10949
10969 11016 10980 10991 11002
11017 11052 11025 11033 11041
11053 11125 11071 11089 11107
11126 11177 11138 11150 11162
11178 11220 11188 11198 11208
11221 11392 11263 11305 11347
11393 11455 11408 11423 11438
11456 11530 11474 11492 11510
11531 11799 11598 11665 11732
11800 11874 11818 11836 11854
11875 12507 12033 12191 12349
12508 12540 12516 12524 12532
12541 12585 12552 12563 12574
12586 12695 12613 12640 12667
12696 12800 12722 12748 12774
12801 12889 12823 12845 12867
12890 13049 12929 12968 13007
13050 13153 13075 13100 13125
13154 13210 13168 13182 13196
13211 13256 13222 13233 13244
13257 13289 13265 13273 13281
13290 13340 13302 13314 13326
13341 13454 13369 13397 13425
13455 13557 13480 13505 13530
13558 13622 13574 13590 13606
13623 13652 13630 13637 13644
13653 13686 13661 13669 13677
13687 13752 13703 13719 13735
13753 13788 13761 13769 13777
13789 13982 13837 13885 13933
13983 14141 14022 14061 14100
14142 14255 14170 14198 14226
14256 14548 14329 14402 14475
14549 14677 14581 14613 14645
14678 14772 14701 14724 14747
14773 15040 14829 14885 15030
15041 15159 15070 15099 15128
15160 15391 15217 15274 15331
15392 15480 15414 15436 15458
15481 15682 15531 15581 15631
15683 15803 15713 15743 15773
15804 16083 15873 15942 16011
16084 17079 16332 16580 16828
17080 17150 17097 17114 17131
17151 17387 17210 17269 17328
17388 17423 17396 17404 17412
17424 17456 17432 17440 17448
17457 17704 17518 17579 17640
17705 17873 17747 17789 17831
17874 17939 17890 17906 17922
17940 18004 17956 17972 17988
18005 18078 18023 18041 18059
18079 18247 18121 18163 18205
18248 18395 18284 18320 18356
18396 18513 18425 18454 18483
18514 18612 18538 18562 18586
18613 18860 18674 18735 18796
18861 19329 18978 19095 19212
19330 19451 19360 19390 19420
19452 19499 19463 19474 19485
19500 19637 19534 19568 19602
19638 19927 19710 19782 19854
19928 20055 19959 19990 20021
20056 20315 20120 20184 20248
20316 20424 20343 20370 20397
20425 20456 20432 20439 20446
20457 20631 20500 20543 20586
20632 20674 20642 20652 20662
20675 20727 20688 20701 20714
20728 20795 20744 20760 20776
20796 20946 20833 20870 20907
20947 21095 20984 21021 21058
21096 21133 21105 21114 21123
21134 21160 21140 21146 21152
21161 21223 21176 21191 21206
21224 21421 21273 21322 21371
21422 21476 21435 21448 21461
21477 21522 21488 21499 21510
21523 21612 21545 21567 21589
21613 21663 21625 21637 21649
21664 21695 21671 21678 21685
21696 21735 21705 21714 21723
21736 21766 21743 21750 21757
21767 21961 21815 21863 21911
21962 22083 21992 22022 22052
22084 22188 22110 22136 22162
22189 22224 22197 22205 22213
22225 22271 22236 22247 22258
22272 22340 22289 22306 22323
22341 22482 22376 22411 22446
22483 22592 22510 22537 22564
22593 22815 22648 22703 22758
22816 22894 22835 22854 22873
22895 23149 22958 23021 23084
23150 23256 23176 23202 23228
23257 23488 23314 23371 23428
23489 23596 23515 23541 23567
23597 23696 23621 23645 23669
23697 23816 23726 23755 23784
23817 24008 23864 23911 23958
24009 24064 24022 24035 24048
24065 24332 24131 24197 24263
24333 24405 24351 24369 24387
24406 24624 24460 24514 24568
24625 24716 24647 24669 24691
24717 24771 24730 24743 24756
24772 24902 24804 24836 24868
24903 24968 24919 24935 24951
24969 25020 24981 24993 25005
25021 25091 25038 25055 25072
25092 25206 25120 25148 25176
25207 25356 25244 25281 25318
25357 25497 25392 25427 25462
25498 25550 25511 25524 25537
25551 25636 25572 25593 25614
25637 25683 25648 25659 25670
25684 25742 25698 25712 25726
25743 25836 25766 25789 25812
25837 25953 25866 25895 25924
25954 26047 25977 26000 26023
26048 26219 26090 26132 26174
26220 26375 26258 26296 26334
26376 26496 26406 26436 26466
26497 26574 26516 26535 26554
26575 26655 26595 26615 26635
26656 26877 26711 26766 26821
26878 26972 26901 26924 26947
26973 27105 27006 27039 27072
27106 27130 27112 27118 27124
27131 27172 27141 27151 27161
27173 27214 27183 27193 27203
27215 27275 27230 27245 27260
27276 27336 27291 27306 27321
27337 27403 27353 27369 27385
27404 27441 27413 27422 27431
27442 27476 27450 27458 27466
27477 27575 27501 27525 27549
27576 27637 27591 27606 27621
27638 27734 27662 27686 27710
27735 27898 27775 27815 27855
27899 28050 27936 27973 28010
28051 28399 28138 28225 28312
28400 28517 28429 28458 28487
28518 28579 28533 28548 28563
28580 28719 28614 28648 28682
28720 28809 28742 28764 28786
28810 28988 28854 28898 28942
28989 29048 29003 29017 29031
29049 29139 29071 29093 29115
29140 29307 29181 29222 29263
29308 29629 29388 29468 29548
29630 29754 29661 29692 29723
29755 29975 29810 29865 29920
29976 30044 29981 29986 30033
30045 30193 30082 30119 30156
30194 30354 30234 30274 30314
30355 30464 30382 30409 30436
30465 30677 30518 30571 30624
30678 30847 30720 30762 30804
30848 31059 30900 30952 31004
31060 31137 31079 31098 31117
31138 31358 31193 31248 31303
31359 31515 31398 31437 31476
31516 31580 31532 31548 31564
31581 31692 31608 31635 31662
31693 31771 31712 31731 31750
31772 31989 31826 31880 31934
31990 32204 32043 32096 32149
32205 32514 32282 32359 32436
32515 32674 32554 32593 32632
32675 32758 32695 32715 32735
32759 32901 32794 32829 32864
32902 32951 32914 32926 32938
32952 33007 32965 32978 32991
33008 33084 33027 33046 33065
33085 33431 33171 33257 33343
33432 33498 33448 33464 33480
33499 33567 33516 33533 33550
33568 33609 33578 33588 33598
33610 33701 33632 33654 33676
33702 33744 33712 33722 33732
33745 33832 33766 33787 33808
33833 33863 33840 33847 33854
33864 33939 33882 33900 33918
33940 33997 33954 33968 33982
33998 34057 34012 34026 34040
34058 34228 34100 34142 34184
34229 34367 34263 34297 34331
34368 34496 34400 34432 34464
34497 34572 34515 34533 34551
34573 34612 34582 34591 34600
34613 34701 34635 34657 34679
34702 34858 34741 34780 34819
34859 35072 34912 34965 35018
35073 35260 35119 35165 35211
35261 35432 35303 35345 35387
35433 35497 35449 35465 35481
35498 35585 35519 35540 35561
35586 35750 35627 35668 35709
35751 35892 35786 35821 35856
35893 36095 35943 35993 36043
36096 36139 36106 36116 36126
36140 36177 36149 36158 36167
36178 36215 36187 36196 36205
36216 36267 36228 36240 36252
36268 36504 36327 36386 36445
36505 36698 36553 36601 36649
36699 36959 36764 36829 36894
36960 37042 36980 37000 37020
37043 37112 37060 37077 37094
37113 37210 37137 37161 37185
37211 37241 37218 37225 37232
37242 37314 37260 37278 37296
37315 37382 37331 37347 37363
37383 37496 37411 37439 37467
37497 37607 37524 37551 37578
37608 37842 37666 37724 37782
37843 38114 37910 37977 38044
38115 38824 38292 38469 38646
38825 38922 38849 38873 38897
38923 39164 38983 39043 39103
39165 39224 39179 39193 39207
39225 39294 39242 39259 39276
39295 39340 39306 39317 39328
39341 39502 39381 39421 39461
39503 39598 39526 39549 39572
39599 39801 39649 39699 39749
39802 40149 39888 39974 40060
40150 40192 40160 40170 40180
40193 40263 40210 40227 40244
40264 40322 40278 40292 40306
40323 40373 40335 40347 40359
40374 40441 40390 40406 40422
40442 40500 40456 40470 40484
40501 40579 40520 40539 40558
40580 40919 40664 40748 40832
40920 41055 40953 40986 41019
41056 41121 41072 41088 41104
41122 41178 41136 41150 41164
41179 41216 41188 41197 41206
41217 41275 41231 41245 41259
41276 41304 41283 41290 41297
41305 41397 41328 41351 41374
41398 41444 41409 41420 41431
41445 41499 41458 41471 41484
41500 41712 41553 41606 41659
41713 41756 41723 41733 41743
41757 41838 41777 41797 41817
41839 42073 41897 41955 42013
42074 42328 42137 42200 42263
42329 43252 42559 42789 43019
43253 43657 43354 43455 43556
43658 43796 43692 43726 43760
43797 43882 43818 43839 43860
43883 43953 43900 43917 43934
43954 44160 44005 44056 44107
44161 44195 44169 44177 44185
44196 44281 44217 44238 44259
44282 44350 44299 44316 44333
44351 44426 44369 44387 44405
44427 44518 44449 44471 44493
44519 44571 44532 44545 44558
44572 44736 44613 44654 44695
44737 44837 44762 44787 44812
44838 44913 44856 44874 44892
44914 45333 44935 44956 45249
45334 45468 45367 45400 45433
45469 45649 45514 45559 45604
45650 45733 45670 45690 45710
45734 46045 45811 45888 45965
46046 46125 46065 46084 46103
46126 46178 46139 46152 46165
46179 46344 46220 46261 46302
46345 46770 46451 46557 46663
46771 46830 46785 46799 46813
46831 47059 46888 46945 47002
47060 47160 47085 47110 47135
47161 47227 47177 47193 47209
47228 47299 47245 47262 47279
47300 47506 47351 47402 47453
47507 47666 47546 47585 47624
47667 47743 47686 47705 47724
47744 47978 47802 47860 47918
47979 48059 47999 48019 48039
48060 48200 48095 48130 48165
48201 48304 48226 48251 48276
48305 48389 48326 48347 48368
48390 48585 48438 48486 48534
48586 48623 48595 48604 48613
48624 48776 48662 48700 48738
48777 49023 48838 48899 48960
49024 49177 49062 49100 49138
49178 49256 49197 49216 49235
49257 49330 49275 49293 49311
49331 49377 49342 49353 49364
49378 49644 49444 49510 49576
49645 50109 49761 49877 49993
50110 50216 50136 50162 50188
50217 50762 50353 50489 50625
50763 50904 50798 50833 50868
50905 50991 50926 50947 50968
50992 51349 51081 51170 51259
51350 51537 51396 51442 51488
51538 51811 51606 51674 51742
51812 51904 51835 51858 51881
51905 51943 51914 51923 51932
51944 52081 51978 52012 52046
52082 52164 52102 52122 52142
52165 52294 52197 52229 52261
52295 52449 52333 52371 52409
52450 52483 52458 52466 52474
52484 52738 52547 52610 52673
52739 52824 52760 52781 52802
52825 52896 52842 52859 52876
52897 53077 52942 52987 53032
53078 53218 53113 53148 53183
53219 53293 53237 53255 53273
53294 53370 53313 53332 53351
53371 53423 53384 53397 53410
53424 53495 53441 53458 53475
53496 53552 53510 53524 53538
53553 53675 53583 53613 53643
53676 53792 53705 53734 53763
53793 53951 53832 53871 53910
53952 54075 53982 54012 54042
54076 54258 54121 54166 54211
54259 54349 54281 54303 54325
54350 54696 54436 54522 54608
54697 55016 54776 54855 54934
55017 55040 55022 55027 55032
55041 55172 55073 55105 55137
55173 55375 55223 55273 55323
55376 55582 55427 55478 55529
55583 55827 55644 55705 55766
55828 55967 55862 55896 55930
55968 56116 56005 56042 56079
56117 56198 56137 56157 56177
56199 56228 56206 56213 56220
56229 56284 56242 56255 56268
56285 56442 56324 56363 56402
56443 56697 56506 56569 56632
56698 56795 56722 56746 56770
56796 56851 56809 56822 56835
56852 56999 56888 56924 56960
57000 57143 57035 57070 57105
57144 57373 57201 57258 57315
57374 57408 57382 57390 57398
57409 57463 57422 57435 57448
57464 57639 57507 57550 57593
57640 58669 57897 58154 58411
58670 58762 58693 58716 58739
58763 59196 58871 58979 59087
59197 59491 59270 59343 59416
59492 59867 59585 59678 59771
59868 60223 59900 59932 60165
60224 60575 60311 60398 60485
60576 60747 60618 60660 60702
60748 60974 60804 60860 60916
60975 61276 61050 61125 61200
61277 61530 61340 61403 61466
61531 61740 61583 61635 61687
61741 62245 61867 61993 62119
62246 62539 62319 62392 62465
62540 62602 62555 62570 62585
62603 62636 62611 62619 62627
62637 62723 62658 62679 62700
62724 62769 62735 62746 62757
62770 62851 62790 62810 62830
62852 62917 62868 62884 62900
62918 63041 62948 62978 63008
63042 63156 63070 63098 63126
63157 63306 63194 63231 63268
63307 63388 63327 63347 63367
63389 63469 63409 63429 63449
63470 63731 63535 63600 63665
63732 64097 63823 63914 64005
64098 64376 64167 64236 64305
64377 64410 64385 64393 64401
64411 64543 64444 64477 64510
64544 64708 64585 64626 64667
64709 64813 64735 64761 64787
64814 64917 64839 64864 64889
64918 65227 64995 65072 65149
65228 65467 65287 65346 65405
65468 65529 65483 65498 65513
65530 65792 65595 65660 65725
65793 65952 65832 65871 65910
65953 66171 66007 66061 66115
66172 66345 66215 66258 66301
66346 66501 66384 66422 66460
66502 66572 66519 66536 66553
66573 66700 66604 66635 66666
66701 66804 66726 66751 66776
66805 66993 66852 66899 66946
66994 67058 67010 67026 67042
67059 67146 67080 67101 67122
67147 67252 67173 67199 67225
67253 67415 67293 67333 67373
67416 67590 67459 67502 67545
67591 67638 67602 67613 67624
67639 68024 67735 67831 67927
68025 68123 68049 68073 68097
68124 68370 68185 68246 68307
68371 68419 68383 68395 68407
68420 68884 68536 68652 68768
68885 69141 68949 69013 69077
69142 69282 69177 69212 69247
69283 69379 69307 69331 69355
69380 69466 69401 69422 69443
69467 69537 69484 69501 69518
69538 69558 69543 69548 69553
69559 69613 69572 69585 69598
69614 69678 69630 69646 69662
69679 69718 69688 69697 69706
69719 69766 69730 69741 69752
69767 69815 69779 69791 69803
69816 69985 69858 69900 69942
69986 70046 70001 70016 70031
70047 70118 70064 70081 70098
70119 70194 70137 70155 70173
70195 70283 70217 70239 70261
70284 70371 70305 70326 70347
70372 70577 70423 70474 70525
70578 70661 70598 70618 70638
70662 71110 70774 70886 70998
71111 71231 71141 71171 71201
71232 71316 71253 71274 71295
71317 71442 71348 71379 71410
71443 71782 71527 71611 71695
71783 72139 71872 71961 72050
72140 72276 72174 72208 72242
72277 72778 72402 72527 72652
72779 72839 72794 72809 72824
72840 72890 72852 72864 72876
72891 72944 72904 72917 72930
72945 73018 72963 72981 72999
73019 73143 73050 73081 73112
73144 73336 73192 73240 73288
73337 73377 73347 73357 73367
73378 73454 73397 73416 73435
73455 73663 73507 73559 73611
73664 73744 73684 73704 73724
73745 73811 73761 73777 73793
73812 73847 73820 73828 73836
73848 73875 73854 73860 73866
73876 73911 73884 73892 73900
73912 73959 73923 73934 73945
73960 74010 73972 73984 73996
74011 74066 74024 74037 74050
74067 74129 74082 74097 74112
74130 74368 74189 74248 74307
74369 74540 74411 74453 74495
74541 74604 74556 74571 74586
74605 74716 74632 74659 74686
74717 74883 74758 74799 74840
74884 75518 74912 74940 75387
75519 75721 75569 75619 75669
75722 75775 75735 75748 75761
75776 75884 75803 75830 75857
75885 75914 75892 75899 75906
75915 76053 75949 75983 76017
76054 76230 76098 76142 76186
76231 76319 76253 76275 76297
76320 76414 76343 76366 76389
76415 76513 76439 76463 76487
76514 76573 76528 76542 76556
76574 76603 76581 76588 76595
76604 76724 76634 76664 76694
76725 76870 76761 76797 76833
76871 76928 76885 76899 76913
76929 77078 76966 77003 77040
77079 77275 77128 77177 77226
77276 77741 77392 77508 77624
77742 78094 77830 77918 78006
78095 78270 78138 78181 78224
78271 78597 78352 78433 78514
78598 78997 78697 78796 78895
78998 79408 79100 79202 79304
79409 79453 79420 79431 79442
79454 79505 79466 79478 79490
79506 79554 79518 79530 79542
79555 79688 79588 79621 79654
79689 79762 79707 79725 79743
79763 79868 79789 79815 79841
79869 79935 79885 79901 79917
79936 80008 79954 79972 79990
80009 80484 80127 80245 80363
80485 80515 80492 80499 80506
80516 80625 80543 80570 80597
80626 80745 80655 80684 80713
80746 80885 80780 80814 80848
80886 81029 80921 80956 80991
81030 81136 81056 81082 81108
81137 81263 81168 81199 81230
81264 81328 81280 81296 81312
81329 81414 81350 81371 81392
81415 81496 81435 81455 81475
81497 81551 81510 81523 81536
81552 81734 81597 81642 81687
81735 81806 81752 81769 81786
81807 81903 81831 81855 81879
81904 82047 81939 81974 82009
82048 82290 82108 82168 82228
82291 82383 82314 82337 82360
82384 82783 82483 82582 82681
82784 82855 82801 82818 82835
82856 82928 82874 82892 82910
82929 83046 82958 82987 83016
83047 83166 83076 83105 83134
83167 83290 83197 83227 83257
83291 83356 83307 83323 83339
83357 83515 83396 83435 83474
83516 83604 83538 83560 83582
83605 83709 83631 83657 83683
83710 83780 83727 83744 83761
83781 83868 83802 83823 83844
83869 84026 83908 83947 83986
84027 84107 84047 84067 84087
84108 84287 84152 84196 84240
84288 84389 84313 84338 84363
84390 84487 84414 84438 84462
84488 85019 84620 84752 84884
85020 85159 85054 85088 85122
85160 85367 85211 85262 85313
85368 85493 85399 85430 85461
85494 85611 85523 85552 85581
85612 85879 85678 85744 85810
85880 86857 86124 86368 86612
86858 87013 86896 86934 86972
87014 87111 87038 87062 87086
87112 87378 87178 87244 87310
87379 87502 87409 87439 87469
87503 88057 87641 87779 87917
88058 88129 88075 88092 88109
88130 88178 88142 88154 88166
88179 88279 88204 88229 88254
88280 88476 88329 88378 88427
88477 88552 88495 88513 88531
88553 88760 88604 88655 88706
88761 88799 88770 88779 88788
88800 88871 88817 88834 88851
88872 89025 88910 88948 88986
89026 89098 89044 89062 89080
89099 89158 89113 89127 89141
89159 89233 89177 89195 89213
89234 89321 89255 89276 89297
89322 89496 89365 89408 89451
89497 89688 89544 89591 89638
89689 89863 89732 89775 89818
89864 90135 89897 89930 90099
90136 90300 90177 90218 90259
90301 90619 90380 90459 90538
90620 90807 90666 90712 90758
90808 91100 90881 90954 91027
91101 91276 91144 91187 91230
91277 91515 91336 91395 91454
91516 91671 91554 91592 91630
91672 91824 91710 91748 91786
91825 91843 91829 91833 91837
91844 91884 91854 91864 91874
91885 91950 91901 91917 91933
91951 92085 91984 92017 92050
92086 92259 92129 92172 92215
92260 92440 92305 92350 92395
92441 92601 92481 92521 92561
92602 92775 92645 92688 92731
92776 92885 92803 92830 92857
92886 93041 92924 92962 93000
93042 93155 93070 93098 93126
93156 93263 93182 93208 93234
93264 93891 93420 93576 93732
93892 93963 93909 93926 93943
93964 94172 94016 94068 94120
94173 94325 94211 94249 94287
94326 94483 94365 94404 94443
94484 94697 94537 94590 94643
94698 94763 94714 94730 94746
94764 94938 94807 94850 94893
94939 95046 94965 94991 95017
95047 95132 95068 95089 95110
95133 95258 95164 95195 95226
95259 95332 95277 95295 95313
95333 95643 95410 95487 95564
95644 95839 95692 95740 95788
95840 95884 95851 95862 95873
95885 95925 95895 95905 95915
95926 96193 95992 96058 96124
96194 96335 96229 96264 96299
96336 96439 96361 96386 96411
96440 96588 96477 96514 96551
96589 96673 96610 96631 96652
96674 97446 96867 97060 97253
97447 97513 97463 97479 97495
97514 97624 97541 97568 97595
97625 97800 97668 97711 97754
97801 97849 97813 97825 97837
97850 97895 97861 97872 97883
97896 98008 97924 97952 97980
98009 98408 98108 98207 98306
98409 98482 98427 98445 98463
98483 98549 98499 98515 98531
98550 98703 98588 98626 98664
98704 98876 98747 98790 98833
98877 98979 98902 98927 98952
98980 99058 98999 99018 99037
99059 99147 99081 99103 99125
99148 99202 99161 99174 99187
99203 99256 99216 99229 99242
99257 99291 99265 99273 99281
99292 99423 99324 99356 99388
99424 99459 99432 99440 99448
99460 99593 99493 99526 99559
99594 99710 99623 99652 99681
99711 99834 99741 99771 99801
99835 99880 99846 99857 99868
99881 99984 99906 99931 99956
99985 100145 100025 100065 100105
100146 100239 100169 100192 100215
100240 100300 100255 100270 100285
100301 100496 100349 100397 100445
100497 100570 100515 100533 100551
100571 100679 100598 100625 100652
100680 100736 100694 100708 100722
100737 100795 100751 100765 100779
100796 101043 100857 100918 100979
101044 101112 101061 101078 101095
101113 101185 101131 101149 101167
101186 101207 101191 101196 101201
101208 101268 101223 101238 101253
101269 101342 101287 101305 101323
101343 101402 101357 101371 101385
101403 101642 101462 101521 101580
101643 101724 101663 101683 101703
101725 101793 101742 101759 101776
101794 102014 101849 101904 101959
102015 102177 102055 102095 102135
102178 102292 102206 102234 102262
102293 102436 102328 102363 102398
102437 102689 102500 102563 102626
102690 102919 102747 102804 102861
102920 103119 102969 103018 103067
103120 103232 103148 103176 103204
103233 103473 103293 103353 103413
103474 103570 103498 103522 103546
103571 103724 103609 103647 103685
103725 103843 103754 103783 103812
103844 103917 103862 103880 103898
103918 104183 103984 104050 104116
104184 104218 104192 104200 104208
104219 104353 104252 104285 104318
104354 104447 104377 104400 104423
104448 104577 104480 104512 104544
104578 104650 104596 104614 104632
104651 104861 104703 104755 104807
104862 104952 104884 104906 104928
104953 105060 104964 104975 105045
105061 105117 105075 105089 105103
105118 105186 105135 105152 105169
105187 105244 105201 105215 105229
105245 105317 105263 105281 105299
105318 105361 105328 105338 105348
105362 105479 105391 105420 105449
105480 105567 105501 105522 105543
105568 105739 105610 105652 105694
105740 105824 105761 105782 105803
105825 105954 105857 105889 105921
105955 106092 105989 106023 106057
106093 106267 106136 106179 106222
106268 106667 106367 106466 106565
106668 107505 106877 107086 107295
107506 108373 107722 107938 108154
108374 108532 108413 108452 108491
108533 108616 108553 108573 108593
108617 108906 108689 108761 108833
108907 109011 108933 108959 108985
109012 109151 109046 109080 109114
109152 109219 109168 109184 109200
109220 109543 109300 109380 109460
109544 110385 109754 109964 110174
110386 110593 110437 110488 110539
110594 111292 110768 110942 111116
111293 111377 111314 111335 111356
111378 111458 111398 111418 111438
111459 111511 111472 111485 111498
111512 111631 111541 111570 111599
111632 111694 111647 111662 111677
111695 111768 111713 111731 111749
111769 111896 111800 111831 111862
111897 112000 111922 111947 111972
112001 112113 112029 112057 112085
112114 112230 112143 112172 112201
112231 112483 112294 112357 112420
112484 112850 112575 112666 112757
112851 112925 112869 112887 112905
112926 113013 112947 112968 112989
113014 113290 113083 113152 113221
113291 113439 113328 113365 113402
113440 113507 113456 113472 113488
113508 113766 113572 113636 113700
113767 113985 113821 113875 113929
113986 114067 114006 114026 114046
114068 114114 114079 114090 114101
114115 114300 114161 114207 114253
114301 114527 114357 114413 114469
114528 114655 114559 114590 114621
114656 114798 114691 114726 114761
114799 114980 114844 114889 114934
114981 115138 115020 115059 115098
115139 115167 115146 115153 115160
115168 115199 115175 115182 115189
115200 115278 115219 115238 115257
115279 115332 115292 115305 115318
115333 115407 115351 115369 115387
115408 115606 115457 115506 115555
115607 115704 115631 115655 115679
115705 115858 115743 115781 115819
115859 115900 115869 115879 115889
115901 115978 115920 115939 115958
115979 116031 115992 116005 116018
116032 116138 116058 116084 116110
116139 116195 116153 116167 116181
116196 116322 116227 116258 116289
116323 116423 116348 116373 116398
116424 116661 116483 116542 116601
116662 116718 116676 116690 116704
116719 116855 116753 116787 116821
116856 117101 116917 116978 117039
117102 117333 117159 117216 117273
117334 117402 117351 117368 117385
117403 117527 117434 117465 117496
117528 117669 117563 117598 117633
117670 117819 117707 117744 117781
117820 117908 117842 117864 117886
117909 118065 117948 117987 118026
118066 118120 118079 118092 118105
118121 118315 118169 118217 118265
118316 118483 118357 118398 118439
118484 118675 118531 118578 118625
118676 118791 118704 118732 118760
118792 119076 118863 118934 119005
119077 119224 119113 119149 119185
119225 119473 119287 119349 119411
119474 119635 119514 119554 119594
119636 119888 119699 119762 119825
119889 119956 119905 119921 119937
119957 120060 119967 119977 120045
120061 120181 120091 120121 120151
120182 120307 120213 120244 120275
120308 120744 120417 120526 120635
120745 121079 120828 120911 120994
121080 121293 121133 121186 121239
121294 121431 121328 121362 121396
121432 121514 121452 121472 121492
121515 122741 121821 122127 122433
122742 122949 122793 122844 122895
122950 123280 123032 123114 123196
123281 123401 123311 123341 123371
123402 123492 123424 123446 123468
123493 123565 123511 123529 123547
123566 123779 123619 123672 123725
123780 124123 123865 123950 124035
124124 124272 124161 124198 124235
124273 124354 124293 124313 124333
124355 124502 124391 124427 124463
124503 125202 124677 124851 125025
125203 125469 125269 125335 125401
125470 125604 125503 125536 125569
125605 125820 125658 125711 125764
125821 125930 125848 125875 125902
125931 126021 125953 125975 125997
126022 126097 126040 126058 126076
126098 126202 126124 126150 126176
126203 126301 126227 126251 126275
126302 126363 126317 126332 126347
126364 127678 126692 127020 127348
127679 127807 127711 127743 127775
127808 127936 127840 127872 127904
127937 128125 127984 128031 128078
128126 128234 128153 128180 128207
128235 128443 128287 128339 128391
128444 128660 128498 128552 128606
128661 128740 128680 128699 128718
128741 128926 128787 128833 128879
128927 129029 128952 128977 129002
129030 129145 129058 129086 129114
129146 129317 129188 129230 129272
129318 129364 129329 129340 129351
129365 129479 129393 129421 129449
129480 130223 129665 129850 130035
130224 130371 130260 130296 130332
130372 130480 130399 130426 130453
130481 131082 130631 130781 130931
131083 131250 131124 131165 131206
131251 131507 131315 131379 131443
131508 131718 131560 131612 131664
131719 131809 131741 131763 131785
131810 132114 131886 131962 132038
132115 132378 132180 132245 132310
132379 132512 132412 132445 132478
132513 132603 132535 132557 132579
132604 132710 132630 132656 132682
132711 132766 132724 132737 132750
132767 132823 132781 132795 132809
132824 133265 132934 133044 133154
133266 133493 133322 133378 133434
133494 133688 133542 133590 133638
133689 134815 133970 134251 134532
134816 134872 134830 134844 134858
134873 134927 134886 134899 134912
134928 135003 134945 134962 135000
135004 145559 137642 140280 142918
