0 206 51 102 153
207 373 248 289 330
374 425 386 398 410
426 445 430 434 438
446 529 466 486 506
530 555 536 542 548
556 1057 681 806 931
1058 1147 1080 1102 1124
1148 1241 1171 1194 1217
1242 1321 1261 1280 1299
1322 1437 1350 1378 1406
1438 1587 1475 1512 1549
1588 1667 1607 1626 1645
1668 1794 1699 1730 1761
1795 1884 1817 1839 1861
1885 1993 1912 1939 1966
1994 2073 2013 2032 2051
2074 2235 2114 2154 2194
2236 2357 2266 2296 2326
2358 2462 2384 2410 2436
2463 2505 2473 2483 2493
2506 2523 2510 2514 2518
2524 2540 2528 2532 2536
2541 2561 2546 2551 2556
2562 2767 2613 2664 2715
2768 2793 2774 2780 2786
2794 2829 2802 2810 2818
2830 2881 2842 2854 2866
2882 3178 2956 3030 3104
3179 3199 3184 3189 3194
3200 3317 3229 3258 3287
3318 3507 3365 3412 3459
3508 3692 3554 3600 3646
3693 3945 3756 3819 3882
3946 4135 3993 4040 4087
4136 4315 4180 4224 4268
4316 4525 4368 4420 4472
4526 4673 4562 4598 4634
4674 4823 4711 4748 4785
4824 5041 4878 4932 4986
5042 5117 5060 5078 5096
5118 5321 5168 5218 5268
5322 5465 5357 5392 5427
5466 5708 5526 5586 5646
5709 5824 5737 5765 5793
5825 5907 5845 5865 5885
5908 6263 5996 6084 6172
6264 6347 6284 6304 6324
6348 6526 6392 6436 6480
6527 6621 6550 6573 6596
6622 6827 6673 6724 6775
6828 6964 6862 6896 6930
6965 7066 6990 7015 7040
7067 7364 7141 7215 7289
7365 7738 7458 7551 7644
7739 8213 7857 7975 8093
8214 8305 8236 8258 8280
8306 8454 8343 8380 8417
8455 8529 8473 8491 8509
8530 8665 8563 8596 8629
8666 8777 8693 8720 8747
8778 9043 8844 8910 8976
9044 9146 9069 9094 9119
9147 9316 9189 9231 9273
9317 9629 9395 9473 9551
9630 9785 9668 9706 9744
9786 9971 9832 9878 9924
9972 10149 10016 10060 10104
10150 10294 10186 10222 10258
10295 10414 10324 10353 10382
10415 10538 10445 10475 10505
10539 10628 10561 10583 10605
10629 10687 10643 10657 10671
10688 10941 10751 10814 10877
10942 12483 11327 11712 12097
12484 12617 12517 12550 12583
12618 12693 12636 12654 12672
12694 12711 12698 12702 12706
12712 13026 12790 12868 12946
13027 13181 13065 13103 13141
13182 13320 13216 13250 13284
13321 13388 13337 13353 13369
13389 13512 13419 13449 13479
13513 13593 13533 13553 13573
13594 13659 13610 13626 13642
13660 13724 13676 13692 13708
13725 13902 13769 13813 13857
13903 13961 13917 13931 13945
13962 14004 13972 13982 13992
14005 14044 14014 14023 14032
14045 14073 14052 14059 14066
14074 14113 14083 14092 14101
14114 14146 14122 14130 14138
14147 14163 14151 14155 14159
14164 14193 14171 14178 14185
14194 14235 14204 14214 14224
14236 14302 14252 14268 14284
14303 14571 14370 14437 14504
14572 14675 14597 14622 14647
14676 14768 14699 14722 14745
14769 14919 14806 14843 14880
14920 14963 14930 14940 14950
14964 15030 14972 14980 15021
15031 15052 15036 15041 15046
15053 15087 15061 15069 15077
15088 15117 15095 15102 15109
15118 15146 15125 15132 15139
15147 15182 15155 15163 15171
15183 15231 15195 15207 15219
15232 15290 15246 15260 15274
15291 15482 15338 15385 15432
15483 15961 15602 15721 15840
15962 16074 15990 16018 16046
16075 16216 16110 16145 16180
16217 16304 16238 16259 16280
16305 16587 16375 16445 16515
16588 17628 16848 17108 17368
17629 18296 17795 17961 18127
18297 18982 18468 18639 18810
18983 19656 19151 19319 19487
19657 19942 19728 19799 19870
19943 20008 19959 19975 19991
20009 20143 20042 20075 20108
20144 20281 20178 20212 20246
20282 20402 20312 20342 20372
20403 20577 20446 20489 20532
20578 20720 20613 20648 20683
20721 21230 20848 20975 21102
21231 21500 21298 21365 21432
21501 21766 21567 21633 21699
21767 22193 21873 21979 22085
22194 22550 22283 22372 22461
22551 22661 22578 22605 22632
22662 22836 22705 22748 22791
22837 22902 22853 22869 22885
22903 22943 22913 22923 22933
22944 23142 22993 23042 23091
23143 23488 23229 23315 23401
23489 23577 23511 23533 23555
23578 23741 23618 23658 23698
23742 23844 23767 23792 23817
23845 24027 23890 23935 23980
24028 24305 24097 24166 24235
24306 24586 24376 24446 24516
24587 24777 24634 24681 24728
24778 24999 24833 24888 24943
25000 25187 25046 25092 25138
25188 25789 25338 25488 25638
25790 25914 25821 25852 25883
25915 26200 25986 26057 26128
26201 26405 26252 26303 26354
26406 26844 26515 26624 26733
26845 27026 26890 26935 26980
27027 27171 27063 27099 27135
27172 27796 27328 27484 27640
27797 27975 27841 27885 27929
27976 28394 28080 28184 28288
28395 28608 28448 28501 28554
28609 28737 28641 28673 28705
28738 29321 28883 29028 29173
29322 30217 29491 29660 30162
30218 30329 30245 30272 30299
30330 30974 30491 30652 30813
30975 31077 31000 31025 31050
31078 31243 31119 31160 31201
31244 31394 31281 31318 31355
31395 31515 31425 31455 31485
31516 31683 31557 31598 31639
31684 31810 31715 31746 31777
31811 31946 31844 31877 31910
31947 32110 31987 32027 32067
32111 32340 32168 32225 32282
32341 32623 32411 32481 32551
32624 32718 32647 32670 32693
32719 32789 32736 32753 32770
32790 33039 32852 32914 32976
33040 33286 33101 33162 33223
33287 33500 33340 33393 33446
33501 33704 33551 33601 33651
33705 33852 33741 33777 33813
33853 34252 33952 34051 34150
34253 34463 34305 34357 34409
34464 34675 34516 34568 34620
34676 35114 34785 34894 35003
35115 35218 35140 35165 35190
35219 35677 35333 35447 35561
35678 35788 35705 35732 35759
35789 35940 35826 35863 35900
35941 36059 35970 35999 36028
36060 36205 36096 36132 36168
36206 36427 36261 36316 36371
36428 36582 36466 36504 36542
36583 36771 36630 36677 36724
36772 36909 36806 36840 36874
36910 36982 36928 36946 36964
36983 37242 37047 37111 37175
37243 37329 37264 37285 37306
37330 37422 37353 37376 37399
37423 37528 37449 37475 37501
37529 37649 37559 37589 37619
37650 37716 37666 37682 37698
37717 37830 37745 37773 37801
37831 38170 37915 37999 38083
38171 38271 38196 38221 38246
38272 38462 38319 38366 38413
38463 38558 38486 38509 38532
38559 38632 38577 38595 38613
38633 38807 38676 38719 38762
38808 38838 38815 38822 38829
38839 38902 38854 38869 38884
38903 39132 38960 39017 39074
39133 39332 39182 39231 39280
39333 39525 39381 39429 39477
39526 39707 39571 39616 39661
39708 39763 39721 39734 39747
39764 39981 39818 39872 39926
39982 40146 40023 40064 40105
40147 40239 40170 40193 40216
40240 40854 40393 40546 40699
40855 41041 40901 40947 40993
41042 41371 41124 41206 41288
41372 41492 41402 41432 41462
41493 42082 41640 41787 41934
42083 42386 42158 42233 42308
42387 42565 42431 42475 42519
42566 42601 42574 42582 42590
42602 42705 42627 42652 42677
42706 42804 42730 42754 42778
42805 43083 42874 42943 43012
43084 43262 43128 43172 43216
43263 43478 43316 43369 43422
43479 43554 43497 43515 43533
43555 43593 43564 43573 43582
43594 43716 43624 43654 43684
43717 44075 43806 43895 43984
44076 44494 44180 44284 44388
44495 44562 44511 44527 44543
44563 44714 44600 44637 44674
44715 44781 44731 44747 44763
44782 44939 44821 44860 44899
44940 45121 44954 44968 45090
45122 45205 45142 45162 45182
45206 45406 45256 45306 45356
45407 45522 45435 45463 45491
45523 45619 45547 45571 45595
45620 45676 45634 45648 45662
45677 45795 45706 45735 45764
45796 45861 45812 45828 45844
45862 45992 45894 45926 45958
45993 46301 46070 46147 46224
46302 46442 46337 46372 46407
46443 46623 46488 46533 46578
46624 46747 46654 46684 46714
46748 47042 46821 46894 46967
47043 47177 47076 47109 47142
47178 47352 47221 47264 47307
47353 47407 47366 47379 47392
47408 47508 47433 47458 47483
47509 47674 47550 47591 47632
47675 47957 47745 47815 47885
47958 48057 47982 48006 48030
48058 48137 48077 48096 48115
48138 48241 48163 48188 48213
48242 48312 48259 48276 48293
48313 48387 48331 48349 48367
48388 48456 48405 48422 48439
48457 48725 48524 48591 48658
48726 48879 48764 48802 48840
48880 48958 48899 48918 48937
48959 49060 48984 49009 49034
49061 49187 49092 49123 49154
49188 49265 49207 49226 49245
49266 49367 49291 49316 49341
49368 49446 49387 49406 49425
49447 49554 49473 49499 49525
49555 49613 49569 49583 49597
49614 49741 49645 49676 49707
49742 49886 49778 49814 49850
49887 50018 49919 49951 49983
50019 50082 50034 50049 50064
50083 50129 50094 50105 50116
50130 50198 50147 50164 50181
50199 50304 50225 50251 50277
50305 50380 50323 50341 50359
50381 50483 50406 50431 50456
50484 50738 50547 50610 50673
50739 50914 50782 50825 50868
50915 51118 50965 51015 51065
51119 51203 51140 51161 51182
51204 51276 51222 51240 51258
51277 51350 51295 51313 51331
51351 51419 51368 51385 51402
51420 51491 51437 51454 51471
51492 51638 51528 51564 51600
51639 51700 51654 51669 51684
51701 51751 51713 51725 51737
51752 51943 51799 51846 51893
51944 52100 51983 52022 52061
52101 52215 52129 52157 52185
52216 52312 52240 52264 52288
52313 52495 52358 52403 52448
52496 52758 52561 52626 52691
52759 52952 52807 52855 52903
52953 53240 53024 53095 53166
53241 53452 53293 53345 53397
53453 53793 53538 53623 53708
53794 54099 53870 53946 54022
54100 54267 54141 54182 54223
54268 54547 54337 54406 54475
54548 54854 54624 54700 54776
54855 55085 54912 54969 55026
55086 55274 55133 55180 55227
55275 55580 55351 55427 55503
55581 55780 55630 55679 55728
55781 55857 55800 55819 55838
55858 55978 55888 55918 55948
55979 56469 56101 56223 56345
56470 56626 56509 56548 56587
56627 56770 56662 56697 56732
56771 56915 56807 56843 56879
56916 57198 56986 57056 57126
57199 57265 57215 57231 57247
57266 57413 57302 57338 57374
57414 57670 57478 57542 57606
57671 57852 57716 57761 57806
57853 58230 57947 58041 58135
58231 58344 58259 58287 58315
58345 58700 58433 58521 58609
58701 58782 58721 58741 58761
58783 59131 58870 58957 59044
59132 59217 59153 59174 59195
59218 59316 59242 59266 59290
59317 59440 59347 59377 59407
59441 59457 59445 59449 59453
59458 59488 59465 59472 59479
59489 59528 59498 59507 59516
59529 59621 59552 59575 59598
59622 59786 59663 59704 59745
59787 59878 59809 59831 59853
59879 59922 59889 59899 59909
59923 60105 59942 59961 60078
60106 60288 60151 60196 60241
60289 60425 60323 60357 60391
60426 60496 60443 60460 60477
60497 60573 60516 60535 60554
60574 60629 60587 60600 60613
60630 60697 60646 60662 60678
60698 60832 60731 60764 60797
60833 60981 60870 60907 60944
60982 61091 61009 61036 61063
61092 61250 61131 61170 61209
61251 61447 61300 61349 61398
61448 61541 61471 61494 61517
61542 61573 61549 61556 61563
61574 61597 61579 61584 61589
61598 61672 61616 61634 61652
61673 61728 61686 61699 61712
61729 61789 61744 61759 61774
61790 61867 61809 61828 61847
61868 61939 61885 61902 61919
61940 62065 61971 62002 62033
62066 62265 62115 62164 62213
62266 62338 62284 62302 62320
62339 62518 62383 62427 62471
62519 62580 62534 62549 62564
62581 62658 62600 62619 62638
62659 62761 62684 62709 62734
62762 62842 62782 62802 62822
62843 62911 62860 62877 62894
62912 63072 62952 62992 63032
63073 63246 63116 63159 63202
63247 63624 63341 63435 63529
63625 63765 63660 63695 63730
63766 63815 63778 63790 63802
63816 64190 63909 64002 64095
64191 64240 64203 64215 64227
64241 64340 64265 64289 64313
64341 64406 64357 64373 64389
64407 64468 64422 64437 64452
64469 64708 64528 64587 64646
64709 64769 64724 64739 64754
64770 64801 64777 64784 64791
64802 64870 64819 64836 64853
64871 64946 64889 64907 64925
64947 65077 64979 65011 65043
65078 65311 65136 65194 65252
65312 65906 65460 65608 65756
65907 65979 65925 65943 65961
65980 66022 65990 66000 66010
66023 66186 66063 66103 66143
66187 66291 66213 66239 66265
66292 66363 66309 66326 66343
66364 66410 66375 66386 66397
66411 66491 66431 66451 66471
66492 66526 66500 66508 66516
66527 66622 66550 66573 66596
66623 66890 66689 66755 66821
66891 67028 66925 66959 66993
67029 67063 67037 67045 67053
67064 67124 67079 67094 67109
67125 67157 67133 67141 67149
67158 67202 67169 67180 67191
67203 67259 67217 67231 67245
67260 67291 67267 67274 67281
67292 67349 67306 67320 67334
67350 67401 67362 67374 67386
67402 67472 67419 67436 67453
67473 67828 67561 67649 67737
67829 67932 67854 67879 67904
67933 68147 67986 68039 68092
68148 68278 68180 68212 68244
68279 68573 68352 68425 68498
68574 68657 68594 68614 68634
68658 68743 68679 68700 68721
68744 68839 68767 68790 68813
68840 69007 68881 68922 68963
69008 69082 69026 69044 69062
69083 69174 69105 69127 69149
69175 69281 69201 69227 69253
69282 69380 69306 69330 69354
69381 69429 69393 69405 69417
69430 69501 69447 69464 69481
69502 69619 69531 69560 69589
69620 69651 69627 69634 69641
69652 69684 69660 69668 69676
69685 69876 69732 69779 69826
69877 70084 69928 69979 70030
70085 70169 70106 70127 70148
70170 70495 70251 70332 70413
70496 70628 70529 70562 70595
70629 71087 70743 70857 70971
71088 71219 71120 71152 71184
71220 71509 71292 71364 71436
71510 71577 71526 71542 71558
71578 71695 71607 71636 71665
71696 71935 71755 71814 71873
71936 72014 71955 71974 71993
72015 72286 72082 72149 72216
72287 72380 72310 72333 72356
72381 73069 72553 72725 72897
73070 73427 73159 73248 73337
73428 73503 73446 73464 73482
73504 73578 73522 73540 73558
73579 73631 73592 73605 73618
73632 73671 73641 73650 73659
73672 73730 73686 73700 73714
73731 73755 73737 73743 73749
73756 73782 73762 73768 73774
73783 73861 73802 73821 73840
73862 73913 73874 73886 73898
73914 73987 73932 73950 73968
73988 74018 73995 74002 74009
74019 74064 74030 74041 74052
74065 74124 74079 74093 74107
74125 74197 74143 74161 74179
74198 74231 74206 74214 74222
74232 74386 74270 74308 74346
74387 74435 74399 74411 74423
74436 74474 74445 74454 74463
74475 74550 74493 74511 74529
74551 74668 74580 74609 74638
74669 74701 74677 74685 74693
74702 74770 74719 74736 74753
74771 74840 74788 74805 74822
74841 74884 74851 74861 74871
74885 75089 74913 74941 75066
75090 75179 75112 75134 75156
75180 75307 75211 75242 75273
75308 75519 75360 75412 75464
75520 75586 75536 75552 75568
75587 75651 75603 75619 75635
75652 75779 75683 75714 75745
75780 76023 75840 75900 75960
76024 76506 76144 76264 76384
76507 76665 76546 76585 76624
76666 76872 76717 76768 76819
76873 77041 76915 76957 76999
77042 77149 77068 77094 77120
77150 77272 77180 77210 77240
77273 77399 77304 77335 77366
77400 77482 77420 77440 77460
77483 77748 77549 77615 77681
77749 77942 77797 77845 77893
77943 78571 78100 78257 78414
78572 78822 78634 78696 78758
78823 79108 78894 78965 79036
79109 79219 79136 79163 79190
79220 79428 79272 79324 79376
79429 79527 79453 79477 79501
79528 79785 79592 79656 79720
79786 80029 79846 79906 79966
80030 80422 80128 80226 80324
80423 80596 80466 80509 80552
80597 80742 80633 80669 80705
80743 80845 80768 80793 80818
80846 81044 80895 80944 80993
81045 81211 81086 81127 81168
81212 81786 81355 81498 81641
81787 81947 81827 81867 81907
81948 82129 81993 82038 82083
82130 82185 82143 82156 82169
82186 82673 82307 82428 82549
82674 82826 82712 82750 82788
82827 82981 82865 82903 82941
82982 83036 82995 83008 83021
83037 83228 83084 83131 83178
83229 83312 83249 83269 83289
83313 83328 83316 83319 83322
83329 83343 83332 83335 83338
83344 83425 83364 83384 83404
83426 83526 83451 83476 83501
83527 83617 83549 83571 83593
83618 83685 83634 83650 83666
83686 83758 83704 83722 83740
83759 83836 83778 83797 83816
83837 84032 83885 83933 83981
84033 84216 84078 84123 84168
84217 84313 84241 84265 84289
84314 84858 84450 84586 84722
84859 84942 84879 84899 84919
84943 85007 84959 84975 84991
85008 85047 85017 85026 85035
85048 85117 85065 85082 85099
85118 85275 85157 85196 85235
85276 85464 85323 85370 85417
85465 85801 85549 85633 85717
85802 85858 85816 85830 85844
85859 85991 85892 85925 85958
85992 86024 86000 86008 86016
86025 86056 86032 86039 86046
86057 86248 86104 86151 86198
86249 86300 86261 86273 86285
86301 86427 86332 86363 86394
86428 86573 86464 86500 86536
86574 86636 86589 86604 86619
86637 86933 86711 86785 86859
86934 87017 86954 86974 86994
87018 87250 87076 87134 87192
87251 87391 87286 87321 87356
87392 87542 87429 87466 87503
87543 87598 87556 87569 87582
87599 87664 87615 87631 87647
87665 87737 87683 87701 87719
87738 87851 87766 87794 87822
87852 87900 87864 87876 87888
87901 87969 87918 87935 87952
87970 88048 87989 88008 88027
88049 88141 88072 88095 88118
88142 88407 88208 88274 88340
88408 88465 88422 88436 88450
88466 89261 88664 88862 89060
89262 89564 89337 89412 89487
89565 89676 89592 89619 89646
89677 89941 89743 89809 89875
89942 90034 89956 89970 90024
90035 90577 90170 90305 90440
90578 90653 90596 90614 90632
90654 90688 90662 90670 90678
90689 90761 90707 90725 90743
90762 90885 90792 90822 90852
90886 91003 90915 90944 90973
91004 91352 91091 91178 91265
91353 91637 91424 91495 91566
91638 92086 91750 91862 91974
92087 92674 92233 92379 92525
92675 92837 92715 92755 92795
92838 92955 92867 92896 92925
92956 93380 93062 93168 93274
93381 93681 93456 93531 93606
93682 94148 93798 93914 94030
94149 94275 94180 94211 94242
94276 94612 94360 94444 94528
94613 94718 94639 94665 94691
94719 94818 94743 94767 94791
94819 95183 94910 95001 95092
95184 95267 95204 95224 95244
95268 95804 95402 95536 95670
95805 95974 95847 95889 95931
95975 96666 96147 96319 96491
96667 96728 96682 96697 96712
96729 96772 96739 96749 96759
96773 96995 96828 96883 96938
96996 97733 97180 97364 97548
97734 97827 97757 97780 97803
97828 98157 97910 97992 98074
98158 98429 98225 98292 98359
98430 98590 98470 98510 98550
98591 98704 98619 98647 98675
98705 98821 98734 98763 98792
98822 99333 98949 99076 99203
99334 99410 99353 99372 99391
99411 99459 99423 99435 99447
99460 99490 99467 99474 99481
99491 99562 99508 99525 99542
99563 99692 99595 99627 99659
99693 99761 99710 99727 99744
99762 99788 99768 99774 99780
99789 99892 99814 99839 99864
99893 100089 99942 99991 100040
100090 100212 100120 100150 100180
100213 100336 100243 100273 100303
100337 100579 100397 100457 100517
100580 100727 100616 100652 100688
100728 100878 100765 100802 100839
100879 101069 100926 100973 101020
101070 101376 101146 101222 101298
101377 101711 101460 101543 101626
101712 102096 101808 101904 102000
102097 102369 102165 102233 102301
102370 102528 102409 102448 102487
102529 103038 102656 102783 102910
103039 103462 103144 103249 103354
103463 103570 103489 103515 103541
103571 103721 103608 103645 103682
103722 104042 103802 103882 103962
104043 104308 104109 104175 104241
104309 104415 104335 104361 104387
104416 104508 104439 104462 104485
104509 104653 104545 104581 104617
104654 104789 104687 104720 104753
104790 105087 104842 104894 105063
105088 105164 105107 105126 105145
105165 105392 105221 105277 105333
105393 105500 105419 105445 105471
105501 105577 105520 105539 105558
105578 105711 105611 105644 105677
105712 105776 105728 105744 105760
105777 105840 105792 105807 105822
105841 106065 105897 105953 106009
106066 106122 106080 106094 106108
106123 106278 106161 106199 106237
106279 106389 106306 106333 106360
106390 106464 106408 106426 106444
106465 106545 106485 106505 106525
106546 106690 106582 106618 106654
106691 106793 106716 106741 106766
106794 107158 106885 106976 107067
107159 107258 107183 107207 107231
107259 107324 107275 107291 107307
107325 107396 107342 107359 107376
107397 107479 107417 107437 107457
107480 107668 107527 107574 107621
107669 107817 107706 107743 107780
107818 107930 107846 107874 107902
107931 108029 107955 107979 108003
108030 108106 108049 108068 108087
108107 108166 108121 108135 108149
108167 108267 108192 108217 108242
108268 108377 108295 108322 108349
108378 108457 108397 108416 108435
108458 108568 108485 108512 108539
108569 108607 108578 108587 108596
108608 108649 108618 108628 108638
108650 108726 108669 108688 108707
108727 108748 108732 108737 108742
108749 108915 108790 108831 108872
108916 109124 108968 109020 109072
109125 109202 109144 109163 109182
109203 109604 109303 109403 109503
109605 109734 109637 109669 109701
109735 109836 109760 109785 109810
109837 110047 109889 109941 109993
110048 110178 110080 110112 110144
110179 110511 110262 110345 110428
110512 110917 110613 110714 110815
110918 111039 110948 110978 111008
111040 111095 111053 111066 111079
111096 111163 111112 111128 111144
111164 111271 111190 111216 111242
111272 111462 111319 111366 111413
111463 111860 111562 111661 111760
111861 111998 111895 111929 111963
111999 112433 112107 112215 112323
112434 112688 112497 112560 112623
112689 112782 112712 112735 112758
112783 112884 112808 112833 112858
112885 113021 112919 112953 112987
113022 113107 113043 113064 113085
113108 113203 113131 113154 113177
113204 113307 113229 113254 113279
113308 113466 113347 113386 113425
113467 113634 113508 113549 113590
113635 113689 113648 113661 113674
113690 113866 113734 113778 113822
113867 113958 113889 113911 113933
113959 114211 114022 114085 114148
114212 114468 114276 114340 114404
114469 114590 114499 114529 114559
114591 114726 114624 114657 114690
114727 114832 114753 114779 114805
114833 114849 114837 114841 114845
114850 114907 114864 114878 114892
114908 114947 114917 114926 114935
114948 115048 114973 114998 115023
115049 115084 115057 115065 115073
115085 115104 115089 115093 115097
115105 115156 115117 115129 115141
115157 115218 115172 115187 115202
115219 115262 115229 115239 115249
115263 115391 115295 115327 115359
115392 115779 115488 115584 115680
115780 116012 115838 115896 115954
116013 116132 116042 116071 116100
116133 116295 116173 116213 116253
116296 116381 116317 116338 116359
116382 116687 116458 116534 116610
116688 116875 116734 116780 116826
116876 117097 116931 116986 117041
117098 117375 117167 117236 117305
117376 117506 117408 117440 117472
117507 117702 117555 117603 117651
117703 117938 117761 117819 117877
117939 118024 117960 117981 118002
118025 118120 118048 118071 118094
118121 118202 118141 118161 118181
118203 118254 118215 118227 118239
118255 118420 118296 118337 118378
118421 118525 118447 118473 118499
118526 118672 118562 118598 118634
118673 118948 118741 118809 118877
118949 119233 119020 119091 119162
119234 119345 119261 119288 119315
119346 119396 119358 119370 119382
119397 119718 119477 119557 119637
119719 119911 119767 119815 119863
119912 120746 119933 119954 120558
120747 120922 120790 120833 120876
120923 121693 121115 121307 121499
121694 121864 121736 121778 121820
121865 121933 121882 121899 121916
121934 122022 121956 121978 122000
122023 122144 122053 122083 122113
122145 122318 122188 122231 122274
122319 122558 122378 122437 122496
122559 122695 122593 122627 122661
122696 122781 122717 122738 122759
122782 122968 122828 122874 122920
122969 123184 123022 123075 123128
123185 123281 123209 123233 123257
123282 123355 123300 123318 123336
123356 123461 123382 123408 123434
123462 123674 123515 123568 123621
123675 123884 123727 123779 123831
123885 123955 123902 123919 123936
123956 124014 123970 123984 123998
124015 124078 124030 124045 124060
124079 124114 124087 124095 124103
124115 124191 124134 124153 124172
124192 124388 124241 124290 124339
124389 124465 124408 124427 124446
124466 124517 124478 124490 124502
124518 124597 124537 124556 124575
124598 124736 124632 124666 124700
124737 124808 124754 124771 124788
124809 124952 124844 124879 124914
124953 125051 124977 125001 125025
125052 125208 125091 125130 125169
125209 125379 125251 125293 125335
125380 125485 125406 125432 125458
125486 125523 125495 125504 125513
125524 125591 125540 125556 125572
125592 125639 125603 125614 125625
125640 125662 125645 125650 125655
125663 125721 125677 125691 125705
125722 125842 125752 125782 125812
125843 126195 125931 126019 126107
126196 126341 126232 126268 126304
126342 126372 126349 126356 126363
126373 126574 126423 126473 126523
126575 126708 126608 126641 126674
126709 126776 126725 126741 126757
126777 127119 126862 126947 127032
127120 127501 127215 127310 127405
127502 128284 127697 127892 128087
128285 128564 128354 128423 128492
128565 128581 128569 128573 128577
128582 128655 128600 128618 128636
128656 128920 128722 128788 128854
128921 129134 128974 129027 129080
129135 129307 129178 129221 129264
129308 129517 129360 129412 129464
129518 129557 129527 129536 129545
129558 129633 129576 129594 129612
129634 129669 129642 129650 129658
129670 129731 129685 129700 129715
129732 129795 129747 129762 129777
129796 129907 129823 129850 129877
129908 130081 129951 129994 130037
130082 130641 130221 130360 130499
130642 130843 130692 130742 130792
130844 131069 130900 130956 131012
131070 131711 131230 131390 131550
131712 131913 131762 131812 131862
131914 132069 131952 131990 132028
132070 132165 132093 132116 132139
132166 132200 132174 132182 132190
132201 132339 132235 132269 132303
132340 132458 132369 132398 132427
132459 132486 132465 132471 132477
132487 132546 132501 132515 132529
132547 132669 132577 132607 132637
132670 132702 132678 132686 132694
132703 132740 132712 132721 132730
132741 132761 132746 132751 132756
132762 132829 132778 132794 132810
132830 132931 132855 132880 132905
132932 133006 132950 132968 132986
133007 133028 133012 133017 133022
133029 133050 133034 133039 133044
133051 133071 133056 133061 133066
133072 133089 133076 133080 133084
133090 133220 133122 133154 133186
133221 133292 133238 133255 133272
133293 133870 133437 133581 133725
133871 133939 133888 133905 133922
133940 134276 134024 134108 134192
134277 134339 134292 134307 134322
134340 134423 134360 134380 134400
134424 134542 134453 134482 134511
134543 134701 134582 134621 134660
134702 134825 134732 134762 134792
134826 134847 134831 134836 134841
134848 134917 134865 134882 134899
134918 135056 134938 134958 135042
135057 135244 135103 135149 135195
135245 135285 135255 135265 135275
135286 135394 135313 135340 135367
135395 135524 135427 135459 135491
135525 135826 135600 135675 135750
135827 135905 135846 135865 135884
135906 135953 135917 135928 135939
135954 136066 135982 136010 136038
136067 136141 136085 136103 136121
136142 136194 136155 136168 136181
136195 136241 136206 136217 136228
136242 136297 136255 136268 136281
136298 136378 136318 136338 136358
136379 136429 136391 136403 136415
136430 136492 136445 136460 136475
136493 136624 136525 136557 136589
136625 136644 136629 136633 136637
136645 136713 136662 136679 136696
136714 136825 136741 136768 136795
136826 136874 136838 136850 136862
136875 136984 136902 136929 136956
136985 137028 136995 137005 137015
137029 137165 137063 137097 137131
137166 137322 137205 137244 137283
137323 137466 137358 137393 137428
137467 137517 137479 137491 137503
137518 137551 137526 137534 137542
137552 137599 137563 137574 137585
137600 137649 137612 137624 137636
137650 137695 137661 137672 137683
137696 137729 137704 137712 137720
137730 137783 137743 137756 137769
137784 137812 137791 137798 137805
137813 137858 137824 137835 137846
137859 137907 137871 137883 137895
137908 137933 137914 137920 137926
137934 138005 137951 137968 137985
138006 138047 138016 138026 138036
138048 138075 138054 138060 138066
138076 138112 138085 138094 138103
138113 138190 138132 138151 138170
138191 138241 138203 138215 138227
138242 138374 138275 138308 138341
138375 138534 138414 138453 138492
138535 138579 138546 138557 138568
138580 138720 138615 138650 138685
138721 138776 138734 138747 138760
138777 138878 138802 138827 138852
138879 138950 138896 138913 138930
138951 139006 138964 138977 138990
139007 139129 139037 139067 139097
139130 139352 139185 139240 139295
139353 139491 139387 139421 139455
139492 139593 139517 139542 139567
139594 139714 139624 139654 139684
139715 139791 139734 139753 139772
139792 140147 139880 139968 140056
140148 140428 140218 140288 140358
140429 140560 140461 140493 140525
140561 140763 140611 140661 140711
140764 140925 140804 140844 140884
140926 140996 140943 140960 140977
140997 141137 141032 141067 141102
141138 141270 141171 141204 141237
141271 141420 141308 141345 141382
141421 141439 141425 141429 141433
141440 141580 141475 141510 141545
141581 141962 141676 141771 141866
141963 142051 141985 142007 142029
142052 142206 142090 142128 142166
142207 142376 142249 142291 142333
142377 142532 142415 142453 142491
142533 142575 142543 142553 142563
142576 142616 142586 142596 142606
142617 142754 142651 142685 142719
142755 143126 142847 142939 143031
143127 143440 143205 143283 143361
143441 143523 143461 143481 143501
143524 143643 143553 143582 143611
143644 144091 143755 143866 143977
144092 144171 144111 144130 144149
144172 145077 144398 144624 144850
145078 145179 145103 145128 145153
145180 145775 145328 145476 145624
145776 145895 145805 145834 145863
145896 146328 146004 146112 146220
146329 146410 146349 146369 146389
146411 146501 146433 146455 146477
146502 146656 146540 146578 146616
146657 146800 146692 146727 146762
146801 147189 146898 146995 147092
147190 147251 147205 147220 147235
147252 147412 147292 147332 147372
147413 147612 147462 147511 147560
147613 147706 147636 147659 147682
147707 147806 147731 147755 147779
147807 147906 147831 147855 147879
147907 148013 147933 147959 147985
148014 148169 148052 148090 148128
148170 148210 148180 148190 148200
148211 148269 148225 148239 148253
148270 148351 148290 148310 148330
148352 148416 148368 148384 148400
148417 148445 148424 148431 148438
148446 148532 148467 148488 148509
148533 148559 148539 148545 148551
148560 148829 148627 148694 148761
148830 149085 148893 148956 149019
149086 149301 149139 149192 149245
149302 149623 149382 149462 149542
149624 150023 149717 149810 150015
150024 150130 150050 150076 150102
150131 150283 150169 150207 150245
150284 150742 150398 150512 150626
150743 150840 150767 150791 150815
150841 151104 150906 150971 151036
151105 151286 151150 151195 151240
151287 151609 151367 151447 151527
151610 151698 151632 151654 151676
151699 152357 151863 152027 152191
152358 152623 152424 152490 152556
152624 152759 152657 152690 152723
152760 153014 152823 152886 152949
153015 153352 153099 153183 153267
153353 153483 153385 153417 153449
153484 153569 153505 153526 153547
153570 154083 153698 153826 153954
154084 154917 154292 154500 154708
154918 155712 155116 155314 155512
155713 155977 155779 155845 155911
155978 157216 156287 156596 156905
157217 157339 157247 157277 157307
157340 157430 157362 157384 157406
157431 157554 157461 157491 157521
157555 157645 157577 157599 157621
157646 157845 157695 157744 157793
157846 157917 157863 157880 157897
157918 158026 157945 157972 157999
158027 158214 158073 158119 158165
158215 158313 158239 158263 158287
158314 158405 158336 158358 158380
158406 158529 158436 158466 158496
158530 158709 158574 158618 158662
158710 159021 158787 158864 158941
159022 159204 159067 159112 159157
159205 159312 159231 159257 159283
159313 159482 159355 159397 159439
159483 159639 159522 159561 159600
159640 159873 159698 159756 159814
159874 160009 159907 159940 159973
160010 160147 160044 160078 160112
160148 160191 160158 160168 160178
160192 160228 160201 160210 160219
160229 160314 160250 160271 160292
160315 160356 160325 160335 160345
160357 160374 160361 160365 160369
160375 160430 160388 160401 160414
160431 160450 160435 160439 160443
160451 160645 160499 160547 160595
160646 160725 160665 160684 160703
160726 160762 160735 160744 160753
160763 160991 160820 160877 160934
160992 161154 161032 161072 161112
161155 161208 161168 161181 161194
161209 161423 161262 161315 161368
161424 161499 161442 161460 161478
161500 161596 161524 161548 161572
161597 161697 161622 161647 161672
161698 161727 161705 161712 161719
161728 161759 161735 161742 161749
161760 161777 161764 161768 161772
161778 161860 161798 161818 161838
161861 161914 161874 161887 161900
161915 162078 161955 161995 162035
162079 162308 162136 162193 162250
162309 162367 162323 162337 162351
162368 162452 162389 162410 162431
162453 162471 162457 162461 162465
162472 162515 162482 162492 162502
162516 162621 162542 162568 162594
162622 162694 162640 162658 162676
162695 162780 162716 162737 162758
162781 162867 162802 162823 162844
162868 162938 162885 162902 162919
162939 163066 162970 163001 163032
163067 163165 163091 163115 163139
163166 163672 163292 163418 163544
163673 163853 163718 163763 163808
163854 163894 163864 163874 163884
163895 164079 163941 163987 164033
164080 164455 164173 164266 164359
164456 164610 164494 164532 164570
164611 164749 164645 164679 164713
164750 164854 164776 164802 164828
164855 165002 164891 164927 165000
165003 165100 165027 165051 165075
165101 165475 165194 165287 165380
165476 165555 165495 165514 165533
165556 165617 165571 165586 165601
165618 166021 165718 165818 165918
166022 166182 166062 166102 166142
166183 166254 166200 166217 166234
166255 166362 166281 166307 166333
166363 166537 166406 166449 166492
166538 166797 166602 166666 166730
166798 167620 167003 167208 167413
167621 167727 167647 167673 167699
167728 167854 167759 167790 167821
167855 167984 167887 167919 167951
167985 168204 168039 168093 168147
168205 168801 168354 168503 168652
168802 169054 168865 168928 168991
169055 169121 169071 169087 169103
169122 169282 169162 169202 169242
169283 169474 169330 169377 169424
169475 169620 169511 169547 169583
169621 169790 169663 169705 169747
169791 170991 170091 170391 170691
170992 171139 171028 171064 171100
171140 171666 171271 171402 171533
171667 171861 171715 171763 171811
171862 172177 171940 172018 172096
172178 172430 172241 172304 172367
172431 172542 172458 172485 172512
172543 172616 172561 172579 172597
172617 172849 172675 172733 172791
172850 173024 172893 172936 172979
173025 173049 173031 173037 173043
173050 173175 173081 173112 173143
173176 173246 173193 173210 173227
173247 173302 173260 173273 173286
173303 173393 173325 173347 173369
173394 173465 173411 173428 173445
173466 173593 173497 173528 173559
173594 173617 173599 173604 173609
173618 173634 173622 173626 173630
173635 173663 173642 173649 173656
173664 173699 173672 173680 173688
173700 173736 173709 173718 173727
173737 173793 173751 173765 173779
173794 173861 173810 173826 173842
173862 174034 173905 173948 173991
174035 174137 174060 174085 174110
174138 174516 174232 174326 174420
174517 174611 174540 174563 174586
174612 174680 174629 174646 174663
174681 174907 174737 174793 174849
174908 175529 175063 175218 175373
175530 175681 175567 175604 175641
175682 175860 175726 175770 175814
175861 176050 175908 175955 176002
176051 176203 176089 176127 176165
176204 176393 176251 176298 176345
176394 176571 176438 176482 176526
176572 176675 176597 176622 176647
176676 176775 176700 176724 176748
176776 176837 176791 176806 176821
176838 177020 176883 176928 176973
177021 177180 177060 177099 177138
177181 177249 177198 177215 177232
177250 177811 177390 177530 177670
177812 177879 177828 177844 177860
177880 178355 177998 178116 178234
178356 178761 178457 178558 178659
178762 178925 178802 178842 178882
178926 179075 178963 179000 179037
179076 179374 179150 179224 179298
179375 179500 179406 179437 179468
179501 179587 179522 179543 179564
179588 179635 179599 179610 179621
179636 179674 179645 179654 179663
179675 179716 179685 179695 179705
179717 179823 179743 179769 179795
179824 179905 179844 179864 179884
179906 179956 179918 179930 179942
179957 180015 179967 179977 180009
180016 180144 180048 180080 180112
180145 180300 180183 180221 180259
180301 180547 180362 180423 180484
180548 180856 180625 180702 180779
180857 180903 180868 180879 180890
180904 181132 180961 181018 181075
181133 181222 181155 181177 181199
181223 181302 181242 181261 181280
181303 181481 181347 181391 181435
181482 181520 181491 181500 181509
181521 181742 181576 181631 181686
181743 181789 181754 181765 181776
181790 181850 181805 181820 181835
181851 181901 181863 181875 181887
181902 181966 181918 181934 181950
181967 182020 181980 181993 182006
182021 182087 182037 182053 182069
182088 182273 182134 182180 182226
182274 193268 185022 187770 190518
193269 193391 193299 193329 193359
