0 1204 301 602 903
1205 1280 1223 1241 1259
1281 1371 1303 1325 1347
1372 1794 1477 1582 1687
1795 1861 1811 1827 1843
1862 1894 1870 1878 1886
1895 1955 1910 1925 1940
1956 2062 1982 2008 2034
2063 2142 2082 2101 2120
2143 2192 2155 2167 2179
2193 2302 2220 2247 2274
2303 2353 2315 2327 2339
2354 2397 2364 2374 2384
2398 2434 2407 2416 2425
2435 2477 2445 2455 2465
2478 2523 2489 2500 2511
2524 2678 2562 2600 2638
2679 2715 2688 2697 2706
2716 2779 2731 2746 2761
2780 2834 2793 2806 2819
2835 3408 2978 3121 3264
3409 3471 3424 3439 3454
3472 4087 3625 3778 3931
4088 4229 4123 4158 4193
4230 4319 4252 4274 4296
4320 4579 4384 4448 4512
4580 4713 4613 4646 4679
4714 4771 4728 4742 4756
4772 4863 4794 4816 4838
4864 5056 4912 4960 5008
5057 5102 5068 5079 5090
5103 5178 5121 5139 5157
5179 5225 5190 5201 5212
5226 5305 5245 5264 5283
5306 5362 5320 5334 5348
5363 5463 5388 5413 5438
5464 5622 5503 5542 5581
5623 5706 5643 5663 5683
5707 5884 5751 5795 5839
5885 6233 5972 6059 6146
6234 6604 6326 6418 6510
6605 6714 6632 6659 6686
6715 6745 6722 6729 6736
6746 6782 6755 6764 6773
6783 7280 6907 7031 7155
7281 7666 7377 7473 7569
7667 7722 7680 7693 7706
7723 7833 7750 7777 7804
7834 7863 7841 7848 7855
7864 8103 7923 7982 8041
8104 8374 8171 8238 8305
8375 9193 8579 8783 8987
9194 9345 9231 9268 9305
9346 9371 9352 9358 9364
9372 9421 9384 9396 9408
9422 9526 9448 9474 9500
9527 9616 9549 9571 9593
9617 9671 9630 9643 9656
9672 9700 9679 9686 9693
9701 9790 9723 9745 9767
9791 9817 9797 9803 9809
9818 9881 9833 9848 9863
9882 10082 9932 9982 10032
10083 10123 10093 10103 10113
10124 10164 10134 10144 10154
10165 10296 10197 10229 10261
10297 10471 10340 10383 10426
10472 10601 10504 10536 10568
10602 10715 10630 10658 10686
10716 10797 10736 10756 10776
10798 10827 10805 10812 10819
10828 10852 10834 10840 10846
10853 10899 10864 10875 10886
10900 10960 10915 10930 10945
10961 11081 10991 11021 11051
11082 11103 11087 11092 11097
11104 11137 11112 11120 11128
11138 11228 11160 11182 11204
11229 11267 11238 11247 11256
11268 11320 11281 11294 11307
11321 11471 11358 11395 11432
11472 11543 11489 11506 11523
11544 11657 11572 11600 11628
11658 11895 11717 11776 11835
11896 12054 11935 11974 12013
12055 12087 12063 12071 12079
12088 12117 12095 12102 12109
12118 12219 12143 12168 12193
12220 12272 12233 12246 12259
12273 12400 12304 12335 12366
12401 12458 12415 12429 12443
12459 12595 12493 12527 12561
12596 12865 12663 12730 12797
12866 13094 12923 12980 13037
13095 13287 13143 13191 13239
13288 13375 13309 13330 13351
13376 13450 13394 13412 13430
13451 13509 13465 13479 13493
13510 13671 13550 13590 13630
13672 14165 13795 13918 14041
14166 14374 14218 14270 14322
14375 14433 14389 14403 14417
14434 14515 14454 14474 14494
14516 14641 14547 14578 14609
14642 14812 14684 14726 14768
14813 14961 14850 14887 14924
14962 15091 14971 14980 15066
15092 15190 15116 15140 15164
15191 15282 15213 15235 15257
15283 15407 15314 15345 15376
15408 15546 15442 15476 15510
15547 15746 15596 15645 15694
15747 15900 15785 15823 15861
15901 15977 15920 15939 15958
15978 16049 15995 16012 16029
16050 16258 16102 16154 16206
16259 16337 16278 16297 16316
16338 16691 16426 16514 16602
16692 16841 16729 16766 16803
16842 17029 16888 16934 16980
17030 17058 17037 17044 17051
17059 17160 17084 17109 17134
17161 17191 17168 17175 17182
17192 17260 17209 17226 17243
17261 17299 17270 17279 17288
17300 17369 17317 17334 17351
17370 17403 17378 17386 17394
17404 17630 17460 17516 17572
17631 17684 17644 17657 17670
17685 17735 17697 17709 17721
17736 17815 17755 17774 17793
17816 18053 17875 17934 17993
18054 18151 18078 18102 18126
18152 18217 18168 18184 18200
18218 18290 18236 18254 18272
18291 18369 18310 18329 18348
18370 18464 18393 18416 18439
18465 18512 18476 18487 18498
18513 18560 18524 18535 18546
18561 18634 18579 18597 18615
18635 18663 18642 18649 18656
18664 18681 18668 18672 18676
18682 18788 18708 18734 18760
18789 18855 18805 18821 18837
18856 18925 18873 18890 18907
18926 18959 18934 18942 18950
18960 19039 18979 18998 19017
19040 19560 19170 19300 19430
19561 19697 19595 19629 19663
19698 19804 19724 19750 19776
19805 19875 19822 19839 19856
19876 19950 19894 19912 19930
19951 20017 19967 19983 19999
20018 20098 20038 20058 20078
20099 20421 20179 20259 20339
20422 20595 20465 20508 20551
20596 20766 20638 20680 20722
20767 20846 20786 20805 20824
20847 20914 20863 20879 20895
20915 20975 20930 20945 20960
20976 21036 20991 21006 21021
21037 21085 21049 21061 21073
21086 21158 21104 21122 21140
21159 21282 21189 21219 21249
21283 21348 21299 21315 21331
21349 21421 21367 21385 21403
21422 21508 21443 21464 21485
21509 21577 21526 21543 21560
21578 21663 21599 21620 21641
21664 22743 21933 22202 22471
22744 22794 22756 22768 22780
22795 22876 22815 22835 22855
22877 22908 22884 22891 22898
22909 22950 22919 22929 22939
22951 23016 22967 22983 22999
23017 23102 23038 23059 23080
23103 23151 23115 23127 23139
23152 23259 23178 23204 23230
23260 23346 23281 23302 23323
23347 23387 23357 23367 23377
23388 23506 23417 23446 23475
23507 23608 23532 23557 23582
23609 23646 23618 23627 23636
23647 23681 23655 23663 23671
23682 23708 23688 23694 23700
23709 23759 23721 23733 23745
23760 23816 23774 23788 23802
23817 23869 23830 23843 23856
23870 23894 23876 23882 23888
23895 23958 23910 23925 23940
23959 24003 23970 23981 23992
24004 24035 24011 24018 24025
24036 24104 24053 24070 24087
24105 24189 24126 24147 24168
24190 24275 24211 24232 24253
24276 24347 24293 24310 24327
24348 24488 24383 24418 24453
24489 24593 24515 24541 24567
24594 24682 24616 24638 24660
24683 24771 24705 24727 24749
24772 25040 24839 24906 24973
25041 25140 25065 25089 25113
25141 25254 25169 25197 25225
25255 25303 25267 25279 25291
25304 25446 25339 25374 25409
25447 25570 25477 25507 25537
25571 25714 25606 25641 25676
25715 25783 25732 25749 25766
25784 26094 25861 25938 26015
26095 26142 26106 26117 26128
26143 26452 26220 26297 26374
26453 26682 26510 26567 26624
26683 26815 26716 26749 26782
26816 27127 26893 26970 27047
27128 27259 27160 27192 27224
27260 27521 27325 27390 27455
27522 27781 27586 27650 27714
27782 28095 27860 27938 28016
28096 28187 28118 28140 28162
28188 28334 28224 28260 28296
28335 28486 28372 28409 28446
28487 28603 28516 28545 28574
28604 28754 28641 28678 28715
28755 28975 28810 28865 28920
28976 29167 29023 29070 29117
29168 29342 29211 29254 29297
29343 29391 29355 29367 29379
29392 29718 29473 29554 29635
29719 29823 29745 29771 29797
29824 30053 29867 29910 30039
30054 30137 30074 30094 30114
30138 30254 30167 30196 30225
30255 30380 30286 30317 30348
30381 30407 30387 30393 30399
30408 30755 30494 30580 30666
30756 30885 30788 30820 30852
30886 30979 30909 30932 30955
30980 31009 30987 30994 31001
31010 31027 31014 31018 31022
31028 31060 31036 31044 31052
31061 31083 31066 31071 31076
31084 31121 31093 31102 31111
31122 31165 31132 31142 31152
31166 31200 31174 31182 31190
31201 31280 31220 31239 31258
31281 31330 31293 31305 31317
31331 31349 31335 31339 31343
31350 31376 31356 31362 31368
31377 31400 31382 31387 31392
31401 31426 31407 31413 31419
31427 31446 31431 31435 31439
31447 31478 31454 31461 31468
31479 31499 31484 31489 31494
31500 31529 31507 31514 31521
31530 31563 31538 31546 31554
31564 31587 31569 31574 31579
31588 31757 31630 31672 31714
31758 31843 31779 31800 31821
31844 31885 31854 31864 31874
31886 31923 31895 31904 31913
31924 31970 31935 31946 31957
31971 32056 31992 32013 32034
32057 32114 32071 32085 32099
32115 32381 32181 32247 32313
32382 32470 32404 32426 32448
32471 32574 32496 32521 32546
32575 32820 32636 32697 32758
32821 32923 32846 32871 32896
32924 33050 32955 32986 33017
33051 33094 33061 33071 33081
33095 33116 33100 33105 33110
33117 33247 33149 33181 33213
33248 33297 33260 33272 33284
33298 33444 33334 33370 33406
33445 33507 33460 33475 33490
33508 33601 33531 33554 33577
33602 33708 33628 33654 33680
33709 34172 33824 33939 34054
34173 34266 34196 34219 34242
34267 34391 34298 34329 34360
34392 34456 34408 34424 34440
34457 34506 34469 34481 34493
34507 34843 34591 34675 34759
34844 35022 34888 34932 34976
35023 35270 35084 35145 35206
35271 35327 35285 35299 35313
35328 35447 35357 35386 35415
35448 35504 35462 35476 35490
35505 35644 35539 35573 35607
35645 35680 35653 35661 35669
35681 35793 35709 35737 35765
35794 35848 35807 35820 35833
35849 35955 35875 35901 35927
35956 36001 35967 35978 35989
36002 36026 36008 36014 36020
36027 36064 36036 36045 36054
36065 36098 36073 36081 36089
36099 36151 36112 36125 36138
36152 36186 36160 36168 36176
36187 36212 36193 36199 36205
36213 36310 36237 36261 36285
36311 36374 36326 36341 36356
36375 36413 36384 36393 36402
36414 36448 36422 36430 36438
36449 36474 36455 36461 36467
36475 36575 36500 36525 36550
36576 36607 36583 36590 36597
36608 36655 36619 36630 36641
36656 36687 36663 36670 36677
36688 36709 36693 36698 36703
36710 36757 36721 36732 36743
36758 36782 36764 36770 36776
36783 36828 36794 36805 36816
36829 36912 36849 36869 36889
36913 36991 36932 36951 36970
36992 37031 37001 37010 37019
37032 37080 37044 37056 37068
37081 37191 37108 37135 37162
37192 37263 37209 37226 37243
37264 37328 37280 37296 37312
37329 37437 37356 37383 37410
37438 37481 37448 37458 37468
37482 37610 37514 37546 37578
37611 37650 37620 37629 37638
37651 37699 37663 37675 37687
37700 37743 37710 37720 37730
37744 37779 37752 37760 37768
37780 37873 37803 37826 37849
37874 38006 37907 37940 37973
38007 38059 38020 38033 38046
38060 38103 38070 38080 38090
38104 38143 38113 38122 38131
38144 38200 38158 38172 38186
38201 38314 38229 38257 38285
38315 38520 38366 38417 38468
38521 38726 38572 38623 38674
38727 38779 38740 38753 38766
38780 38948 38822 38864 38906
38949 39026 38968 38987 39006
39027 39149 39057 39087 39117
39150 39214 39166 39182 39198
39215 39294 39234 39253 39272
39295 39506 39347 39399 39451
39507 39642 39540 39573 39606
39643 39680 39652 39661 39670
39681 39799 39710 39739 39768
39800 39841 39810 39820 39830
39842 39898 39856 39870 39884
39899 39978 39918 39937 39956
39979 40122 40014 40049 40084
40123 40244 40153 40183 40213
40245 40452 40296 40347 40398
40453 40550 40477 40501 40525
40551 40580 40558 40565 40572
40581 40641 40596 40611 40626
40642 40662 40647 40652 40657
40663 40735 40681 40699 40717
40736 40785 40748 40760 40772
40786 40847 40801 40816 40831
40848 41063 40901 40954 41007
41064 41260 41113 41162 41211
41261 41343 41281 41301 41321
41344 41455 41371 41398 41425
41456 41978 41586 41716 41846
41979 42089 42006 42033 42060
42090 42232 42125 42160 42195
42233 42350 42262 42291 42320
42351 42589 42410 42469 42528
42590 42656 42606 42622 42638
42657 42712 42670 42683 42696
42713 42860 42749 42785 42821
42861 42983 42891 42921 42951
42984 43115 43016 43048 43080
43116 43235 43145 43174 43203
43236 43500 43302 43368 43434
43501 43597 43525 43549 43573
43598 43758 43638 43678 43718
43759 43976 43813 43867 43921
43977 44051 43995 44013 44031
44052 44524 44170 44288 44406
44525 44615 44547 44569 44591
44616 44679 44631 44646 44661
44680 44878 44729 44778 44827
44879 45069 44909 44939 45051
45070 45111 45080 45090 45100
45112 45248 45146 45180 45214
45249 45290 45259 45269 45279
45291 45513 45346 45401 45456
45514 45593 45533 45552 45571
45594 45863 45661 45728 45795
45864 45923 45878 45892 45906
45924 46010 45945 45966 45987
46011 46057 46022 46033 46044
46058 46305 46119 46180 46241
46306 46333 46312 46318 46324
46334 46385 46346 46358 46370
46386 46460 46404 46422 46440
46461 46578 46490 46519 46548
46579 46666 46600 46621 46642
46667 46754 46688 46709 46730
46755 46806 46767 46779 46791
46807 46841 46815 46823 46831
46842 47031 46889 46936 46983
47032 47152 47062 47092 47122
47153 47212 47167 47181 47195
47213 47293 47233 47253 47273
47294 47386 47317 47340 47363
47387 47543 47426 47465 47504
47544 47587 47554 47564 47574
47588 47814 47644 47700 47756
47815 47876 47830 47845 47860
47877 47959 47897 47917 47937
47960 48002 47970 47980 47990
48003 48109 48029 48055 48081
48110 48141 48117 48124 48131
48142 48257 48170 48198 48226
48258 48456 48307 48356 48405
48457 48575 48486 48515 48544
48576 48679 48601 48626 48651
48680 48732 48693 48706 48719
48733 49012 48802 48871 48940
49013 49118 49039 49065 49091
49119 49223 49145 49171 49197
49224 49689 49340 49456 49572
49690 49731 49700 49710 49720
49732 49824 49755 49778 49801
49825 50000 49868 49911 49954
50001 50108 50027 50053 50079
50109 50143 50117 50125 50133
50144 50172 50151 50158 50165
50173 50231 50187 50201 50215
50232 50267 50240 50248 50256
50268 50317 50280 50292 50304
50318 50413 50341 50364 50387
50414 50495 50434 50454 50474
50496 50580 50517 50538 50559
50581 50653 50599 50617 50635
50654 50714 50669 50684 50699
50715 50800 50736 50757 50778
50801 50859 50815 50829 50843
50860 50937 50879 50898 50917
50938 50999 50953 50968 50983
51000 51032 51008 51016 51024
51033 51137 51059 51085 51111
51138 51213 51156 51174 51192
51214 51272 51228 51242 51256
51273 51335 51288 51303 51318
51336 51486 51373 51410 51447
51487 51573 51508 51529 51550
51574 51894 51654 51734 51814
51895 51934 51904 51913 51922
51935 52220 52006 52077 52148
52221 52505 52292 52363 52434
52506 52786 52576 52646 52716
52787 52945 52826 52865 52904
52946 53096 52983 53020 53057
53097 53247 53134 53171 53208
53248 53441 53296 53344 53392
53442 53563 53472 53502 53532
53564 53793 53621 53678 53735
53794 54021 53850 53906 53962
54022 54189 54063 54104 54145
54190 54265 54208 54226 54244
54266 54317 54278 54290 54302
54318 54495 54362 54406 54450
54496 54678 54541 54586 54631
54679 54788 54706 54733 54760
54789 54893 54815 54841 54867
54894 54980 54915 54936 54957
54981 55132 55018 55055 55092
55133 55256 55163 55193 55223
55257 55432 55300 55343 55386
55433 55484 55445 55457 55469
55485 55843 55574 55663 55752
55844 56096 55907 55970 56033
56097 56444 56183 56269 56355
56445 56499 56458 56471 56484
56500 56597 56524 56548 56572
56598 56785 56644 56690 56736
56786 57052 56852 56918 56984
57053 57172 57082 57111 57140
57173 57244 57190 57207 57224
57245 57284 57254 57263 57272
57285 57507 57340 57395 57450
57508 57661 57546 57584 57622
57662 57707 57673 57684 57695
57708 57775 57724 57740 57756
57776 57871 57799 57822 57845
57872 58057 57918 57964 58010
58058 58264 58109 58160 58211
58265 58339 58283 58301 58319
58340 58412 58358 58376 58394
58413 58486 58431 58449 58467
58487 58557 58504 58521 58538
58558 58639 58578 58598 58618
58640 58727 58661 58682 58703
58728 58770 58738 58748 58758
58771 58835 58787 58803 58819
58836 58889 58849 58862 58875
58890 59039 58927 58964 59001
59040 59101 59055 59070 59085
59102 59256 59140 59178 59216
59257 59379 59287 59317 59347
59380 59426 59391 59402 59413
59427 59479 59440 59453 59466
59480 59527 59491 59502 59513
59528 59589 59543 59558 59573
59590 59649 59604 59618 59632
59650 59750 59675 59700 59725
59751 59848 59775 59799 59823
59849 59943 59872 59895 59918
59944 59973 59951 59958 59965
59974 60015 59980 59986 60009
60016 60076 60031 60046 60061
60077 60111 60085 60093 60101
60112 60181 60129 60146 60163
60182 60339 60221 60260 60299
60340 60860 60470 60600 60730
60861 60885 60867 60873 60879
60886 61156 60953 61020 61087
61157 61273 61186 61215 61244
61274 61337 61289 61304 61319
61338 61400 61353 61368 61383
61401 61470 61418 61435 61452
61471 61521 61483 61495 61507
61522 61574 61535 61548 61561
61575 61616 61585 61595 61605
61617 61659 61627 61637 61647
61660 61693 61668 61676 61684
61694 61783 61716 61738 61760
61784 61838 61797 61810 61823
61839 61898 61853 61867 61881
61899 61964 61915 61931 61947
61965 62073 61992 62019 62046
62074 62103 62081 62088 62095
62104 62183 62123 62142 62161
62184 62228 62195 62206 62217
62229 62376 62265 62301 62337
62377 62468 62399 62421 62443
62469 62644 62512 62555 62598
62645 62700 62658 62671 62684
62701 62967 62767 62833 62899
62968 62985 62972 62976 62980
62986 63088 63011 63036 63061
63089 63512 63194 63299 63404
63513 63574 63528 63543 63558
63575 63720 63611 63647 63683
63721 63772 63733 63745 63757
63773 63801 63780 63787 63794
63802 63833 63809 63816 63823
63834 63863 63841 63848 63855
63864 63911 63875 63886 63897
63912 63959 63923 63934 63945
63960 63999 63969 63978 63987
64000 64079 64019 64038 64057
64080 64142 64095 64110 64125
64143 64181 64152 64161 64170
64182 64249 64198 64214 64230
64250 64346 64274 64298 64322
64347 64456 64374 64401 64428
64457 64509 64470 64483 64496
64510 64691 64555 64600 64645
64692 65237 64828 64964 65100
65238 65451 65291 65344 65397
65452 65522 65469 65486 65503
65523 65562 65532 65541 65550
65563 65602 65572 65581 65590
65603 65821 65657 65711 65765
65822 66020 65871 65920 65969
66021 66309 66093 66165 66237
66310 66364 66323 66336 66349
66365 66536 66407 66449 66491
66537 66691 66575 66613 66651
66692 66965 66760 66828 66896
66966 67142 67010 67054 67098
67143 67188 67154 67165 67176
67189 67246 67203 67217 67231
67247 67298 67259 67271 67283
67299 67508 67351 67403 67455
67509 67675 67550 67591 67632
67676 67828 67714 67752 67790
67829 67867 67838 67847 67856
67868 67969 67893 67918 67943
67970 68029 67984 67998 68012
68030 68091 68045 68060 68075
68092 68129 68101 68110 68119
68130 68239 68157 68184 68211
68240 68326 68261 68282 68303
68327 68387 68342 68357 68372
68388 68462 68406 68424 68442
68463 68642 68507 68551 68595
68643 68684 68653 68663 68673
68685 68727 68695 68705 68715
68728 68747 68732 68736 68740
68748 68783 68756 68764 68772
68784 68811 68790 68796 68802
68812 68831 68816 68820 68824
68832 68859 68838 68844 68850
68860 68912 68873 68886 68899
68913 69127 68966 69019 69072
69128 69873 69314 69500 69686
69874 70036 69914 69954 69994
70037 70114 70056 70075 70094
70115 70435 70195 70275 70355
70436 70667 70493 70550 70607
70668 70835 70709 70750 70791
70836 70884 70848 70860 70872
70885 71064 70929 70973 71017
71065 71258 71113 71161 71209
71259 71330 71276 71293 71310
71331 71384 71344 71357 71370
71385 71530 71421 71457 71493
71531 71569 71540 71549 71558
71570 71709 71604 71638 71672
71710 71759 71722 71734 71746
71760 71815 71773 71786 71799
71816 71865 71828 71840 71852
71866 71909 71876 71886 71896
71910 71941 71917 71924 71931
71942 72068 71973 72004 72035
72069 72129 72084 72099 72114
72130 72207 72149 72168 72187
72208 72297 72230 72252 72274
72298 72469 72340 72382 72424
72470 72548 72489 72508 72527
72549 72651 72574 72599 72624
72652 72684 72660 72668 72676
72685 72775 72707 72729 72751
72776 72832 72790 72804 72818
72833 72903 72850 72867 72884
72904 72936 72912 72920 72928
72937 72970 72945 72953 72961
72971 73008 72980 72989 72998
73009 73049 73019 73029 73039
73050 73228 73094 73138 73182
73229 73338 73256 73283 73310
73339 73545 73390 73441 73492
73546 73580 73554 73562 73570
73581 73619 73590 73599 73608
73620 73657 73629 73638 73647
73658 73782 73689 73720 73751
73783 73989 73834 73885 73936
73990 74100 74017 74044 74071
74101 74146 74112 74123 74134
74147 74177 74154 74161 74168
74178 74239 74193 74208 74223
74240 74435 74288 74336 74384
74436 74535 74460 74484 74508
74536 74820 74607 74678 74749
74821 74869 74833 74845 74857
74870 74932 74885 74900 74915
74933 75002 74949 74965 75000
75003 75143 75038 75073 75108
75144 75249 75170 75196 75222
75250 75532 75320 75390 75460
75533 75739 75584 75635 75686
75740 75930 75787 75834 75881
75931 76076 75967 76003 76039
76077 76309 76135 76193 76251
76310 76430 76340 76370 76400
76431 76531 76456 76481 76506
76532 76758 76588 76644 76700
76759 76944 76805 76851 76897
76945 77235 77017 77089 77161
77236 77583 77322 77408 77494
77584 77753 77626 77668 77710
77754 77834 77774 77794 77814
77835 77882 77846 77857 77868
77883 78016 77916 77949 77982
78017 78351 78100 78183 78266
78352 78396 78363 78374 78385
78397 78455 78411 78425 78439
78456 78585 78488 78520 78552
78586 78651 78602 78618 78634
78652 78908 78716 78780 78844
78909 78950 78919 78929 78939
78951 79033 78971 78991 79011
79034 79205 79076 79118 79160
79206 79314 79233 79260 79287
79315 79385 79332 79349 79366
79386 79557 79428 79470 79512
79558 79687 79590 79622 79654
79688 79813 79719 79750 79781
79814 79889 79832 79850 79868
79890 79924 79898 79906 79914
79925 79978 79938 79951 79964
79979 80118 80013 80047 80081
80119 80179 80134 80149 80164
80180 80233 80193 80206 80219
80234 80262 80241 80248 80255
80263 80306 80273 80283 80293
80307 80339 80315 80323 80331
80340 80419 80359 80378 80397
80420 80733 80498 80576 80654
80734 80952 80788 80842 80896
80953 81090 80987 81021 81055
81091 81162 81108 81125 81142
81163 81318 81201 81239 81277
81319 81412 81342 81365 81388
81413 81565 81451 81489 81527
81566 81631 81582 81598 81614
81632 81919 81703 81774 81845
81920 82006 81941 81962 81983
82007 82103 82031 82055 82079
82104 82367 82169 82234 82299
82368 82496 82400 82432 82464
82497 82724 82553 82609 82665
82725 82818 82748 82771 82794
82819 83001 82864 82909 82954
83002 83052 83014 83026 83038
83053 83243 83100 83147 83194
83244 83289 83255 83266 83277
83290 83350 83305 83320 83335
83351 83435 83372 83393 83414
83436 83519 83456 83476 83496
83520 83605 83541 83562 83583
83606 83752 83642 83678 83714
83753 85850 84277 84801 85325
85851 86023 85894 85937 85980
86024 86219 86072 86120 86168
86220 86314 86243 86266 86289
86315 86686 86407 86499 86591
86687 86963 86756 86825 86894
86964 87160 87013 87062 87111
87161 87266 87187 87213 87239
87267 87378 87294 87321 87348
87379 87523 87415 87451 87487
87524 87553 87531 87538 87545
87554 87597 87564 87574 87584
87598 87751 87636 87674 87712
87752 87887 87785 87818 87851
87888 88043 87926 87964 88002
88044 88183 88078 88112 88146
88184 88281 88208 88232 88256
88282 88366 88303 88324 88345
88367 88490 88397 88427 88457
88491 88528 88500 88509 88518
88529 88670 88564 88599 88634
88671 88798 88702 88733 88764
88799 88882 88819 88839 88859
88883 89029 88919 88955 88991
89030 89115 89051 89072 89093
89116 89244 89148 89180 89212
89245 89375 89277 89309 89341
89376 89533 89415 89454 89493
89534 89632 89558 89582 89606
89633 89844 89685 89737 89789
89845 90021 89883 89921 90015
90022 90105 90042 90062 90082
90106 90388 90176 90246 90316
90389 90612 90444 90499 90554
90613 90766 90651 90689 90727
90767 90901 90800 90833 90866
90902 90946 90913 90924 90935
90947 91158 90999 91051 91103
91159 91260 91184 91209 91234
91261 91371 91288 91315 91342
91372 91511 91406 91440 91474
91512 91575 91527 91542 91557
91576 91704 91608 91640 91672
91705 91788 91725 91745 91765
91789 91959 91831 91873 91915
91960 92014 91973 91986 91999
92015 92093 92034 92053 92072
92094 92160 92110 92126 92142
92161 92256 92184 92207 92230
92257 92317 92272 92287 92302
92318 92376 92332 92346 92360
92377 92414 92386 92395 92404
92415 92448 92423 92431 92439
92449 92485 92458 92467 92476
92486 92587 92511 92536 92561
92588 92634 92599 92610 92621
92635 92687 92648 92661 92674
92688 92796 92715 92742 92769
92797 92970 92840 92883 92926
92971 93018 92982 92993 93004
93019 93059 93029 93039 93049
93060 93155 93083 93106 93129
93156 93189 93164 93172 93180
93190 93228 93199 93208 93217
93229 93281 93242 93255 93268
93282 93355 93300 93318 93336
93356 93486 93388 93420 93452
93487 93537 93499 93511 93523
93538 93651 93566 93594 93622
93652 93874 93707 93762 93817
93875 93929 93888 93901 93914
93930 93992 93945 93960 93975
93993 94159 94034 94075 94116
94160 94231 94177 94194 94211
94232 94259 94238 94244 94250
94260 94287 94266 94272 94278
94288 94328 94298 94308 94318
94329 94637 94406 94483 94560
94638 94824 94684 94730 94776
94825 94932 94851 94877 94903
94933 95555 95088 95243 95398
95556 95592 95565 95574 95583
95593 95658 95609 95625 95641
95659 95718 95673 95687 95701
95719 95756 95728 95737 95746
95757 95820 95772 95787 95802
95821 96187 95912 96003 96094
96188 96264 96207 96226 96245
96265 96315 96277 96289 96301
96316 96415 96340 96364 96388
96416 96662 96477 96538 96599
96663 96743 96683 96703 96723
96744 96828 96765 96786 96807
96829 96876 96840 96851 96862
96877 96949 96895 96913 96931
96950 96989 96959 96968 96977
96990 97082 97013 97036 97059
97083 97222 97117 97151 97185
97223 97355 97256 97289 97322
97356 97462 97382 97408 97434
97463 97563 97488 97513 97538
97564 97627 97579 97594 97609
97628 97708 97648 97668 97688
97709 97877 97751 97793 97835
97878 98018 97913 97948 97983
98019 98171 98057 98095 98133
98172 98221 98184 98196 98208
98222 98286 98238 98254 98270
98287 98319 98295 98303 98311
98320 98451 98352 98384 98416
98452 98688 98511 98570 98629
98689 98786 98713 98737 98761
98787 98844 98801 98815 98829
98845 98984 98879 98913 98947
98985 100144 99274 99563 99852
100145 100318 100188 100231 100274
100319 100423 100345 100371 100397
100424 100675 100486 100548 100610
100676 100723 100687 100698 100709
100724 100956 100782 100840 100898
100957 101027 100974 100991 101008
101028 101151 101058 101088 101118
101152 101309 101191 101230 101269
101310 101342 101318 101326 101334
101343 101388 101354 101365 101376
101389 101448 101403 101417 101431
101449 101519 101466 101483 101500
101520 101567 101531 101542 101553
101568 101603 101576 101584 101592
101604 101732 101636 101668 101700
101733 101908 101776 101819 101862
101909 102148 101968 102027 102086
102149 102227 102168 102187 102206
102228 102351 102258 102288 102318
102352 102408 102366 102380 102394
102409 102513 102435 102461 102487
102514 102562 102526 102538 102550
102563 102587 102569 102575 102581
102588 102801 102641 102694 102747
102802 103001 102851 102900 102949
103002 103475 103120 103238 103356
103476 103520 103487 103498 103509
103521 103570 103533 103545 103557
103571 103693 103601 103631 103661
103694 103760 103710 103726 103742
103761 103879 103790 103819 103848
103880 104027 103916 103952 103988
104028 104190 104068 104108 104148
104191 104289 104215 104239 104263
104290 104364 104308 104326 104344
104365 104468 104390 104415 104440
104469 104528 104483 104497 104511
104529 104574 104540 104551 104562
104575 104713 104609 104643 104677
104714 104773 104728 104742 104756
104774 104813 104783 104792 104801
104814 104855 104824 104834 104844
104856 104930 104874 104892 104910
104931 104981 104943 104955 104967
104982 105039 104986 104990 105027
105040 105188 105077 105114 105151
105189 105567 105283 105377 105471
105568 105646 105587 105606 105625
105647 105707 105662 105677 105692
105708 105816 105735 105762 105789
105817 106226 105919 106021 106123
106227 106302 106245 106263 106281
106303 106438 106336 106369 106402
106439 106606 106480 106521 106562
106607 106727 106637 106667 106697
106728 106842 106756 106784 106812
106843 106935 106866 106889 106912
106936 106977 106946 106956 106966
106978 107020 106988 106998 107008
107021 107138 107050 107079 107108
107139 107196 107153 107167 107181
107197 107277 107217 107237 107257
107278 107371 107301 107324 107347
107372 107427 107385 107398 107411
107428 107484 107442 107456 107470
107485 107554 107502 107519 107536
107555 107652 107579 107603 107627
107653 107693 107663 107673 107683
107694 107767 107712 107730 107748
107768 107842 107786 107804 107822
107843 107884 107853 107863 107873
107885 107989 107911 107937 107963
107990 108037 108001 108012 108023
108038 108376 108122 108206 108290
108377 108422 108388 108399 108410
108423 108595 108466 108509 108552
108596 108723 108627 108658 108689
108724 108896 108767 108810 108853
108897 108980 108917 108937 108957
108981 109170 109028 109075 109122
109171 109236 109187 109203 109219
109237 109364 109268 109299 109330
109365 109470 109391 109417 109443
109471 109512 109481 109491 109501
109513 109636 109543 109573 109603
109637 109668 109644 109651 109658
109669 109700 109676 109683 109690
109701 109789 109723 109745 109767
109790 109849 109804 109818 109832
109850 109940 109872 109894 109916
109941 110004 109956 109971 109986
110005 110221 110059 110113 110167
110222 110601 110316 110410 110504
110602 110957 110690 110778 110866
110958 111093 110991 111024 111057
111094 111186 111117 111140 111163
111187 111302 111215 111243 111271
111303 111650 111389 111475 111561
111651 111792 111686 111721 111756
111793 111897 111819 111845 111871
111898 112085 111944 111990 112036
112086 112196 112113 112140 112167
112197 112316 112226 112255 112284
112317 112375 112331 112345 112359
112376 112434 112390 112404 112418
112435 112583 112472 112509 112546
112584 112640 112598 112612 112626
112641 112801 112681 112721 112761
112802 112961 112841 112880 112919
112962 113015 112975 112988 113001
113016 113078 113031 113046 113061
113079 113193 113107 113135 113163
113194 113404 113246 113298 113350
113405 113504 113429 113453 113477
113505 113790 113576 113647 113718
113791 115198 114142 114493 114844
115199 115310 115226 115253 115280
115311 115610 115385 115459 115533
115611 115667 115625 115639 115653
115668 115765 115692 115716 115740
115766 115821 115779 115792 115805
115822 115906 115843 115864 115885
115907 115971 115923 115939 115955
115972 116142 116014 116056 116098
116143 116331 116190 116237 116284
116332 116386 116345 116358 116371
116387 116430 116397 116407 116417
116431 116479 116443 116455 116467
116480 116568 116502 116524 116546
116569 116607 116578 116587 116596
116608 116647 116617 116626 116635
116648 116703 116661 116674 116687
116704 116735 116711 116718 116725
116736 116752 116740 116744 116748
116753 116774 116758 116763 116768
116775 116819 116786 116797 116808
116820 116930 116847 116874 116901
116931 116995 116947 116963 116979
116996 117072 117015 117034 117053
117073 117096 117078 117083 117088
117097 117119 117102 117107 117112
117120 117137 117124 117128 117132
117138 117175 117147 117156 117165
117176 117197 117181 117186 117191
117198 117224 117204 117210 117216
117225 117258 117233 117241 117249
117259 117290 117266 117273 117280
117291 117313 117296 117301 117306
117314 117371 117328 117342 117356
117372 117775 117472 117572 117672
117776 117834 117790 117804 117818
117835 117882 117846 117857 117868
117883 118079 117932 117981 118030
118080 118323 118140 118200 118260
118324 118421 118348 118372 118396
118422 118509 118443 118464 118485
118510 118589 118529 118548 118567
118590 118771 118635 118680 118725
118772 118905 118805 118838 118871
118906 119011 118932 118958 118984
119012 119099 119033 119054 119075
119100 119186 119121 119142 119163
119187 119283 119211 119235 119259
119284 119566 119354 119424 119494
119567 119832 119633 119699 119765
119833 119901 119850 119867 119884
119902 120153 119926 119950 120114
120154 120209 120167 120180 120193
120210 120232 120215 120220 120225
120233 120273 120243 120253 120263
120274 120304 120281 120288 120295
120305 120356 120317 120329 120341
120357 120391 120365 120373 120381
120392 120427 120400 120408 120416
120428 120469 120438 120448 120458
120470 120488 120474 120478 120482
120489 120513 120495 120501 120507
120514 120540 120520 120526 120532
120541 120596 120554 120567 120580
120597 120624 120603 120609 120615
120625 120681 120639 120653 120667
120682 120875 120730 120778 120826
120876 120921 120887 120898 120909
120922 121083 120962 121002 121042
121084 122105 121339 121594 121849
122106 122227 122136 122166 122196
122228 122531 122303 122378 122453
122532 122619 122553 122574 122595
122620 122723 122645 122670 122695
122724 122746 122729 122734 122739
122747 122772 122753 122759 122765
122773 122957 122819 122865 122911
122958 123004 122969 122980 122991
123005 123133 123037 123069 123101
123134 123201 123150 123166 123182
123202 123282 123222 123242 123262
123283 123341 123297 123311 123325
123342 123394 123355 123368 123381
123395 123437 123405 123415 123425
123438 123530 123461 123484 123507
123531 123623 123554 123577 123600
123624 123680 123638 123652 123666
123681 123716 123689 123697 123705
123717 123747 123724 123731 123738
123748 123795 123759 123770 123781
123796 123826 123803 123810 123817
123827 123869 123837 123847 123857
123870 123938 123887 123904 123921
123939 123969 123946 123953 123960
123970 124056 123991 124012 124033
124057 124206 124094 124131 124168
124207 124274 124223 124239 124255
124275 124343 124292 124309 124326
124344 124403 124358 124372 124386
124404 124439 124412 124420 124428
124440 124457 124444 124448 124452
124458 124480 124463 124468 124473
124481 124500 124485 124489 124493
124501 124567 124517 124533 124549
124568 124585 124572 124576 124580
124586 124621 124594 124602 124610
124622 124658 124631 124640 124649
124659 124683 124665 124671 124677
124684 124780 124708 124732 124756
124781 124835 124794 124807 124820
124836 125044 124888 124940 124992
125045 125110 125061 125077 125093
125111 125174 125126 125141 125156
125175 125206 125182 125189 125196
125207 125314 125233 125259 125285
125315 125486 125357 125399 125441
125487 125531 125498 125509 125520
125532 125749 125586 125640 125694
125750 125804 125763 125776 125789
125805 125884 125824 125843 125862
125885 125937 125898 125911 125924
125938 126009 125955 125972 125989
126010 126052 126020 126030 126040
126053 126141 126075 126097 126119
126142 126191 126154 126166 126178
126192 126382 126239 126286 126333
126383 126504 126413 126443 126473
126505 126682 126549 126593 126637
126683 126775 126706 126729 126752
126776 127207 126883 126990 127097
127208 127319 127235 127262 127289
127320 127347 127326 127332 127338
127348 127409 127363 127378 127393
127410 127454 127421 127432 127443
127455 127528 127473 127491 127509
127529 127593 127545 127561 127577
127594 127656 127609 127624 127639
127657 127755 127681 127705 127729
127756 127908 127794 127832 127870
127909 127959 127921 127933 127945
127960 128071 127987 128014 128041
128072 128122 128084 128096 128108
128123 128212 128145 128167 128189
128213 128255 128223 128233 128243
128256 128314 128270 128284 128298
128315 128402 128336 128357 128378
128403 128577 128446 128489 128532
128578 128651 128596 128614 128632
128652 128815 128692 128732 128772
128816 128837 128821 128826 128831
128838 128900 128853 128868 128883
128901 128993 128924 128947 128970
128994 129772 129188 129382 129576
129773 129837 129789 129805 129821
129838 129985 129874 129910 129946
129986 130100 130014 130042 130070
130101 130159 130115 130129 130143
130160 130498 130244 130328 130412
130499 130583 130520 130541 130562
130584 130647 130599 130614 130629
130648 130700 130661 130674 130687
130701 130866 130742 130783 130824
130867 130912 130878 130889 130900
130913 130973 130928 130943 130958
130974 131033 130988 131002 131016
131034 131074 131044 131054 131064
131075 131148 131093 131111 131129
131149 131271 131179 131209 131239
131272 131385 131300 131328 131356
131386 131479 131409 131432 131455
131480 131657 131524 131568 131612
131658 131705 131669 131680 131691
131706 131775 131723 131740 131757
131776 131830 131789 131802 131815
131831 131981 131868 131905 131942
131982 132099 132011 132040 132069
132100 132184 132121 132142 132163
132185 132335 132222 132259 132296
132336 132489 132374 132412 132450
132490 132574 132511 132532 132553
132575 132630 132588 132601 132614
132631 132708 132650 132669 132688
132709 132819 132736 132763 132790
132820 132873 132833 132846 132859
132874 132948 132892 132910 132928
132949 133047 132973 132997 133021
133048 133159 133075 133102 133129
133160 133351 133207 133254 133301
133352 133424 133370 133388 133406
133425 133483 133439 133453 133467
133484 133524 133494 133504 133514
133525 133678 133563 133601 133639
133679 133950 133746 133813 133880
133951 134095 133987 134023 134059
134096 134338 134156 134216 134276
134339 134393 134352 134365 134378
134394 134506 134422 134450 134478
134507 134545 134516 134525 134534
134546 134591 134557 134568 134579
134592 134645 134605 134618 134631
134646 134746 134671 134696 134721
134747 134807 134762 134777 134792
134808 134960 134846 134884 134922
134961 134988 134967 134973 134979
134989 135068 134991 134993 135051
135069 135103 135077 135085 135093
135104 135133 135111 135118 135125
135134 135191 135148 135162 135176
135192 135230 135201 135210 135219
135231 135284 135244 135257 135270
135285 135330 135296 135307 135318
135331 135366 135339 135347 135355
135367 135454 135388 135409 135430
135455 135501 135466 135477 135488
135502 135609 135528 135554 135580
135610 135682 135628 135646 135664
135683 135773 135705 135727 135749
135774 135817 135784 135794 135804
135818 135925 135844 135870 135896
135926 135993 135942 135958 135974
135994 136069 136012 136030 136048
136070 136123 136083 136096 136109
136124 136454 136206 136288 136370
136455 136496 136465 136475 136485
136497 136543 136508 136519 136530
136544 136722 136588 136632 136676
136723 136816 136746 136769 136792
136817 137133 136896 136975 137054
137134 137350 137188 137242 137296
137351 137408 137365 137379 137393
137409 137523 137437 137465 137493
137524 137569 137535 137546 137557
137570 137670 137595 137620 137645
137671 138447 137865 138059 138253
138448 138863 138551 138654 138757
138864 138945 138884 138904 138924
138946 138993 138957 138968 138979
138994 139072 139013 139032 139051
139073 139118 139084 139095 139106
139119 139184 139135 139151 139167
139185 139231 139196 139207 139218
139232 139269 139241 139250 139259
139270 139315 139281 139292 139303
139316 139356 139326 139336 139346
139357 139420 139372 139387 139402
139421 139564 139456 139491 139526
139565 140044 139684 139803 139922
140045 140103 140059 140073 140087
140104 140294 140151 140198 140245
140295 140413 140324 140353 140382
140414 140627 140467 140520 140573
140628 140703 140646 140664 140682
140704 140876 140747 140790 140833
140877 141156 140946 141015 141084
141157 141311 141195 141233 141271
141312 141469 141351 141390 141429
141470 141570 141495 141520 141545
141571 141633 141586 141601 141616
141634 141869 141692 141750 141808
141870 141975 141896 141922 141948
141976 142090 142004 142032 142060
142091 142255 142132 142173 142214
142256 142386 142288 142320 142352
142387 142453 142403 142419 142435
142454 142762 142531 142608 142685
142763 142954 142810 142857 142904
142955 143015 142970 142985 143000
143016 143168 143054 143092 143130
143169 143236 143185 143201 143217
143237 143281 143248 143259 143270
143282 143470 143329 143376 143423
143471 143599 143503 143535 143567
143600 143721 143630 143660 143690
143722 143961 143781 143840 143899
143962 144017 143975 143988 144001
144018 144190 144061 144104 144147
144191 144282 144213 144235 144257
144283 144330 144294 144305 144316
144331 144415 144352 144373 144394
144416 144677 144481 144546 144611
144678 144869 144725 144772 144819
144870 144911 144880 144890 144900
144912 145159 144973 145034 145095
145160 145210 145172 145184 145196
145211 145266 145224 145237 145250
145267 145308 145277 145287 145297
145309 145417 145336 145363 145390
145418 145483 145434 145450 145466
145484 145589 145510 145536 145562
145590 145689 145614 145638 145662
145690 145785 145713 145736 145759
145786 145841 145799 145812 145825
145842 145993 145879 145916 145953
145994 146166 146037 146080 146123
146167 146456 146239 146311 146383
146457 146752 146530 146603 146676
146753 146804 146765 146777 146789
146805 147017 146858 146911 146964
147018 147077 147032 147046 147060
147078 147171 147101 147124 147147
147172 147259 147193 147214 147235
147260 147463 147310 147360 147410
147464 147543 147483 147502 147521
147544 147595 147556 147568 147580
147596 147639 147606 147616 147626
147640 147763 147670 147700 147730
147764 147940 147808 147852 147896
147941 148006 147957 147973 147989
148007 148235 148064 148121 148178
148236 148332 148260 148284 148308
148333 148408 148351 148369 148387
148409 148465 148423 148437 148451
148466 148506 148476 148486 148496
148507 148743 148566 148625 148684
148744 148825 148764 148784 148804
148826 148897 148843 148860 148877
148898 149071 148941 148984 149027
149072 149260 149119 149166 149213
149261 149393 149294 149327 149360
149394 149446 149407 149420 149433
149447 149618 149489 149531 149573
149619 149663 149630 149641 149652
149664 149758 149687 149710 149733
149759 149806 149770 149781 149792
149807 149888 149827 149847 149867
149889 149957 149906 149923 149940
149958 150019 149968 149978 150012
150020 150043 150025 150030 150035
150044 150081 150053 150062 150071
150082 150161 150101 150120 150139
150162 150210 150174 150186 150198
150211 150245 150219 150227 150235
150246 150351 150272 150298 150324
150352 150424 150370 150388 150406
150425 150525 150450 150475 150500
150526 150560 150534 150542 150550
150561 150620 150575 150589 150603
150621 150642 150626 150631 150636
150643 150664 150648 150653 150658
150665 150747 150685 150705 150725
150748 150839 150770 150792 150814
150840 150931 150862 150884 150906
150932 150978 150943 150954 150965
150979 151018 150988 150997 151006
151019 151071 151032 151045 151058
151072 151104 151080 151088 151096
151105 151152 151116 151127 151138
151153 151173 151158 151163 151168
151174 151194 151179 151184 151189
151195 151235 151205 151215 151225
151236 151268 151244 151252 151260
151269 151320 151281 151293 151305
151321 151355 151329 151337 151345
151356 151394 151365 151374 151383
151395 151430 151403 151411 151419
151431 151475 151442 151453 151464
151476 151511 151484 151492 151500
151512 151661 151549 151586 151623
151662 151735 151680 151698 151716
151736 151909 151779 151822 151865
151910 152051 151945 151980 152015
152052 152092 152062 152072 152082
152093 152122 152100 152107 152114
152123 152161 152132 152141 152150
152162 152194 152170 152178 152186
152195 152234 152204 152213 152222
152235 152263 152242 152249 152256
152264 152304 152274 152284 152294
152305 152326 152310 152315 152320
152327 152350 152332 152337 152342
152351 152376 152357 152363 152369
152377 152395 152381 152385 152389
152396 152440 152407 152418 152429
152441 152485 152452 152463 152474
152486 152705 152540 152594 152648
152706 153276 152848 152990 153132
153277 153300 153282 153287 153292
153301 153319 153305 153309 153313
153320 153343 153325 153330 153335
153344 153373 153351 153358 153365
153374 153589 153427 153480 153533
153590 153630 153600 153610 153620
153631 153684 153644 153657 153670
153685 153712 153691 153697 153703
153713 153822 153740 153767 153794
153823 153940 153852 153881 153910
153941 154037 153965 153989 154013
154038 154086 154050 154062 154074
154087 154189 154112 154137 154162
154190 154249 154204 154218 154232
154250 154299 154262 154274 154286
154300 154418 154329 154358 154387
154419 154517 154443 154467 154491
154518 154616 154542 154566 154590
154617 154671 154630 154643 154656
154672 154750 154691 154710 154729
154751 154830 154770 154789 154808
154831 154921 154853 154875 154897
154922 154983 154937 154952 154967
154984 155058 155002 155020 155038
155059 155207 155096 155133 155170
155208 155414 155259 155310 155361
155415 155474 155429 155443 155457
155475 155545 155492 155509 155526
155546 156545 155795 156044 156293
156546 156611 156562 156578 156594
156612 156891 156681 156750 156819
156892 156985 156915 156938 156961
156986 157082 157010 157034 157058
157083 157158 157101 157119 157137
157159 157237 157178 157197 157216
157238 157504 157304 157370 157436
157505 157571 157521 157537 157553
157572 157687 157600 157628 157656
157688 157783 157711 157734 157757
157784 157892 157811 157838 157865
157893 157981 157915 157937 157959
157982 158054 158000 158018 158036
158055 158115 158070 158085 158100
158116 158172 158130 158144 158158
158173 158249 158192 158211 158230
158250 158309 158264 158278 158292
158310 158430 158340 158370 158400
158431 158499 158448 158465 158482
158500 158594 158523 158546 158569
158595 158763 158637 158679 158721
158764 158949 158810 158856 158902
158950 158986 158959 158968 158977
158987 159075 159009 159031 159053
159076 159193 159105 159134 159163
159194 159262 159211 159228 159245
159263 159338 159281 159299 159317
159339 159785 159450 159561 159672
159786 167706 161089 162392 167028
