0 840 210 420 630
841 1070 898 955 1012
1071 1140 1088 1105 1122
1141 1222 1161 1181 1201
1223 1385 1263 1303 1343
1386 1419 1394 1402 1410
1420 1489 1437 1454 1471
1490 1508 1494 1498 1502
1509 1563 1522 1535 1548
1564 1595 1571 1578 1585
1596 1713 1625 1654 1683
1714 1768 1727 1740 1753
1769 1817 1781 1793 1805
1818 1853 1826 1834 1842
1854 1870 1858 1862 1866
1871 1893 1876 1881 1886
1894 1911 1898 1902 1906
1912 1932 1917 1922 1927
1933 1995 1948 1963 1978
1996 2051 2009 2022 2035
2052 2118 2068 2084 2100
2119 2379 2184 2249 2314
2380 2455 2398 2416 2434
2456 2574 2485 2514 2543
2575 2673 2599 2623 2647
2674 2748 2692 2710 2728
2749 2798 2761 2773 2785
2799 2815 2803 2807 2811
2816 2844 2823 2830 2837
2845 2906 2860 2875 2890
2907 2923 2911 2915 2919
2924 2982 2938 2952 2966
2983 3008 2989 2995 3001
3009 3118 3036 3063 3090
3119 3144 3125 3131 3137
3145 3230 3166 3187 3208
3231 3306 3249 3267 3285
3307 3345 3316 3325 3334
3346 3375 3353 3360 3367
3376 3422 3387 3398 3409
3423 3492 3440 3457 3474
3493 3514 3498 3503 3508
3515 3546 3522 3529 3536
3547 3660 3575 3603 3631
3661 3746 3682 3703 3724
3747 3850 3772 3797 3822
3851 3961 3878 3905 3932
3962 4092 3994 4026 4058
4093 4252 4132 4171 4210
4253 4836 4398 4543 4688
4837 4974 4871 4905 4939
4975 5391 5079 5183 5287
5392 5468 5411 5430 5449
5469 5544 5487 5505 5523
5545 5626 5565 5585 5605
5627 5823 5676 5725 5774
5824 5894 5841 5858 5875
5895 6003 5922 5949 5976
6004 6152 6041 6078 6115
6153 6239 6174 6195 6216
6240 6294 6253 6266 6279
6295 6311 6299 6303 6307
6312 6341 6319 6326 6333
6342 6645 6417 6492 6567
6646 6780 6679 6712 6745
6781 7390 6933 7085 7237
7391 7550 7430 7469 7508
7551 7614 7566 7581 7596
7615 7689 7633 7651 7669
7690 7726 7699 7708 7717
7727 7837 7754 7781 7808
7838 7888 7850 7862 7874
7889 8123 7947 8005 8063
8124 8167 8134 8144 8154
8168 8262 8191 8214 8237
8263 8312 8275 8287 8299
8313 8473 8353 8393 8433
8474 8637 8514 8554 8594
8638 8709 8655 8672 8689
8710 8733 8715 8720 8725
8734 8800 8750 8766 8782
8801 9121 8881 8961 9041
9122 9370 9184 9246 9308
9371 9597 9427 9483 9539
9598 9842 9659 9720 9781
9843 10039 9892 9941 9990
10040 10153 10068 10096 10124
10154 10330 10198 10242 10286
10331 10461 10363 10395 10427
10462 10554 10485 10508 10531
10555 10616 10570 10585 10600
10617 10801 10663 10709 10755
10802 10991 10849 10896 10943
10992 11160 11034 11076 11118
11161 11290 11193 11225 11257
11291 11765 11409 11527 11645
11766 11933 11807 11848 11889
11934 12110 11978 12022 12066
12111 12208 12135 12159 12183
12209 12245 12218 12227 12236
12246 12278 12254 12262 12270
12279 12367 12301 12323 12345
12368 12439 12385 12402 12419
12440 12492 12453 12466 12479
12493 12523 12500 12507 12514
12524 12584 12539 12554 12569
12585 12643 12599 12613 12627
12644 12709 12660 12676 12692
12710 12860 12747 12784 12821
12861 12901 12871 12881 12891
12902 12955 12915 12928 12941
12956 13051 12979 13002 13025
13052 13122 13069 13086 13103
13123 13220 13147 13171 13195
13221 13325 13247 13273 13299
13326 13368 13336 13346 13356
13369 13449 13389 13409 13429
13450 13513 13465 13480 13495
13514 13564 13526 13538 13550
13565 13661 13589 13613 13637
13662 13711 13674 13686 13698
13712 13756 13723 13734 13745
13757 13782 13763 13769 13775
13783 13815 13791 13799 13807
13816 13858 13826 13836 13846
13859 13912 13872 13885 13898
13913 14029 13942 13971 14000
14030 14158 14062 14094 14126
14159 14264 14185 14211 14237
14265 14486 14320 14375 14430
14487 14563 14506 14525 14544
14564 14770 14615 14666 14717
14771 14847 14790 14809 14828
14848 15040 14885 14922 15030
15041 15380 15125 15209 15293
15381 15445 15397 15413 15429
15446 15571 15477 15508 15539
15572 15752 15617 15662 15707
15753 15989 15812 15871 15930
15990 16157 16031 16072 16113
16158 16367 16210 16262 16314
16368 16391 16373 16378 16383
16392 16445 16405 16418 16431
16446 16500 16459 16472 16485
16501 16533 16509 16517 16525
16534 16578 16545 16556 16567
16579 16609 16586 16593 16600
16610 16748 16644 16678 16712
16749 16817 16766 16783 16800
16818 16860 16828 16838 16848
16861 16963 16886 16911 16936
16964 17128 17005 17046 17087
17129 17216 17150 17171 17192
17217 17265 17229 17241 17253
17266 17307 17276 17286 17296
17308 17348 17318 17328 17338
17349 17379 17356 17363 17370
17380 17478 17404 17428 17452
17479 17529 17491 17503 17515
17530 17596 17546 17562 17578
17597 17661 17613 17629 17645
17662 17702 17672 17682 17692
17703 17852 17740 17777 17814
17853 17943 17875 17897 17919
17944 18087 17979 18014 18049
18088 18127 18097 18106 18115
18128 18203 18146 18164 18182
18204 18390 18250 18296 18342
18391 18537 18427 18463 18499
18538 18635 18562 18586 18610
18636 18698 18651 18666 18681
18699 18726 18705 18711 18717
18727 18751 18733 18739 18745
18752 18772 18757 18762 18767
18773 18842 18790 18807 18824
18843 18881 18852 18861 18870
18882 18962 18902 18922 18942
18963 19000 18972 18981 18990
19001 19042 19011 19021 19031
19043 19066 19048 19053 19058
19067 19136 19084 19101 19118
19137 19171 19145 19153 19161
19172 19249 19191 19210 19229
19250 19318 19267 19284 19301
19319 19448 19351 19383 19415
19449 19775 19530 19611 19692
19776 19999 19831 19886 19941
20000 20196 20049 20098 20147
20197 20421 20253 20309 20365
20422 20701 20491 20560 20629
20702 20778 20721 20740 20759
20779 20925 20815 20851 20887
20926 20978 20939 20952 20965
20979 21072 21002 21025 21048
21073 21147 21091 21109 21127
21148 21220 21166 21184 21202
21221 21275 21234 21247 21260
21276 21409 21309 21342 21375
21410 21530 21440 21470 21500
21531 21591 21546 21561 21576
21592 21641 21604 21616 21628
21642 21669 21648 21654 21660
21670 21801 21702 21734 21766
21802 21842 21812 21822 21832
21843 21998 21881 21919 21957
21999 22061 22014 22029 22044
22062 22091 22069 22076 22083
22092 22134 22102 22112 22122
22135 22180 22146 22157 22168
22181 22361 22226 22271 22316
22362 22399 22371 22380 22389
22400 22454 22413 22426 22439
22455 22487 22463 22471 22479
22488 22550 22503 22518 22533
22551 22606 22564 22577 22590
22607 22732 22638 22669 22700
22733 22769 22742 22751 22760
22770 22823 22783 22796 22809
22824 22868 22835 22846 22857
22869 22893 22875 22881 22887
22894 22934 22904 22914 22924
22935 23037 22960 22985 23010
23038 23215 23082 23126 23170
23216 23253 23225 23234 23243
23254 23389 23287 23320 23353
23390 23425 23398 23406 23414
23426 23508 23446 23466 23486
23509 23556 23520 23531 23542
23557 23630 23575 23593 23611
23631 23672 23641 23651 23661
23673 23786 23701 23729 23757
23787 23926 23821 23855 23889
23927 23968 23937 23947 23957
23969 24078 23996 24023 24050
24079 24349 24146 24213 24280
24350 24458 24377 24404 24431
24459 24640 24504 24549 24594
24641 24751 24668 24695 24722
24752 24818 24768 24784 24800
24819 24899 24839 24859 24879
24900 25010 24927 24954 24981
25011 25053 25021 25031 25041
25054 25111 25068 25082 25096
25112 25215 25137 25162 25187
25216 25288 25234 25252 25270
25289 25388 25313 25337 25361
25389 25446 25403 25417 25431
25447 25590 25482 25517 25552
25591 25656 25607 25623 25639
25657 25832 25700 25743 25786
25833 25877 25844 25855 25866
25878 25931 25891 25904 25917
25932 25979 25943 25954 25965
25980 26160 26025 26070 26115
26161 26251 26183 26205 26227
26252 26416 26293 26334 26375
26417 26511 26440 26463 26486
26512 26606 26535 26558 26581
26607 26705 26631 26655 26679
26706 27040 26789 26872 26955
27041 27176 27074 27107 27140
27177 27326 27214 27251 27288
27327 27532 27378 27429 27480
27533 27847 27611 27689 27767
27848 28360 27976 28104 28232
28361 28407 28372 28383 28394
28408 28872 28524 28640 28756
28873 28934 28888 28903 28918
28935 28958 28940 28945 28950
28959 28976 28963 28967 28971
28977 28994 28981 28985 28989
28995 29029 29003 29011 29019
29030 29264 29088 29146 29204
29265 29394 29297 29329 29361
29395 29560 29436 29477 29518
29561 29618 29575 29589 29603
29619 29682 29634 29649 29664
29683 29909 29739 29795 29851
29910 29978 29927 29944 29961
29979 30270 29984 29989 30201
30271 30306 30279 30287 30295
30307 30432 30338 30369 30400
30433 30540 30459 30485 30511
30541 30613 30559 30577 30595
30614 30733 30643 30672 30701
30734 30828 30757 30780 30803
30829 30904 30847 30865 30883
30905 31054 30942 30979 31016
31055 31464 31157 31259 31361
31465 31515 31477 31489 31501
31516 31569 31529 31542 31555
31570 31631 31585 31600 31615
31632 31675 31642 31652 31662
31676 31829 31714 31752 31790
31830 31858 31837 31844 31851
31859 31887 31866 31873 31880
31888 31993 31914 31940 31966
31994 32173 32038 32082 32126
32174 32221 32185 32196 32207
32222 32340 32251 32280 32309
32341 32405 32357 32373 32389
32406 32542 32440 32474 32508
32543 32578 32551 32559 32567
32579 32705 32610 32641 32672
32706 32754 32718 32730 32742
32755 32800 32766 32777 32788
32801 33005 32852 32903 32954
33006 33086 33026 33046 33066
33087 33141 33100 33113 33126
33142 33183 33152 33162 33172
33184 33240 33198 33212 33226
33241 33290 33253 33265 33277
33291 33397 33317 33343 33369
33398 33445 33409 33420 33431
33446 33507 33461 33476 33491
33508 33600 33531 33554 33577
33601 33746 33637 33673 33709
33747 33942 33795 33843 33891
33943 33989 33954 33965 33976
33990 34012 33995 34000 34005
34013 34057 34024 34035 34046
34058 34177 34087 34116 34145
34178 34340 34218 34258 34298
34341 35009 34508 34675 34842
35010 35151 35045 35080 35115
35152 35255 35177 35202 35227
35256 35578 35336 35416 35496
35579 35694 35607 35635 35663
35695 35752 35709 35723 35737
35753 36071 35832 35911 35990
36072 36113 36082 36092 36102
36114 36162 36126 36138 36150
36163 36371 36215 36267 36319
36372 36404 36380 36388 36396
36405 36462 36419 36433 36447
36463 36631 36505 36547 36589
36632 36917 36703 36774 36845
36918 37094 36962 37006 37050
37095 37122 37101 37107 37113
37123 37193 37140 37157 37174
37194 37393 37243 37292 37341
37394 37616 37449 37504 37559
37617 37674 37631 37645 37659
37675 37785 37702 37729 37756
37786 37923 37820 37854 37888
37924 37988 37940 37956 37972
37989 38060 38006 38023 38040
38061 38394 38144 38227 38310
38395 38513 38424 38453 38482
38514 38780 38580 38646 38712
38781 38858 38800 38819 38838
38859 38998 38893 38927 38961
38999 39087 39021 39043 39065
39088 39127 39097 39106 39115
39128 39209 39148 39168 39188
39210 39241 39217 39224 39231
39242 39298 39256 39270 39284
39299 39419 39329 39359 39389
39420 39440 39425 39430 39435
39441 39559 39470 39499 39528
39560 39647 39581 39602 39623
39648 39711 39663 39678 39693
39712 39761 39724 39736 39748
39762 39813 39774 39786 39798
39814 39859 39825 39836 39847
39860 39905 39871 39882 39893
39906 39975 39923 39940 39957
39976 40005 39983 39990 39997
40006 40040 40014 40022 40030
40041 40090 40053 40065 40077
40091 40135 40102 40113 40124
40136 40178 40146 40156 40166
40179 40333 40217 40255 40293
40334 40385 40346 40358 40370
40386 40465 40405 40424 40443
40466 40548 40486 40506 40526
40549 40572 40554 40559 40564
40573 40595 40578 40583 40588
40596 40650 40609 40622 40635
40651 40676 40657 40663 40669
40677 40699 40682 40687 40692
40700 40801 40725 40750 40775
40802 40838 40811 40820 40829
40839 40876 40848 40857 40866
40877 40973 40901 40925 40949
40974 41031 40988 41002 41016
41032 41109 41051 41070 41089
41110 41150 41120 41130 41140
41151 41207 41165 41179 41193
41208 41235 41214 41220 41226
41236 41281 41247 41258 41269
41282 41306 41288 41294 41300
41307 41338 41314 41321 41328
41339 41421 41359 41379 41399
41422 41466 41433 41444 41455
41467 41520 41480 41493 41506
41521 41551 41528 41535 41542
41552 41574 41557 41562 41567
41575 41679 41601 41627 41653
41680 41891 41732 41784 41836
41892 42420 42024 42156 42288
42421 42586 42462 42503 42544
42587 42696 42614 42641 42668
42697 42781 42718 42739 42760
42782 42833 42794 42806 42818
42834 42950 42863 42892 42921
42951 43042 42973 42995 43017
43043 43060 43047 43051 43055
43061 43154 43084 43107 43130
43155 43197 43165 43175 43185
43198 43236 43207 43216 43225
43237 43341 43263 43289 43315
43342 43520 43386 43430 43474
43521 43582 43536 43551 43566
43583 43674 43605 43627 43649
43675 43801 43706 43737 43768
43802 43925 43832 43862 43892
43926 44020 43949 43972 43995
44021 44181 44061 44101 44141
44182 44260 44201 44220 44239
44261 44470 44313 44365 44417
44471 44650 44515 44559 44603
44651 44739 44673 44695 44717
44740 44875 44773 44806 44839
44876 45216 44906 44936 45162
45217 45383 45258 45299 45340
45384 45465 45404 45424 45444
45466 45567 45491 45516 45541
45568 45775 45619 45670 45721
45776 45860 45797 45818 45839
45861 45920 45875 45889 45903
45921 46017 45945 45969 45993
46018 46071 46031 46044 46057
46072 46516 46183 46294 46405
46517 46626 46544 46571 46598
46627 46713 46648 46669 46690
46714 46778 46730 46746 46762
46779 46848 46796 46813 46830
46849 46956 46875 46901 46927
46957 47096 46991 47025 47059
47097 47204 47123 47149 47175
47205 47263 47219 47233 47247
47264 47354 47286 47308 47330
47355 47552 47404 47453 47502
47553 47646 47576 47599 47622
47647 47705 47661 47675 47689
47706 47749 47716 47726 47736
47750 47834 47771 47792 47813
47835 48101 47901 47967 48033
48102 48328 48158 48214 48270
48329 48463 48362 48395 48428
48464 48589 48495 48526 48557
48590 48709 48619 48648 48677
48710 48977 48776 48842 48908
48978 49125 49014 49050 49086
49126 49215 49148 49170 49192
49216 49271 49229 49242 49255
49272 49319 49283 49294 49305
49320 49360 49330 49340 49350
49361 49459 49385 49409 49433
49460 49539 49479 49498 49517
49540 49724 49586 49632 49678
49725 49889 49766 49807 49848
49890 49971 49910 49930 49950
49972 50023 49984 49996 50008
50024 50075 50036 50048 50060
50076 50165 50098 50120 50142
50166 50280 50194 50222 50250
50281 50346 50297 50313 50329
50347 50546 50396 50445 50494
50547 50573 50553 50559 50565
50574 50702 50606 50638 50670
50703 50752 50715 50727 50739
50753 50823 50770 50787 50804
50824 51061 50883 50942 51001
51062 51107 51073 51084 51095
51108 51189 51128 51148 51168
51190 51277 51211 51232 51253
51278 51312 51286 51294 51302
51313 51446 51346 51379 51412
51447 51475 51454 51461 51468
51476 51524 51488 51500 51512
51525 51643 51554 51583 51612
51644 51714 51661 51678 51695
51715 51926 51767 51819 51871
51927 51990 51942 51957 51972
51991 52037 52002 52013 52024
52038 52079 52048 52058 52068
52080 52128 52092 52104 52116
52129 52177 52141 52153 52165
52178 52226 52190 52202 52214
52227 52381 52265 52303 52341
52382 52528 52418 52454 52490
52529 52607 52548 52567 52586
52608 52737 52640 52672 52704
52738 52814 52757 52776 52795
52815 52883 52832 52849 52866
52884 52948 52900 52916 52932
52949 53127 52993 53037 53081
53128 53368 53188 53248 53308
53369 53922 53507 53645 53783
53923 54082 53962 54001 54040
54083 54292 54135 54187 54239
54293 54360 54309 54325 54341
54361 54555 54409 54457 54505
54556 54613 54570 54584 54598
54614 54825 54666 54718 54770
54826 54960 54859 54892 54925
54961 55329 55053 55145 55237
55330 55372 55340 55350 55360
55373 55421 55385 55397 55409
55422 55480 55436 55450 55464
55481 55572 55503 55525 55547
55573 55719 55609 55645 55681
55720 55760 55730 55740 55750
55761 55964 55811 55861 55911
55965 56006 55975 55985 55995
56007 56061 56020 56033 56046
56062 56133 56079 56096 56113
56134 56349 56187 56240 56293
56350 56416 56366 56382 56398
56417 56486 56434 56451 56468
56487 56566 56506 56525 56544
56567 56710 56602 56637 56672
56711 56797 56732 56753 56774
56798 56830 56806 56814 56822
56831 56891 56846 56861 56876
56892 57318 56998 57104 57210
57319 57568 57381 57443 57505
57569 57750 57614 57659 57704
57751 57808 57765 57779 57793
57809 57904 57832 57855 57878
57905 58014 57932 57959 57986
58015 58040 58021 58027 58033
58041 58112 58058 58075 58092
58113 58605 58236 58359 58482
58606 58829 58661 58716 58771
58830 58898 58847 58864 58881
58899 59187 58971 59043 59115
59188 59336 59225 59262 59299
59337 59492 59375 59413 59451
59493 59588 59516 59539 59562
59589 60132 59691 59793 60099
60133 60205 60151 60169 60187
60206 60344 60240 60274 60308
60345 60469 60376 60407 60438
60470 60834 60561 60652 60743
60835 60996 60875 60915 60955
60997 61036 61006 61015 61024
61037 61324 61108 61179 61250
61325 61476 61362 61399 61436
61477 61566 61499 61521 61543
61567 61687 61597 61627 61657
61688 61820 61721 61754 61787
61821 61924 61846 61871 61896
61925 62501 62069 62213 62357
62502 62590 62524 62546 62568
62591 62672 62611 62631 62651
62673 62786 62701 62729 62757
62787 63160 62880 62973 63066
63161 63288 63192 63223 63254
63289 63566 63358 63427 63496
63567 63658 63589 63611 63633
63659 63839 63704 63749 63794
63840 63947 63866 63892 63918
63948 64105 63987 64026 64065
64106 64152 64117 64128 64139
64153 64427 64221 64289 64357
64428 64521 64451 64474 64497
64522 64589 64538 64554 64570
64590 64633 64600 64610 64620
64634 64800 64675 64716 64757
64801 64823 64806 64811 64816
64824 64866 64834 64844 64854
64867 64893 64873 64879 64885
64894 64958 64910 64926 64942
64959 65025 64975 64991 65007
65026 65197 65068 65110 65152
65198 65221 65203 65208 65213
65222 65301 65241 65260 65279
65302 65341 65311 65320 65329
65342 65402 65357 65372 65387
65403 65496 65426 65449 65472
65497 65573 65516 65535 65554
65574 65635 65589 65604 65619
65636 65840 65687 65738 65789
65841 65859 65845 65849 65853
65860 65889 65867 65874 65881
65890 65906 65894 65898 65902
65907 65942 65915 65923 65931
65943 66027 65964 65985 66006
66028 66185 66067 66106 66145
66186 66466 66256 66326 66396
66467 66661 66515 66563 66611
66662 66763 66687 66712 66737
66764 66876 66792 66820 66848
66877 67051 66920 66963 67006
67052 67169 67081 67110 67139
67170 67295 67201 67232 67263
67296 67343 67307 67318 67329
67344 67410 67360 67376 67392
67411 67625 67464 67517 67570
67626 67772 67662 67698 67734
67773 68115 67858 67943 68028
68116 68242 68147 68178 68209
68243 68516 68311 68379 68447
68517 68554 68526 68535 68544
68555 68760 68606 68657 68708
68761 68893 68794 68827 68860
68894 69004 68921 68948 68975
69005 69128 69035 69065 69095
69129 69189 69144 69159 69174
69190 69220 69197 69204 69211
69221 69361 69256 69291 69326
69362 69664 69437 69512 69587
69665 69756 69687 69709 69731
69757 69970 69810 69863 69916
69971 70132 70011 70051 70091
70133 70188 70146 70159 70172
70189 70346 70228 70267 70306
70347 70431 70368 70389 70410
70432 70526 70455 70478 70501
70527 70717 70574 70621 70668
70718 70816 70742 70766 70790
70817 70871 70830 70843 70856
70872 70975 70897 70922 70947
70976 71054 70995 71014 71033
71055 71115 71070 71085 71100
71116 71346 71173 71230 71287
71347 71828 71467 71587 71707
71829 71951 71859 71889 71919
71952 72007 71965 71978 71991
72008 72088 72028 72048 72068
72089 72152 72104 72119 72134
72153 72199 72164 72175 72186
72200 72348 72237 72274 72311
72349 72413 72365 72381 72397
72414 72861 72525 72636 72747
72862 72907 72873 72884 72895
72908 72994 72929 72950 72971
72995 73237 73055 73115 73175
73238 73268 73245 73252 73259
73269 73459 73316 73363 73410
73460 73500 73470 73480 73490
73501 73527 73507 73513 73519
73528 73589 73543 73558 73573
73590 73624 73598 73606 73614
73625 73716 73647 73669 73691
73717 73759 73727 73737 73747
73760 73782 73765 73770 73775
73783 73827 73794 73805 73816
73828 73852 73834 73840 73846
73853 73884 73860 73867 73874
73885 73918 73893 73901 73909
73919 73966 73930 73941 73952
73967 74062 73990 74013 74036
74063 74247 74109 74155 74201
74248 74466 74302 74356 74410
74467 74563 74491 74515 74539
74564 74686 74594 74624 74654
74687 74765 74706 74725 74744
74766 74861 74789 74812 74835
74862 75006 74896 74930 75003
75007 75165 75046 75085 75124
75166 75217 75178 75190 75202
75218 75269 75230 75242 75254
75270 75498 75327 75384 75441
75499 75566 75515 75531 75547
75567 75725 75606 75645 75684
75726 76031 75802 75878 75954
76032 76147 76060 76088 76116
76148 76236 76170 76192 76214
76237 76317 76257 76277 76297
76318 76381 76333 76348 76363
76382 76606 76438 76494 76550
76607 76844 76666 76725 76784
76845 77026 76890 76935 76980
77027 77078 77039 77051 77063
77079 77113 77087 77095 77103
77114 77449 77197 77280 77363
77450 77575 77481 77512 77543
77576 77629 77589 77602 77615
77630 77686 77644 77658 77672
77687 77792 77713 77739 77765
77793 77919 77824 77855 77886
77920 77988 77937 77954 77971
77989 78247 78053 78117 78181
78248 78340 78271 78294 78317
78341 78416 78359 78377 78395
78417 78559 78452 78487 78522
78560 78692 78593 78626 78659
78693 78781 78715 78737 78759
78782 78853 78799 78816 78833
78854 78893 78863 78872 78881
78894 79024 78926 78958 78990
79025 79064 79034 79043 79052
79065 79174 79092 79119 79146
79175 79258 79195 79215 79235
79259 79290 79266 79273 79280
79291 79398 79317 79343 79369
79399 79460 79414 79429 79444
79461 79519 79475 79489 79503
79520 79557 79529 79538 79547
79558 79616 79572 79586 79600
79617 79657 79627 79637 79647
79658 79749 79680 79702 79724
79750 79802 79763 79776 79789
79803 79879 79822 79841 79860
79880 79905 79886 79892 79898
79906 80002 79930 79954 79978
80003 80039 80012 80021 80030
80040 80153 80068 80096 80124
80154 80217 80169 80184 80199
80218 80392 80261 80304 80347
80393 80537 80429 80465 80501
80538 80591 80551 80564 80577
80592 80723 80624 80656 80688
80724 80792 80741 80758 80775
80793 80849 80807 80821 80835
80850 81158 80927 81004 81081
81159 81221 81174 81189 81204
81222 81282 81237 81252 81267
81283 81361 81302 81321 81340
81362 81450 81384 81406 81428
81451 81574 81481 81511 81541
81575 81646 81592 81609 81626
81647 81948 81722 81797 81872
81949 81998 81961 81973 81985
81999 82016 82003 82007 82011
82017 82047 82024 82031 82038
82048 82097 82060 82072 82084
82098 82144 82109 82120 82131
82145 82327 82190 82235 82280
82328 82400 82346 82364 82382
82401 82491 82423 82445 82467
82492 82610 82521 82550 82579
82611 82664 82624 82637 82650
82665 82762 82689 82713 82737
82763 82907 82799 82835 82871
82908 83026 82937 82966 82995
83027 83144 83056 83085 83114
83145 83253 83172 83199 83226
83254 83405 83291 83328 83365
83406 83474 83423 83440 83457
83475 83584 83502 83529 83556
83585 83757 83628 83671 83714
83758 83917 83797 83836 83875
83918 84145 83974 84030 84086
84146 84369 84201 84256 84311
84370 84405 84378 84386 84394
84406 84632 84462 84518 84574
84633 84924 84705 84777 84849
84925 85113 84972 85019 85066
85114 85227 85142 85170 85198
85228 85252 85234 85240 85246
85253 85306 85266 85279 85292
85307 85411 85333 85359 85385
85412 85611 85461 85510 85559
85612 85630 85616 85620 85624
85631 85658 85637 85643 85649
85659 85676 85663 85667 85671
85677 85694 85681 85685 85689
85695 85745 85707 85719 85731
85746 85780 85754 85762 85770
85781 85917 85815 85849 85883
85918 86018 85943 85968 85993
86019 86109 86041 86063 86085
86110 86192 86130 86150 86170
86193 86242 86205 86217 86229
86243 86259 86247 86251 86255
86260 86381 86290 86320 86350
86382 86672 86454 86526 86598
86673 86731 86687 86701 86715
86732 86856 86763 86794 86825
86857 87173 86936 87015 87094
87174 87235 87189 87204 87219
87236 87301 87252 87268 87284
87302 87652 87389 87476 87563
87653 87753 87678 87703 87728
87754 87820 87770 87786 87802
87821 87933 87849 87877 87905
87934 88138 87985 88036 88087
88139 88207 88156 88173 88190
88208 88375 88249 88290 88331
88376 88552 88420 88464 88508
88553 89007 88666 88779 88892
89008 89060 89021 89034 89047
89061 89273 89114 89167 89220
89274 89355 89294 89314 89334
89356 89406 89368 89380 89392
89407 89526 89436 89465 89494
89527 89612 89548 89569 89590
89613 89650 89622 89631 89640
89651 89694 89661 89671 89681
89695 89798 89720 89745 89770
89799 89905 89825 89851 89877
89906 89979 89924 89942 89960
89980 90049 89984 89988 90036
90050 90214 90091 90132 90173
90215 91597 90560 90905 91250
91598 91659 91613 91628 91643
91660 91680 91665 91670 91675
91681 91774 91704 91727 91750
91775 91840 91791 91807 91823
91841 92003 91881 91921 91961
92004 92206 92054 92104 92154
92207 92361 92245 92283 92321
92362 92529 92403 92444 92485
92530 92654 92561 92592 92623
92655 92712 92669 92683 92697
92713 92745 92721 92729 92737
92746 92839 92769 92792 92815
92840 93038 92889 92938 92987
93039 93151 93067 93095 93123
93152 93299 93188 93224 93260
93300 93473 93343 93386 93429
93474 93562 93496 93518 93540
93563 93620 93577 93591 93605
93621 93671 93633 93645 93657
93672 93765 93695 93718 93741
93766 93874 93793 93820 93847
93875 93942 93891 93907 93923
93943 93995 93956 93969 93982
93996 94033 94005 94014 94023
94034 94237 94084 94134 94184
94238 94289 94250 94262 94274
94290 94666 94384 94478 94572
94667 94791 94698 94729 94760
94792 95166 94885 94978 95071
95167 95463 95241 95315 95389
95464 95595 95496 95528 95560
95596 95726 95628 95660 95692
95727 95910 95772 95817 95862
95911 95989 95930 95949 95968
95990 96154 96031 96072 96113
96155 96292 96189 96223 96257
96293 96530 96352 96411 96470
96531 96658 96562 96593 96624
96659 96798 96693 96727 96761
96799 96848 96811 96823 96835
96849 97047 96898 96947 96996
97048 97120 97066 97084 97102
97121 97320 97170 97219 97268
97321 97368 97332 97343 97354
97369 97642 97437 97505 97573
97643 97739 97667 97691 97715
97740 97834 97763 97786 97809
97835 97890 97848 97861 97874
97891 97957 97907 97923 97939
97958 98059 97983 98008 98033
98060 98478 98164 98268 98372
98479 98545 98495 98511 98527
98546 98591 98557 98568 98579
98592 98637 98603 98614 98625
98638 98850 98691 98744 98797
98851 98961 98878 98905 98932
98962 99059 98986 99010 99034
99060 99154 99083 99106 99129
99155 99216 99170 99185 99200
99217 99279 99232 99247 99262
99280 99348 99297 99314 99331
99349 99559 99401 99453 99505
99560 99633 99578 99596 99614
99634 99796 99674 99714 99754
99797 100036 99856 99915 99974
100037 100230 100085 100133 100181
100231 100355 100262 100293 100324
100356 100425 100373 100390 100407
100426 100562 100460 100494 100528
100563 100658 100586 100609 100632
100659 100704 100670 100681 100692
100705 100798 100728 100751 100774
100799 100893 100822 100845 100868
100894 100930 100903 100912 100921
100931 101185 100994 101057 101120
101186 101329 101221 101256 101291
101330 101423 101353 101376 101399
101424 101819 101522 101620 101718
101820 101859 101829 101838 101847
101860 101943 101880 101900 101920
101944 102040 101968 101992 102016
102041 102152 102068 102095 102122
102153 102468 102231 102309 102387
102469 102642 102512 102555 102598
102643 102723 102663 102683 102703
102724 102848 102755 102786 102817
102849 103004 102887 102925 102963
103005 103590 103151 103297 103443
103591 103637 103602 103613 103624
103638 103785 103674 103710 103746
103786 103872 103807 103828 103849
103873 104009 103907 103941 103975
104010 104055 104021 104032 104043
104056 104126 104073 104090 104107
104127 104224 104151 104175 104199
104225 104304 104244 104263 104282
104305 104421 104334 104363 104392
104422 104948 104553 104684 104815
104949 105179 104961 104973 105132
105180 105398 105234 105288 105342
105399 105660 105464 105529 105594
105661 105715 105674 105687 105700
105716 105789 105734 105752 105770
105790 105983 105838 105886 105934
105984 106226 106044 106104 106164
106227 106278 106239 106251 106263
106279 106375 106303 106327 106351
106376 106413 106385 106394 106403
106414 106575 106454 106494 106534
106576 106679 106601 106626 106651
106680 106771 106702 106724 106746
106772 106896 106803 106834 106865
106897 107023 106928 106959 106990
107024 107143 107053 107082 107111
107144 107238 107167 107190 107213
107239 107449 107291 107343 107395
107450 107488 107459 107468 107477
107489 107640 107526 107563 107600
107641 107723 107661 107681 107701
107724 107796 107742 107760 107778
107797 107856 107811 107825 107839
107857 108023 107898 107939 107980
108024 108161 108058 108092 108126
108162 108214 108175 108188 108201
108215 108297 108235 108255 108275
108298 108433 108331 108364 108397
108434 108588 108472 108510 108548
108589 109024 108697 108805 108913
109025 109258 109083 109141 109199
109259 109395 109293 109327 109361
109396 109668 109464 109532 109600
109669 109749 109689 109709 109729
109750 109905 109788 109826 109864
109906 110099 109954 110002 110050
110100 110316 110154 110208 110262
110317 110565 110379 110441 110503
110566 110719 110604 110642 110680
110720 110809 110742 110764 110786
110810 111011 110860 110910 110960
111012 111080 111029 111046 111063
111081 111192 111108 111135 111162
111193 111228 111201 111209 111217
111229 111265 111238 111247 111256
111266 111330 111282 111298 111314
111331 111548 111385 111439 111493
111549 111655 111575 111601 111627
111656 111677 111661 111666 111671
111678 111734 111692 111706 111720
111735 111804 111752 111769 111786
111805 113221 112159 112513 112867
113222 113262 113232 113242 113252
113263 113424 113303 113343 113383
113425 113616 113472 113519 113566
113617 113792 113660 113703 113746
113793 113857 113809 113825 113841
113858 114245 113954 114050 114146
114246 114420 114289 114332 114375
114421 114510 114443 114465 114487
114511 114833 114591 114671 114751
114834 114965 114866 114898 114930
114966 115165 115015 115064 115113
115166 115251 115187 115208 115229
115252 115573 115332 115412 115492
115574 115696 115604 115634 115664
115697 115764 115713 115729 115745
115765 115815 115777 115789 115801
115816 115950 115849 115882 115915
115951 116016 115967 115983 115999
116017 116164 116053 116089 116125
116165 116234 116182 116199 116216
116235 116379 116271 116307 116343
116380 116524 116416 116452 116488
116525 116636 116552 116579 116606
116637 116704 116653 116669 116685
116705 116821 116734 116763 116792
116822 116871 116834 116846 116858
116872 117190 116951 117030 117109
117191 117433 117251 117311 117371
117434 117503 117451 117468 117485
117504 117778 117572 117640 117708
117779 118031 117842 117905 117968
118032 118136 118058 118084 118110
118137 118224 118158 118179 118200
118225 118342 118254 118283 118312
118343 118432 118365 118387 118409
118433 118457 118439 118445 118451
118458 118687 118515 118572 118629
118688 118771 118708 118728 118748
118772 118840 118789 118806 118823
118841 118930 118863 118885 118907
118931 119057 118962 118993 119024
119058 119130 119076 119094 119112
119131 119206 119149 119167 119185
119207 119327 119237 119267 119297
119328 119381 119341 119354 119367
119382 119698 119461 119540 119619
119699 119785 119720 119741 119762
119786 119891 119812 119838 119864
119892 119943 119904 119916 119928
119944 120101 119957 119970 120075
120102 120196 120125 120148 120171
120197 120286 120219 120241 120263
120287 120434 120323 120359 120395
120435 120617 120480 120525 120570
120618 120751 120651 120684 120717
120752 120863 120779 120806 120833
120864 120922 120878 120892 120906
120923 121124 120973 121023 121073
121125 121214 121147 121169 121191
121215 121357 121250 121285 121320
121358 121685 121439 121520 121601
121686 121841 121724 121762 121800
121842 121891 121854 121866 121878
121892 121971 121911 121930 121949
121972 122135 122012 122052 122092
122136 122235 122160 122184 122208
122236 122320 122257 122278 122299
122321 122387 122337 122353 122369
122388 122549 122428 122468 122508
122550 122866 122629 122708 122787
122867 123060 122915 122963 123011
123061 123169 123088 123115 123142
123170 123449 123239 123308 123377
123450 123572 123480 123510 123540
123573 123687 123601 123629 123657
123688 123800 123716 123744 123772
123801 123899 123825 123849 123873
123900 123987 123921 123942 123963
123988 124079 124010 124032 124054
124080 124202 124110 124140 124170
124203 124480 124272 124341 124410
124481 124591 124508 124535 124562
124592 124626 124600 124608 124616
124627 124659 124635 124643 124651
124660 124689 124667 124674 124681
124690 124716 124696 124702 124708
124717 124886 124759 124801 124843
124887 125052 124928 124969 125010
125053 125128 125071 125089 125107
125129 125200 125146 125163 125180
125201 125270 125218 125235 125252
125271 125452 125316 125361 125406
125453 125502 125465 125477 125489
125503 125623 125533 125563 125593
125624 125719 125647 125670 125693
125720 125985 125786 125852 125918
125986 126989 126236 126486 126736
126990 127114 127021 127052 127083
127115 127133 127119 127123 127127
127134 127173 127143 127152 127161
127174 127235 127189 127204 127219
127236 127327 127258 127280 127302
127328 127523 127376 127424 127472
127524 127615 127546 127568 127590
127616 127710 127639 127662 127685
127711 127763 127724 127737 127750
127764 127837 127782 127800 127818
127838 127905 127854 127870 127886
127906 127987 127926 127946 127966
127988 128063 128006 128024 128042
128064 128108 128075 128086 128097
128109 128185 128128 128147 128166
128186 128228 128196 128206 128216
128229 128580 128316 128403 128490
128581 128622 128591 128601 128611
128623 128808 128669 128715 128761
128809 128841 128817 128825 128833
128842 128939 128866 128890 128914
128940 128991 128952 128964 128976
128992 129045 129005 129018 129031
129046 129132 129067 129088 129109
129133 129335 129183 129233 129283
129336 129589 129399 129462 129525
129590 129641 129602 129614 129626
129642 129696 129655 129668 129681
129697 129717 129702 129707 129712
129718 130270 129856 129994 130132
130271 130309 130280 130289 130298
130310 130380 130327 130344 130361
130381 130420 130390 130399 130408
130421 130578 130460 130499 130538
130579 130621 130589 130599 130609
130622 130726 130648 130674 130700
130727 130875 130764 130801 130838
130876 130975 130900 130924 130948
130976 131022 130987 130998 131009
131023 131075 131036 131049 131062
131076 131103 131082 131088 131094
131104 131186 131124 131144 131164
131187 131247 131202 131217 131232
131248 131504 131312 131376 131440
131505 131536 131512 131519 131526
131537 131714 131581 131625 131669
131715 131834 131744 131773 131802
131835 132024 131882 131929 131976
132025 132072 132036 132047 132058
132073 132242 132115 132157 132199
132243 132266 132248 132253 132258
132267 132584 132346 132425 132504
132585 132640 132598 132611 132624
132641 132822 132686 132731 132776
132823 132909 132844 132865 132886
132910 133137 132966 133022 133078
133138 133222 133159 133180 133201
133223 133621 133322 133421 133520
133622 133690 133639 133656 133673
133691 133729 133700 133709 133718
133730 133813 133750 133770 133790
133814 133897 133834 133854 133874
133898 133954 133912 133926 133940
133955 133983 133962 133969 133976
133984 134515 134116 134248 134380
134516 134597 134536 134556 134576
134598 134633 134606 134614 134622
134634 134682 134646 134658 134670
134683 134745 134698 134713 134728
134746 134833 134767 134788 134809
134834 134892 134848 134862 134876
134893 135038 134919 134945 135027
135039 135312 135107 135175 135243
135313 135414 135338 135363 135388
135415 135451 135424 135433 135442
135452 135506 135465 135478 135491
135507 135553 135518 135529 135540
135554 135591 135563 135572 135581
135592 135983 135689 135786 135883
135984 136127 136019 136054 136089
136128 136185 136142 136156 136170
136186 136669 136306 136426 136546
136670 136728 136684 136698 136712
136729 136827 136753 136777 136801
136828 136924 136852 136876 136900
136925 137210 136996 137067 137138
137211 137484 137279 137347 137415
137485 137610 137516 137547 137578
137611 137721 137638 137665 137692
137722 137766 137733 137744 137755
137767 137844 137786 137805 137824
137845 137889 137856 137867 137878
137890 137943 137903 137916 137929
137944 137997 137957 137970 137983
137998 138193 138046 138094 138142
138194 138215 138199 138204 138209
138216 138315 138240 138264 138288
138316 138347 138323 138330 138337
138348 138382 138356 138364 138372
138383 138406 138388 138393 138398
138407 138496 138429 138451 138473
138497 138604 138523 138549 138575
138605 138882 138674 138743 138812
138883 138935 138896 138909 138922
138936 138959 138941 138946 138951
138960 138994 138968 138976 138984
138995 139048 139008 139021 139034
139049 139072 139054 139059 139064
139073 139116 139083 139093 139103
139117 139155 139126 139135 139144
139156 139197 139166 139176 139186
139198 139239 139208 139218 139228
139240 139349 139267 139294 139321
139350 139391 139360 139370 139380
139392 139445 139405 139418 139431
139446 139490 139457 139468 139479
139491 139536 139502 139513 139524
139537 139594 139551 139565 139579
139595 139739 139631 139667 139703
139740 139775 139748 139756 139764
139776 139792 139780 139784 139788
139793 139813 139798 139803 139808
139814 139870 139828 139842 139856
139871 139915 139882 139893 139904
139916 139974 139930 139944 139958
139975 140065 139997 140019 140041
140066 140395 140148 140230 140312
140396 140558 140436 140476 140516
140559 140629 140576 140593 140610
140630 140724 140653 140676 140699
140725 140772 140736 140747 140758
140773 140818 140784 140795 140806
140819 140862 140829 140839 140849
140863 140903 140873 140883 140893
140904 140943 140913 140922 140931
140944 140968 140950 140956 140962
140969 141036 140985 141001 141017
141037 141073 141046 141055 141064
141074 141098 141080 141086 141092
141099 141120 141104 141109 141114
141121 141157 141130 141139 141148
141158 141220 141173 141188 141203
141221 141312 141243 141265 141287
141313 141334 141318 141323 141328
141335 141375 141345 141355 141365
141376 141435 141390 141404 141418
141436 141468 141444 141452 141460
141469 141512 141479 141489 141499
141513 141565 141526 141539 141552
141566 141611 141577 141588 141599
141612 141706 141635 141658 141681
141707 141730 141712 141717 141722
141731 141787 141745 141759 141773
141788 141833 141799 141810 141821
141834 141868 141842 141850 141858
141869 141951 141889 141909 141929
141952 142001 141964 141976 141988
142002 142052 142014 142026 142038
142053 142111 142067 142081 142095
142112 142249 142146 142180 142214
142250 142312 142265 142280 142295
142313 142361 142325 142337 142349
142362 142406 142373 142384 142395
142407 142520 142435 142463 142491
142521 142737 142575 142629 142683
142738 142873 142771 142804 142837
142874 143390 143003 143132 143261
143391 144583 143689 143987 144285
144584 144965 144679 144774 144869
144966 145166 145016 145066 145116
145167 145435 145234 145301 145368
145436 145504 145453 145470 145487
145505 145557 145518 145531 145544
145558 145643 145579 145600 145621
145644 145705 145659 145674 145689
145706 145786 145726 145746 145766
145787 145851 145803 145819 145835
145852 145903 145864 145876 145888
145904 145925 145909 145914 145919
145926 145951 145932 145938 145944
145952 146051 145976 146000 146024
146052 146088 146061 146070 146079
146089 146134 146100 146111 146122
146135 146213 146154 146173 146192
146214 146272 146228 146242 146256
146273 146337 146289 146305 146321
146338 146412 146356 146374 146392
146413 146484 146430 146447 146464
146485 146553 146502 146519 146536
146554 146616 146569 146584 146599
146617 146721 146643 146669 146695
146722 146751 146729 146736 146743
146752 146792 146762 146772 146782
146793 146870 146812 146831 146850
146871 146911 146881 146891 146901
146912 146958 146923 146934 146945
146959 147043 146980 147001 147022
147044 147099 147057 147070 147083
147100 147394 147173 147246 147319
147395 147484 147417 147439 147461
147485 147575 147507 147529 147551
147576 147631 147589 147602 147615
147632 147672 147642 147652 147662
147673 147716 147683 147693 147703
147717 147805 147739 147761 147783
147806 147861 147819 147832 147845
147862 147934 147880 147898 147916
147935 148135 147985 148035 148085
148136 148217 148156 148176 148196
148218 148278 148233 148248 148263
148279 148330 148291 148303 148315
148331 148366 148339 148347 148355
148367 148405 148376 148385 148394
148406 148449 148416 148426 148436
148450 148503 148463 148476 148489
148504 148568 148520 148536 148552
148569 148746 148613 148657 148701
148747 148874 148778 148809 148840
148875 148897 148880 148885 148890
148898 148921 148903 148908 148913
148922 148970 148934 148946 148958
148971 149095 149002 149033 149064
149096 149186 149118 149140 149162
149187 149439 149250 149313 149376
149440 149520 149460 149480 149500
149521 149548 149527 149533 149539
149549 149585 149558 149567 149576
149586 149613 149592 149598 149604
149614 149656 149624 149634 149644
149657 149678 149662 149667 149672
149679 149712 149687 149695 149703
149713 149729 149717 149721 149725
149730 149789 149744 149758 149772
149790 149815 149796 149802 149808
149816 149850 149824 149832 149840
149851 149920 149868 149885 149902
149921 150106 149940 149959 150078
150107 150227 150137 150167 150197
150228 150278 150240 150252 150264
150279 150334 150292 150305 150318
150335 150760 150441 150547 150653
150761 150923 150801 150841 150881
150924 150977 150937 150950 150963
150978 151061 150998 151018 151038
151062 151370 151139 151216 151293
151371 151468 151395 151419 151443
151469 151556 151490 151511 151532
151557 151582 151563 151569 151575
151583 151603 151588 151593 151598
151604 151758 151642 151680 151718
151759 151824 151775 151791 151807
151825 151901 151844 151863 151882
151902 151969 151918 151934 151950
151970 152063 151993 152016 152039
152064 152086 152069 152074 152079
152087 152137 152099 152111 152123
152138 152176 152147 152156 152165
152177 152221 152188 152199 152210
152222 152316 152245 152268 152291
152317 152487 152359 152401 152443
152488 152646 152527 152566 152605
152647 152806 152686 152725 152764
152807 152848 152817 152827 152837
152849 152874 152855 152861 152867
152875 152991 152904 152933 152962
152992 153112 153022 153052 153082
153113 153138 153119 153125 153131
153139 153183 153150 153161 153172
153184 153215 153191 153198 153205
153216 153249 153224 153232 153240
153250 153331 153270 153290 153310
153332 153408 153351 153370 153389
153409 153544 153442 153475 153508
153545 153667 153575 153605 153635
153668 153771 153693 153718 153743
153772 153995 153827 153882 153937
153996 154079 154016 154036 154056
154080 154193 154108 154136 154164
154194 154303 154221 154248 154275
154304 154365 154319 154334 154349
154366 154419 154379 154392 154405
154420 154436 154424 154428 154432
154437 154570 154470 154503 154536
154571 154665 154594 154617 154640
154666 154728 154681 154696 154711
154729 154812 154749 154769 154789
154813 154919 154839 154865 154891
154920 155065 154956 154992 155028
155066 155150 155087 155108 155129
155151 155268 155180 155209 155238
155269 155357 155291 155313 155335
155358 155390 155366 155374 155382
155391 155431 155401 155411 155421
155432 155461 155439 155446 155453
155462 155499 155471 155480 155489
155500 155532 155508 155516 155524
155533 155570 155542 155551 155560
155571 155629 155585 155599 155613
155630 155674 155641 155652 155663
155675 155707 155683 155691 155699
155708 155729 155713 155718 155723
155730 155778 155742 155754 155766
155779 155807 155786 155793 155800
155808 155870 155823 155838 155853
155871 155889 155875 155879 155883
155890 155926 155899 155908 155917
155927 156033 155953 155979 156005
156034 156114 156054 156074 156094
156115 156135 156120 156125 156130
156136 156209 156154 156172 156190
156210 156229 156214 156218 156222
156230 156251 156235 156240 156245
156252 156276 156258 156264 156270
156277 156312 156285 156293 156301
156313 156385 156331 156349 156367
156386 156444 156400 156414 156428
156445 156545 156470 156495 156520
156546 156627 156566 156586 156606
156628 156712 156649 156670 156691
156713 156877 156754 156795 156836
156878 156956 156897 156916 156935
156957 157000 156967 156977 156987
157001 157164 157041 157081 157121
157165 157376 157217 157269 157321
157377 157521 157413 157449 157485
157522 157646 157553 157584 157615
157647 157988 157732 157817 157902
157989 158034 158000 158011 158022
158035 158370 158118 158201 158284
158371 158416 158382 158393 158404
158417 158683 158483 158549 158615
158684 158897 158737 158790 158843
158898 159188 158970 159042 159114
159189 159334 159225 159261 159297
159335 159487 159373 159411 159449
159488 159686 159537 159586 159635
159687 159993 159763 159839 159915
159994 160128 160027 160060 160093
160129 160187 160143 160157 160171
160188 160743 160326 160464 160602
160744 161166 160849 160954 161059
161167 161291 161198 161229 161260
161292 161339 161303 161314 161325
161340 161458 161369 161398 161427
161459 161474 161462 161465 161468
161475 161543 161492 161509 161526
161544 161577 161552 161560 161568
161578 161607 161585 161592 161599
161608 161625 161612 161616 161620
161626 161665 161635 161644 161653
161666 161691 161672 161678 161684
161692 161721 161699 161706 161713
161722 161826 161748 161774 161800
161827 162798 162069 162311 162553
162799 162921 162829 162859 162889
162922 163019 162946 162970 162994
163020 163073 163033 163046 163059
163074 163135 163089 163104 163119
163136 163614 163255 163374 163493
163615 163666 163627 163639 163651
163667 163773 163693 163719 163745
163774 163908 163807 163840 163873
163909 164028 163938 163967 163996
164029 164298 164096 164163 164230
164299 164810 164426 164553 164680
164811 165130 164858 164905 165096
165131 165431 165206 165281 165356
165432 165532 165457 165482 165507
165533 165726 165581 165629 165677
165727 165805 165746 165765 165784
165806 166027 165861 165916 165971
166028 166083 166041 166054 166067
166084 166194 166111 166138 166165
166195 166313 166224 166253 166282
166314 166389 166332 166350 166368
166390 166475 166411 166432 166453
166476 166636 166516 166556 166596
166637 166687 166649 166661 166673
166688 166858 166730 166772 166814
166859 166908 166871 166883 166895
166909 167011 166934 166959 166984
167012 167114 167037 167062 167087
167115 167240 167146 167177 167208
167241 167370 167273 167305 167337
167371 167487 167400 167429 167458
167488 167576 167510 167532 167554
167577 167755 167621 167665 167709
167756 167866 167783 167810 167837
167867 167955 167889 167911 167933
167956 168221 168022 168088 168154
168222 168500 168291 168360 168429
168501 168592 168523 168545 168567
168593 168862 168660 168727 168794
168863 168964 168888 168913 168938
168965 169057 168988 169011 169034
169058 169128 169075 169092 169109
169129 169732 169279 169429 169579
169733 169892 169772 169811 169850
169893 170204 169970 170047 170124
170205 170739 170338 170471 170604
170740 170791 170752 170764 170776
170792 170885 170815 170838 170861
170886 171198 170964 171042 171120
171199 171401 171249 171299 171349
171402 171479 171421 171440 171459
171480 171636 171519 171558 171597
171637 171739 171662 171687 171712
171740 171842 171765 171790 171815
171843 172024 171888 171933 171978
172025 172106 172045 172065 172085
172107 172188 172127 172147 172167
172189 172271 172209 172229 172249
172272 172343 172289 172306 172323
172344 172448 172370 172396 172422
172449 172494 172460 172471 172482
172495 172678 172540 172585 172630
172679 172932 172742 172805 172868
172933 173026 172956 172979 173002
173027 173140 173055 173083 173111
173141 173281 173176 173211 173246
173282 173349 173298 173314 173330
173350 173598 173412 173474 173536
173599 173670 173616 173633 173650
173671 173804 173704 173737 173770
173805 173981 173849 173893 173937
173982 174214 174040 174098 174156
174215 174269 174228 174241 174254
174270 174518 174332 174394 174456
174519 174630 174546 174573 174600
174631 174801 174673 174715 174757
174802 174973 174844 174886 174928
174974 175141 175015 175056 175097
175142 175260 175171 175200 175229
175261 175547 175332 175403 175474
175548 175656 175575 175602 175629
175657 175760 175682 175707 175732
175761 175793 175769 175777 175785
175794 175843 175806 175818 175830
175844 175961 175873 175902 175931
175962 175998 175971 175980 175989
175999 176049 176011 176023 176035
176050 176081 176057 176064 176071
176082 176133 176094 176106 176118
176134 176277 176169 176204 176239
176278 176370 176301 176324 176347
176371 176474 176396 176421 176446
176475 176542 176491 176507 176523
176543 176597 176556 176569 176582
176598 176698 176623 176648 176673
176699 176740 176709 176719 176729
176741 176886 176777 176813 176849
176887 176990 176912 176937 176962
176991 177111 177021 177051 177081
177112 177151 177121 177130 177139
177152 177172 177157 177162 177167
177173 177262 177195 177217 177239
177263 177306 177273 177283 177293
177307 177337 177314 177321 177328
177338 177354 177342 177346 177350
177355 177465 177382 177409 177436
177466 177523 177480 177494 177508
177524 177657 177557 177590 177623
177658 177847 177705 177752 177799
177848 177983 177881 177914 177947
177984 178038 177997 178010 178023
178039 178154 178067 178095 178123
178155 178450 178228 178301 178374
178451 178640 178498 178545 178592
178641 178880 178700 178759 178818
178881 179031 178918 178955 178992
179032 179172 179067 179102 179137
179173 179371 179222 179271 179320
179372 179474 179397 179422 179447
179475 179501 179481 179487 179493
179502 179651 179539 179576 179613
179652 179955 179727 179802 179877
179956 180064 179966 179976 180048
180065 181017 180303 180541 180779
181018 181208 181065 181112 181159
181209 181315 181235 181261 181287
181316 181349 181324 181332 181340
181350 181398 181362 181374 181386
181399 181418 181403 181407 181411
181419 181634 181472 181525 181578
181635 181772 181669 181703 181737
181773 191687 184251 186729 189207
