0 62 15 30 45
63 838 256 449 642
839 932 862 885 908
933 953 938 943 948
954 978 960 966 972
979 997 983 987 991
998 1083 1019 1040 1061
1084 1138 1097 1110 1123
1139 1228 1161 1183 1205
1229 1283 1242 1255 1268
1284 1313 1291 1298 1305
1314 1337 1319 1324 1329
1338 1386 1350 1362 1374
1387 1421 1395 1403 1411
1422 1478 1436 1450 1464
1479 1518 1488 1497 1506
1519 1613 1542 1565 1588
1614 1646 1622 1630 1638
1647 1680 1655 1663 1671
1681 1744 1696 1711 1726
1745 1769 1751 1757 1763
1770 1807 1779 1788 1797
1808 1827 1812 1816 1820
1828 1861 1836 1844 1852
1862 1896 1870 1878 1886
1897 1920 1902 1907 1912
1921 1953 1929 1937 1945
1954 2008 1967 1980 1993
2009 2055 2020 2031 2042
2056 2073 2060 2064 2068
2074 2105 2081 2088 2095
2106 2181 2124 2142 2160
2182 2225 2192 2202 2212
2226 2248 2231 2236 2241
2249 2275 2255 2261 2267
2276 2326 2288 2300 2312
2327 2378 2339 2351 2363
2379 2409 2386 2393 2400
2410 2447 2419 2428 2437
2448 2510 2463 2478 2493
2511 2538 2517 2523 2529
2539 2576 2548 2557 2566
2577 2612 2585 2593 2601
2613 2689 2632 2651 2670
2690 2721 2697 2704 2711
2722 2742 2727 2732 2737
2743 2776 2751 2759 2767
2777 2807 2784 2791 2798
2808 2849 2818 2828 2838
2850 2874 2856 2862 2868
2875 2891 2879 2883 2887
2892 2909 2896 2900 2904
2910 2947 2919 2928 2937
2948 3393 3059 3170 3281
3394 3483 3416 3438 3460
3484 3588 3510 3536 3562
3589 3753 3630 3671 3712
3754 3770 3758 3762 3766
3771 3787 3775 3779 3783
3788 3843 3801 3814 3827
3844 3861 3848 3852 3856
3862 3885 3867 3872 3877
3886 3920 3894 3902 3910
3921 4137 3975 4029 4083
4138 4242 4164 4190 4216
4243 4269 4249 4255 4261
4270 4305 4278 4286 4294
4306 4322 4310 4314 4318
4323 4527 4374 4425 4476
4528 4673 4564 4600 4636
4674 4784 4701 4728 4755
4785 4815 4792 4799 4806
4816 4851 4824 4832 4840
4852 4901 4864 4876 4888
4902 5043 4937 4972 5007
5044 5100 5058 5072 5086
5101 5217 5130 5159 5188
5218 5306 5240 5262 5284
5307 5404 5331 5355 5379
5405 5486 5425 5445 5465
5487 5635 5524 5561 5598
5636 5683 5647 5658 5669
5684 5767 5704 5724 5744
5768 5819 5780 5792 5804
5820 5916 5844 5868 5892
5917 5949 5925 5933 5941
5950 6031 5970 5990 6010
6032 6087 6045 6058 6071
6088 6129 6098 6108 6118
6130 6191 6145 6160 6175
6192 6228 6201 6210 6219
6229 6303 6247 6265 6283
6304 6410 6330 6356 6382
6411 6477 6427 6443 6459
6478 6585 6504 6530 6556
6586 6667 6606 6626 6646
6668 6731 6683 6698 6713
6732 6858 6763 6794 6825
6859 6883 6865 6871 6877
6884 6939 6897 6910 6923
6940 7125 6986 7032 7078
7126 7171 7137 7148 7159
7172 7227 7185 7198 7211
7228 7338 7255 7282 7309
7339 7479 7374 7409 7444
7480 7524 7491 7502 7513
7525 7707 7570 7615 7660
7708 7769 7723 7738 7753
7770 7825 7783 7796 7809
7826 7970 7862 7898 7934
7971 8019 7983 7995 8007
8020 8109 8042 8064 8086
8110 8180 8127 8144 8161
8181 8246 8197 8213 8229
8247 8296 8259 8271 8283
8297 8571 8365 8433 8501
8572 8592 8577 8582 8587
8593 8698 8619 8645 8671
8699 8760 8714 8729 8744
8761 8803 8771 8781 8791
8804 8881 8823 8842 8861
8882 9013 8914 8946 8978
9014 9195 9059 9104 9149
9196 9320 9227 9258 9289
9321 9429 9348 9375 9402
9430 9478 9442 9454 9466
9479 9504 9485 9491 9497
9505 9561 9519 9533 9547
9562 9680 9591 9620 9649
9681 9843 9721 9761 9801
9844 9918 9862 9880 9898
9919 10067 9956 9993 10030
10068 10166 10092 10116 10140
10167 10259 10190 10213 10236
10260 10311 10272 10284 10296
10312 10385 10330 10348 10366
10386 10456 10403 10420 10437
10457 10684 10513 10569 10625
10685 10744 10699 10713 10727
10745 10845 10770 10795 10820
10846 10891 10857 10868 10879
10892 10931 10901 10910 10919
10932 11014 10952 10972 10992
11015 11083 11032 11049 11066
11084 11149 11100 11116 11132
11150 11217 11166 11182 11198
11218 11440 11273 11328 11383
11441 11641 11491 11541 11591
11642 11697 11655 11668 11681
11698 11777 11717 11736 11755
11778 11855 11797 11816 11835
11856 12057 11906 11956 12006
12058 12098 12068 12078 12088
12099 12143 12110 12121 12132
12144 12217 12162 12180 12198
12218 12308 12240 12262 12284
12309 12485 12353 12397 12441
12486 12663 12530 12574 12618
12664 12707 12674 12684 12694
12708 12861 12746 12784 12822
12862 12915 12875 12888 12901
12916 13146 12973 13030 13087
13147 13234 13168 13189 13210
13235 13345 13262 13289 13316
13346 13389 13356 13366 13376
13390 13578 13437 13484 13531
13579 13731 13617 13655 13693
13732 13778 13743 13754 13765
13779 13797 13783 13787 13791
13798 13849 13810 13822 13834
13850 13890 13860 13870 13880
13891 13941 13903 13915 13927
13942 14118 13986 14030 14074
14119 14185 14135 14151 14167
14186 14291 14212 14238 14264
14292 14384 14315 14338 14361
14385 14433 14397 14409 14421
14434 14464 14441 14448 14455
14465 14506 14475 14485 14495
14507 14565 14521 14535 14549
14566 14626 14581 14596 14611
14627 14665 14636 14645 14654
14666 14808 14701 14736 14771
14809 14859 14821 14833 14845
14860 14900 14870 14880 14890
14901 14937 14910 14919 14928
14938 14957 14942 14946 14950
14958 15057 14968 14978 15042
15058 15119 15073 15088 15103
15120 15193 15138 15156 15174
15194 15234 15204 15214 15224
15235 15276 15245 15255 15265
15277 15440 15317 15357 15397
15441 15462 15446 15451 15456
15463 15537 15481 15499 15517
15538 15563 15544 15550 15556
15564 15604 15574 15584 15594
15605 15781 15649 15693 15737
15782 15824 15792 15802 15812
15825 15858 15833 15841 15849
15859 15974 15887 15915 15943
15975 16043 15992 16009 16026
16044 16093 16056 16068 16080
16094 16226 16127 16160 16193
16227 16292 16243 16259 16275
16293 16358 16309 16325 16341
16359 16440 16379 16399 16419
16441 16499 16455 16469 16483
16500 16623 16530 16560 16590
16624 16741 16653 16682 16711
16742 16799 16756 16770 16784
16800 17004 16851 16902 16953
17005 17106 17030 17055 17080
17107 17151 17118 17129 17140
17152 17215 17167 17182 17197
17216 17263 17227 17238 17249
17264 17338 17282 17300 17318
17339 17411 17357 17375 17393
17412 17461 17424 17436 17448
17462 17564 17487 17512 17537
17565 17599 17573 17581 17589
17600 17703 17625 17650 17675
17704 17790 17725 17746 17767
17791 17856 17807 17823 17839
17857 17933 17876 17895 17914
17934 17953 17938 17942 17946
17954 18096 17989 18024 18059
18097 18165 18114 18131 18148
18166 18245 18185 18204 18223
18246 18362 18275 18304 18333
18363 18426 18378 18393 18408
18427 18519 18450 18473 18496
18520 18605 18541 18562 18583
18606 18813 18657 18708 18759
18814 18903 18836 18858 18880
18904 19064 18944 18984 19024
19065 19098 19073 19081 19089
19099 19146 19110 19121 19132
19147 19184 19156 19165 19174
19185 19275 19207 19229 19251
19276 19405 19308 19340 19372
19406 19519 19434 19462 19490
19520 19584 19536 19552 19568
19585 19646 19600 19615 19630
19647 19706 19661 19675 19689
19707 19774 19723 19739 19755
19775 19836 19790 19805 19820
19837 19961 19868 19899 19930
19962 20051 19984 20006 20028
20052 20252 20102 20152 20202
20253 20373 20283 20313 20343
20374 20584 20426 20478 20530
20585 20664 20604 20623 20642
20665 20755 20687 20709 20731
20756 20822 20772 20788 20804
20823 20880 20837 20851 20865
20881 20945 20897 20913 20929
20946 21044 20970 20994 21018
21045 21088 21055 21065 21075
21089 21129 21099 21109 21119
21130 21178 21142 21154 21166
21179 21237 21193 21207 21221
21238 21359 21268 21298 21328
21360 21385 21366 21372 21378
21386 21415 21393 21400 21407
21416 21434 21420 21424 21428
21435 21527 21458 21481 21504
21528 21597 21545 21562 21579
21598 21643 21609 21620 21631
21644 21661 21648 21652 21656
21662 21790 21694 21726 21758
21791 21910 21820 21849 21878
21911 21952 21921 21931 21941
21953 22018 21969 21985 22001
22019 22084 22035 22051 22067
22085 22208 22115 22145 22175
22209 22382 22252 22295 22338
22383 22465 22403 22423 22443
22466 22548 22486 22506 22526
22549 22565 22553 22557 22561
22566 22607 22576 22586 22596
22608 22628 22613 22618 22623
22629 22656 22635 22641 22647
22657 22693 22666 22675 22684
22694 22799 22720 22746 22772
22800 22880 22820 22840 22860
22881 22920 22890 22899 22908
22921 22954 22929 22937 22945
22955 23064 22982 23009 23036
23065 23163 23089 23113 23137
23164 23205 23174 23184 23194
23206 23226 23211 23216 23221
23227 23395 23269 23311 23353
23396 23515 23425 23454 23483
23516 23586 23533 23550 23567
23587 23654 23603 23619 23635
23655 23690 23663 23671 23679
23691 23733 23701 23711 23721
23734 23800 23750 23766 23782
23801 23860 23815 23829 23843
23861 23893 23869 23877 23885
23894 23926 23902 23910 23918
23927 24022 23950 23973 23996
24023 24057 24031 24039 24047
24058 24102 24069 24080 24091
24103 24185 24123 24143 24163
24186 24253 24202 24218 24234
24254 24303 24266 24278 24290
24304 24337 24312 24320 24328
24338 24390 24351 24364 24377
24391 24436 24402 24413 24424
24437 24499 24452 24467 24482
24500 24598 24524 24548 24572
24599 24684 24620 24641 24662
24685 24788 24710 24735 24760
24789 24838 24801 24813 24825
24839 24909 24856 24873 24890
24910 24936 24916 24922 24928
24937 25005 24954 24971 24988
25006 25080 25024 25042 25060
25081 25107 25087 25093 25099
25108 25195 25129 25150 25171
25196 25234 25205 25214 25223
25235 25293 25249 25263 25277
25294 25312 25298 25302 25306
25313 25329 25317 25321 25325
25330 25346 25334 25338 25342
25347 25374 25353 25359 25365
25375 25409 25383 25391 25399
25410 25441 25417 25424 25431
25442 25483 25452 25462 25472
25484 25523 25493 25502 25511
25524 25544 25529 25534 25539
25545 25569 25551 25557 25563
25570 25676 25596 25622 25648
25677 25731 25690 25703 25716
25732 25773 25742 25752 25762
25774 25813 25783 25792 25801
25814 25831 25818 25822 25826
25832 25848 25836 25840 25844
25849 25870 25854 25859 25864
25871 25887 25875 25879 25883
25888 25922 25896 25904 25912
25923 25981 25937 25951 25965
25982 26026 25993 26004 26015
26027 26054 26033 26039 26045
26055 26072 26059 26063 26067
26073 26094 26078 26083 26088
26095 26129 26103 26111 26119
26130 26148 26134 26138 26142
26149 26279 26181 26213 26245
26280 26326 26291 26302 26313
26327 26359 26335 26343 26351
26360 26408 26372 26384 26396
26409 26487 26428 26447 26466
26488 26598 26515 26542 26569
26599 26744 26635 26671 26707
26745 26809 26761 26777 26793
26810 26914 26836 26862 26888
26915 26986 26932 26949 26966
26987 27015 26994 27001 27008
27016 27062 27027 27038 27049
27063 27192 27095 27127 27159
27193 27254 27208 27223 27238
27255 27306 27267 27279 27291
27307 27340 27315 27323 27331
27341 27432 27363 27385 27407
27433 27491 27447 27461 27475
27492 27566 27510 27528 27546
27567 27620 27580 27593 27606
27621 27793 27664 27707 27750
27794 27873 27813 27832 27851
27874 27951 27893 27912 27931
27952 27994 27962 27972 27982
27995 28087 28018 28041 28064
28088 28181 28111 28134 28157
28182 28215 28190 28198 28206
28216 28321 28242 28268 28294
28322 28399 28341 28360 28379
28400 28535 28433 28466 28499
28536 28601 28552 28568 28584
28602 28700 28626 28650 28674
28701 28765 28717 28733 28749
28766 28807 28776 28786 28796
28808 28903 28831 28854 28877
28904 28967 28919 28934 28949
28968 28997 28975 28982 28989
28998 29046 29010 29022 29034
29047 29117 29064 29081 29098
29118 29210 29141 29164 29187
29211 29255 29222 29233 29244
29256 29291 29264 29272 29280
29292 29352 29307 29322 29337
29353 29410 29367 29381 29395
29411 29522 29438 29465 29492
29523 29635 29551 29579 29607
29636 29671 29644 29652 29660
29672 29692 29677 29682 29687
29693 29720 29699 29705 29711
29721 29760 29730 29739 29748
29761 29799 29770 29779 29788
29800 29868 29817 29834 29851
29869 29894 29875 29881 29887
29895 29975 29915 29935 29955
29976 30048 29981 29986 30036
30049 30128 30068 30087 30106
30129 30192 30144 30159 30174
30193 30281 30215 30237 30259
30282 30434 30320 30358 30396
30435 30508 30453 30471 30489
30509 30644 30542 30575 30608
30645 30684 30654 30663 30672
30685 30717 30693 30701 30709
30718 30794 30737 30756 30775
30795 30835 30805 30815 30825
30836 30955 30865 30894 30923
30956 31107 30993 31030 31067
31108 31175 31124 31140 31156
31176 31224 31188 31200 31212
31225 31260 31233 31241 31249
31261 31292 31268 31275 31282
31293 31327 31301 31309 31317
31328 31381 31341 31354 31367
31382 31410 31389 31396 31403
31411 31439 31418 31425 31432
31440 31468 31447 31454 31461
31469 31490 31474 31479 31484
31491 31511 31496 31501 31506
31512 31586 31530 31548 31566
31587 31629 31597 31607 31617
31630 31654 31636 31642 31648
31655 31671 31659 31663 31667
31672 31689 31676 31680 31684
31690 31728 31699 31708 31717
31729 31826 31753 31777 31801
31827 31890 31842 31857 31872
31891 31965 31909 31927 31945
31966 32105 32000 32034 32068
32106 32235 32138 32170 32202
32236 32351 32264 32292 32320
32352 32427 32370 32388 32406
32428 32463 32436 32444 32452
32464 32592 32496 32528 32560
32593 32650 32607 32621 32635
32651 32673 32656 32661 32666
32674 32754 32694 32714 32734
32755 32834 32774 32793 32812
32835 32882 32846 32857 32868
32883 33024 32918 32953 32988
33025 33078 33038 33051 33064
33079 33117 33088 33097 33106
33118 33181 33133 33148 33163
33182 33453 33249 33316 33383
33454 33509 33467 33480 33493
33510 33595 33531 33552 33573
33596 33654 33610 33624 33638
33655 33784 33687 33719 33751
33785 33944 33824 33863 33902
33945 33998 33958 33971 33984
33999 34111 34027 34055 34083
34112 34191 34131 34150 34169
34192 34248 34206 34220 34234
34249 34324 34267 34285 34303
34325 34446 34355 34385 34415
34447 34473 34453 34459 34465
34474 34541 34490 34506 34522
34542 34653 34569 34596 34623
34654 34732 34673 34692 34711
34733 34781 34745 34757 34769
34782 34834 34795 34808 34821
34835 34878 34845 34855 34865
34879 34908 34886 34893 34900
34909 34957 34921 34933 34945
34958 35118 34998 35038 35078
35119 35197 35138 35157 35176
35198 35274 35217 35236 35255
35275 35425 35312 35349 35386
35426 35471 35437 35448 35459
35472 35521 35484 35496 35508
35522 35635 35550 35578 35606
35636 35672 35645 35654 35663
35673 35692 35677 35681 35685
35693 35734 35703 35713 35723
35735 35778 35745 35755 35765
35779 35815 35788 35797 35806
35816 35836 35821 35826 35831
35837 35874 35846 35855 35864
35875 35905 35882 35889 35896
35906 35969 35921 35936 35951
35970 36027 35984 35998 36012
36028 36068 36038 36048 36058
36069 36113 36080 36091 36102
36114 36142 36121 36128 36135
36143 36173 36150 36157 36164
36174 36210 36183 36192 36201
36211 36261 36223 36235 36247
36262 36313 36274 36286 36298
36314 36367 36327 36340 36353
36368 36382 36371 36374 36377
36383 36489 36409 36435 36461
36490 36559 36507 36524 36541
36560 36627 36576 36592 36608
36628 36869 36688 36748 36808
36870 36891 36875 36880 36885
36892 37085 36940 36988 37036
37086 37358 37154 37222 37290
37359 37520 37399 37439 37479
37521 37682 37561 37601 37641
37683 37973 37755 37827 37899
37974 38190 38028 38082 38136
38191 38333 38226 38261 38296
38334 38390 38348 38362 38376
38391 38470 38410 38429 38448
38471 38560 38493 38515 38537
38561 38615 38574 38587 38600
38616 38634 38620 38624 38628
38635 38665 38642 38649 38656
38666 38730 38682 38698 38714
38731 38776 38742 38753 38764
38777 38881 38803 38829 38855
38882 38974 38905 38928 38951
38975 39003 38982 38989 38996
39004 39069 39020 39036 39052
39070 39101 39077 39084 39091
39102 39133 39109 39116 39123
39134 39216 39154 39174 39194
39217 39276 39231 39245 39259
39277 39329 39290 39303 39316
39330 39376 39341 39352 39363
39377 39443 39393 39409 39425
39444 39510 39460 39476 39492
39511 39644 39544 39577 39610
39645 39673 39652 39659 39666
39674 39710 39683 39692 39701
39711 39735 39717 39723 39729
39736 39799 39751 39766 39781
39800 39833 39808 39816 39824
39834 39900 39850 39866 39882
39901 39930 39908 39915 39922
39931 39951 39936 39941 39946
39952 39994 39962 39972 39982
39995 40049 40008 40021 40034
40050 40087 40059 40068 40077
40088 40109 40093 40098 40103
40110 40126 40114 40118 40122
40127 40159 40135 40143 40151
40160 40187 40166 40172 40178
40188 40210 40193 40198 40203
40211 40232 40216 40221 40226
40233 40288 40246 40259 40272
40289 40305 40293 40297 40301
40306 40330 40312 40318 40324
40331 40365 40339 40347 40355
40366 40426 40381 40396 40411
40427 40446 40431 40435 40439
40447 40467 40452 40457 40462
40468 40500 40476 40484 40492
40501 40524 40506 40511 40516
40525 40558 40533 40541 40549
40559 40576 40563 40567 40571
40577 40594 40581 40585 40589
40595 40630 40603 40611 40619
40631 40700 40648 40665 40682
40701 40725 40707 40713 40719
40726 40743 40730 40734 40738
40744 40776 40752 40760 40768
40777 40808 40784 40791 40798
40809 40907 40833 40857 40881
40908 40933 40914 40920 40926
40934 40958 40940 40946 40952
40959 40982 40964 40969 40974
40983 41003 40988 40993 40998
41004 41020 41008 41012 41016
41021 41066 41032 41043 41054
41067 41095 41074 41081 41088
41096 41129 41104 41112 41120
41130 41152 41135 41140 41145
41153 41171 41157 41161 41165
41172 41222 41184 41196 41208
41223 41247 41229 41235 41241
41248 41296 41260 41272 41284
41297 41332 41305 41313 41321
41333 41376 41343 41353 41363
41377 41409 41385 41393 41401
41410 41482 41428 41446 41464
41483 41556 41501 41519 41537
41557 41586 41564 41571 41578
41587 41604 41591 41595 41599
41605 41631 41611 41617 41623
41632 41683 41644 41656 41668
41684 41729 41695 41706 41717
41730 41768 41739 41748 41757
41769 41821 41782 41795 41808
41822 41854 41830 41838 41846
41855 41885 41862 41869 41876
41886 41905 41890 41894 41898
41906 41931 41912 41918 41924
41932 41951 41936 41940 41944
41952 41972 41957 41962 41967
41973 42021 41985 41997 42009
42022 42040 42026 42030 42034
42041 42060 42045 42049 42053
42061 42098 42070 42079 42088
42099 42141 42109 42119 42129
42142 42158 42146 42150 42154
42159 42186 42165 42171 42177
42187 42221 42195 42203 42211
42222 42263 42232 42242 42252
42264 42308 42275 42286 42297
42309 42338 42316 42323 42330
42339 42361 42344 42349 42354
42362 42377 42365 42368 42371
42378 42395 42382 42386 42390
42396 42413 42400 42404 42408
42414 42453 42423 42432 42441
42454 42471 42458 42462 42466
42472 42506 42480 42488 42496
42507 42532 42513 42519 42525
42533 42578 42544 42555 42566
42579 42700 42609 42639 42669
42701 42765 42717 42733 42749
42766 42783 42770 42774 42778
42784 42813 42791 42798 42805
42814 42896 42834 42854 42874
42897 42915 42901 42905 42909
42916 42971 42929 42942 42955
42972 43005 42980 42988 42996
43006 43090 43027 43048 43069
43091 43145 43104 43117 43130
43146 43168 43151 43156 43161
43169 43201 43177 43185 43193
43202 43235 43210 43218 43226
43236 43279 43246 43256 43266
43280 43316 43289 43298 43307
43317 43412 43340 43363 43386
43413 43501 43435 43457 43479
43502 43563 43517 43532 43547
43564 43618 43577 43590 43603
43619 43685 43635 43651 43667
43686 43734 43698 43710 43722
43735 43788 43748 43761 43774
43789 43881 43812 43835 43858
43882 43941 43896 43910 43924
43942 43990 43954 43966 43978
43991 44168 44035 44079 44123
44169 44225 44183 44197 44211
44226 44264 44235 44244 44253
44265 44285 44270 44275 44280
44286 44346 44301 44316 44331
44347 44386 44356 44365 44374
44387 44434 44398 44409 44420
44435 44470 44443 44451 44459
44471 44584 44499 44527 44555
44585 44601 44589 44593 44597
44602 44630 44609 44616 44623
44631 44670 44640 44649 44658
44671 44709 44680 44689 44698
44710 44741 44717 44724 44731
44742 44770 44749 44756 44763
44771 44798 44777 44783 44789
44799 44842 44809 44819 44829
44843 44882 44852 44861 44870
44883 44940 44897 44911 44925
44941 44975 44949 44957 44965
44976 45001 44981 44986 45000
45002 45024 45007 45012 45017
45025 45056 45032 45039 45046
45057 45129 45075 45093 45111
45130 45161 45137 45144 45151
45162 45223 45177 45192 45207
45224 45255 45231 45238 45245
45256 45279 45261 45266 45271
45280 45305 45286 45292 45298
45306 45350 45317 45328 45339
45351 45379 45358 45365 45372
45380 45412 45388 45396 45404
45413 45542 45445 45477 45509
45543 45582 45552 45561 45570
45583 45643 45598 45613 45628
45644 45685 45654 45664 45674
45686 45724 45695 45704 45713
45725 45770 45736 45747 45758
45771 45809 45780 45789 45798
45810 45830 45815 45820 45825
45831 45865 45839 45847 45855
45866 45898 45874 45882 45890
45899 45922 45904 45909 45914
45923 45944 45928 45933 45938
45945 45995 45957 45969 45981
45996 46048 46009 46022 46035
46049 46127 46068 46087 46106
46128 46170 46138 46148 46158
46171 46194 46176 46181 46186
46195 46234 46204 46213 46222
46235 46282 46246 46257 46268
46283 46355 46301 46319 46337
46356 46479 46386 46416 46446
46480 46496 46484 46488 46492
46497 46539 46507 46517 46527
46540 46572 46548 46556 46564
46573 46861 46645 46717 46789
46862 46890 46869 46876 46883
46891 46908 46895 46899 46903
46909 46926 46913 46917 46921
46927 47226 47001 47075 47149
47227 47323 47251 47275 47299
47324 47344 47329 47334 47339
47345 47368 47350 47355 47360
47369 47397 47376 47383 47390
47398 47454 47412 47426 47440
47455 47518 47470 47485 47500
47519 47547 47526 47533 47540
47548 47673 47579 47610 47641
47674 47818 47710 47746 47782
47819 47858 47828 47837 47846
47859 47906 47870 47881 47892
47907 47973 47923 47939 47955
47974 48113 48008 48042 48076
48114 48245 48146 48178 48210
48246 48421 48289 48332 48375
48422 48585 48462 48502 48542
48586 48634 48598 48610 48622
48635 48694 48649 48663 48677
48695 48717 48700 48705 48710
48718 48800 48738 48758 48778
48801 48818 48805 48809 48813
48819 48840 48824 48829 48834
48841 48905 48857 48873 48889
48906 48932 48912 48918 48924
48933 48981 48945 48957 48969
48982 49020 48991 49000 49009
49021 49061 49031 49041 49051
49062 49146 49083 49104 49125
49147 49199 49160 49173 49186
49200 49268 49217 49234 49251
49269 49544 49337 49405 49473
49545 49668 49575 49605 49635
49669 49708 49678 49687 49696
49709 49736 49715 49721 49727
49737 49805 49754 49771 49788
49806 49853 49817 49828 49839
49854 49872 49858 49862 49866
49873 49900 49879 49885 49891
49901 49956 49914 49927 49940
49957 49982 49963 49969 49975
49983 50022 49992 50001 50010
50023 50081 50037 50051 50065
50082 50128 50093 50104 50115
50129 50162 50137 50145 50153
50163 50180 50167 50171 50175
50181 50217 50190 50199 50208
50218 50253 50226 50234 50242
50254 50308 50267 50280 50293
50309 50359 50321 50333 50345
50360 50446 50381 50402 50423
50447 50542 50470 50493 50516
50543 50595 50556 50569 50582
50596 50732 50630 50664 50698
50733 50820 50754 50775 50796
50821 50926 50847 50873 50899
50927 51020 50950 50973 50996
51021 51069 51033 51045 51057
51070 51110 51080 51090 51100
51111 51132 51116 51121 51126
51133 51188 51146 51159 51172
51189 51277 51211 51233 51255
51278 51339 51293 51308 51323
51340 51386 51351 51362 51373
51387 51462 51405 51423 51441
51463 51620 51502 51541 51580
51621 51647 51627 51633 51639
51648 51690 51658 51668 51678
51691 51795 51717 51743 51769
51796 51818 51801 51806 51811
51819 51837 51823 51827 51831
51838 51858 51843 51848 51853
51859 51886 51865 51871 51877
51887 51907 51892 51897 51902
51908 51926 51912 51916 51920
51927 51956 51934 51941 51948
51957 51988 51964 51971 51978
51989 52024 51997 52005 52013
52025 52059 52033 52041 52049
52060 52098 52069 52078 52087
52099 52149 52111 52123 52135
52150 52183 52158 52166 52174
52184 52204 52189 52194 52199
52205 52251 52216 52227 52238
52252 52309 52266 52280 52294
52310 52345 52318 52326 52334
52346 52372 52352 52358 52364
52373 52406 52381 52389 52397
52407 52451 52418 52429 52440
52452 52526 52470 52488 52506
52527 52586 52541 52555 52569
52587 52620 52595 52603 52611
52621 52674 52634 52647 52660
52675 52715 52685 52695 52705
52716 52762 52727 52738 52749
52763 52795 52771 52779 52787
52796 52884 52818 52840 52862
52885 52926 52895 52905 52915
52927 52978 52939 52951 52963
52979 53030 52991 53003 53015
53031 53073 53041 53051 53061
53074 53104 53081 53088 53095
53105 53137 53113 53121 53129
53138 53169 53145 53152 53159
53170 53216 53181 53192 53203
53217 53258 53227 53237 53247
53259 53306 53270 53281 53292
53307 53355 53319 53331 53343
53356 53402 53367 53378 53389
53403 53432 53410 53417 53424
53433 53468 53441 53449 53457
53469 53503 53477 53485 53493
53504 53551 53515 53526 53537
53552 53595 53562 53572 53582
53596 53634 53605 53614 53623
53635 53666 53642 53649 53656
53667 53696 53674 53681 53688
53697 53762 53713 53729 53745
53763 53806 53773 53783 53793
53807 53847 53817 53827 53837
53848 53884 53857 53866 53875
53885 53962 53904 53923 53942
53963 54097 53996 54029 54062
54098 54154 54112 54126 54140
54155 54221 54171 54187 54203
54222 54265 54232 54242 54252
54266 54308 54276 54286 54296
54309 54444 54342 54375 54408
54445 54571 54476 54507 54538
54572 54639 54588 54604 54620
54640 54695 54653 54666 54679
54696 54774 54715 54734 54753
54775 54796 54780 54785 54790
54797 54835 54806 54815 54824
54836 54875 54845 54854 54863
54876 55017 54911 54946 54981
55018 55148 55050 55082 55114
55149 55199 55161 55173 55185
55200 55270 55217 55234 55251
55271 55311 55281 55291 55301
55312 55378 55328 55344 55360
55379 55437 55393 55407 55421
55438 55497 55452 55466 55480
55498 55540 55508 55518 55528
55541 55628 55562 55583 55604
55629 55662 55637 55645 55653
55663 55686 55668 55673 55678
55687 55718 55694 55701 55708
55719 55748 55726 55733 55740
55749 55797 55761 55773 55785
55798 55843 55809 55820 55831
55844 55906 55859 55874 55889
55907 55986 55926 55945 55964
55987 56035 55999 56011 56023
56036 56103 56052 56068 56084
56104 56148 56115 56126 56137
56149 56261 56177 56205 56233
56262 56377 56290 56318 56346
56378 56409 56385 56392 56399
56410 56440 56417 56424 56431
56441 56486 56452 56463 56474
56487 56539 56500 56513 56526
56540 56604 56556 56572 56588
56605 56734 56637 56669 56701
56735 56772 56744 56753 56762
56773 56969 56822 56871 56920
56970 57005 56978 56986 56994
57006 57113 57032 57058 57084
57114 57582 57231 57348 57465
57583 57608 57589 57595 57601
57609 57848 57668 57727 57786
57849 57905 57863 57877 57891
57906 57974 57923 57940 57957
57975 58078 58000 58025 58050
58079 58148 58096 58113 58130
58149 58196 58160 58171 58182
58197 58235 58206 58215 58224
58236 58314 58255 58274 58293
58315 58359 58326 58337 58348
58360 58443 58380 58400 58420
58444 58511 58460 58476 58492
58512 58571 58526 58540 58554
58572 58662 58594 58616 58638
58663 58792 58695 58727 58759
58793 58841 58805 58817 58829
58842 58972 58874 58906 58938
58973 59025 58986 58999 59012
59026 59146 59056 59086 59116
59147 59194 59158 59169 59180
59195 59241 59206 59217 59228
59242 59269 59248 59254 59260
59270 59291 59275 59280 59285
59292 59315 59297 59302 59307
59316 59339 59321 59326 59331
59340 59373 59348 59356 59364
59374 59418 59385 59396 59407
59419 59442 59424 59429 59434
59443 59473 59450 59457 59464
59474 59498 59480 59486 59492
59499 59530 59506 59513 59520
59531 59571 59541 59551 59561
59572 59616 59583 59594 59605
59617 59647 59624 59631 59638
59648 59678 59655 59662 59669
59679 59706 59685 59691 59697
59707 59723 59711 59715 59719
59724 59740 59728 59732 59736
59741 59761 59746 59751 59756
59762 59799 59771 59780 59789
59800 59847 59811 59822 59833
59848 59944 59872 59896 59920
59945 60011 59958 59971 60006
60012 60053 60022 60032 60042
60054 60086 60062 60070 60078
60087 60105 60091 60095 60099
60106 60154 60118 60130 60142
60155 60238 60175 60195 60215
60239 60372 60272 60305 60338
60373 60457 60394 60415 60436
60458 60489 60465 60472 60479
60490 60705 60543 60596 60649
60706 60724 60710 60714 60718
60725 60774 60737 60749 60761
60775 60890 60803 60831 60859
60891 60944 60904 60917 60930
60945 60989 60956 60967 60978
60990 61172 61035 61080 61125
61173 61217 61184 61195 61206
61218 61239 61223 61228 61233
61240 61294 61253 61266 61279
61295 61384 61317 61339 61361
61385 61476 61407 61429 61451
61477 61541 61493 61509 61525
61542 61594 61555 61568 61581
61595 61652 61609 61623 61637
61653 61689 61662 61671 61680
61690 61788 61714 61738 61762
61789 61947 61828 61867 61906
61948 62038 61970 61992 62014
62039 62097 62053 62067 62081
62098 62153 62111 62124 62137
62154 62216 62169 62184 62199
62217 62356 62251 62285 62319
62357 62460 62382 62407 62432
62461 62793 62544 62627 62710
62794 62972 62838 62882 62926
62973 63027 62986 62999 63012
63028 63123 63051 63074 63097
63124 63194 63141 63158 63175
63195 63314 63224 63253 63282
63315 63348 63323 63331 63339
63349 63398 63361 63373 63385
63399 63485 63420 63441 63462
63486 63555 63503 63520 63537
63556 63728 63599 63642 63685
63729 63792 63744 63759 63774
63793 63972 63837 63881 63925
63973 64019 63984 63995 64006
64020 64077 64034 64048 64062
64078 64197 64107 64136 64165
64198 64230 64206 64214 64222
64231 64297 64247 64263 64279
64298 64323 64304 64310 64316
64324 64370 64335 64346 64357
64371 64424 64384 64397 64410
64425 64488 64440 64455 64470
64489 64527 64498 64507 64516
64528 64674 64564 64600 64636
64675 64700 64681 64687 64693
64701 64748 64712 64723 64734
64749 64816 64765 64781 64797
64817 64854 64826 64835 64844
64855 64894 64864 64873 64882
64895 64981 64916 64937 64958
64982 65043 64997 65012 65027
65044 65091 65055 65066 65077
65092 65206 65120 65148 65176
65207 65350 65242 65277 65312
65351 65369 65355 65359 65363
65370 65400 65377 65384 65391
65401 65423 65406 65411 65416
65424 65523 65448 65472 65496
65524 65616 65547 65570 65593
65617 65668 65629 65641 65653
65669 65757 65691 65713 65735
65758 65816 65772 65786 65800
65817 65890 65835 65853 65871
65891 65964 65909 65927 65945
65965 66018 65978 65991 66004
66019 66100 66039 66059 66079
66101 66163 66116 66131 66146
66164 66228 66180 66196 66212
66229 66311 66249 66269 66289
66312 66392 66332 66352 66372
66393 66529 66427 66461 66495
66530 66606 66549 66568 66587
66607 66653 66618 66629 66640
66654 66700 66665 66676 66687
66701 66737 66710 66719 66728
66738 66802 66754 66770 66786
66803 66865 66818 66833 66848
66866 66893 66872 66878 66884
66894 66927 66902 66910 66918
66928 66979 66940 66952 66964
66980 67078 67004 67028 67052
67079 67161 67099 67119 67139
67162 67202 67172 67182 67192
67203 67249 67214 67225 67236
67250 67281 67257 67264 67271
67282 67346 67298 67314 67330
67347 67399 67360 67373 67386
67400 67501 67425 67450 67475
67502 67536 67510 67518 67526
67537 67565 67544 67551 67558
67566 67718 67604 67642 67680
67719 67802 67739 67759 67779
67803 67893 67825 67847 67869
67894 68008 67922 67950 67978
68009 68053 68020 68031 68042
68054 68099 68065 68076 68087
68100 68152 68113 68126 68139
68153 68509 68242 68331 68420
68510 68553 68520 68530 68540
68554 68748 68602 68650 68698
68749 68892 68784 68819 68854
68893 69000 68919 68945 68971
69001 69117 69030 69059 69088
69118 69167 69130 69142 69154
69168 69200 69176 69184 69192
69201 69232 69208 69215 69222
69233 69288 69246 69259 69272
69289 69324 69297 69305 69313
69325 69404 69344 69363 69382
69405 69487 69425 69445 69465
69488 69578 69510 69532 69554
69579 69622 69589 69599 69609
69623 69682 69637 69651 69665
69683 69749 69699 69715 69731
69750 69860 69777 69804 69831
69861 69902 69871 69881 69891
69903 69993 69925 69947 69969
69994 70075 70014 70034 70054
70076 70112 70085 70094 70103
70113 70209 70137 70161 70185
70210 70263 70223 70236 70249
70264 70306 70274 70284 70294
70307 70332 70313 70319 70325
70333 70462 70365 70397 70429
70463 70506 70473 70483 70493
70507 70559 70520 70533 70546
70560 70605 70571 70582 70593
70606 70672 70622 70638 70654
70673 70702 70680 70687 70694
70703 70755 70716 70729 70742
70756 70814 70770 70784 70798
70815 70851 70824 70833 70842
70852 70902 70864 70876 70888
70903 70946 70913 70923 70933
70947 70966 70951 70955 70959
70967 70987 70972 70977 70982
70988 71004 70992 70996 71000
71005 71029 71011 71017 71023
71030 71071 71040 71050 71060
71072 71102 71079 71086 71093
71103 71151 71115 71127 71139
71152 71170 71156 71160 71164
71171 71205 71179 71187 71195
71206 71260 71219 71232 71245
71261 71331 71278 71295 71312
71332 71361 71339 71346 71353
71362 71395 71370 71378 71386
71396 71451 71409 71422 71435
71452 71486 71460 71468 71476
71487 71532 71498 71509 71520
71533 71589 71547 71561 71575
71590 71619 71597 71604 71611
71620 71657 71629 71638 71647
71658 71688 71665 71672 71679
71689 71716 71695 71701 71707
71717 71754 71726 71735 71744
71755 71809 71768 71781 71794
71810 71827 71814 71818 71822
71828 71854 71834 71840 71846
71855 71886 71862 71869 71876
71887 71919 71895 71903 71911
71920 71966 71931 71942 71953
71967 72001 71975 71983 71991
72002 72044 72012 72022 72032
72045 72087 72055 72065 72075
72088 72149 72103 72118 72133
72150 72284 72183 72216 72249
72285 72336 72297 72309 72321
72337 72381 72348 72359 72370
72382 72409 72388 72394 72400
72410 72444 72418 72426 72434
72445 72543 72469 72493 72517
72544 72581 72553 72562 72571
72582 72662 72602 72622 72642
72663 72692 72670 72677 72684
72693 72735 72703 72713 72723
72736 72782 72747 72758 72769
72783 72821 72792 72801 72810
72822 72891 72839 72856 72873
72892 72946 72905 72918 72931
72947 72998 72959 72971 72983
72999 73043 73010 73021 73032
73044 73089 73055 73066 73077
73090 73118 73097 73104 73111
73119 73156 73128 73137 73146
73157 73200 73167 73177 73187
73201 73231 73208 73215 73222
73232 73272 73242 73252 73262
73273 73308 73281 73289 73297
73309 73331 73314 73319 73324
73332 73381 73344 73356 73368
73382 73417 73390 73398 73406
73418 73446 73425 73432 73439
73447 73471 73453 73459 73465
73472 73534 73487 73502 73517
73535 73589 73548 73561 73574
73590 73639 73602 73614 73626
73640 73700 73655 73670 73685
73701 73751 73713 73725 73737
73752 73809 73766 73780 73794
73810 73848 73819 73828 73837
73849 73912 73864 73879 73894
73913 73947 73921 73929 73937
73948 73998 73960 73972 73984
73999 74015 74003 74007 74011
74016 74090 74034 74052 74070
74091 74116 74097 74103 74109
74117 74153 74126 74135 74144
74154 74174 74159 74164 74169
74175 74219 74186 74197 74208
74220 74251 74227 74234 74241
74252 74348 74276 74300 74324
74349 74415 74365 74381 74397
74416 74484 74433 74450 74467
74485 74531 74496 74507 74518
74532 74565 74540 74548 74556
74566 74587 74571 74576 74581
74588 74626 74597 74606 74615
74627 74695 74644 74661 74678
74696 74726 74703 74710 74717
74727 74801 74745 74763 74781
74802 74876 74820 74838 74856
74877 74911 74885 74893 74901
74912 74963 74924 74936 74948
74964 75042 74972 74980 75030
75043 75179 75077 75111 75145
75180 75266 75201 75222 75243
75267 75337 75284 75301 75318
75338 75388 75350 75362 75374
75389 75447 75403 75417 75431
75448 75538 75470 75492 75514
75539 75575 75548 75557 75566
75576 75610 75584 75592 75600
75611 75651 75621 75631 75641
75652 75700 75664 75676 75688
75701 75721 75706 75711 75716
75722 75738 75726 75730 75734
75739 75808 75756 75773 75790
75809 75840 75816 75823 75830
75841 75888 75852 75863 75874
75889 75964 75907 75925 75943
75965 75998 75973 75981 75989
75999 76051 76012 76025 76038
76052 76080 76059 76066 76073
76081 76116 76089 76097 76105
76117 76207 76139 76161 76183
76208 76319 76235 76262 76289
76320 76360 76330 76340 76350
76361 76378 76365 76369 76373
76379 76402 76384 76389 76394
76403 76530 76434 76465 76496
76531 76549 76535 76539 76543
76550 76562 76553 76556 76559
76563 76584 76568 76573 76578
76585 76617 76593 76601 76609
76618 76653 76626 76634 76642
76654 76697 76664 76674 76684
76698 76756 76712 76726 76740
76757 76845 76779 76801 76823
76846 76872 76852 76858 76864
76873 76897 76879 76885 76891
76898 76920 76903 76908 76913
76921 76949 76928 76935 76942
76950 76984 76958 76966 76974
76985 77044 76999 77013 77027
77045 77078 77053 77061 77069
77079 77101 77084 77089 77094
77102 77164 77117 77132 77147
77165 77204 77174 77183 77192
77205 77221 77209 77213 77217
77222 77269 77233 77244 77255
77270 77306 77279 77288 77297
77307 77335 77314 77321 77328
77336 77382 77347 77358 77369
77383 77429 77394 77405 77416
77430 77456 77436 77442 77448
77457 77473 77461 77465 77469
77474 77495 77479 77484 77489
77496 77515 77500 77504 77508
77516 77553 77525 77534 77543
77554 77596 77564 77574 77584
77597 77623 77603 77609 77615
77624 77662 77633 77642 77651
77663 77729 77679 77695 77711
77730 77754 77736 77742 77748
77755 77794 77764 77773 77782
77795 77814 77799 77803 77807
77815 77835 77820 77825 77830
77836 77855 77840 77844 77848
77856 77924 77873 77890 77907
77925 78021 77949 77973 77997
78022 78095 78040 78058 78076
78096 78145 78108 78120 78132
78146 78269 78176 78206 78236
78270 78285 78273 78276 78279
78286 78467 78331 78376 78421
78468 78596 78500 78532 78564
78597 78694 78621 78645 78669
78695 78765 78712 78729 78746
78766 78834 78783 78800 78817
78835 78890 78848 78861 78874
78891 78940 78903 78915 78927
78941 78962 78946 78951 78956
78963 78999 78972 78981 78990
79000 79053 79013 79026 79039
79054 79087 79062 79070 79078
79088 79140 79101 79114 79127
79141 79196 79154 79167 79180
79197 79223 79203 79209 79215
79224 79242 79228 79232 79236
79243 79283 79253 79263 79273
79284 79354 79301 79318 79335
79355 79378 79360 79365 79370
79379 79406 79385 79391 79397
79407 79458 79419 79431 79443
79459 79531 79477 79495 79513
79532 79604 79550 79568 79586
79605 79712 79631 79657 79683
79713 79757 79724 79735 79746
79758 79832 79776 79794 79812
79833 79856 79838 79843 79848
79857 79915 79871 79885 79899
79916 79946 79923 79930 79937
79947 79983 79956 79965 79974
79984 80015 79991 79998 80005
80016 80077 80031 80046 80061
80078 80113 80086 80094 80102
80114 80198 80135 80156 80177
80199 80267 80216 80233 80250
80268 80326 80282 80296 80310
80327 80389 80342 80357 80372
80390 80436 80401 80412 80423
80437 80489 80450 80463 80476
80490 80548 80504 80518 80532
80549 80579 80556 80563 80570
80580 80616 80589 80598 80607
80617 80657 80627 80637 80647
80658 80693 80666 80674 80682
80694 80769 80712 80730 80748
80770 80815 80781 80792 80803
80816 80874 80830 80844 80858
80875 80895 80880 80885 80890
80896 80959 80911 80926 80941
80960 80994 80968 80976 80984
80995 81032 81004 81013 81022
81033 81072 81042 81051 81060
81073 81112 81082 81091 81100
81113 81164 81125 81137 81149
81165 81192 81171 81177 81183
81193 81225 81201 81209 81217
81226 81258 81234 81242 81250
81259 81283 81265 81271 81277
81284 81358 81302 81320 81338
81359 81386 81365 81371 81377
81387 81410 81392 81397 81402
81411 81464 81424 81437 81450
81465 81510 81476 81487 81498
81511 81563 81524 81537 81550
81564 81610 81575 81586 81597
81611 81654 81621 81631 81641
81655 81671 81659 81663 81667
81672 81697 81678 81684 81690
81698 81720 81703 81708 81713
81721 81743 81726 81731 81736
81744 81760 81748 81752 81756
81761 81826 81777 81793 81809
81827 81839 81830 81833 81836
81840 81887 81851 81862 81873
81888 81937 81900 81912 81924
81938 81973 81946 81954 81962
81974 82011 81983 81992 82001
82012 82046 82020 82028 82036
82047 82074 82053 82059 82065
82075 82181 82101 82127 82153
82182 82225 82192 82202 82212
82226 82295 82243 82260 82277
82296 82341 82307 82318 82329
82342 82389 82353 82364 82375
82390 82412 82395 82400 82405
82413 82450 82422 82431 82440
82451 82479 82458 82465 82472
82480 82559 82499 82518 82537
82560 82597 82569 82578 82587
82598 82706 82625 82652 82679
82707 82808 82732 82757 82782
82809 82828 82813 82817 82821
82829 82854 82835 82841 82847
82855 82881 82861 82867 82873
82882 82904 82887 82892 82897
82905 82970 82921 82937 82953
82971 83073 82996 83021 83046
83074 83180 83100 83126 83152
83181 83230 83193 83205 83217
83231 83332 83256 83281 83306
83333 83383 83345 83357 83369
83384 83481 83408 83432 83456
83482 83539 83496 83510 83524
83540 83569 83547 83554 83561
83570 83614 83581 83592 83603
83615 83670 83628 83641 83654
83671 83708 83680 83689 83698
83709 83759 83721 83733 83745
83760 83807 83771 83782 83793
83808 83885 83827 83846 83865
83886 83950 83902 83918 83934
83951 84027 83970 83989 84008
84028 84114 84049 84070 84091
84115 84250 84148 84181 84214
84251 84319 84268 84285 84302
84320 84416 84344 84368 84392
84417 84633 84471 84525 84579
84634 84728 84657 84680 84703
84729 84833 84755 84781 84807
84834 85103 84901 84968 85035
85104 85172 85121 85138 85155
85173 85273 85198 85223 85248
85274 85301 85280 85286 85292
85302 85380 85321 85340 85359
85381 85450 85398 85415 85432
85451 85498 85462 85473 85484
85499 85555 85513 85527 85541
85556 85670 85584 85612 85640
85671 85708 85680 85689 85698
85709 85803 85732 85755 85778
85804 86009 85855 85906 85957
86010 86065 86023 86036 86049
86066 86176 86093 86120 86147
86177 86253 86196 86215 86234
86254 86423 86296 86338 86380
86424 86500 86443 86462 86481
86501 86577 86520 86539 86558
86578 86708 86610 86642 86674
86709 86787 86728 86747 86766
86788 86863 86806 86824 86842
86864 87059 86912 86960 87008
87060 87128 87077 87094 87111
87129 87188 87143 87157 87171
87189 87220 87196 87203 87210
87221 87272 87233 87245 87257
87273 87356 87293 87313 87333
87357 87414 87371 87385 87399
87415 87487 87433 87451 87469
87488 87557 87505 87522 87539
87558 87672 87586 87614 87642
87673 87826 87711 87749 87787
87827 87908 87847 87867 87887
87909 87983 87927 87945 87963
87984 88050 88000 88016 88032
88051 88092 88061 88071 88081
88093 88112 88097 88101 88105
88113 88182 88130 88147 88164
88183 88229 88194 88205 88216
88230 88311 88250 88270 88290
88312 88357 88323 88334 88345
88358 88478 88388 88418 88448
88479 88571 88502 88525 88548
88572 88626 88585 88598 88611
88627 88713 88648 88669 88690
88714 88800 88735 88756 88777
88801 88837 88810 88819 88828
88838 88874 88847 88856 88865
88875 88935 88890 88905 88920
88936 88997 88951 88966 88981
88998 89021 89003 89008 89013
89022 89097 89040 89058 89076
89098 89135 89107 89116 89125
89136 89242 89162 89188 89214
89243 89318 89261 89279 89297
89319 89380 89334 89349 89364
89381 89433 89394 89407 89420
89434 89460 89440 89446 89452
89461 89477 89465 89469 89473
89478 89515 89487 89496 89505
89516 89533 89520 89524 89528
89534 89562 89541 89548 89555
89563 89587 89569 89575 89581
89588 89621 89596 89604 89612
89622 89664 89632 89642 89652
89665 89699 89673 89681 89689
89700 89731 89707 89714 89721
89732 89810 89751 89770 89789
89811 89857 89822 89833 89844
89858 89932 89876 89894 89912
89933 89970 89942 89951 89960
89971 90004 89978 89985 90003
90005 90031 90011 90017 90023
90032 90124 90055 90078 90101
90125 90143 90129 90133 90137
90144 90171 90150 90156 90162
90172 90199 90178 90184 90190
90200 90221 90205 90210 90215
90222 90252 90229 90236 90243
90253 90282 90260 90267 90274
90283 90332 90295 90307 90319
90333 90400 90349 90365 90381
90401 90527 90432 90463 90494
90528 90559 90535 90542 90549
90560 90586 90566 90572 90578
90587 90639 90600 90613 90626
90640 90716 90659 90678 90697
90717 90745 90724 90731 90738
90746 90787 90756 90766 90776
90788 90828 90798 90808 90818
90829 90871 90839 90849 90859
90872 90942 90889 90906 90923
90943 90988 90954 90965 90976
90989 91008 90993 90997 91001
91009 91037 91016 91023 91030
91038 91062 91044 91050 91056
91063 91092 91070 91077 91084
91093 91174 91113 91133 91153
91175 91250 91193 91211 91229
91251 91282 91258 91265 91272
91283 91316 91291 91299 91307
91317 91370 91330 91343 91356
91371 91417 91382 91393 91404
91418 91445 91424 91430 91436
91446 91503 91460 91474 91488
91504 91540 91513 91522 91531
91541 91602 91556 91571 91586
91603 91687 91624 91645 91666
91688 91735 91699 91710 91721
91736 91784 91748 91760 91772
91785 91838 91798 91811 91824
91839 91867 91846 91853 91860
91868 91910 91878 91888 91898
91911 91948 91920 91929 91938
91949 91965 91953 91957 91961
91966 91998 91974 91982 91990
91999 92047 92011 92023 92035
92048 92114 92064 92080 92096
92115 92287 92158 92201 92244
92288 92328 92298 92308 92318
92329 92446 92358 92387 92416
92447 92493 92458 92469 92480
92494 92570 92513 92532 92551
92571 92618 92582 92593 92604
92619 92651 92627 92635 92643
92652 92683 92659 92666 92673
92684 92775 92706 92728 92750
92776 92833 92790 92804 92818
92834 92876 92844 92854 92864
92877 92932 92890 92903 92916
92933 92965 92941 92949 92957
92966 92990 92972 92978 92984
92991 93039 93003 93015 93027
93040 93082 93050 93060 93070
93083 93108 93089 93095 93101
93109 93153 93120 93131 93142
93154 93226 93172 93190 93208
93227 93296 93244 93261 93278
93297 93339 93307 93317 93327
93340 93362 93345 93350 93355
93363 93407 93374 93385 93396
93408 93434 93414 93420 93426
93435 93456 93440 93445 93450
93457 93489 93465 93473 93481
93490 93508 93494 93498 93502
93509 93526 93513 93517 93521
93527 93553 93533 93539 93545
93554 93603 93566 93578 93590
93604 93646 93614 93624 93634
93647 93668 93652 93657 93662
93669 93699 93676 93683 93690
93700 93733 93708 93716 93724
93734 93775 93744 93754 93764
93776 93817 93786 93796 93806
93818 93846 93825 93832 93839
93847 93874 93853 93859 93865
93875 93919 93886 93897 93908
93920 93944 93926 93932 93938
93945 93974 93952 93959 93966
93975 94028 93988 94001 94014
94029 94110 94049 94069 94089
94111 94153 94121 94131 94141
94154 94203 94166 94178 94190
94204 94234 94211 94218 94225
94235 94253 94239 94243 94247
94254 94302 94266 94278 94290
94303 94327 94309 94315 94321
94328 94359 94335 94342 94349
94360 94406 94371 94382 94393
94407 94454 94418 94429 94440
94455 94477 94460 94465 94470
94478 94513 94486 94494 94502
94514 94554 94524 94534 94544
94555 94597 94565 94575 94585
94598 94629 94605 94612 94619
94630 94656 94636 94642 94648
94657 94690 94665 94673 94681
94691 94724 94699 94707 94715
94725 94766 94735 94745 94755
94767 94789 94772 94777 94782
94790 94824 94798 94806 94814
94825 94869 94836 94847 94858
94870 94892 94875 94880 94885
94893 94965 94911 94929 94947
94966 95005 94975 94984 94993
95006 95066 95021 95036 95051
95067 95138 95084 95101 95118
95139 95162 95144 95149 95154
95163 95180 95167 95171 95175
95181 95256 95199 95217 95235
95257 95306 95269 95281 95293
95307 95355 95319 95331 95343
95356 95407 95368 95380 95392
95408 95467 95422 95436 95450
95468 95536 95485 95502 95519
95537 95570 95545 95553 95561
95571 95613 95581 95591 95601
95614 95670 95628 95642 95656
95671 95697 95677 95683 95689
95698 95739 95708 95718 95728
95740 95813 95758 95776 95794
95814 95841 95820 95826 95832
95842 95886 95853 95864 95875
95887 95917 95894 95901 95908
95918 95995 95937 95956 95975
95996 96013 96000 96004 96008
96014 96055 96024 96034 96044
96056 96106 96068 96080 96092
96107 96139 96115 96123 96131
96140 96205 96156 96172 96188
96206 96255 96218 96230 96242
96256 96276 96261 96266 96271
96277 96293 96281 96285 96289
96294 96321 96300 96306 96312
96322 96437 96350 96378 96406
96438 96472 96446 96454 96462
96473 96515 96483 96493 96503
96516 96567 96528 96540 96552
96568 96590 96573 96578 96583
96591 96610 96595 96599 96603
96611 96649 96620 96629 96638
96650 96709 96664 96678 96692
96710 96732 96715 96720 96725
96733 96758 96739 96745 96751
96759 96785 96765 96771 96777
96786 96815 96793 96800 96807
96816 96839 96821 96826 96831
96840 96859 96844 96848 96852
96860 96879 96864 96868 96872
96880 96901 96885 96890 96895
96902 96923 96907 96912 96917
96924 96974 96936 96948 96960
96975 97002 96981 96987 96993
97003 97083 97023 97043 97063
97084 97135 97096 97108 97120
97136 97176 97146 97156 97166
97177 97248 97194 97211 97228
97249 97289 97259 97269 97279
97290 97312 97295 97300 97305
97313 97352 97322 97331 97340
97353 97390 97362 97371 97380
97391 97453 97406 97421 97436
97454 97493 97463 97472 97481
97494 97518 97500 97506 97512
97519 97548 97526 97533 97540
97549 97580 97556 97563 97570
97581 97614 97589 97597 97605
97615 97644 97622 97629 97636
97645 97686 97655 97665 97675
97687 97730 97697 97707 97717
97731 97763 97739 97747 97755
97764 97800 97773 97782 97791
97801 97856 97814 97827 97840
97857 97911 97870 97883 97896
97912 97941 97919 97926 97933
97942 97986 97953 97964 97975
97987 98046 98001 98015 98029
98047 98084 98056 98065 98074
98085 98139 98098 98111 98124
98140 98187 98151 98162 98173
98188 98231 98198 98208 98218
98232 98269 98241 98250 98259
98270 98357 98291 98312 98333
98358 98377 98362 98366 98370
98378 98408 98385 98392 98399
98409 98450 98419 98429 98439
98451 98512 98466 98481 98496
98513 98659 98549 98585 98621
98660 98693 98668 98676 98684
98694 98717 98699 98704 98709
98718 98752 98726 98734 98742
98753 98799 98764 98775 98786
98800 98816 98804 98808 98812
98817 98860 98827 98837 98847
98861 98910 98873 98885 98897
98911 98959 98923 98935 98947
98960 98989 98967 98974 98981
98990 99031 99000 99010 99020
99032 99064 99040 99048 99056
99065 99085 99070 99075 99080
99086 99134 99098 99110 99122
99135 99154 99139 99143 99147
99155 99180 99161 99167 99173
99181 99215 99189 99197 99205
99216 99248 99224 99232 99240
99249 99362 99277 99305 99333
99363 99387 99369 99375 99381
99388 99500 99416 99444 99472
99501 99536 99509 99517 99525
99537 99563 99543 99549 99555
99564 99604 99574 99584 99594
99605 99648 99615 99625 99635
99649 99697 99661 99673 99685
99698 99780 99718 99738 99758
99781 99804 99786 99791 99796
99805 99885 99825 99845 99865
99886 99967 99906 99926 99946
99968 100006 99977 99986 99995
100007 100042 100015 100023 100031
100043 100064 100048 100053 100058
100065 100152 100086 100107 100128
100153 100215 100168 100183 100198
100216 100250 100224 100232 100240
100251 100281 100258 100265 100272
100282 100304 100287 100292 100297
100305 100321 100309 100313 100317
100322 100358 100331 100340 100349
100359 100387 100366 100373 100380
100388 100430 100398 100408 100418
100431 100528 100455 100479 100503
100529 100594 100545 100561 100577
100595 100670 100613 100631 100649
100671 100724 100684 100697 100710
100725 100797 100743 100761 100779
100798 100938 100833 100868 100903
100939 101075 100973 101007 101041
101076 101191 101104 101132 101160
101192 101215 101197 101202 101207
101216 101255 101225 101234 101243
101256 101289 101264 101272 101280
101290 101327 101299 101308 101317
101328 101360 101336 101344 101352
101361 101401 101371 101381 101391
101402 101421 101406 101410 101414
101422 101447 101428 101434 101440
101448 101501 101461 101474 101487
101502 101546 101513 101524 101535
101547 101580 101555 101563 101571
101581 101622 101591 101601 101611
101623 101663 101633 101643 101653
101664 101693 101671 101678 101685
101694 101724 101701 101708 101715
101725 101756 101732 101739 101746
101757 101863 101783 101809 101835
101864 101897 101872 101880 101888
101898 101952 101911 101924 101937
101953 101979 101959 101965 101971
101980 102003 101985 101990 101995
102004 102027 102009 102014 102019
102028 102305 102097 102166 102235
102306 102409 102331 102356 102381
102410 102489 102429 102448 102467
102490 102555 102506 102522 102538
102556 102633 102575 102594 102613
102634 102689 102647 102660 102673
102690 102737 102701 102712 102723
102738 102922 102784 102830 102876
102923 102940 102927 102931 102935
102941 102961 102946 102951 102956
102962 102980 102966 102970 102974
102981 103016 102989 102997 103005
103017 103214 103066 103115 103164
103215 103409 103263 103311 103359
103410 103573 103450 103490 103530
103574 103607 103582 103590 103598
103608 103634 103614 103620 103626
103635 103779 103671 103707 103743
103780 104057 103849 103918 103987
104058 104211 104096 104134 104172
104212 104278 104228 104244 104260
104279 104305 104285 104291 104297
104306 104452 104342 104378 104414
104453 104547 104476 104499 104522
104548 104609 104563 104578 104593
104610 104693 104630 104650 104670
104694 104746 104707 104720 104733
104747 104818 104764 104781 104798
104819 104988 104861 104903 104945
104989 105090 104991 104993 105066
105091 105135 105102 105113 105124
105136 105160 105142 105148 105154
105161 105279 105190 105219 105248
105280 105407 105311 105342 105373
105408 105467 105422 105436 105450
105468 105519 105480 105492 105504
105520 105606 105541 105562 105583
105607 105665 105621 105635 105649
105666 105723 105680 105694 105708
105724 105972 105786 105848 105910
105973 106010 105982 105991 106000
106011 106096 106032 106053 106074
106097 106173 106116 106135 106154
106174 106218 106185 106196 106207
106219 106321 106244 106269 106294
106322 106436 106350 106378 106406
106437 106485 106449 106461 106473
106486 106559 106504 106522 106540
106560 106749 106607 106654 106701
106750 106859 106777 106804 106831
106860 107027 106901 106942 106983
107028 107123 107051 107074 107097
107124 107198 107142 107160 107178
107199 107252 107212 107225 107238
107253 107299 107264 107275 107286
107300 107332 107308 107316 107324
107333 107358 107339 107345 107351
107359 107379 107364 107369 107374
107380 107525 107416 107452 107488
107526 107748 107581 107636 107691
107749 107773 107755 107761 107767
107774 107803 107781 107788 107795
107804 107951 107840 107876 107912
107952 107982 107959 107966 107973
107983 108017 107991 107999 108007
108018 108059 108028 108038 108048
108060 108100 108070 108080 108090
108101 108172 108118 108135 108152
108173 108238 108189 108205 108221
108239 108268 108246 108253 108260
108269 108356 108290 108311 108332
108357 108441 108378 108399 108420
108442 108541 108466 108490 108514
108542 108586 108553 108564 108575
108587 108627 108597 108607 108617
108628 108694 108644 108660 108676
108695 108787 108718 108741 108764
108788 108811 108793 108798 108803
108812 108873 108827 108842 108857
108874 108974 108899 108924 108949
108975 109117 109010 109045 109080
109118 109171 109131 109144 109157
109172 109239 109188 109204 109220
109240 109347 109266 109292 109318
109348 109385 109357 109366 109375
109386 109454 109403 109420 109437
109455 109515 109470 109485 109500
109516 109563 109527 109538 109549
109564 109639 109582 109600 109618
109640 109698 109654 109668 109682
109699 109716 109703 109707 109711
109717 109785 109734 109751 109768
109786 109815 109793 109800 109807
109816 109886 109833 109850 109867
109887 109932 109898 109909 109920
109933 110022 109955 109977 109999
110023 110194 110065 110107 110149
110195 110289 110218 110241 110264
110290 110352 110305 110320 110335
110353 110411 110367 110381 110395
110412 110496 110433 110454 110475
110497 110574 110516 110535 110554
110575 110610 110583 110591 110599
110611 110629 110615 110619 110623
110630 110675 110641 110652 110663
110676 110740 110692 110708 110724
110741 110792 110753 110765 110777
110793 110823 110800 110807 110814
110824 110857 110832 110840 110848
110858 110891 110866 110874 110882
110892 110962 110909 110926 110943
110963 111121 111002 111041 111080
111122 111163 111132 111142 111152
111164 111200 111173 111182 111191
111201 111246 111212 111223 111234
111247 111279 111255 111263 111271
111280 111332 111293 111306 111319
111333 111382 111345 111357 111369
111383 111493 111410 111437 111464
111494 111569 111512 111530 111548
111570 111627 111584 111598 111612
111628 111691 111643 111658 111673
111692 111725 111700 111708 111716
111726 111765 111735 111744 111753
111766 111870 111792 111818 111844
111871 111922 111883 111895 111907
111923 112302 112017 112111 112205
112303 112402 112327 112351 112375
112403 112495 112426 112449 112472
112496 112690 112544 112592 112640
112691 112750 112705 112719 112733
112751 112809 112765 112779 112793
112810 112869 112824 112838 112852
112870 112965 112893 112916 112939
112966 113073 112992 113018 113044
113074 113189 113102 113130 113158
113190 113322 113223 113256 113289
113323 113541 113377 113431 113485
113542 113625 113562 113582 113602
113626 113715 113648 113670 113692
113716 113777 113731 113746 113761
113778 113832 113791 113804 113817
113833 113894 113848 113863 113878
113895 113916 113900 113905 113910
113917 113954 113926 113935 113944
113955 114001 113966 113977 113988
114002 114024 114007 114012 114017
114025 114041 114029 114033 114037
114042 114122 114062 114082 114102
114123 114189 114139 114155 114171
114190 114228 114199 114208 114217
114229 114286 114243 114257 114271
114287 114357 114304 114321 114338
114358 114502 114394 114430 114466
114503 114640 114537 114571 114605
114641 114691 114653 114665 114677
114692 114866 114735 114778 114821
114867 114981 114895 114923 114951
114982 115057 115000 115018 115036
115058 115225 115099 115140 115181
115226 115267 115236 115246 115256
115268 115406 115302 115336 115370
115407 115464 115421 115435 115449
115465 115502 115474 115483 115492
115503 115527 115509 115515 115521
115528 115647 115557 115586 115615
115648 115751 115673 115698 115723
115752 115806 115765 115778 115791
115807 115946 115841 115875 115909
115947 116202 116010 116073 116136
116203 116323 116233 116263 116293
116324 116454 116356 116388 116420
116455 116532 116474 116493 116512
116533 116584 116545 116557 116569
116585 116658 116603 116621 116639
116659 116730 116676 116693 116710
116731 116780 116743 116755 116767
116781 116873 116804 116827 116850
116874 116910 116883 116892 116901
116911 117032 116941 116971 117001
117033 117085 117046 117059 117072
117086 117158 117104 117122 117140
117159 117260 117184 117209 117234
117261 117309 117273 117285 117297
117310 117360 117322 117334 117346
117361 117432 117378 117395 117412
117433 117476 117443 117453 117463
117477 117590 117505 117533 117561
117591 117716 117622 117653 117684
117717 117931 117770 117823 117876
117932 118034 117957 117982 118007
118035 118104 118052 118069 118086
118105 118197 118128 118151 118174
118198 118355 118237 118276 118315
118356 118456 118381 118406 118431
118457 118573 118486 118515 118544
118574 118673 118598 118622 118646
118674 118748 118692 118710 118728
118749 118807 118763 118777 118791
118808 118909 118833 118858 118883
118910 118966 118924 118938 118952
118967 119018 118979 118991 119003
119019 119100 119039 119059 119079
119101 119210 119128 119155 119182
119211 119346 119244 119277 119310
119347 119718 119439 119531 119623
119719 119768 119731 119743 119755
119769 119829 119784 119799 119814
119830 119900 119847 119864 119881
119901 119963 119916 119931 119946
119964 120044 119972 119980 120033
120045 120090 120056 120067 120078
120091 120228 120125 120159 120193
120229 120294 120245 120261 120277
120295 120349 120308 120321 120334
120350 120672 120430 120510 120590
120673 120706 120681 120689 120697
120707 120755 120719 120731 120743
120756 120803 120767 120778 120789
120804 121355 120941 121078 121215
121356 121402 121367 121378 121389
121403 121571 121445 121487 121529
121572 121705 121605 121638 121671
121706 121875 121748 121790 121832
121876 121923 121887 121898 121909
121924 122013 121946 121968 121990
122014 122072 122028 122042 122056
122073 122300 122129 122185 122241
122301 122452 122338 122375 122412
122453 122637 122499 122545 122591
122638 122790 122676 122714 122752
122791 122891 122816 122841 122866
122892 123104 122945 122998 123051
123105 123277 123148 123191 123234
123278 123339 123293 123308 123323
123340 123374 123348 123356 123364
123375 123432 123389 123403 123417
123433 123485 123446 123459 123472
123486 123554 123503 123520 123537
123555 123585 123562 123569 123576
123586 123638 123599 123612 123625
123639 123803 123680 123721 123762
123804 123879 123822 123840 123858
123880 123968 123902 123924 123946
123969 124028 123983 123997 124011
124029 124131 124054 124079 124104
124132 124221 124154 124176 124198
124222 124308 124243 124264 124285
124309 124404 124332 124355 124378
124405 124468 124420 124435 124450
124469 124574 124495 124521 124547
124575 124621 124586 124597 124608
124622 124645 124627 124632 124637
124646 124708 124661 124676 124691
124709 124744 124717 124725 124733
124745 124823 124764 124783 124802
124824 124914 124846 124868 124890
124915 124954 124924 124933 124942
124955 125011 124969 124983 124997
125012 125236 125068 125124 125180
125237 125287 125249 125261 125273
125288 125317 125295 125302 125309
125318 125378 125333 125348 125363
125379 125417 125388 125397 125406
125418 125476 125432 125446 125460
125477 125499 125482 125487 125492
125500 125536 125509 125518 125527
125537 125555 125541 125545 125549
125556 125583 125562 125568 125574
125584 125614 125591 125598 125605
125615 125682 125631 125647 125663
125683 125732 125695 125707 125719
125733 125762 125740 125747 125754
125763 125783 125768 125773 125778
125784 125823 125793 125802 125811
125824 126018 125872 125920 125968
126019 126038 126023 126027 126031
126039 126082 126049 126059 126069
126083 126179 126107 126131 126155
126180 126222 126190 126200 126210
126223 126268 126234 126245 126256
126269 126340 126286 126303 126320
126341 126402 126356 126371 126386
126403 126468 126419 126435 126451
126469 126497 126476 126483 126490
126498 126518 126503 126508 126513
126519 126657 126553 126587 126621
126658 126775 126687 126716 126745
126776 126833 126790 126804 126818
126834 126934 126859 126884 126909
126935 126970 126943 126951 126959
126971 126993 126976 126981 126986
126994 127024 127001 127008 127015
127025 127045 127030 127035 127040
127046 127070 127052 127058 127064
127071 127126 127084 127097 127110
127127 127155 127134 127141 127148
127156 127224 127173 127190 127207
127225 127256 127232 127239 127246
127257 127309 127270 127283 127296
127310 127351 127320 127330 127340
127352 127391 127361 127370 127379
127392 127440 127404 127416 127428
127441 127490 127453 127465 127477
127491 127578 127512 127533 127554
127579 127615 127588 127597 127606
127616 127665 127628 127640 127652
127666 127684 127670 127674 127678
127685 127715 127692 127699 127706
127716 127789 127734 127752 127770
127790 127821 127797 127804 127811
127822 127867 127833 127844 127855
127868 127913 127879 127890 127901
127914 127971 127928 127942 127956
127972 128000 127979 127986 127993
128001 128017 128005 128009 128013
128018 128034 128022 128026 128030
128035 128084 128047 128059 128071
128085 128128 128095 128105 128115
128129 128189 128144 128159 128174
128190 128216 128196 128202 128208
128217 128239 128222 128227 128232
128240 128291 128252 128264 128276
128292 128309 128296 128300 128304
128310 128332 128315 128320 128325
128333 128404 128350 128367 128384
128405 128424 128409 128413 128417
128425 128444 128429 128433 128437
128445 128465 128450 128455 128460
128466 128483 128470 128474 128478
128484 128505 128489 128494 128499
128506 128541 128514 128522 128530
128542 128569 128548 128554 128560
128570 128595 128576 128582 128588
128596 128623 128602 128608 128614
128624 128655 128631 128638 128645
128656 128674 128660 128664 128668
128675 128699 128681 128687 128693
128700 128739 128709 128718 128727
128740 128762 128745 128750 128755
128763 128804 128773 128783 128793
128805 128821 128809 128813 128817
128822 128847 128828 128834 128840
128848 128891 128858 128868 128878
128892 128914 128897 128902 128907
128915 128937 128920 128925 128930
128938 128960 128943 128948 128953
128961 128985 128967 128973 128979
128986 129003 128990 128994 128998
129004 129020 129008 129012 129016
129021 129059 129030 129039 129048
129060 129104 129071 129082 129093
129105 129123 129109 129113 129117
129124 129150 129130 129136 129142
129151 129182 129158 129165 129172
129183 129271 129205 129227 129249
129272 129446 129315 129358 129401
129447 129463 129451 129455 129459
129464 129557 129487 129510 129533
129558 129580 129563 129568 129573
129581 129642 129596 129611 129626
129643 129761 129672 129701 129730
129762 129882 129792 129822 129852
129883 129910 129889 129895 129901
129911 129945 129919 129927 129935
129946 129977 129953 129960 129967
129978 130001 129983 129988 129993
130002 130031 130009 130016 130023
130032 130055 130037 130042 130047
130056 130099 130066 130076 130086
130100 130190 130122 130144 130166
130191 130252 130206 130221 130236
130253 130325 130271 130289 130307
130326 130350 130332 130338 130344
130351 130371 130356 130361 130366
130372 130397 130378 130384 130390
130398 130419 130403 130408 130413
130420 130439 130424 130428 130432
130440 130513 130458 130476 130494
130514 130643 130546 130578 130610
130644 130727 130664 130684 130704
130728 130749 130733 130738 130743
130750 130776 130756 130762 130768
130777 130850 130795 130813 130831
130851 130927 130870 130889 130908
130928 131000 130946 130964 130982
131001 131083 131021 131041 131061
131084 131320 131143 131202 131261
131321 131423 131346 131371 131396
131424 131556 131457 131490 131523
131557 131674 131586 131615 131644
131675 131793 131704 131733 131762
131794 131863 131811 131828 131845
131864 131918 131877 131890 131903
131919 131994 131937 131955 131973
131995 132018 132000 132005 132010
132019 132042 132024 132029 132034
132043 132062 132047 132051 132055
132063 132169 132089 132115 132141
132170 132200 132177 132184 132191
132201 132227 132207 132213 132219
132228 132266 132237 132246 132255
132267 132316 132279 132291 132303
132317 132434 132346 132375 132404
132435 132461 132441 132447 132453
132462 132493 132469 132476 132483
132494 132663 132536 132578 132620
132664 132758 132687 132710 132733
132759 132791 132767 132775 132783
132792 132846 132805 132818 132831
132847 132926 132866 132885 132904
132927 133005 132946 132965 132984
133006 133103 133030 133054 133078
133104 133169 133120 133136 133152
133170 133220 133182 133194 133206
133221 133264 133231 133241 133251
133265 133426 133305 133345 133385
133427 133480 133440 133453 133466
133481 133561 133501 133521 133541
133562 133751 133609 133656 133703
133752 133784 133760 133768 133776
133785 133835 133797 133809 133821
133836 133910 133854 133872 133890
133911 133980 133928 133945 133962
133981 134169 134028 134075 134122
134170 134262 134193 134216 134239
134263 134284 134268 134273 134278
134285 134381 134309 134333 134357
134382 134436 134395 134408 134421
134437 134453 134441 134445 134449
134454 134474 134459 134464 134469
134475 134500 134481 134487 134493
134501 134612 134528 134555 134582
134613 134720 134639 134665 134691
134721 134744 134726 134731 134736
134745 134790 134756 134767 134778
134791 134864 134809 134827 134845
134865 134886 134870 134875 134880
134887 134935 134899 134911 134923
134936 134988 134949 134962 134975
134989 135019 134991 134993 135012
135020 135052 135028 135036 135044
135053 135098 135064 135075 135086
135099 135335 135158 135217 135276
135336 135373 135345 135354 135363
135374 135431 135388 135402 135416
135432 135521 135454 135476 135498
135522 135591 135539 135556 135573
135592 135623 135599 135606 135613
135624 135682 135638 135652 135666
135683 135722 135692 135701 135710
135723 135814 135745 135767 135789
135815 135847 135823 135831 135839
135848 135943 135871 135894 135917
135944 136055 135971 135998 136025
136056 136236 136101 136146 136191
136237 136307 136254 136271 136288
136308 136369 136323 136338 136353
136370 136392 136375 136380 136385
136393 136434 136403 136413 136423
136435 136498 136450 136465 136480
136499 136538 136508 136517 136526
136539 136603 136555 136571 136587
136604 136630 136610 136616 136622
136631 136667 136640 136649 136658
136668 136724 136682 136696 136710
136725 136760 136733 136741 136749
136761 136790 136768 136775 136782
136791 136834 136801 136811 136821
136835 136876 136845 136855 136865
136877 136948 136894 136911 136928
136949 137155 137000 137051 137102
137156 137179 137161 137166 137171
137180 137204 137186 137192 137198
137205 137238 137213 137221 137229
137239 137383 137275 137311 137347
137384 137516 137417 137450 137483
137517 137600 137537 137557 137577
137601 137660 137615 137629 137643
137661 137703 137671 137681 137691
137704 137740 137713 137722 137731
137741 137758 137745 137749 137753
137759 137776 137763 137767 137771
137777 137830 137790 137803 137816
137831 137848 137835 137839 137843
137849 137869 137854 137859 137864
137870 137887 137874 137878 137882
137888 137922 137896 137904 137912
137923 137946 137928 137933 137938
137947 137966 137951 137955 137959
137967 137986 137971 137975 137979
137987 138022 137995 138003 138011
138023 138044 138028 138033 138038
138045 138096 138057 138069 138081
138097 138133 138106 138115 138124
138134 138185 138146 138158 138170
138186 138272 138207 138228 138249
138273 138321 138285 138297 138309
138322 138386 138338 138354 138370
138387 138422 138395 138403 138411
138423 138478 138436 138449 138462
138479 138511 138487 138495 138503
138512 138571 138526 138540 138554
138572 138593 138577 138582 138587
138594 138627 138602 138610 138618
138628 138647 138632 138636 138640
138648 138668 138653 138658 138663
138669 138751 138689 138709 138729
138752 138797 138763 138774 138785
138798 138932 138831 138864 138897
138933 139039 138959 138985 139011
139040 139080 139050 139060 139070
139081 139163 139101 139121 139141
139164 139185 139169 139174 139179
139186 139220 139194 139202 139210
139221 139308 139242 139263 139284
139309 139366 139323 139337 139351
139367 139395 139374 139381 139388
139396 139484 139418 139440 139462
139485 139595 139512 139539 139566
139596 139612 139600 139604 139608
139613 139643 139620 139627 139634
139644 139669 139650 139656 139662
139670 139686 139674 139678 139682
139687 139706 139691 139695 139699
139707 139729 139712 139717 139722
139730 139746 139734 139738 139742
139747 139778 139754 139761 139768
139779 139803 139785 139791 139797
139804 139826 139809 139814 139819
139827 139870 139837 139847 139857
139871 139911 139881 139891 139901
139912 139943 139919 139926 139933
139944 139991 139955 139966 139977
139992 140024 140000 140008 140016
140025 140056 140032 140039 140046
140057 140094 140066 140075 140084
140095 140117 140100 140105 140110
140118 140150 140126 140134 140142
140151 140238 140172 140193 140214
140239 140261 140244 140249 140254
140262 140281 140266 140270 140274
140282 140328 140293 140304 140315
140329 140346 140333 140337 140341
140347 140392 140358 140369 140380
140393 140437 140404 140415 140426
140438 140457 140442 140446 140450
140458 140474 140462 140466 140470
140475 140492 140479 140483 140487
140493 140579 140514 140535 140556
140580 140596 140584 140588 140592
140597 140620 140602 140607 140612
140621 140645 140627 140633 140639
140646 140665 140650 140654 140658
140666 140729 140681 140696 140711
140730 140763 140738 140746 140754
140764 140804 140774 140784 140794
140805 140833 140812 140819 140826
140834 140867 140842 140850 140858
140868 140904 140877 140886 140895
140905 140932 140911 140917 140923
140933 141022 140955 140977 140999
141023 141048 141029 141035 141041
141049 141071 141054 141059 141064
141072 141130 141086 141100 141114
141131 141156 141137 141143 141149
141157 141198 141167 141177 141187
141199 141217 141203 141207 141211
141218 141265 141229 141240 141251
141266 141301 141274 141282 141290
141302 141360 141316 141330 141344
141361 141383 141366 141371 141376
141384 141415 141391 141398 141405
141416 141442 141422 141428 141434
141443 141464 141448 141453 141458
141465 141512 141476 141487 141498
141513 141575 141528 141543 141558
141576 141620 141587 141598 141609
141621 141639 141625 141629 141633
141640 141663 141645 141650 141655
141664 141721 141678 141692 141706
141722 141770 141734 141746 141758
141771 141806 141779 141787 141795
141807 141837 141814 141821 141828
141838 141869 141845 141852 141859
141870 141921 141882 141894 141906
141922 141949 141928 141934 141940
141950 141977 141956 141962 141968
141978 141994 141982 141986 141990
141995 142058 142010 142025 142040
142059 142095 142068 142077 142086
142096 142135 142105 142114 142123
142136 142160 142142 142148 142154
142161 142196 142169 142177 142185
142197 142269 142215 142233 142251
142270 142302 142278 142286 142294
142303 142407 142329 142355 142381
142408 142495 142429 142450 142471
142496 142600 142522 142548 142574
142601 142633 142609 142617 142625
142634 142657 142639 142644 142649
142658 142686 142665 142672 142679
142687 142767 142707 142727 142747
142768 142822 142781 142794 142807
142823 142872 142835 142847 142859
142873 142951 142892 142911 142930
142952 143010 142966 142980 142994
143011 143087 143030 143049 143068
143088 143126 143097 143106 143115
143127 143208 143147 143167 143187
143209 143236 143215 143221 143227
143237 143275 143246 143255 143264
143276 143322 143287 143298 143309
143323 143380 143337 143351 143365
143381 143405 143387 143393 143399
143406 143445 143415 143424 143433
143446 143493 143457 143468 143479
143494 143545 143506 143518 143530
143546 143587 143556 143566 143576
143588 143647 143602 143616 143630
143648 143670 143653 143658 143663
143671 143767 143695 143719 143743
143768 143819 143780 143792 143804
143820 143935 143848 143876 143904
143936 144010 143954 143972 143990
144011 144054 144021 144031 144041
144055 144173 144084 144113 144142
144174 144237 144189 144204 144219
144238 144282 144249 144260 144271
144283 144321 144292 144301 144310
144322 144376 144335 144348 144361
144377 144408 144384 144391 144398
144409 144438 144416 144423 144430
144439 144474 144447 144455 144463
144475 144570 144498 144521 144544
144571 144624 144584 144597 144610
144625 144659 144633 144641 144649
144660 144694 144668 144676 144684
144695 144722 144701 144707 144713
144723 144749 144729 144735 144741
144750 144786 144759 144768 144777
144787 144861 144805 144823 144841
144862 144886 144868 144874 144880
144887 144918 144894 144901 144908
144919 144950 144926 144933 144940
144951 144988 144960 144969 144978
144989 145017 144996 145003 145010
145018 145071 145031 145044 145057
145072 145110 145081 145090 145099
145111 145131 145116 145121 145126
145132 145155 145137 145142 145147
145156 145197 145166 145176 145186
145198 145261 145213 145228 145243
145262 145299 145271 145280 145289
145300 145333 145308 145316 145324
145334 145380 145345 145356 145367
145381 145430 145393 145405 145417
145431 145458 145437 145443 145449
145459 145485 145465 145471 145477
145486 145530 145497 145508 145519
145531 145594 145546 145561 145576
145595 145660 145611 145627 145643
145661 145684 145666 145671 145676
145685 145713 145692 145699 145706
145714 145777 145729 145744 145759
145778 145798 145783 145788 145793
145799 145821 145804 145809 145814
145822 145863 145832 145842 145852
145864 145894 145871 145878 145885
145895 145937 145905 145915 145925
145938 145956 145942 145946 145950
145957 145985 145964 145971 145978
145986 146009 145991 145996 146001
146010 146037 146016 146022 146028
146038 146054 146042 146046 146050
146055 146095 146065 146075 146085
146096 146150 146109 146122 146135
146151 146215 146167 146183 146199
146216 146240 146222 146228 146234
146241 146267 146247 146253 146259
146268 146304 146277 146286 146295
146305 146325 146310 146315 146320
146326 146367 146336 146346 146356
146368 146388 146373 146378 146383
146389 146408 146393 146397 146401
146409 146429 146414 146419 146424
146430 146471 146440 146450 146460
146472 146488 146476 146480 146484
146489 146545 146503 146517 146531
146546 146577 146553 146560 146567
146578 146612 146586 146594 146602
146613 146631 146617 146621 146625
146632 146654 146637 146642 146647
146655 146686 146662 146669 146676
146687 146757 146704 146721 146738
146758 146785 146764 146770 146776
146786 146806 146791 146796 146801
146807 146859 146820 146833 146846
146860 146886 146866 146872 146878
146887 146917 146894 146901 146908
146918 146936 146922 146926 146930
146937 146984 146948 146959 146970
146985 147016 146992 146999 147006
147017 147045 147024 147031 147038
147046 147067 147051 147056 147061
147068 147104 147077 147086 147095
147105 147153 147117 147129 147141
147154 147173 147158 147162 147166
147174 147204 147181 147188 147195
147205 147230 147211 147217 147223
147231 147253 147236 147241 147246
147254 147278 147260 147266 147272
147279 147304 147285 147291 147297
147305 147346 147315 147325 147335
147347 147364 147351 147355 147359
147365 147394 147372 147379 147386
147395 147411 147399 147403 147407
147412 147473 147427 147442 147457
147474 147493 147478 147482 147486
147494 147523 147501 147508 147515
147524 147569 147535 147546 147557
147570 147599 147577 147584 147591
147600 147623 147605 147610 147615
147624 147656 147632 147640 147648
147657 147677 147662 147667 147672
147678 147697 147682 147686 147690
147698 147725 147704 147710 147716
147726 147805 147745 147764 147783
147806 147862 147820 147834 147848
147863 147949 147884 147905 147926
147950 148008 147964 147978 147992
148009 148043 148017 148025 148033
148044 148088 148055 148066 148077
148089 148123 148097 148105 148113
148124 148159 148132 148140 148148
148160 148231 148177 148194 148211
148232 148314 148252 148272 148292
148315 148389 148333 148351 148369
148390 148458 148407 148424 148441
148459 148559 148484 148509 148534
148560 148624 148576 148592 148608
148625 148745 148655 148685 148715
148746 148814 148763 148780 148797
148815 148916 148840 148865 148890
148917 148966 148929 148941 148953
148967 149098 148999 149031 149063
149099 149138 149108 149117 149126
149139 149274 149172 149205 149238
149275 149346 149292 149309 149326
149347 149399 149360 149373 149386
149400 149436 149409 149418 149427
149437 149490 149450 149463 149476
149491 149507 149495 149499 149503
149508 149541 149516 149524 149532
149542 149590 149554 149566 149578
149591 149616 149597 149603 149609
149617 149641 149623 149629 149635
149642 149695 149655 149668 149681
149696 149721 149702 149708 149714
149722 149746 149728 149734 149740
149747 149786 149756 149765 149774
149787 149805 149791 149795 149799
149806 149823 149810 149814 149818
149824 149847 149829 149834 149839
149848 149873 149854 149860 149866
149874 149890 149878 149882 149886
149891 149908 149895 149899 149903
149909 149927 149913 149917 149921
149928 149954 149934 149940 149946
149955 150023 149966 149977 150015
150024 150063 150033 150042 150051
150064 150114 150076 150088 150100
150115 150175 150130 150145 150160
150176 150210 150184 150192 150200
150211 150279 150228 150245 150262
150280 150299 150284 150288 150292
150300 150365 150316 150332 150348
150366 150424 150380 150394 150408
150425 150445 150430 150435 150440
150446 150480 150454 150462 150470
150481 150604 150511 150541 150571
150605 150633 150612 150619 150626
150634 150663 150641 150648 150655
150664 150701 150673 150682 150691
150702 150757 150715 150728 150741
150758 150815 150772 150786 150800
150816 150857 150826 150836 150846
150858 150875 150862 150866 150870
150876 150929 150889 150902 150915
150930 150984 150943 150956 150969
150985 151086 151010 151035 151060
151087 151120 151095 151103 151111
151121 151148 151127 151133 151139
151149 151193 151160 151171 151182
151194 151215 151199 151204 151209
151216 151285 151233 151250 151267
151286 151321 151294 151302 151310
151322 151370 151334 151346 151358
151371 151393 151376 151381 151386
151394 151443 151406 151418 151430
151444 151509 151460 151476 151492
151510 151542 151518 151526 151534
151543 151624 151563 151583 151603
151625 151653 151632 151639 151646
151654 151706 151667 151680 151693
151707 151752 151718 151729 151740
151753 151776 151758 151763 151768
151777 151804 151783 151789 151795
151805 151832 151811 151817 151823
151833 151866 151841 151849 151857
151867 151895 151874 151881 151888
151896 151955 151910 151924 151938
151956 151979 151961 151966 151971
151980 152015 151988 151996 152004
152016 152067 152028 152040 152052
152068 152086 152072 152076 152080
152087 152144 152101 152115 152129
152145 152165 152150 152155 152160
152166 152253 152187 152208 152229
152254 152276 152259 152264 152269
152277 152305 152284 152291 152298
152306 152352 152317 152328 152339
152353 152412 152367 152381 152395
152413 152464 152425 152437 152449
152465 152498 152473 152481 152489
152499 152599 152524 152549 152574
152600 152647 152611 152622 152633
152648 152751 152673 152698 152723
152752 152776 152758 152764 152770
152777 152795 152781 152785 152789
152796 152829 152804 152812 152820
152830 152863 152838 152846 152854
152864 152884 152869 152874 152879
152885 152915 152892 152899 152906
152916 152943 152922 152928 152934
152944 152980 152953 152962 152971
152981 153045 152997 153013 153029
153046 153069 153051 153056 153061
153070 153110 153080 153090 153100
153111 153131 153116 153121 153126
153132 153153 153137 153142 153147
153154 153198 153165 153176 153187
153199 153286 153220 153241 153262
153287 153357 153304 153321 153338
153358 153381 153363 153368 153373
153382 153405 153387 153392 153397
153406 153453 153417 153428 153439
153454 153495 153464 153474 153484
153496 153552 153510 153524 153538
153553 153577 153559 153565 153571
153578 153675 153602 153626 153650
153676 153701 153682 153688 153694
153702 153759 153716 153730 153744
153760 153806 153771 153782 153793
153807 153871 153823 153839 153855
153872 153958 153893 153914 153935
153959 153981 153964 153969 153974
153982 154113 154014 154046 154078
154114 154166 154127 154140 154153
154167 154213 154178 154189 154200
154214 154241 154220 154226 154232
154242 154262 154247 154252 154257
154263 154311 154275 154287 154299
154312 154356 154323 154334 154345
154357 154401 154368 154379 154390
154402 154427 154408 154414 154420
154428 154459 154435 154442 154449
154460 154521 154475 154490 154505
154522 154575 154535 154548 154561
154576 154630 154589 154602 154615
154631 154697 154647 154663 154679
154698 154727 154705 154712 154719
154728 154771 154738 154748 154758
154772 154789 154776 154780 154784
154790 154813 154795 154800 154805
154814 154855 154824 154834 154844
154856 154889 154864 154872 154880
154890 154932 154900 154910 154920
154933 155018 154954 154975 154996
155019 155088 155036 155053 155070
155089 155199 155116 155143 155170
155200 155322 155230 155260 155290
155323 155473 155360 155397 155434
155474 155672 155523 155572 155621
155673 155772 155697 155721 155745
155773 155967 155821 155869 155917
155968 155991 155973 155978 155983
155992 156014 155997 156002 156007
156015 156053 156024 156033 156042
156054 156146 156077 156100 156123
156147 156192 156158 156169 156180
156193 156279 156214 156235 156256
156280 156359 156299 156318 156337
156360 156459 156384 156408 156432
156460 156522 156475 156490 156505
156523 156569 156534 156545 156556
156570 156614 156581 156592 156603
156615 156657 156625 156635 156645
156658 156715 156672 156686 156700
156716 156806 156738 156760 156782
156807 156908 156832 156857 156882
156909 156957 156921 156933 156945
156958 157109 156995 157032 157069
157110 157165 157123 157136 157149
157166 157215 157178 157190 157202
157216 157268 157229 157242 157255
157269 157316 157280 157291 157302
157317 157347 157324 157331 157338
157348 157423 157366 157384 157402
157424 157523 157448 157472 157496
157524 157657 157557 157590 157623
157658 157712 157671 157684 157697
157713 157744 157720 157727 157734
157745 157851 157771 157797 157823
157852 157914 157867 157882 157897
157915 157946 157922 157929 157936
157947 157972 157953 157959 157965
157973 158038 157989 158005 158021
158039 158090 158051 158063 158075
158091 158132 158101 158111 158121
158133 158208 158151 158169 158187
158209 158233 158215 158221 158227
158234 158291 158248 158262 158276
158292 158347 158305 158318 158331
158348 158439 158370 158392 158414
158440 158470 158447 158454 158461
158471 158508 158480 158489 158498
158509 158546 158518 158527 158536
158547 158585 158556 158565 158574
158586 158666 158606 158626 158646
158667 158689 158672 158677 158682
158690 158735 158701 158712 158723
158736 158787 158748 158760 158772
158788 158825 158797 158806 158815
158826 158944 158855 158884 158913
158945 158975 158952 158959 158966
158976 159080 159002 159028 159054
159081 159194 159109 159137 159165
159195 159310 159223 159251 159279
159311 167135 160733 162155 166599
