0 134 33 66 99
135 182 146 157 168
183 537 271 359 447
538 1171 696 854 1012
1172 1201 1179 1186 1193
1202 1232 1209 1216 1223
1233 1395 1273 1313 1353
1396 1452 1410 1424 1438
1453 1545 1476 1499 1522
1546 1626 1566 1586 1606
1627 1710 1647 1667 1687
1711 1758 1722 1733 1744
1759 1874 1787 1815 1843
1875 1922 1886 1897 1908
1923 1981 1937 1951 1965
1982 2039 1996 2010 2024
2040 2077 2049 2058 2067
2078 2211 2111 2144 2177
2212 2472 2277 2342 2407
2473 2577 2499 2525 2551
2578 2650 2596 2614 2632
2651 2784 2684 2717 2750
2785 3078 2858 2931 3004
3079 3190 3106 3133 3160
3191 3264 3209 3227 3245
3265 3638 3358 3451 3544
3639 3730 3661 3683 3705
3731 3900 3773 3815 3857
3901 4033 3934 3967 4000
4034 4105 4051 4068 4085
4106 4193 4127 4148 4169
4194 4328 4227 4260 4293
4329 4498 4371 4413 4455
4499 4523 4505 4511 4517
4524 4644 4554 4584 4614
4645 4760 4673 4701 4729
4761 4856 4784 4807 4830
4857 5010 4895 4933 4971
5011 5042 5018 5025 5032
5043 5341 5117 5191 5265
5342 5456 5370 5398 5426
5457 5541 5478 5499 5520
5542 5675 5575 5608 5641
5676 5735 5690 5704 5718
5736 5822 5757 5778 5799
5823 5903 5843 5863 5883
5904 5952 5916 5928 5940
5953 6032 5972 5991 6010
6033 6086 6046 6059 6072
6087 6128 6097 6107 6117
6129 6194 6145 6161 6177
6195 6235 6205 6215 6225
6236 6260 6242 6248 6254
6261 6372 6288 6315 6342
6373 6415 6383 6393 6403
6416 6509 6439 6462 6485
6510 6605 6533 6556 6579
6606 6721 6634 6662 6690
6722 6789 6738 6754 6770
6790 6878 6812 6834 6856
6879 6917 6888 6897 6906
6918 7127 6970 7022 7074
7128 7194 7144 7160 7176
7195 7232 7204 7213 7222
7233 7327 7256 7279 7302
7328 7562 7386 7444 7502
7563 7880 7642 7721 7800
7881 7968 7902 7923 7944
7969 8413 8080 8191 8302
8414 8532 8443 8472 8501
8533 8629 8557 8581 8605
8630 8685 8643 8656 8669
8686 8752 8702 8718 8734
8753 8807 8766 8779 8792
8808 8861 8821 8834 8847
8862 8912 8874 8886 8898
8913 8943 8920 8927 8934
8944 9055 8971 8998 9025
9056 9090 9064 9072 9080
9091 9168 9110 9129 9148
9169 9210 9179 9189 9199
9211 9284 9229 9247 9265
9285 9355 9302 9319 9336
9356 9418 9371 9386 9401
9419 9481 9434 9449 9464
9482 9500 9486 9490 9494
9501 9522 9506 9511 9516
9523 9554 9530 9537 9544
9555 9585 9562 9569 9576
9586 9619 9594 9602 9610
9620 9673 9633 9646 9659
9674 9732 9688 9702 9716
9733 9803 9750 9767 9784
9804 9833 9811 9818 9825
9834 9857 9839 9844 9849
9858 9884 9864 9870 9876
9885 10013 9917 9949 9981
10014 10082 10031 10048 10065
10083 10121 10092 10101 10110
10122 10164 10132 10142 10152
10165 10198 10173 10181 10189
10199 10319 10229 10259 10289
10320 10393 10338 10356 10374
10394 10421 10400 10406 10412
10422 10482 10437 10452 10467
10483 11080 10632 10781 10930
11081 11139 11095 11109 11123
11140 11203 11155 11170 11185
11204 11231 11210 11216 11222
11232 11430 11281 11330 11379
11431 11450 11435 11439 11443
11451 11496 11462 11473 11484
11497 11548 11509 11521 11533
11549 11686 11583 11617 11651
11687 11746 11701 11715 11729
11747 11802 11760 11773 11786
11803 11840 11812 11821 11830
11841 11925 11862 11883 11904
11926 12027 11951 11976 12001
12028 12093 12044 12060 12076
12094 12184 12116 12138 12160
12185 12314 12217 12249 12281
12315 12358 12325 12335 12345
12359 12470 12386 12413 12440
12471 12503 12479 12487 12495
12504 12611 12530 12556 12582
12612 12794 12657 12702 12747
12795 12830 12803 12811 12819
12831 12855 12837 12843 12849
12856 12884 12863 12870 12877
12885 12993 12912 12939 12966
12994 13022 13001 13008 13015
13023 13081 13037 13051 13065
13082 13098 13086 13090 13094
13099 13131 13107 13115 13123
13132 13157 13138 13144 13150
13158 13180 13163 13168 13173
13181 13200 13185 13189 13193
13201 13248 13212 13223 13234
13249 13322 13267 13285 13303
13323 13359 13332 13341 13350
13360 13486 13391 13422 13453
13487 13506 13491 13495 13499
13507 13558 13519 13531 13543
13559 13606 13570 13581 13592
13607 13633 13613 13619 13625
13634 13650 13638 13642 13646
13651 13765 13679 13707 13735
13766 13935 13808 13850 13892
13936 13965 13943 13950 13957
13966 14014 13978 13990 14002
14015 14032 14019 14023 14027
14033 14127 14056 14079 14102
14128 14232 14154 14180 14206
14233 14249 14237 14241 14245
14250 14288 14259 14268 14277
14289 14358 14306 14323 14340
14359 14479 14389 14419 14449
14480 14588 14507 14534 14561
14589 14605 14593 14597 14601
14606 14637 14613 14620 14627
14638 14659 14643 14648 14653
14660 14682 14665 14670 14675
14683 14714 14690 14697 14704
14715 14729 14718 14721 14724
14730 14746 14734 14738 14742
14747 14777 14754 14761 14768
14778 14802 14784 14790 14796
14803 14896 14826 14849 14872
14897 14955 14911 14925 14939
14956 15007 14966 14976 15003
15008 15039 15015 15022 15029
15040 15056 15044 15048 15052
15057 15143 15078 15099 15120
15144 15182 15153 15162 15171
15183 15242 15197 15211 15225
15243 15272 15250 15257 15264
15273 15298 15279 15285 15291
15299 15316 15303 15307 15311
15317 15364 15328 15339 15350
15365 15469 15391 15417 15443
15470 15520 15482 15494 15506
15521 15574 15534 15547 15560
15575 15602 15581 15587 15593
15603 15658 15616 15629 15642
15659 15729 15676 15693 15710
15730 15759 15737 15744 15751
15760 15861 15785 15810 15835
15862 15906 15873 15884 15895
15907 15948 15917 15927 15937
15949 16018 15966 15983 16000
16019 16081 16034 16049 16064
16082 16105 16087 16092 16097
16106 16132 16112 16118 16124
16133 16247 16161 16189 16217
16248 16502 16311 16374 16437
16503 16530 16509 16515 16521
16531 16548 16535 16539 16543
16549 16627 16568 16587 16606
16628 16659 16635 16642 16649
16660 16706 16671 16682 16693
16707 16824 16736 16765 16794
16825 16914 16847 16869 16891
16915 16989 16933 16951 16969
16990 17069 17009 17028 17047
17070 17220 17107 17144 17181
17221 17259 17230 17239 17248
17260 17290 17267 17274 17281
17291 17331 17301 17311 17321
17332 17366 17340 17348 17356
17367 17436 17384 17401 17418
17437 17504 17453 17469 17485
17505 17585 17525 17545 17565
17586 17631 17597 17608 17619
17632 17658 17638 17644 17650
17659 17708 17671 17683 17695
17709 17757 17721 17733 17745
17758 17826 17775 17792 17809
17827 17857 17834 17841 17848
17858 17891 17866 17874 17882
17892 17944 17905 17918 17931
17945 18005 17960 17975 17990
18006 18029 18011 18016 18021
18030 18071 18040 18050 18060
18072 18121 18084 18096 18108
18122 18165 18132 18142 18152
18166 18218 18179 18192 18205
18219 18273 18232 18245 18258
18274 18315 18284 18294 18304
18316 18409 18339 18362 18385
18410 18438 18417 18424 18431
18439 18462 18444 18449 18454
18463 18535 18481 18499 18517
18536 18583 18547 18558 18569
18584 18620 18593 18602 18611
18621 18744 18651 18681 18711
18745 18801 18759 18773 18787
18802 18934 18835 18868 18901
18935 18977 18945 18955 18965
18978 19018 18988 18998 19008
19019 19107 19041 19063 19085
19108 19138 19115 19122 19129
19139 19172 19147 19155 19163
19173 19201 19180 19187 19194
19202 19262 19217 19232 19247
19263 19293 19270 19277 19284
19294 19311 19298 19302 19306
19312 19342 19319 19326 19333
19343 19387 19354 19365 19376
19388 19458 19405 19422 19439
19459 19536 19478 19497 19516
19537 19593 19551 19565 19579
19594 19645 19606 19618 19630
19646 19877 19703 19760 19817
19878 19938 19893 19908 19923
19939 19966 19945 19951 19957
19967 20114 20003 20039 20075
20115 20166 20127 20139 20151
20167 20213 20178 20189 20200
20214 20272 20228 20242 20256
20273 20326 20286 20299 20312
20327 20375 20339 20351 20363
20376 20428 20389 20402 20415
20429 20476 20440 20451 20462
20477 20580 20502 20527 20552
20581 20640 20595 20609 20623
20641 20704 20656 20671 20686
20705 20731 20711 20717 20723
20732 20915 20777 20822 20867
20916 20936 20921 20926 20931
20937 21013 20956 20975 20994
21014 21068 21027 21040 21053
21069 21125 21083 21097 21111
21126 21147 21131 21136 21141
21148 21184 21157 21166 21175
21185 21215 21192 21199 21206
21216 21245 21223 21230 21237
21246 21272 21252 21258 21264
21273 21304 21280 21287 21294
21305 21349 21316 21327 21338
21350 21390 21360 21370 21380
21391 21453 21406 21421 21436
21454 21495 21464 21474 21484
21496 21534 21505 21514 21523
21535 21561 21541 21547 21553
21562 21578 21566 21570 21574
21579 21763 21625 21671 21717
21764 21790 21770 21776 21782
21791 21864 21809 21827 21845
21865 21893 21872 21879 21886
21894 21916 21899 21904 21909
21917 22090 21960 22003 22046
22091 22212 22121 22151 22181
22213 22282 22230 22247 22264
22283 22345 22298 22313 22328
22346 22389 22356 22366 22376
22390 22509 22419 22448 22477
22510 22670 22550 22590 22630
22671 23112 22781 22891 23001
23113 23192 23132 23151 23170
23193 23238 23204 23215 23226
23239 23266 23245 23251 23257
23267 23621 23355 23443 23531
23622 23664 23632 23642 23652
23665 23915 23727 23789 23851
23916 23962 23927 23938 23949
23963 24406 24073 24183 24293
24407 24471 24423 24439 24455
24472 24832 24562 24652 24742
24833 24883 24845 24857 24869
24884 25397 25012 25140 25268
25398 25511 25426 25454 25482
25512 25574 25527 25542 25557
25575 25774 25624 25673 25722
25775 25806 25782 25789 25796
25807 25892 25828 25849 25870
25893 25917 25899 25905 25911
25918 25999 25938 25958 25978
26000 26047 26011 26022 26033
26048 26110 26063 26078 26093
26111 26152 26121 26131 26141
26153 26288 26186 26219 26252
26289 26350 26304 26319 26334
26351 26596 26412 26473 26534
26597 26627 26604 26611 26618
26628 26657 26635 26642 26649
26658 26775 26687 26716 26745
26776 26800 26782 26788 26794
26801 26834 26809 26817 26825
26835 26882 26846 26857 26868
26883 26929 26894 26905 26916
26930 26972 26940 26950 26960
26973 27046 26991 27009 27027
27047 27194 27083 27119 27155
27195 27237 27205 27215 27225
27238 27271 27246 27254 27262
27272 27375 27297 27322 27347
27376 27406 27383 27390 27397
27407 27480 27425 27443 27461
27481 27517 27490 27499 27508
27518 27538 27523 27528 27533
27539 27851 27617 27695 27773
27852 27896 27863 27874 27885
27897 27937 27907 27917 27927
27938 27963 27944 27950 27956
27964 28000 27973 27982 27991
28001 28017 28005 28009 28013
28018 28051 28026 28034 28042
28052 28156 28078 28104 28130
28157 28266 28184 28211 28238
28267 28305 28276 28285 28294
28306 28371 28322 28338 28354
28372 28402 28379 28386 28393
28403 28439 28412 28421 28430
28440 28525 28461 28482 28503
28526 28542 28530 28534 28538
28543 28621 28562 28581 28600
28622 28745 28652 28682 28712
28746 28798 28759 28772 28785
28799 28844 28810 28821 28832
28845 28958 28873 28901 28929
28959 29003 28970 28981 28992
29004 29031 29010 29016 29022
29032 29155 29062 29092 29122
29156 29177 29161 29166 29171
29178 29385 29229 29280 29331
29386 29469 29406 29426 29446
29470 29510 29480 29490 29500
29511 29678 29552 29593 29634
29679 29710 29686 29693 29700
29711 29799 29733 29755 29777
29800 30094 29849 29898 30069
30095 30392 30169 30243 30317
30393 30711 30472 30551 30630
30712 30839 30743 30774 30805
30840 30954 30868 30896 30924
30955 30996 30965 30975 30985
30997 31104 31023 31049 31075
31105 31192 31126 31147 31168
31193 31501 31270 31347 31424
31502 31558 31516 31530 31544
31559 31621 31574 31589 31604
31622 31658 31631 31640 31649
31659 31821 31699 31739 31779
31822 31940 31851 31880 31909
31941 32043 31966 31991 32016
32044 32125 32064 32084 32104
32126 32175 32138 32150 32162
32176 32266 32198 32220 32242
32267 32292 32273 32279 32285
32293 32423 32325 32357 32389
32424 32530 32450 32476 32502
32531 32625 32554 32577 32600
32626 32679 32639 32652 32665
32680 32873 32728 32776 32824
32874 32936 32889 32904 32919
32937 33005 32954 32971 32988
33006 33077 33023 33040 33057
33078 33248 33120 33162 33204
33249 33402 33287 33325 33363
33403 33510 33429 33455 33481
33511 33560 33523 33535 33547
33561 33685 33592 33623 33654
33686 33726 33696 33706 33716
33727 33760 33735 33743 33751
33761 33856 33784 33807 33830
33857 33900 33867 33877 33887
33901 33969 33918 33935 33952
33970 34170 34020 34070 34120
34171 34342 34213 34255 34297
34343 34448 34369 34395 34421
34449 34509 34464 34479 34494
34510 34609 34534 34558 34582
34610 34903 34683 34756 34829
34904 34972 34921 34938 34955
34973 35072 34997 35021 35045
35073 35153 35093 35113 35133
35154 35253 35178 35202 35226
35254 35399 35290 35326 35362
35400 35576 35444 35488 35532
35577 35880 35652 35727 35802
35881 35921 35891 35901 35911
35922 35957 35930 35938 35946
35958 36024 35974 35990 36006
36025 36079 36038 36051 36064
36080 36115 36088 36096 36104
36116 36172 36130 36144 36158
36173 36217 36184 36195 36206
36218 36243 36224 36230 36236
36244 36359 36272 36300 36328
36360 36418 36374 36388 36402
36419 36487 36436 36453 36470
36488 36551 36503 36518 36533
36552 36588 36561 36570 36579
36589 36634 36600 36611 36622
36635 36693 36649 36663 36677
36694 36711 36698 36702 36706
36712 36734 36717 36722 36727
36735 36788 36748 36761 36774
36789 36814 36795 36801 36807
36815 36843 36822 36829 36836
36844 36873 36851 36858 36865
36874 36909 36882 36890 36898
36910 36942 36918 36926 36934
36943 36984 36953 36963 36973
36985 37021 36994 37003 37012
37022 37071 37034 37046 37058
37072 37272 37122 37172 37222
37273 37468 37321 37369 37417
37469 37528 37483 37497 37511
37529 37570 37539 37549 37559
37571 37603 37579 37587 37595
37604 37669 37620 37636 37652
37670 37703 37678 37686 37694
37704 37791 37725 37746 37767
37792 37873 37812 37832 37852
37874 38020 37910 37946 37982
38021 38237 38075 38129 38183
38238 38297 38252 38266 38280
38298 38397 38322 38346 38370
38398 38433 38406 38414 38422
38434 38460 38440 38446 38452
38461 38537 38480 38499 38518
38538 38650 38566 38594 38622
38651 38731 38671 38691 38711
38732 38861 38764 38796 38828
38862 39027 38903 38944 38985
39028 39137 39055 39082 39109
39138 39181 39148 39158 39168
39182 39287 39208 39234 39260
39288 39328 39298 39308 39318
39329 39404 39347 39365 39383
39405 39475 39422 39439 39456
39476 39520 39487 39498 39509
39521 39565 39532 39543 39554
39566 39642 39585 39604 39623
39643 39704 39658 39673 39688
39705 39813 39732 39759 39786
39814 39866 39827 39840 39853
39867 39887 39872 39877 39882
39888 39911 39893 39898 39903
39912 39960 39924 39936 39948
39961 40073 39989 40017 40045
40074 40145 40091 40108 40125
40146 40173 40152 40158 40164
40174 40293 40203 40232 40261
40294 40321 40300 40306 40312
40322 40371 40334 40346 40358
40372 40388 40376 40380 40384
40389 40425 40398 40407 40416
40426 40508 40446 40466 40486
40509 40563 40522 40535 40548
40564 40612 40576 40588 40600
40613 40671 40627 40641 40655
40672 40698 40678 40684 40690
40699 40719 40704 40709 40714
40720 40807 40741 40762 40783
40808 40857 40820 40832 40844
40858 40918 40873 40888 40903
40919 41274 41007 41095 41183
41275 41393 41304 41333 41362
41394 41539 41430 41466 41502
41540 41586 41551 41562 41573
41587 41641 41600 41613 41626
41642 41699 41656 41670 41684
41700 41723 41705 41710 41715
41724 41743 41728 41732 41736
41744 41829 41765 41786 41807
41830 41982 41868 41906 41944
41983 42077 42006 42029 42052
42078 42103 42084 42090 42096
42104 42644 42239 42374 42509
42645 42756 42672 42699 42726
42757 42812 42770 42783 42796
42813 42944 42845 42877 42909
42945 43074 42977 43009 43041
43075 43162 43096 43117 43138
43163 43260 43187 43211 43235
43261 43342 43281 43301 43321
43343 43624 43413 43483 43553
43625 43698 43643 43661 43679
43699 43873 43742 43785 43828
43874 43944 43891 43908 43925
43945 44002 43959 43973 43987
44003 44059 44017 44031 44045
44060 44123 44075 44090 44105
44124 44185 44139 44154 44169
44186 44236 44198 44210 44222
44237 44335 44261 44285 44309
44336 44512 44380 44424 44468
44513 44612 44537 44561 44585
44613 44700 44634 44655 44676
44701 44785 44722 44743 44764
44786 45082 44839 44892 45060
45083 45213 45115 45147 45179
45214 45257 45224 45234 45244
45258 45343 45279 45300 45321
45344 45501 45383 45422 45461
45502 45549 45513 45524 45535
45550 45770 45605 45660 45715
45771 45939 45813 45855 45897
45940 46366 46046 46152 46258
46367 46471 46393 46419 46445
46472 46564 46495 46518 46541
46565 46653 46587 46609 46631
46654 46698 46665 46676 46687
46699 46776 46718 46737 46756
46777 46820 46787 46797 46807
46821 46899 46840 46859 46878
46900 46990 46922 46944 46966
46991 47037 47002 47013 47024
47038 47187 47075 47112 47149
47188 47247 47202 47216 47230
47248 47333 47269 47290 47311
47334 47381 47345 47356 47367
47382 47486 47408 47434 47460
47487 47703 47541 47595 47649
47704 47735 47711 47718 47725
47736 47786 47748 47760 47772
47787 47803 47791 47795 47799
47804 47854 47816 47828 47840
47855 47875 47860 47865 47870
47876 47924 47888 47900 47912
47925 47944 47929 47933 47937
47945 47971 47951 47957 47963
47972 47991 47976 47980 47984
47992 48036 48003 48014 48025
48037 48054 48041 48045 48049
48055 48074 48059 48063 48067
48075 48094 48079 48083 48087
48095 48420 48176 48257 48338
48421 48446 48427 48433 48439
48447 48528 48467 48487 48507
48529 48567 48538 48547 48556
48568 48796 48625 48682 48739
48797 48858 48812 48827 48842
48859 48906 48870 48881 48892
48907 48950 48917 48927 48937
48951 48988 48960 48969 48978
48989 49020 48996 49003 49010
49021 49094 49039 49057 49075
49095 49136 49105 49115 49125
49137 49153 49141 49145 49149
49154 49237 49174 49194 49214
49238 49394 49277 49316 49355
49395 49501 49421 49447 49473
49502 49536 49510 49518 49526
49537 49688 49574 49611 49648
49689 49801 49717 49745 49773
49802 49860 49816 49830 49844
49861 49917 49875 49889 49903
49918 49957 49927 49936 49945
49958 50109 49995 50032 50069
50110 50144 50118 50126 50134
50145 50247 50170 50195 50220
50248 50289 50258 50268 50278
50290 50330 50300 50310 50320
50331 50428 50355 50379 50403
50429 50514 50450 50471 50492
50515 50672 50554 50593 50632
50673 50699 50679 50685 50691
50700 50737 50709 50718 50727
50738 50766 50745 50752 50759
50767 50808 50777 50787 50797
50809 50830 50814 50819 50824
50831 50893 50846 50861 50876
50894 51236 50979 51064 51149
51237 51524 51308 51379 51450
51525 51571 51536 51547 51558
51572 51639 51588 51604 51620
51640 51675 51648 51656 51664
51676 51733 51690 51704 51718
51734 51817 51754 51774 51794
51818 51908 51840 51862 51884
51909 51989 51929 51949 51969
51990 52029 51999 52008 52017
52030 52177 52066 52102 52138
52178 52217 52187 52196 52205
52218 52315 52242 52266 52290
52316 52387 52333 52350 52367
52388 52686 52462 52536 52610
52687 52709 52692 52697 52702
52710 52785 52728 52746 52764
52786 52825 52795 52804 52813
52826 52857 52833 52840 52847
52858 52889 52865 52872 52879
52890 53042 52928 52966 53004
53043 53137 53066 53089 53112
53138 53155 53142 53146 53150
53156 53194 53165 53174 53183
53195 53254 53209 53223 53237
53255 53309 53268 53281 53294
53310 53361 53322 53334 53346
53362 53435 53380 53398 53416
53436 53462 53442 53448 53454
53463 53555 53486 53509 53532
53556 53604 53568 53580 53592
53605 53627 53610 53615 53620
53628 53666 53637 53646 53655
53667 53684 53671 53675 53679
53685 53711 53691 53697 53703
53712 53736 53718 53724 53730
53737 53776 53746 53755 53764
53777 53815 53786 53795 53804
53816 53835 53820 53824 53828
53836 53873 53845 53854 53863
53874 53937 53889 53904 53919
53938 53986 53950 53962 53974
53987 54024 53996 54005 54014
54025 54055 54032 54039 54046
54056 54095 54065 54074 54083
54096 54137 54106 54116 54126
54138 54180 54148 54158 54168
54181 54197 54185 54189 54193
54198 54227 54205 54212 54219
54228 54274 54239 54250 54261
54275 54305 54282 54289 54296
54306 54455 54343 54380 54417
54456 54525 54473 54490 54507
54526 54590 54542 54558 54574
54591 54610 54595 54599 54603
54611 54814 54661 54711 54761
54815 54849 54823 54831 54839
54850 54868 54854 54858 54862
54869 54918 54881 54893 54905
54919 54953 54927 54935 54943
54954 54999 54965 54976 54987
55000 55087 55021 55042 55063
55088 55120 55096 55104 55112
55121 55162 55131 55141 55151
55163 55179 55167 55171 55175
55180 55201 55185 55190 55195
55202 55256 55215 55228 55241
55257 55310 55270 55283 55296
55311 55330 55315 55319 55323
55331 55354 55336 55341 55346
55355 55388 55363 55371 55379
55389 55427 55398 55407 55416
55428 55444 55432 55436 55440
55445 55467 55450 55455 55460
55468 55494 55474 55480 55486
55495 55521 55501 55507 55513
55522 55552 55529 55536 55543
55553 55599 55564 55575 55586
55600 55624 55606 55612 55618
55625 55660 55633 55641 55649
55661 55701 55671 55681 55691
55702 55732 55709 55716 55723
55733 55753 55738 55743 55748
55754 55798 55765 55776 55787
55799 55861 55814 55829 55844
55862 55892 55869 55876 55883
55893 55919 55899 55905 55911
55920 55953 55928 55936 55944
55954 55980 55960 55966 55972
55981 56013 55989 55997 56005
56014 56057 56024 56034 56044
56058 56107 56070 56082 56094
56108 56132 56114 56120 56126
56133 56157 56139 56145 56151
56158 56220 56173 56188 56203
56221 56237 56225 56229 56233
56238 56255 56242 56246 56250
56256 56272 56260 56264 56268
56273 56289 56277 56281 56285
56290 56377 56311 56332 56353
56378 56403 56384 56390 56396
56404 56465 56419 56434 56449
56466 56545 56485 56504 56523
56546 56619 56564 56582 56600
56620 56682 56635 56650 56665
56683 56712 56690 56697 56704
56713 56737 56719 56725 56731
56738 56812 56756 56774 56792
56813 56841 56820 56827 56834
56842 56899 56856 56870 56884
56900 57064 56941 56982 57023
57065 57155 57087 57109 57131
57156 57226 57173 57190 57207
57227 57337 57254 57281 57308
57338 57392 57351 57364 57377
57393 57509 57422 57451 57480
57510 57574 57526 57542 57558
57575 57647 57593 57611 57629
57648 57696 57660 57672 57684
57697 57761 57713 57729 57745
57762 57800 57771 57780 57789
57801 57831 57808 57815 57822
57832 58135 57907 57982 58057
58136 58665 58268 58400 58532
58666 58710 58677 58688 58699
58711 58928 58765 58819 58873
58929 58971 58939 58949 58959
58972 59082 58999 59026 59053
59083 59117 59091 59099 59107
59118 59217 59142 59166 59190
59218 59271 59231 59244 59257
59272 59325 59285 59298 59311
59326 59460 59359 59392 59425
59461 59513 59474 59487 59500
59514 59659 59550 59586 59622
59660 59714 59673 59686 59699
59715 59775 59730 59745 59760
59776 59842 59792 59808 59824
59843 59926 59863 59883 59903
59927 59958 59934 59941 59948
59959 59980 59964 59969 59974
59981 60063 59985 59989 60045
60064 60154 60086 60108 60130
60155 60234 60174 60193 60212
60235 60343 60262 60289 60316
60344 60434 60366 60388 60410
60435 60485 60447 60459 60471
60486 60528 60496 60506 60516
60529 60690 60569 60609 60649
60691 60749 60705 60719 60733
60750 60810 60765 60780 60795
60811 60977 60852 60893 60934
60978 61021 60988 60998 61008
61022 61122 61047 61072 61097
61123 61211 61145 61167 61189
61212 61306 61235 61258 61281
61307 61377 61324 61341 61358
61378 61707 61460 61542 61624
61708 62064 61797 61886 61975
62065 62117 62078 62091 62104
62118 62293 62161 62204 62247
62294 62948 62457 62620 62783
62949 63000 62961 62973 62985
63001 63032 63008 63015 63022
63033 63075 63043 63053 63063
63076 63100 63082 63088 63094
63101 63133 63109 63117 63125
63134 63185 63146 63158 63170
63186 63288 63211 63236 63261
63289 63336 63300 63311 63322
63337 63419 63357 63377 63397
63420 63503 63440 63460 63480
63504 63541 63513 63522 63531
63542 63575 63550 63558 63566
63576 63617 63586 63596 63606
63618 63634 63622 63626 63630
63635 63683 63647 63659 63671
63684 63703 63688 63692 63696
63704 63732 63711 63718 63725
63733 63832 63757 63781 63805
63833 63881 63845 63857 63869
63882 64023 63917 63952 63987
64024 64104 64044 64064 64084
64105 64172 64121 64137 64153
64173 64222 64185 64197 64209
64223 64264 64233 64243 64253
64265 64761 64389 64513 64637
64762 64899 64796 64830 64864
64900 64938 64909 64918 64927
64939 65010 64956 64973 64990
65011 65071 65026 65041 65056
65072 65100 65079 65086 65093
65101 65226 65132 65163 65194
65227 65308 65247 65267 65287
65309 65378 65326 65343 65360
65379 65442 65394 65409 65424
65443 65523 65463 65483 65503
65524 65585 65539 65554 65569
65586 65627 65596 65606 65616
65628 65709 65648 65668 65688
65710 65820 65737 65764 65791
65821 65874 65834 65847 65860
65875 66146 65942 66009 66076
66147 66239 66170 66193 66216
66240 66665 66346 66452 66558
66666 66725 66680 66694 66708
66726 66941 66779 66832 66885
66942 67023 66962 66982 67002
67024 67047 67029 67034 67039
67048 67199 67085 67122 67159
67200 67252 67213 67226 67239
67253 67290 67262 67271 67280
67291 67354 67306 67321 67336
67355 67452 67379 67403 67427
67453 67506 67466 67479 67492
67507 67557 67519 67531 67543
67558 67692 67591 67624 67657
67693 67851 67732 67771 67810
67852 67951 67876 67900 67924
67952 68183 68009 68066 68123
68184 68244 68199 68214 68229
68245 68364 68274 68303 68332
68365 68411 68376 68387 68398
68412 68543 68444 68476 68508
68544 68679 68577 68610 68643
68680 68729 68692 68704 68716
68730 68835 68756 68782 68808
68836 68920 68857 68878 68899
68921 69010 68943 68965 68987
69011 69077 69027 69043 69059
69078 69301 69133 69188 69243
69302 69382 69322 69342 69362
69383 69438 69396 69409 69422
69439 69499 69454 69469 69484
69500 69570 69517 69534 69551
69571 69709 69605 69639 69673
69710 69777 69726 69742 69758
69778 69809 69785 69792 69799
69810 69845 69818 69826 69834
69846 69892 69857 69868 69879
69893 70021 69925 69957 69989
70022 70185 70062 70102 70142
70186 70249 70201 70216 70231
70250 70290 70260 70270 70280
70291 70333 70301 70311 70321
70334 70373 70343 70352 70361
70374 70468 70397 70420 70443
70469 70762 70542 70615 70688
70763 70800 70772 70781 70790
70801 70853 70814 70827 70840
70854 70958 70880 70906 70932
70959 71052 70982 71005 71028
71053 71145 71076 71099 71122
71146 71283 71180 71214 71248
71284 71348 71300 71316 71332
71349 71405 71363 71377 71391
71406 71444 71415 71424 71433
71445 71476 71452 71459 71466
71477 71534 71491 71505 71519
71535 71567 71543 71551 71559
71568 71591 71573 71578 71583
71592 71692 71617 71642 71667
71693 71763 71710 71727 71744
71764 71863 71788 71812 71836
71864 71997 71897 71930 71963
71998 72111 72026 72054 72082
72112 72309 72161 72210 72259
72310 72492 72355 72400 72445
72493 72555 72508 72523 72538
72556 72594 72565 72574 72583
72595 72619 72601 72607 72613
72620 72656 72629 72638 72647
72657 72686 72664 72671 72678
72687 72823 72721 72755 72789
72824 72892 72841 72858 72875
72893 72952 72907 72921 72935
72953 73085 72986 73019 73052
73086 73251 73127 73168 73209
73252 73286 73260 73268 73276
73287 73523 73346 73405 73464
73524 73614 73546 73568 73590
73615 73695 73635 73655 73675
73696 73773 73715 73734 73753
73774 73882 73801 73828 73855
73883 74051 73925 73967 74009
74052 74112 74067 74082 74097
74113 74206 74136 74159 74182
74207 74241 74215 74223 74231
74242 74376 74275 74308 74341
74377 74443 74393 74409 74425
74444 74521 74463 74482 74501
74522 74578 74536 74550 74564
74579 74636 74593 74607 74621
74637 74743 74663 74689 74715
74744 74779 74752 74760 74768
74780 74860 74800 74820 74840
74861 74939 74880 74899 74918
74940 74966 74946 74952 74958
74967 75134 74975 74983 75099
75135 75250 75163 75191 75219
75251 75343 75274 75297 75320
75344 75453 75371 75398 75425
75454 75507 75467 75480 75493
75508 75568 75523 75538 75553
75569 75606 75578 75587 75596
75607 75749 75642 75677 75712
75750 75779 75757 75764 75771
75780 75853 75798 75816 75834
75854 75951 75878 75902 75926
75952 76044 75975 75998 76021
76045 76119 76063 76081 76099
76120 76262 76155 76190 76225
76263 76288 76269 76275 76281
76289 76307 76293 76297 76301
76308 76354 76319 76330 76341
76355 76392 76364 76373 76382
76393 76496 76418 76443 76468
76497 76573 76516 76535 76554
76574 76788 76627 76680 76733
76789 76919 76821 76853 76885
76920 77036 76949 76978 77007
77037 77087 77049 77061 77073
77088 77115 77094 77100 77106
77116 77179 77131 77146 77161
77180 77221 77190 77200 77210
77222 77247 77228 77234 77240
77248 77277 77255 77262 77269
77278 77346 77295 77312 77329
77347 77365 77351 77355 77359
77366 77423 77380 77394 77408
77424 77631 77475 77526 77577
77632 77672 77642 77652 77662
77673 77706 77681 77689 77697
77707 77753 77718 77729 77740
77754 77871 77783 77812 77841
77872 77950 77891 77910 77929
77951 78008 77965 77979 77993
78009 78061 78022 78035 78048
78062 78140 78081 78100 78119
78141 78225 78162 78183 78204
78226 78406 78271 78316 78361
78407 78470 78422 78437 78452
78471 78539 78488 78505 78522
78540 78657 78569 78598 78627
78658 78800 78693 78728 78763
78801 79074 78869 78937 79005
79075 79301 79131 79187 79243
79302 79779 79421 79540 79659
79780 79844 79796 79812 79828
79845 79867 79850 79855 79860
79868 79923 79881 79894 79907
79924 80204 79994 80064 80134
80205 80262 80219 80233 80247
80263 80370 80289 80315 80341
80371 80396 80377 80383 80389
80397 80452 80410 80423 80436
80453 80481 80460 80467 80474
80482 80509 80488 80494 80500
80510 80588 80529 80548 80567
80589 80627 80598 80607 80616
80628 80688 80643 80658 80673
80689 80763 80707 80725 80743
80764 80826 80779 80794 80809
80827 80934 80853 80879 80905
80935 80997 80950 80965 80980
80998 81082 81019 81040 81061
81083 81119 81092 81101 81110
81120 81156 81129 81138 81147
81157 81194 81166 81175 81184
81195 81299 81221 81247 81273
81300 81393 81323 81346 81369
81394 81527 81427 81460 81493
81528 81618 81550 81572 81594
81619 81684 81635 81651 81667
81685 81777 81708 81731 81754
81778 81825 81789 81800 81811
81826 81904 81845 81864 81883
81905 81948 81915 81925 81935
81949 82221 82017 82085 82153
82222 82480 82286 82350 82414
82481 82524 82491 82501 82511
82525 82576 82537 82549 82561
82577 82619 82587 82597 82607
82620 82898 82689 82758 82827
82899 83010 82926 82953 82980
83011 83067 83025 83039 83053
83068 83109 83078 83088 83098
83110 83178 83127 83144 83161
83179 83240 83194 83209 83224
83241 83284 83251 83261 83271
83285 83346 83300 83315 83330
83347 83543 83396 83445 83494
83544 83773 83601 83658 83715
83774 83793 83778 83782 83786
83794 83834 83804 83814 83824
83835 83861 83841 83847 83853
83862 83914 83875 83888 83901
83915 83939 83921 83927 83933
83940 84013 83958 83976 83994
84014 84112 84038 84062 84086
84113 84192 84132 84151 84170
84193 84219 84199 84205 84211
84220 84404 84266 84312 84358
84405 84526 84435 84465 84495
84527 84681 84565 84603 84641
84682 84723 84692 84702 84712
84724 84756 84732 84740 84748
84757 84827 84774 84791 84808
84828 84944 84857 84886 84915
84945 85098 84983 85021 85059
85099 85179 85119 85139 85159
85180 85250 85197 85214 85231
85251 85429 85295 85339 85383
85430 85484 85443 85456 85469
85485 85537 85498 85511 85524
85538 85599 85553 85568 85583
85600 85635 85608 85616 85624
85636 85855 85690 85744 85798
85856 85939 85876 85896 85916
85940 86059 85969 85998 86027
86060 86104 86071 86082 86093
86105 86133 86112 86119 86126
86134 86178 86145 86156 86167
86179 86216 86188 86197 86206
86217 86278 86232 86247 86262
86279 86309 86286 86293 86300
86310 86395 86331 86352 86373
86396 86431 86404 86412 86420
86432 86458 86438 86444 86450
86459 86495 86468 86477 86486
86496 86516 86501 86506 86511
86517 86535 86521 86525 86529
86536 86563 86542 86548 86554
86564 86605 86574 86584 86594
86606 86627 86611 86616 86621
86628 86647 86632 86636 86640
86648 86665 86652 86656 86660
86666 86749 86686 86706 86726
86750 86768 86754 86758 86762
86769 86795 86775 86781 86787
86796 86822 86802 86808 86814
86823 86851 86830 86837 86844
86852 87008 86891 86930 86969
87009 87101 87032 87055 87078
87102 87263 87142 87182 87222
87264 87326 87279 87294 87309
87327 87387 87342 87357 87372
87388 87439 87400 87412 87424
87440 87457 87444 87448 87452
87458 87570 87486 87514 87542
87571 87663 87594 87617 87640
87664 87712 87676 87688 87700
87713 87741 87720 87727 87734
87742 87789 87753 87764 87775
87790 87868 87809 87828 87847
87869 87889 87874 87879 87884
87890 87936 87901 87912 87923
87937 87982 87948 87959 87970
87983 88065 88003 88023 88043
88066 88244 88110 88154 88198
88245 88268 88250 88255 88260
88269 88319 88281 88293 88305
88320 88415 88343 88366 88389
88416 88712 88490 88564 88638
88713 88794 88733 88753 88773
88795 88894 88819 88843 88867
88895 89065 88937 88979 89021
89066 89165 89090 89114 89138
89166 89239 89184 89202 89220
89240 89367 89271 89302 89333
89368 89416 89380 89392 89404
89417 89486 89434 89451 89468
89487 89546 89501 89515 89529
89547 89653 89573 89599 89625
89654 89792 89688 89722 89756
89793 89846 89806 89819 89832
89847 89876 89854 89861 89868
89877 89905 89884 89891 89898
89906 90172 89929 89952 90129
90173 90271 90197 90221 90245
90272 90410 90306 90340 90374
90411 90652 90471 90531 90591
90653 90682 90660 90667 90674
90683 91074 90780 90877 90974
91075 91145 91092 91109 91126
91146 91225 91165 91184 91203
91226 91297 91243 91260 91277
91298 91436 91332 91366 91400
91437 91534 91461 91485 91509
91535 91595 91550 91565 91580
91596 91667 91613 91630 91647
91668 91736 91685 91702 91719
91737 91840 91762 91787 91812
91841 91884 91851 91861 91871
91885 91927 91895 91905 91915
91928 91970 91938 91948 91958
91971 92024 91984 91997 92010
92025 92073 92037 92049 92061
92074 92094 92079 92084 92089
92095 92118 92100 92105 92110
92119 92176 92133 92147 92161
92177 92238 92192 92207 92222
92239 92529 92311 92383 92455
92530 92588 92544 92558 92572
92589 92642 92602 92615 92628
92643 92672 92650 92657 92664
92673 92727 92686 92699 92712
92728 92807 92747 92766 92785
92808 92847 92817 92826 92835
92848 92899 92860 92872 92884
92900 92921 92905 92910 92915
92922 92949 92928 92934 92940
92950 92967 92954 92958 92962
92968 93005 92977 92986 92995
93006 93071 93022 93038 93054
93072 93390 93151 93230 93309
93391 93411 93396 93401 93406
93412 93501 93434 93456 93478
93502 93594 93525 93548 93571
93595 93743 93632 93669 93706
93744 93771 93750 93756 93762
93772 93803 93779 93786 93793
93804 93820 93808 93812 93816
93821 93843 93826 93831 93836
93844 93921 93863 93882 93901
93922 93952 93929 93936 93943
93953 93982 93960 93967 93974
93983 94002 93987 93991 93995
94003 94118 94031 94059 94087
94119 94146 94125 94131 94137
94147 94193 94158 94169 94180
94194 94212 94198 94202 94206
94213 94231 94217 94221 94225
94232 94291 94246 94260 94274
94292 94340 94304 94316 94328
94341 94428 94362 94383 94404
94429 94529 94454 94479 94504
94530 94576 94541 94552 94563
94577 94594 94581 94585 94589
94595 94618 94600 94605 94610
94619 94639 94624 94629 94634
94640 94658 94644 94648 94652
94659 94725 94675 94691 94707
94726 94747 94731 94736 94741
94748 94764 94752 94756 94760
94765 94805 94775 94785 94795
94806 94824 94810 94814 94818
94825 94881 94839 94853 94867
94882 94917 94890 94898 94906
94918 94994 94937 94956 94975
94995 95014 94999 95003 95007
95015 95034 95019 95023 95027
95035 95069 95043 95051 95059
95070 95091 95075 95080 95085
95092 95114 95097 95102 95107
95115 95154 95124 95133 95142
95155 95193 95164 95173 95182
95194 95223 95201 95208 95215
95224 95258 95232 95240 95248
95259 95288 95266 95273 95280
95289 95319 95296 95303 95310
95320 95356 95329 95338 95347
95357 95397 95367 95377 95387
95398 95424 95404 95410 95416
95425 95448 95430 95435 95440
95449 95468 95453 95457 95461
95469 95498 95476 95483 95490
95499 95515 95503 95507 95511
95516 95567 95528 95540 95552
95568 95589 95573 95578 95583
95590 95610 95595 95600 95605
95611 95637 95617 95623 95629
95638 95672 95646 95654 95662
95673 95689 95677 95681 95685
95690 95722 95698 95706 95714
95723 95739 95727 95731 95735
95740 95779 95749 95758 95767
95780 95797 95784 95788 95792
95798 95828 95805 95812 95819
95829 95862 95837 95845 95853
95863 95959 95887 95911 95935
95960 95977 95964 95968 95972
95978 95995 95982 95986 95990
95996 96020 96002 96008 96014
96021 96052 96028 96035 96042
96053 96079 96059 96065 96071
96080 96097 96084 96088 96092
96098 96119 96103 96108 96113
96120 96143 96125 96130 96135
96144 96161 96148 96152 96156
96162 96199 96171 96180 96189
96200 96217 96204 96208 96212
96218 96241 96223 96228 96233
96242 96278 96251 96260 96269
96279 96302 96284 96289 96294
96303 96327 96309 96315 96321
96328 96351 96333 96338 96343
96352 96374 96357 96362 96367
96375 96396 96380 96385 96390
96397 96431 96405 96413 96421
96432 96530 96456 96480 96504
96531 96548 96535 96539 96543
96549 96675 96580 96611 96642
96676 96708 96684 96692 96700
96709 96823 96737 96765 96793
96824 96905 96844 96864 96884
96906 97087 96951 96996 97041
97088 97158 97105 97122 97139
97159 97257 97183 97207 97231
97258 97439 97303 97348 97393
97440 97662 97495 97550 97605
97663 97684 97668 97673 97678
97685 97776 97707 97729 97751
97777 97859 97797 97817 97837
97860 98185 97941 98022 98103
98186 98225 98195 98204 98213
98226 98302 98245 98264 98283
98303 98723 98408 98513 98618
98724 98771 98735 98746 98757
98772 98788 98776 98780 98784
98789 99122 98872 98955 99038
99123 99200 99142 99161 99180
99201 99307 99227 99253 99279
99308 99367 99322 99336 99350
99368 99402 99376 99384 99392
99403 99478 99421 99439 99457
99479 99532 99492 99505 99518
99533 99715 99578 99623 99668
99716 99871 99754 99792 99830
99872 100062 99919 99966 100013
100063 100111 100075 100087 100099
100112 100136 100118 100124 100130
100137 100182 100148 100159 100170
100183 100379 100232 100281 100330
100380 100550 100422 100464 100506
100551 100609 100565 100579 100593
100610 100780 100652 100694 100736
100781 100904 100811 100841 100871
100905 100935 100912 100919 100926
100936 101087 100973 101010 101047
101088 101126 101097 101106 101115
101127 101221 101150 101173 101196
101222 101288 101238 101254 101270
101289 101364 101307 101325 101343
101365 101385 101370 101375 101380
101386 101410 101392 101398 101404
101411 101647 101470 101529 101588
101648 101749 101673 101698 101723
101750 101885 101783 101816 101849
101886 101996 101913 101940 101967
101997 102065 102014 102031 102048
102066 102103 102075 102084 102093
102104 102228 102135 102166 102197
102229 102288 102243 102257 102271
102289 102359 102306 102323 102340
102360 102458 102384 102408 102432
102459 102562 102484 102509 102534
102563 102607 102574 102585 102596
102608 102704 102632 102656 102680
102705 102793 102727 102749 102771
102794 102820 102800 102806 102812
102821 102879 102835 102849 102863
102880 102966 102901 102922 102943
102967 103025 102981 102995 103009
103026 103060 103034 103042 103050
103061 103116 103074 103087 103100
103117 103144 103123 103129 103135
103145 103486 103230 103315 103400
103487 103549 103502 103517 103532
103550 103584 103558 103566 103574
103585 103671 103606 103627 103648
103672 103789 103701 103730 103759
103790 103958 103832 103874 103916
103959 104264 104035 104111 104187
104265 104425 104305 104345 104385
104426 104542 104455 104484 104513
104543 104591 104555 104567 104579
104592 104696 104618 104644 104670
104697 104873 104741 104785 104829
104874 104926 104887 104900 104913
104927 105025 104945 104963 105018
105026 105055 105033 105040 105047
105056 105214 105095 105134 105173
105215 105343 105247 105279 105311
105344 105375 105351 105358 105365
105376 105426 105388 105400 105412
105427 105458 105434 105441 105448
105459 105487 105466 105473 105480
105488 105563 105506 105524 105542
105564 105744 105609 105654 105699
105745 105841 105769 105793 105817
105842 105960 105871 105900 105929
105961 106019 105975 105989 106003
106020 106090 106037 106054 106071
106091 106133 106101 106111 106121
106134 106194 106149 106164 106179
106195 106455 106260 106325 106390
106456 106541 106477 106498 106519
106542 106608 106558 106574 106590
106609 106656 106620 106631 106642
106657 106765 106684 106711 106738
106766 106804 106775 106784 106793
106805 106973 106847 106889 106931
106974 107018 106985 106996 107007
107019 107098 107038 107057 107076
107099 107226 107130 107161 107192
107227 107498 107294 107361 107428
107499 107721 107554 107609 107664
107722 107829 107748 107774 107800
107830 107921 107852 107874 107896
107922 108496 108065 108208 108351
108497 108584 108518 108539 108560
108585 108617 108593 108601 108609
108618 108651 108626 108634 108642
108652 108760 108679 108706 108733
108761 108824 108776 108791 108806
108825 108885 108840 108855 108870
108886 108949 108901 108916 108931
108950 109005 108963 108976 108989
109006 109067 109021 109036 109051
109068 109114 109079 109090 109101
109115 109161 109126 109137 109148
109162 109212 109174 109186 109198
109213 109649 109322 109431 109540
109650 109730 109670 109690 109710
109731 109829 109755 109779 109803
109830 109881 109842 109854 109866
109882 109944 109897 109912 109927
109945 110062 109974 110003 110032
110063 110143 110083 110103 110123
110144 110253 110171 110198 110225
110254 110333 110273 110292 110311
110334 110378 110345 110356 110367
110379 110471 110402 110425 110448
110472 110653 110517 110562 110607
110654 110693 110663 110672 110681
110694 110720 110700 110706 110712
110721 110738 110725 110729 110733
110739 110827 110761 110783 110805
110828 110909 110848 110868 110888
110910 110947 110919 110928 110937
110948 110989 110958 110968 110978
110990 111046 111004 111018 111032
111047 111092 111058 111069 111080
111093 111153 111108 111123 111138
111154 111232 111173 111192 111211
111233 111344 111260 111287 111314
111345 111433 111367 111389 111411
111434 111488 111447 111460 111473
111489 111589 111514 111539 111564
111590 111663 111608 111626 111644
111664 111859 111712 111760 111808
111860 111928 111877 111894 111911
111929 112013 111950 111971 111992
112014 112204 112061 112108 112155
112205 112543 112289 112373 112457
112544 112704 112584 112624 112664
112705 112732 112711 112717 112723
112733 112887 112771 112809 112847
112888 112924 112897 112906 112915
112925 112965 112935 112945 112955
112966 112999 112974 112982 112990
113000 113042 113010 113020 113030
113043 113105 113058 113073 113088
113106 113307 113156 113206 113256
113308 113406 113332 113356 113380
113407 113548 113442 113477 113512
113549 113584 113557 113565 113573
113585 113662 113604 113623 113642
113663 113739 113682 113701 113720
113740 113804 113756 113772 113788
113805 113834 113812 113819 113826
113835 113876 113845 113855 113865
113877 113914 113886 113895 113904
113915 114031 113944 113973 114002
114032 114107 114050 114068 114086
114108 114171 114123 114138 114153
114172 114265 114195 114218 114241
114266 114340 114284 114302 114320
114341 114674 114424 114507 114590
114675 114795 114705 114735 114765
114796 114829 114804 114812 114820
114830 114891 114845 114860 114875
114892 114990 114916 114940 114964
114991 115114 115021 115051 115081
115115 115294 115159 115203 115247
115295 115478 115340 115385 115430
115479 115582 115504 115529 115554
115583 115622 115592 115601 115610
115623 115665 115633 115643 115653
115666 115815 115703 115740 115777
115816 115860 115827 115838 115849
115861 116056 115909 115957 116005
116057 116110 116070 116083 116096
116111 116147 116120 116129 116138
116148 116187 116157 116166 116175
116188 116313 116219 116250 116281
116314 116357 116324 116334 116344
116358 116421 116373 116388 116403
116422 116473 116434 116446 116458
116474 116516 116484 116494 116504
116517 116542 116523 116529 116535
116543 116559 116547 116551 116555
116560 116590 116567 116574 116581
116591 116626 116599 116607 116615
116627 116643 116631 116635 116639
116644 116727 116664 116684 116704
116728 116753 116734 116740 116746
116754 116831 116773 116792 116811
116832 116872 116842 116852 116862
116873 116921 116885 116897 116909
116922 116995 116940 116958 116976
116996 117030 117004 117012 117020
117031 117096 117047 117063 117079
117097 117143 117108 117119 117130
117144 117173 117151 117158 117165
117174 117216 117184 117194 117204
117217 117240 117222 117227 117232
117241 117272 117248 117255 117262
117273 117351 117292 117311 117330
117352 117383 117359 117366 117373
117384 117413 117391 117398 117405
117414 117443 117421 117428 117435
117444 117536 117467 117490 117513
117537 117587 117549 117561 117573
117588 117640 117601 117614 117627
117641 117701 117656 117671 117686
117702 117747 117713 117724 117735
117748 117830 117768 117788 117808
117831 117921 117853 117875 117897
117922 118044 117952 117982 118012
118045 118151 118071 118097 118123
118152 118289 118186 118220 118254
118290 118335 118301 118312 118323
118336 118362 118342 118348 118354
118363 118407 118374 118385 118396
118408 118428 118413 118418 118423
118429 118910 118549 118669 118789
118911 119018 118937 118963 118989
119019 119066 119030 119041 119052
119067 119175 119094 119121 119148
119176 119195 119180 119184 119188
119196 119243 119207 119218 119229
119244 119339 119267 119290 119313
119340 119366 119346 119352 119358
119367 119545 119411 119455 119499
119546 119868 119626 119706 119786
119869 119915 119880 119891 119902
119916 120004 119936 119956 120003
120005 120032 120011 120017 120023
120033 120083 120045 120057 120069
120084 120100 120088 120092 120096
120101 120161 120116 120131 120146
120162 120200 120171 120180 120189
120201 120223 120206 120211 120216
120224 120243 120228 120232 120236
120244 120301 120258 120272 120286
120302 120353 120314 120326 120338
120354 120397 120364 120374 120384
120398 120414 120402 120406 120410
120415 120433 120419 120423 120427
120434 120538 120460 120486 120512
120539 120660 120569 120599 120629
120661 120681 120666 120671 120676
120682 120761 120701 120720 120739
120762 120784 120767 120772 120777
120785 120837 120798 120811 120824
120838 120885 120849 120860 120871
120886 121123 120945 121004 121063
121124 121148 121130 121136 121142
121149 121209 121164 121179 121194
121210 121324 121238 121266 121294
121325 121427 121350 121375 121400
121428 121484 121442 121456 121470
121485 121527 121495 121505 121515
121528 121704 121572 121616 121660
121705 121751 121716 121727 121738
121752 121781 121759 121766 121773
121782 121831 121794 121806 121818
121832 121878 121843 121854 121865
121879 121905 121885 121891 121897
121906 122032 121937 121968 121999
122033 122092 122047 122061 122075
122093 122180 122114 122135 122156
122181 122233 122194 122207 122220
122234 122258 122240 122246 122252
122259 122344 122280 122301 122322
122345 122437 122368 122391 122414
122438 122461 122443 122448 122453
122462 122566 122488 122514 122540
122567 122599 122575 122583 122591
122600 122634 122608 122616 122624
122635 122682 122646 122657 122668
122683 122711 122690 122697 122704
122712 122734 122717 122722 122727
122735 122762 122741 122747 122753
122763 122807 122774 122785 122796
122808 122837 122815 122822 122829
122838 122936 122862 122886 122910
122937 122995 122951 122965 122979
122996 123103 123022 123048 123074
123104 123178 123122 123140 123158
123179 123232 123192 123205 123218
123233 123354 123263 123293 123323
123355 123491 123389 123423 123457
123492 123522 123499 123506 123513
123523 123560 123532 123541 123550
123561 123646 123582 123603 123624
123647 123675 123654 123661 123668
123676 123741 123692 123708 123724
123742 123804 123757 123772 123787
123805 123874 123822 123839 123856
123875 123901 123881 123887 123893
123902 123944 123912 123922 123932
123945 123998 123958 123971 123984
123999 124132 124032 124065 124098
124133 124289 124172 124211 124250
124290 124398 124317 124344 124371
124399 124482 124419 124439 124459
124483 124764 124553 124623 124693
124765 124848 124785 124805 124825
124849 124882 124857 124865 124873
124883 124911 124890 124897 124904
124912 124974 124927 124942 124957
124975 125034 124989 125003 125017
125035 125080 125046 125057 125068
125081 125134 125094 125107 125120
125135 125264 125167 125199 125231
125265 125308 125275 125285 125295
125309 125359 125321 125333 125345
125360 125388 125367 125374 125381
125389 125408 125393 125397 125401
125409 125432 125414 125419 125424
125433 125456 125438 125443 125448
125457 125493 125466 125475 125484
125494 125602 125521 125548 125575
125603 125664 125618 125633 125648
125665 125696 125672 125679 125686
125697 125850 125735 125773 125811
125851 125876 125857 125863 125869
125877 125927 125889 125901 125913
125928 125955 125934 125940 125946
125956 126010 125969 125982 125995
126011 126110 126035 126059 126083
126111 126158 126122 126133 126144
126159 126285 126190 126221 126252
126286 126474 126333 126380 126427
126475 126601 126506 126537 126568
126602 126684 126622 126642 126662
126685 126707 126690 126695 126700
126708 126734 126714 126720 126726
126735 126762 126741 126747 126753
126763 126811 126775 126787 126799
126812 126841 126819 126826 126833
126842 126877 126850 126858 126866
126878 126898 126883 126888 126893
126899 126919 126904 126909 126914
126920 127012 126943 126966 126989
127013 127043 127020 127027 127034
127044 127104 127059 127074 127089
127105 127147 127115 127125 127135
127148 127195 127159 127170 127181
127196 127253 127210 127224 127238
127254 127342 127276 127298 127320
127343 127371 127350 127357 127364
127372 127519 127408 127444 127480
127520 127544 127526 127532 127538
127545 127583 127554 127563 127572
127584 127618 127592 127600 127608
127619 127678 127633 127647 127661
127679 127742 127694 127709 127724
127743 127832 127765 127787 127809
127833 127885 127846 127859 127872
127886 127920 127894 127902 127910
127921 128055 127954 127987 128020
128056 128102 128067 128078 128089
128103 128138 128111 128119 128127
128139 128176 128148 128157 128166
128177 128555 128271 128365 128459
128556 128598 128566 128576 128586
128599 128626 128605 128611 128617
128627 128644 128631 128635 128639
128645 128742 128669 128693 128717
128743 128798 128756 128769 128782
128799 128856 128813 128827 128841
128857 128923 128873 128889 128905
128924 128989 128940 128956 128972
128990 129023 128998 129006 129014
129024 129067 129034 129044 129054
129068 129103 129076 129084 129092
129104 129133 129111 129118 129125
129134 129177 129144 129154 129164
129178 129512 129261 129344 129427
129513 129570 129527 129541 129555
129571 129810 129630 129689 129748
129811 129949 129845 129879 129913
129950 130104 129988 130026 130064
130105 130267 130145 130185 130225
130268 130301 130276 130284 130292
130302 130333 130309 130316 130323
130334 130437 130359 130384 130409
130438 130487 130450 130462 130474
130488 130519 130495 130502 130509
130520 130579 130534 130548 130562
130580 130682 130605 130630 130655
130683 130746 130698 130713 130728
130747 130774 130753 130759 130765
130775 130810 130783 130791 130799
130811 130829 130815 130819 130823
130830 130849 130834 130838 130842
130850 130874 130856 130862 130868
130875 130894 130879 130883 130887
130895 130924 130902 130909 130916
130925 130972 130936 130947 130958
130973 131096 131003 131033 131063
131097 131121 131103 131109 131115
131122 131193 131139 131156 131173
131194 131290 131218 131242 131266
131291 131340 131303 131315 131327
131341 131393 131354 131367 131380
131394 131494 131419 131444 131469
131495 131615 131525 131555 131585
131616 131735 131645 131674 131703
131736 131865 131768 131800 131832
131866 131961 131889 131912 131935
131962 132022 131977 131992 132007
132023 132071 132035 132047 132059
132072 132169 132096 132120 132144
132170 132264 132193 132216 132239
132265 132282 132269 132273 132277
132283 132350 132299 132315 132331
132351 132377 132357 132363 132369
132378 132416 132387 132396 132405
132417 132437 132422 132427 132432
132438 132466 132445 132452 132459
132467 132524 132481 132495 132509
132525 132605 132545 132565 132585
132606 132637 132613 132620 132627
132638 133010 132731 132824 132917
133011 133164 133049 133087 133125
133165 133262 133189 133213 133237
133263 133675 133366 133469 133572
133676 133705 133683 133690 133697
133706 133755 133718 133730 133742
133756 133874 133785 133814 133843
133875 134001 133906 133937 133968
134002 134040 134011 134020 134029
134041 134210 134083 134125 134167
134211 134369 134250 134289 134328
134370 134434 134386 134402 134418
134435 134463 134442 134449 134456
134464 134495 134471 134478 134485
134496 134602 134522 134548 134574
134603 134665 134618 134633 134648
134666 134702 134675 134684 134693
134703 134800 134727 134751 134775
134801 135025 134850 134899 135018
135026 135064 135035 135044 135053
135065 135097 135073 135081 135089
135098 135201 135123 135148 135173
135202 135332 135234 135266 135298
135333 135353 135338 135343 135348
135354 135487 135387 135420 135453
135488 135573 135509 135530 135551
135574 135635 135589 135604 135619
135636 135821 135682 135728 135774
135822 135872 135834 135846 135858
135873 135910 135882 135891 135900
135911 135933 135916 135921 135926
135934 135961 135940 135946 135952
135962 135998 135971 135980 135989
135999 136037 136008 136017 136026
136038 136056 136042 136046 136050
136057 136096 136066 136075 136084
136097 136162 136113 136129 136145
136163 136187 136169 136175 136181
136188 136252 136204 136220 136236
136253 136326 136271 136289 136307
136327 136377 136339 136351 136363
136378 136394 136382 136386 136390
136395 136544 136432 136469 136506
136545 136834 136617 136689 136761
136835 136968 136868 136901 136934
136969 136985 136973 136977 136981
136986 137019 136994 137002 137010
137020 137045 137026 137032 137038
137046 137119 137064 137082 137100
137120 137158 137129 137138 137147
137159 137274 137187 137215 137243
137275 137322 137286 137297 137308
137323 137383 137338 137353 137368
137384 137441 137398 137412 137426
137442 137537 137465 137488 137511
137538 137648 137565 137592 137619
137649 137709 137664 137679 137694
137710 137813 137735 137760 137785
137814 137849 137822 137830 137838
137850 137905 137863 137876 137889
137906 137946 137916 137926 137936
137947 138074 137978 138009 138040
138075 138360 138146 138217 138288
138361 138579 138415 138469 138523
138580 138621 138590 138600 138610
138622 138697 138640 138658 138676
138698 138782 138719 138740 138761
138783 138817 138791 138799 138807
138818 138950 138851 138884 138917
138951 139105 138989 139027 139065
139106 139158 139119 139132 139145
139159 139200 139169 139179 139189
139201 139277 139220 139239 139258
139278 139449 139320 139362 139404
139450 139487 139459 139468 139477
139488 139535 139499 139510 139521
139536 139604 139553 139570 139587
139605 139664 139619 139633 139647
139665 139711 139676 139687 139698
139712 139741 139719 139726 139733
139742 140291 139879 140016 140153
140292 140463 140334 140376 140418
140464 140500 140473 140482 140491
140501 140667 140542 140583 140624
140668 140693 140674 140680 140686
140694 140760 140710 140726 140742
140761 140864 140786 140811 140836
140865 140964 140889 140913 140937
140965 140982 140969 140973 140977
140983 141044 140998 141013 141028
141045 141077 141053 141061 141069
141078 141238 141118 141158 141198
141239 141280 141249 141259 141269
141281 141318 141290 141299 141308
141319 141389 141336 141353 141370
141390 141442 141403 141416 141429
141443 141485 141453 141463 141473
141486 141580 141509 141532 141555
141581 141703 141611 141641 141671
141704 141754 141716 141728 141740
141755 141775 141760 141765 141770
141776 141847 141793 141810 141827
141848 141868 141853 141858 141863
141869 141925 141883 141897 141911
141926 141954 141933 141940 141947
141955 142045 141977 141999 142021
142046 142063 142050 142054 142058
142064 142084 142069 142074 142079
142085 142111 142091 142097 142103
142112 142139 142118 142124 142130
142140 142180 142150 142160 142170
142181 142197 142185 142189 142193
142198 142215 142202 142206 142210
142216 142246 142223 142230 142237
142247 142275 142254 142261 142268
142276 142325 142288 142300 142312
142326 142381 142339 142352 142365
142382 142414 142390 142398 142406
142415 142481 142431 142447 142463
142482 142526 142493 142504 142515
142527 142571 142538 142549 142560
142572 142611 142581 142590 142599
142612 142641 142619 142626 142633
142642 142662 142647 142652 142657
142663 142696 142671 142679 142687
142697 142717 142702 142707 142712
142718 142764 142729 142740 142751
142765 142779 142768 142771 142774
142780 142827 142791 142802 142813
142828 142860 142836 142844 142852
142861 142918 142875 142889 142903
142919 142947 142926 142933 142940
142948 143355 143049 143150 143251
143356 143405 143368 143380 143392
143406 143438 143414 143422 143430
143439 143474 143447 143455 143463
143475 143496 143480 143485 143490
143497 143517 143502 143507 143512
143518 143541 143523 143528 143533
143542 143558 143546 143550 143554
143559 143611 143572 143585 143598
143612 143673 143627 143642 143657
143674 143696 143679 143684 143689
143697 143800 143722 143747 143772
143801 143862 143816 143831 143846
143863 143901 143872 143881 143890
143902 143949 143913 143924 143935
143950 144073 143980 144010 144040
144074 144090 144078 144082 144086
144091 144147 144105 144119 144133
144148 144191 144158 144168 144178
144192 144219 144198 144204 144210
144220 144246 144226 144232 144238
144247 144265 144251 144255 144259
144266 144380 144294 144322 144350
144381 144514 144414 144447 144480
144515 144573 144529 144543 144557
144574 144630 144588 144602 144616
144631 144670 144640 144649 144658
144671 144724 144684 144697 144710
144725 144779 144738 144751 144764
144780 144977 144829 144878 144927
144978 145081 145003 145028 145053
145082 145122 145092 145102 145112
145123 145166 145133 145143 145153
145167 145231 145183 145199 145215
145232 145257 145238 145244 145250
145258 145278 145263 145268 145273
145279 145298 145283 145287 145291
145299 145366 145315 145331 145347
145367 145408 145377 145387 145397
145409 145445 145418 145427 145436
145446 145495 145458 145470 145482
145496 145517 145501 145506 145511
145518 145534 145522 145526 145530
145535 145585 145547 145559 145571
145586 145620 145594 145602 145610
145621 145665 145632 145643 145654
145666 145809 145701 145736 145771
145810 145883 145828 145846 145864
145884 145951 145900 145916 145932
145952 146185 146010 146068 146126
146186 146240 146199 146212 146225
146241 146293 146254 146267 146280
146294 146318 146300 146306 146312
146319 146339 146324 146329 146334
146340 146404 146356 146372 146388
146405 146497 146428 146451 146474
146498 146524 146504 146510 146516
146525 146550 146531 146537 146543
146551 146628 146570 146589 146608
146629 146686 146643 146657 146671
146687 146711 146693 146699 146705
146712 146764 146725 146738 146751
146765 146818 146778 146791 146804
146819 146893 146837 146855 146873
146894 146975 146914 146934 146954
146976 147039 146991 147006 147021
147040 147063 147045 147050 147055
147064 147122 147078 147092 147106
147123 147165 147133 147143 147153
147166 147186 147171 147176 147181
147187 147227 147197 147207 147217
147228 147298 147245 147262 147279
147299 147323 147305 147311 147317
147324 147360 147333 147342 147351
147361 147481 147391 147421 147451
147482 147531 147494 147506 147518
147532 147615 147552 147572 147592
147616 147643 147622 147628 147634
147644 147700 147658 147672 147686
147701 147721 147706 147711 147716
147722 147750 147729 147736 147743
147751 147822 147768 147785 147802
147823 147851 147830 147837 147844
147852 147887 147860 147868 147876
147888 147933 147899 147910 147921
147934 147981 147945 147956 147967
147982 148004 147987 147992 147997
148005 148058 148018 148031 148044
148059 148170 148086 148113 148140
148171 148187 148175 148179 148183
148188 148222 148196 148204 148212
148223 148310 148244 148265 148286
148311 148373 148326 148341 148356
148374 148395 148379 148384 148389
148396 148495 148420 148444 148468
148496 148547 148508 148520 148532
148548 148584 148557 148566 148575
148585 148657 148603 148621 148639
148658 148685 148664 148670 148676
148686 148732 148697 148708 148719
148733 148782 148745 148757 148769
148783 148860 148802 148821 148840
148861 148900 148870 148879 148888
148901 148926 148907 148913 148919
148927 148959 148935 148943 148951
148960 148999 148969 148978 148987
149000 149038 149009 149018 149027
149039 149057 149043 149047 149051
149058 149104 149069 149080 149091
149105 149123 149109 149113 149117
149124 149190 149140 149156 149172
149191 149232 149201 149211 149221
149233 149280 149244 149255 149266
149281 149305 149287 149293 149299
149306 149330 149312 149318 149324
149331 149350 149335 149339 149343
149351 149372 149356 149361 149366
149373 149393 149378 149383 149388
149394 149421 149400 149406 149412
149422 149450 149429 149436 149443
149451 149473 149456 149461 149466
149474 149500 149480 149486 149492
149501 149564 149516 149531 149546
149565 149613 149577 149589 149601
149614 149703 149636 149658 149680
149704 149731 149710 149716 149722
149732 149751 149736 149740 149744
149752 149786 149760 149768 149776
149787 149816 149794 149801 149808
149817 149850 149825 149833 149841
149851 149948 149875 149899 149923
149949 149968 149953 149957 149961
149969 150008 149976 149983 150006
150009 150061 150022 150035 150048
150062 150121 150076 150090 150104
150122 150187 150138 150154 150170
150188 150245 150202 150216 150230
150246 150303 150260 150274 150288
150304 150342 150313 150322 150331
150343 150401 150357 150371 150385
150402 150478 150421 150440 150459
150479 150511 150487 150495 150503
150512 150544 150520 150528 150536
150545 150570 150551 150557 150563
150571 150596 150577 150583 150589
150597 150642 150608 150619 150630
150643 150677 150651 150659 150667
150678 150709 150685 150692 150699
150710 150728 150714 150718 150722
150729 150754 150735 150741 150747
150755 150801 150766 150777 150788
150802 150819 150806 150810 150814
150820 150856 150829 150838 150847
150857 150875 150861 150865 150869
150876 150902 150882 150888 150894
150903 150932 150910 150917 150924
150933 150976 150943 150953 150963
150977 150993 150981 150985 150989
150994 151054 151009 151024 151039
151055 151093 151064 151073 151082
151094 151146 151107 151120 151133
151147 151434 151218 151289 151360
151435 151474 151444 151453 151462
151475 151508 151483 151491 151499
151509 151528 151513 151517 151521
151529 151552 151534 151539 151544
151553 151572 151557 151561 151565
151573 151600 151579 151585 151591
151601 151631 151608 151615 151622
151632 151650 151636 151640 151644
151651 151714 151666 151681 151696
151715 151741 151721 151727 151733
151742 151790 151754 151766 151778
151791 151860 151808 151825 151842
151861 152042 151906 151951 151996
152043 152110 152059 152075 152091
152111 152209 152135 152159 152183
152210 152254 152221 152232 152243
152255 152299 152266 152277 152288
152300 152354 152313 152326 152339
152355 152407 152368 152381 152394
152408 152447 152417 152426 152435
152448 152551 152473 152498 152523
152552 152588 152561 152570 152579
152589 152723 152622 152655 152688
152724 152852 152756 152788 152820
152853 152876 152858 152863 152868
152877 152927 152889 152901 152913
152928 153052 152959 152990 153021
153053 153074 153058 153063 153068
153075 153106 153082 153089 153096
153107 153135 153114 153121 153128
153136 153166 153143 153150 153157
153167 153211 153178 153189 153200
153212 153399 153258 153304 153350
153400 153480 153420 153440 153460
153481 153527 153492 153503 153514
153528 153557 153535 153542 153549
153558 153611 153571 153584 153597
153612 153693 153632 153652 153672
153694 153772 153713 153732 153751
153773 153814 153783 153793 153803
153815 153849 153823 153831 153839
153850 153912 153865 153880 153895
153913 153996 153933 153953 153973
153997 154104 154023 154049 154075
154105 154219 154133 154161 154189
154220 154266 154231 154242 154253
154267 154320 154280 154293 154306
154321 154371 154333 154345 154357
154372 154424 154385 154398 154411
154425 154444 154429 154433 154437
154445 154461 154449 154453 154457
154462 154489 154468 154474 154480
154490 154606 154519 154548 154577
154607 154735 154639 154671 154703
154736 154823 154757 154778 154799
154824 154904 154844 154864 154884
154905 155046 154940 154975 155010
155047 155080 155055 155063 155071
155081 155212 155113 155145 155177
155213 155271 155227 155241 155255
155272 155335 155287 155302 155317
155336 155408 155354 155372 155390
155409 155540 155441 155473 155505
155541 155558 155545 155549 155553
155559 155603 155570 155581 155592
155604 155627 155609 155614 155619
155628 155696 155645 155662 155679
155697 155727 155704 155711 155718
155728 155829 155753 155778 155803
155830 155849 155834 155838 155842
155850 155917 155866 155882 155898
155918 156015 155942 155966 155990
156016 156051 156024 156032 156040
156052 156135 156072 156092 156112
156136 156186 156148 156160 156172
156187 156226 156196 156205 156214
156227 156245 156231 156235 156239
156246 156277 156253 156260 156267
156278 156317 156287 156296 156305
156318 156464 156354 156390 156426
156465 156530 156481 156497 156513
156531 156547 156535 156539 156543
156548 156630 156568 156588 156608
156631 156694 156646 156661 156676
156695 156793 156719 156743 156767
156794 156882 156816 156838 156860
156883 156964 156903 156923 156943
156965 157036 156982 156999 157016
157037 157080 157047 157057 157067
157081 157112 157088 157095 157102
157113 157134 157118 157123 157128
157135 157173 157144 157153 157162
157174 157199 157180 157186 157192
157200 157232 157208 157216 157224
157233 157275 157243 157253 157263
157276 157319 157286 157296 157306
157320 157378 157334 157348 157362
157379 157455 157398 157417 157436
157456 157507 157468 157480 157492
157508 157658 157545 157582 157619
157659 157755 157683 157707 157731
157756 157844 157778 157800 157822
157845 157946 157870 157895 157920
157947 157992 157958 157969 157980
157993 158017 157999 158005 158011
158018 158060 158028 158038 158048
158061 158105 158072 158083 158094
158106 158143 158115 158124 158133
158144 158163 158148 158152 158156
158164 158181 158168 158172 158176
158182 158198 158186 158190 158194
158199 158252 158212 158225 158238
158253 158269 158257 158261 158265
158270 158292 158275 158280 158285
158293 158332 158302 158311 158320
158333 158367 158341 158349 158357
158368 158431 158383 158398 158413
158432 158753 158512 158592 158672
158754 158821 158770 158786 158802
158822 159021 158871 158920 158969
159022 159087 159038 159054 159070
159088 159150 159103 159118 159133
159151 159197 159162 159173 159184
159198 159296 159222 159246 159270
159297 159337 159307 159317 159327
159338 159431 159361 159384 159407
159432 159574 159467 159502 159537
159575 159886 159652 159729 159806
159887 159917 159894 159901 159908
159918 159937 159922 159926 159930
159938 159962 159944 159950 159956
159963 159981 159967 159971 159975
159982 160002 159987 159992 159997
160003 160035 160011 160019 160027
160036 160074 160045 160054 160063
160075 160114 160084 160093 160102
160115 160131 160119 160123 160127
160132 160168 160141 160150 160159
160169 160211 160179 160189 160199
160212 160331 160241 160270 160299
160332 160412 160352 160372 160392
160413 160462 160425 160437 160449
160463 160531 160480 160497 160514
160532 160708 160576 160620 160664
160709 160753 160720 160731 160742
160754 160800 160765 160776 160787
160801 160826 160807 160813 160819
160827 160934 160853 160879 160905
160935 160965 160942 160949 160956
160966 161003 160975 160984 160993
161004 161027 161009 161014 161019
161028 161055 161034 161040 161046
161056 161092 161065 161074 161083
161093 161117 161099 161105 161111
161118 161158 161128 161138 161148
161159 161212 161172 161185 161198
161213 161285 161231 161249 161267
161286 161334 161298 161310 161322
161335 161378 161345 161355 161365
161379 161414 161387 161395 161403
161415 161469 161428 161441 161454
161470 161512 161480 161490 161500
161513 161553 161523 161533 161543
161554 161615 161569 161584 161599
161616 161647 161623 161630 161637
161648 161668 161653 161658 161663
161669 161704 161677 161685 161693
161705 161754 161717 161729 161741
161755 161791 161764 161773 161782
161792 161845 161805 161818 161831
161846 161883 161855 161864 161873
161884 161979 161907 161930 161953
161980 162043 161995 162010 162025
162044 162191 162080 162116 162152
162192 162232 162202 162212 162222
162233 162271 162242 162251 162260
162272 162384 162300 162328 162356
162385 162481 162409 162433 162457
162482 162750 162549 162616 162683
162751 162827 162770 162789 162808
162828 162856 162835 162842 162849
162857 162926 162874 162891 162908
162927 162963 162936 162945 162954
162964 163055 162986 163008 163030
163056 163112 163070 163084 163098
163113 163142 163120 163127 163134
163143 163223 163163 163183 163203
163224 163290 163240 163256 163272
163291 163420 163323 163355 163387
163421 163446 163427 163433 163439
163447 163469 163452 163457 163462
163470 163498 163477 163484 163491
163499 163541 163509 163519 163529
163542 163610 163559 163576 163593
163611 163638 163617 163623 163629
163639 163660 163644 163649 163654
163661 163690 163668 163675 163682
163691 163717 163697 163703 163709
163718 163758 163728 163738 163748
163759 163803 163770 163781 163792
163804 163842 163813 163822 163831
163843 163898 163856 163869 163882
163899 164100 163949 163999 164049
164101 164132 164108 164115 164122
164133 164316 164178 164223 164268
164317 164408 164339 164361 164383
164409 164453 164420 164431 164442
164454 164535 164474 164494 164514
164536 164583 164547 164558 164569
164584 164734 164621 164658 164695
164735 164959 164791 164847 164903
164960 165021 164969 164978 165015
165022 165063 165032 165042 165052
165064 165175 165091 165118 165145
165176 165207 165183 165190 165197
165208 165266 165222 165236 165250
165267 165321 165280 165293 165306
165322 165527 165373 165424 165475
165528 165632 165554 165580 165606
165633 165715 165653 165673 165693
165716 165747 165723 165730 165737
165748 165841 165771 165794 165817
165842 165917 165860 165878 165896
165918 165990 165936 165954 165972
165991 166043 166004 166017 166030
166044 166211 166085 166126 166167
166212 166452 166272 166332 166392
166453 166520 166469 166485 166501
166521 166590 166538 166555 166572
166591 166642 166603 166615 166627
166643 166783 166678 166713 166748
166784 167004 166839 166894 166949
167005 167085 167025 167045 167065
167086 167148 167101 167116 167131
167149 167222 167167 167185 167203
167223 167252 167230 167237 167244
167253 167283 167260 167267 167274
167284 167330 167295 167306 167317
167331 167397 167347 167363 167379
167398 167432 167406 167414 167422
167433 167479 167444 167455 167466
167480 167531 167492 167504 167516
167532 167565 167540 167548 167556
167566 167589 167571 167576 167581
167590 167624 167598 167606 167614
167625 167660 167633 167641 167649
167661 167684 167666 167671 167676
167685 167795 167712 167739 167766
167796 167818 167801 167806 167811
167819 167878 167833 167847 167861
167879 167920 167889 167899 167909
167921 167976 167934 167947 167960
167977 168181 168028 168079 168130
168182 168485 168257 168332 168407
168486 168618 168519 168552 168585
168619 168699 168639 168659 168679
168700 168740 168710 168720 168730
168741 168777 168750 168759 168768
168778 168833 168791 168804 168817
168834 168850 168838 168842 168846
168851 168993 168886 168921 168956
168994 169128 169027 169060 169093
169129 169370 169189 169249 169309
169371 169424 169384 169397 169410
169425 169462 169434 169443 169452
169463 169493 169470 169477 169484
169494 169551 169508 169522 169536
169552 169728 169596 169640 169684
169729 169807 169748 169767 169786
169808 169853 169819 169830 169841
169854 169930 169873 169892 169911
169931 170008 169950 169969 169988
170009 170080 170026 170043 170060
170081 170134 170094 170107 170120
170135 170205 170152 170169 170186
170206 170251 170217 170228 170239
170252 170324 170270 170288 170306
170325 170376 170337 170349 170361
170377 170445 170394 170411 170428
170446 170529 170466 170486 170506
170530 170705 170573 170616 170659
170706 170793 170727 170748 170769
170794 170835 170804 170814 170824
170836 170861 170842 170848 170854
170862 170878 170866 170870 170874
170879 170899 170884 170889 170894
170900 171040 170935 170970 171005
171041 171113 171059 171077 171095
171114 171482 171206 171298 171390
171483 171572 171505 171527 171549
171573 171625 171586 171599 171612
171626 171693 171642 171658 171674
171694 171715 171699 171704 171709
171716 171738 171721 171726 171731
171739 171781 171749 171759 171769
171782 171839 171796 171810 171824
171840 171924 171861 171882 171903
171925 171994 171942 171959 171976
171995 172026 172002 172009 172016
172027 172076 172039 172051 172063
172077 172186 172104 172131 172158
172187 172361 172230 172273 172316
172362 172445 172382 172402 172422
172446 172597 172483 172520 172557
172598 172732 172631 172664 172697
172733 172814 172753 172773 172793
172815 172950 172848 172881 172914
172951 173035 172972 172993 173014
173036 173196 173076 173116 173156
173197 173251 173210 173223 173236
173252 173307 173265 173278 173291
173308 173529 173363 173418 173473
173530 173610 173550 173570 173590
173611 173824 173664 173717 173770
173825 173931 173851 173877 173903
173932 173963 173939 173946 173953
173964 173983 173968 173972 173976
173984 174013 173991 173998 174005
174014 174045 174021 174028 174035
174046 174068 174051 174056 174061
174069 174099 174076 174083 174090
174100 174151 174112 174124 174136
174152 174203 174164 174176 174188
174204 174292 174226 174248 174270
174293 174342 174305 174317 174329
174343 174387 174354 174365 174376
174388 174416 174395 174402 174409
174417 174467 174429 174441 174453
174468 174528 174483 174498 174513
174529 174649 174559 174589 174619
174650 174693 174660 174670 174680
174694 174718 174700 174706 174712
174719 174908 174766 174813 174860
174909 174970 174924 174939 174954
174971 175009 174980 174989 174998
175010 175068 175024 175038 175052
175069 175117 175081 175093 175105
175118 175206 175140 175162 175184
175207 175243 175216 175225 175234
175244 175301 175258 175272 175286
175302 175340 175311 175320 175329
175341 175378 175350 175359 175368
175379 175504 175410 175441 175472
175505 175552 175516 175527 175538
175553 175616 175568 175583 175598
175617 175641 175623 175629 175635
175642 175693 175654 175666 175678
175694 175761 175710 175726 175742
175762 175799 175771 175780 175789
175800 175826 175806 175812 175818
175827 175903 175846 175865 175884
175904 175973 175921 175938 175955
175974 176032 175988 176002 176016
176033 176117 176054 176075 176096
176118 176499 176213 176308 176403
176500 176607 176526 176552 176578
176608 176801 176656 176704 176752
176802 176947 176838 176874 176910
176948 177019 176965 176982 176999
177020 177167 177056 177092 177128
177168 177263 177191 177214 177237
177264 177316 177277 177290 177303
177317 177418 177342 177367 177392
177419 177460 177429 177439 177449
177461 177517 177475 177489 177503
177518 177578 177533 177548 177563
177579 177736 177618 177657 177696
177737 177792 177750 177763 177776
177793 177904 177820 177847 177874
177905 177995 177927 177949 177971
177996 178074 178015 178034 178053
178075 178126 178087 178099 178111
178127 178165 178136 178145 178154
178166 178239 178184 178202 178220
178240 178284 178251 178262 178273
178285 178353 178302 178319 178336
178354 178421 178370 178386 178402
178422 178529 178448 178474 178500
178530 178548 178534 178538 178542
178549 178595 178560 178571 178582
178596 178801 178647 178698 178749
178802 178905 178827 178852 178877
178906 178957 178918 178930 178942
178958 179010 178971 178984 178997
179011 179125 179039 179067 179095
179126 179150 179132 179138 179144
179151 179193 179161 179171 179181
179194 179322 179226 179258 179290
179323 179378 179336 179349 179362
179379 179429 179391 179403 179415
179430 179456 179436 179442 179448
179457 179486 179464 179471 179478
179487 179548 179502 179517 179532
179549 179597 179561 179573 179585
179598 179690 179621 179644 179667
179691 179808 179720 179749 179778
179809 179866 179823 179837 179851
179867 179925 179881 179895 179909
179926 179988 179941 179956 179971
179989 180069 179991 179993 180051
180070 180130 180085 180100 180115
180131 180167 180140 180149 180158
180168 180189 180173 180178 180183
180190 180254 180206 180222 180238
180255 180275 180260 180265 180270
180276 180322 180287 180298 180309
180323 180379 180337 180351 180365
180380 180415 180388 180396 180404
180416 180508 180439 180462 180485
180509 180701 180557 180605 180653
180702 180797 180725 180748 180771
180798 180827 180805 180812 180819
180828 180899 180845 180862 180879
180900 180943 180910 180920 180930
180944 181005 180959 180974 180989
181006 181027 181011 181016 181021
181028 181050 181033 181038 181043
181051 181106 181064 181077 181090
181107 181155 181119 181131 181143
181156 181198 181166 181176 181186
181199 181218 181203 181207 181211
181219 181249 181226 181233 181240
181250 181303 181263 181276 181289
181304 181324 181309 181314 181319
181325 181452 181356 181387 181418
181453 181470 181457 181461 181465
181471 181502 181478 181485 181492
181503 181536 181511 181519 181527
181537 181709 181580 181623 181666
181710 181748 181719 181728 181737
181749 181766 181753 181757 181761
181767 181787 181772 181777 181782
181788 181807 181792 181796 181800
181808 181830 181813 181818 181823
181831 181922 181853 181875 181897
181923 181956 181931 181939 181947
181957 181993 181966 181975 181984
181994 182089 182017 182040 182063
182090 182155 182106 182122 182138
182156 182209 182169 182182 182195
182210 182262 182223 182236 182249
182263 182444 182308 182353 182398
182445 182559 182473 182501 182529
182560 182583 182565 182570 182575
182584 182613 182591 182598 182605
182614 182707 182637 182660 182683
182708 182747 182717 182726 182735
182748 182854 182774 182800 182826
182855 182897 182865 182875 182885
182898 183005 182924 182950 182976
183006 183058 183019 183032 183045
183059 183081 183064 183069 183074
183082 183160 183101 183120 183139
183161 183199 183170 183179 183188
183200 183224 183206 183212 183218
183225 183293 183242 183259 183276
183294 183355 183309 183324 183339
183356 183435 183375 183394 183413
183436 183467 183443 183450 183457
183468 183536 183485 183502 183519
183537 183598 183552 183567 183582
183599 183640 183609 183619 183629
183641 183690 183653 183665 183677
183691 183816 183722 183753 183784
183817 183857 183827 183837 183847
183858 183904 183869 183880 183891
183905 184112 183956 184007 184058
184113 184346 184171 184229 184287
184347 184401 184360 184373 184386
184402 184466 184418 184434 184450
184467 184517 184479 184491 184503
184518 184626 184545 184572 184599
184627 184689 184642 184657 184672
184690 184713 184695 184700 184705
184714 184865 184751 184788 184825
184866 184882 184870 184874 184878
184883 184901 184887 184891 184895
184902 184923 184907 184912 184917
184924 184946 184929 184934 184939
184947 184988 184957 184967 184977
184989 185028 184998 185007 185016
185029 185052 185034 185039 185044
185053 185075 185058 185063 185068
185076 185106 185083 185090 185097
185107 185212 185133 185159 185185
185213 185231 185217 185221 185225
185232 185295 185247 185262 185277
185296 185345 185308 185320 185332
185346 185464 185375 185404 185433
185465 185514 185477 185489 185501
185515 185563 185527 185539 185551
185564 185622 185578 185592 185606
185623 185648 185629 185635 185641
185649 185665 185653 185657 185661
185666 185741 185684 185702 185720
185742 185838 185766 185790 185814
185839 185923 185860 185881 185902
185924 185988 185940 185956 185972
185989 186019 185996 186003 186010
186020 186259 186079 186138 186197
186260 186336 186279 186298 186317
186337 186400 186352 186367 186382
186401 186456 186414 186427 186440
186457 186582 186488 186519 186550
186583 186902 186662 186741 186820
186903 187150 186964 187025 187086
187151 187229 187170 187189 187208
187230 187275 187241 187252 187263
187276 187295 187280 187284 187288
187296 187347 187308 187320 187332
187348 187443 187371 187394 187417
187444 187485 187454 187464 187474
187486 187530 187497 187508 187519
187531 187556 187537 187543 187549
187557 187612 187570 187583 187596
187613 187659 187624 187635 187646
187660 187717 187674 187688 187702
187718 187802 187739 187760 187781
187803 187915 187831 187859 187887
187916 187970 187929 187942 187955
187971 188001 187978 187985 187992
188002 188046 188013 188024 188035
188047 188088 188057 188067 188077
188089 188121 188097 188105 188113
188122 188215 188145 188168 188191
188216 188251 188224 188232 188240
188252 188437 188298 188344 188390
188438 188528 188460 188482 188504
188529 188649 188559 188589 188619
188650 188786 188684 188718 188752
188787 188830 188797 188807 188817
188831 188889 188845 188859 188873
188890 188906 188894 188898 188902
188907 188950 188917 188927 188937
188951 188999 188963 188975 188987
189000 189028 189007 189014 189021
189029 189085 189043 189057 189071
189086 189192 189112 189138 189164
189193 189247 189206 189219 189232
189248 189315 189264 189280 189296
189316 189348 189324 189332 189340
189349 189400 189361 189373 189385
189401 189429 189408 189415 189422
189430 189465 189438 189446 189454
189466 189505 189475 189484 189493
189506 189551 189517 189528 189539
189552 189625 189570 189588 189606
189626 189644 189630 189634 189638
189645 189667 189650 189655 189660
189668 189723 189681 189694 189707
189724 189744 189729 189734 189739
189745 189789 189756 189767 189778
189790 189819 189797 189804 189811
189820 189845 189826 189832 189838
189846 189875 189853 189860 189867
189876 189910 189884 189892 189900
189911 189949 189920 189929 189938
189950 189972 189955 189960 189965
189973 190013 189983 189993 190003
190014 190059 190025 190036 190047
190060 190078 190064 190068 190072
190079 190104 190085 190091 190097
190105 190145 190115 190125 190135
190146 190174 190153 190160 190167
190175 190191 190179 190183 190187
190192 190209 190196 190200 190204
190210 190229 190214 190218 190222
190230 190246 190234 190238 190242
190247 190264 190251 190255 190259
190265 190312 190276 190287 190298
190313 190339 190319 190325 190331
190340 190407 190356 190372 190388
190408 190448 190418 190428 190438
190449 190492 190459 190469 190479
190493 190524 190500 190507 190514
190525 190583 190539 190553 190567
190584 190627 190594 190604 190614
190628 190662 190636 190644 190652
190663 190683 190668 190673 190678
190684 190747 190699 190714 190729
190748 190893 190784 190820 190856
190894 191010 190923 190952 190981
191011 191049 191020 191029 191038
191050 191127 191069 191088 191107
191128 191218 191150 191172 191194
191219 191248 191226 191233 191240
191249 191326 191268 191287 191306
191327 191427 191352 191377 191402
191428 191494 191444 191460 191476
191495 191552 191509 191523 191537
191553 191613 191568 191583 191598
191614 191735 191644 191674 191704
191736 191825 191758 191780 191802
191826 191911 191847 191868 191889
191912 192061 191949 191986 192023
192062 192323 192127 192192 192257
192324 192435 192351 192378 192405
192436 192504 192453 192470 192487
192505 192610 192531 192557 192583
192611 192739 192643 192675 192707
192740 192976 192799 192858 192917
192977 192995 192981 192985 192989
192996 193054 193010 193024 193038
193055 193145 193077 193099 193121
193146 193250 193172 193198 193224
193251 193334 193271 193291 193311
193335 193693 193424 193513 193602
193694 193771 193713 193732 193751
193772 193847 193790 193808 193826
193848 194343 193971 194094 194217
194344 194491 194380 194416 194452
194492 194525 194500 194508 194516
194526 194602 194545 194564 194583
194603 194659 194617 194631 194645
194660 194717 194674 194688 194702
194718 194770 194731 194744 194757
194771 194797 194777 194783 194789
194798 194838 194808 194818 194828
194839 194883 194850 194861 194872
194884 194994 194911 194938 194965
194995 195052 194996 194997 195039
195053 195158 195079 195105 195131
195159 195357 195208 195257 195306
195358 195423 195374 195390 195406
195424 195821 195523 195622 195721
195822 195964 195857 195892 195927
195965 196530 196106 196247 196388
196531 196627 196555 196579 196603
196628 196705 196647 196666 196685
196706 197010 196782 196858 196934
197011 197381 197103 197195 197287
197382 197505 197412 197442 197472
197506 197623 197535 197564 197593
197624 198005 197719 197814 197909
198006 198359 198094 198182 198270
198360 198433 198378 198396 198414
198434 198670 198493 198552 198611
198671 198775 198697 198723 198749
198776 198832 198790 198804 198818
198833 198912 198852 198871 198890
198913 199100 198959 199005 199051
199101 199226 199132 199163 199194
199227 199409 199272 199317 199362
199410 199536 199441 199472 199503
199537 199579 199547 199557 199567
199580 199690 199607 199634 199661
199691 199732 199701 199711 199721
199733 199810 199752 199771 199790
199811 199838 199817 199823 199829
199839 199889 199851 199863 199875
199890 199938 199902 199914 199926
199939 200023 199960 199981 200002
200024 200289 200090 200156 200222
200290 200346 200304 200318 200332
200347 200411 200363 200379 200395
200412 200469 200426 200440 200454
200470 200687 200524 200578 200632
200688 200716 200695 200702 200709
200717 200813 200741 200765 200789
200814 201044 200871 200928 200985
201045 201187 201080 201115 201150
201188 201324 201222 201256 201290
201325 201593 201392 201459 201526
201594 201680 201615 201636 201657
201681 201732 201693 201705 201717
201733 201800 201749 201765 201781
201801 201902 201826 201851 201876
201903 201960 201917 201931 201945
201961 202062 201986 202011 202036
202063 202110 202074 202085 202096
202111 213047 204083 206055 212283
213048 213096 213060 213072 213084
