0 670 167 334 501
671 714 681 691 701
715 1265 852 989 1126
1266 1411 1302 1338 1374
1412 1583 1454 1496 1538
1584 1846 1649 1714 1779
1847 1908 1862 1877 1892
1909 2055 1945 1981 2017
2056 2295 2115 2174 2233
2296 2369 2314 2332 2350
2370 2403 2378 2386 2394
2404 2460 2418 2432 2446
2461 2538 2480 2499 2518
2539 2725 2585 2631 2677
2726 2771 2737 2748 2759
2772 2882 2799 2826 2853
2883 2947 2899 2915 2931
2948 3329 3043 3138 3233
3330 3533 3380 3430 3480
3534 3644 3561 3588 3615
3645 3762 3674 3703 3732
3763 3969 3814 3865 3916
3970 4075 3996 4022 4048
4076 4105 4083 4090 4097
4106 4284 4150 4194 4238
4285 4520 4343 4401 4459
4521 4979 4635 4749 4863
4980 5136 5019 5058 5097
5137 5176 5146 5155 5164
5177 5271 5200 5223 5246
5272 5349 5291 5310 5329
5350 5551 5400 5450 5500
5552 5660 5579 5606 5633
5661 5920 5725 5789 5853
5921 6020 5945 5969 5993
6021 6227 6072 6123 6174
6228 6302 6246 6264 6282
6303 6380 6322 6341 6360
6381 6421 6391 6401 6411
6422 6493 6439 6456 6473
6494 6570 6513 6532 6551
6571 6655 6592 6613 6634
6656 6714 6670 6684 6698
6715 6796 6735 6755 6775
6797 6905 6824 6851 6878
6906 6979 6924 6942 6960
6980 7137 7019 7058 7097
7138 7203 7154 7170 7186
7204 7318 7232 7260 7288
7319 7362 7329 7339 7349
7363 7408 7374 7385 7396
7409 7453 7420 7431 7442
7454 7569 7482 7510 7538
7570 7633 7585 7600 7615
7634 7704 7651 7668 7685
7705 7751 7716 7727 7738
7752 7781 7759 7766 7773
7782 7976 7830 7878 7926
7977 8053 7996 8015 8034
8054 8146 8077 8100 8123
8147 8181 8155 8163 8171
8182 8225 8192 8202 8212
8226 8264 8235 8244 8253
8265 8320 8278 8291 8304
8321 8393 8339 8357 8375
8394 8435 8404 8414 8424
8436 8484 8448 8460 8472
8485 8717 8543 8601 8659
8718 8763 8729 8740 8751
8764 8846 8784 8804 8824
8847 8909 8862 8877 8892
8910 8941 8917 8924 8931
8942 9025 8962 8982 9002
9026 9042 9030 9034 9038
9043 9148 9069 9095 9121
9149 9229 9169 9189 9209
9230 9287 9244 9258 9272
9288 9360 9306 9324 9342
9361 9517 9400 9439 9478
9518 9574 9532 9546 9560
9575 9706 9607 9639 9671
9707 9770 9722 9737 9752
9771 9823 9784 9797 9810
9824 9884 9839 9854 9869
9885 9962 9904 9923 9942
9963 10026 9978 9993 10008
10027 10050 10032 10037 10042
10051 10142 10073 10095 10117
10143 10360 10197 10251 10305
10361 10477 10390 10419 10448
10478 10518 10488 10498 10508
10519 10565 10530 10541 10552
10566 10689 10596 10626 10656
10690 10768 10709 10728 10747
10769 10821 10782 10795 10808
10822 10879 10836 10850 10864
10880 10954 10898 10916 10934
10955 11063 10982 11009 11036
11064 11246 11109 11154 11199
11247 11270 11252 11257 11262
11271 11299 11278 11285 11292
11300 11321 11305 11310 11315
11322 11355 11330 11338 11346
11356 11421 11372 11388 11404
11422 11498 11441 11460 11479
11499 11565 11515 11531 11547
11566 11597 11573 11580 11587
11598 11765 11639 11680 11721
11766 12024 11830 11894 11958
12025 12108 12045 12065 12085
12109 12196 12130 12151 12172
12197 12303 12223 12249 12275
12304 12379 12322 12340 12358
12380 12442 12395 12410 12425
12443 12479 12452 12461 12470
12480 12567 12501 12522 12543
12568 12617 12580 12592 12604
12618 12649 12625 12632 12639
12650 12670 12655 12660 12665
12671 12714 12681 12691 12701
12715 12790 12733 12751 12769
12791 12816 12797 12803 12809
12817 12844 12823 12829 12835
12845 12966 12875 12905 12935
12967 13019 12980 12993 13006
13020 13093 13038 13056 13074
13094 13195 13119 13144 13169
13196 13351 13234 13272 13310
13352 13407 13365 13378 13391
13408 13442 13416 13424 13432
13443 13469 13449 13455 13461
13470 13522 13483 13496 13509
13523 13611 13545 13567 13589
13612 13725 13640 13668 13696
13726 13809 13746 13766 13786
13810 13887 13829 13848 13867
13888 13952 13904 13920 13936
13953 14086 13986 14019 14052
14087 14131 14098 14109 14120
14132 14162 14139 14146 14153
14163 14234 14180 14197 14214
14235 14262 14241 14247 14253
14263 14362 14287 14311 14335
14363 14400 14372 14381 14390
14401 14460 14415 14429 14443
14461 14671 14513 14565 14617
14672 14792 14702 14732 14762
14793 14849 14807 14821 14835
14850 14873 14855 14860 14865
14874 14987 14902 14930 14958
14988 15043 14990 14992 15030
15044 15152 15071 15098 15125
15153 15223 15170 15187 15204
15224 15275 15236 15248 15260
15276 15374 15300 15324 15348
15375 15589 15428 15481 15534
15590 15663 15608 15626 15644
15664 15827 15704 15744 15784
15828 15880 15841 15854 15867
15881 15964 15901 15921 15941
15965 16000 15973 15981 15989
16001 16022 16006 16011 16016
16023 16133 16050 16077 16104
16134 16290 16173 16212 16251
16291 16312 16296 16301 16306
16313 16378 16329 16345 16361
16379 16468 16401 16423 16445
16469 16524 16482 16495 16508
16525 16573 16537 16549 16561
16574 16592 16578 16582 16586
16593 16616 16598 16603 16608
16617 16646 16624 16631 16638
16647 16713 16663 16679 16695
16714 16818 16740 16766 16792
16819 16913 16842 16865 16888
16914 16950 16923 16932 16941
16951 17014 16966 16981 16996
17015 17149 17048 17081 17114
17150 17182 17158 17166 17174
17183 17308 17214 17245 17276
17309 17359 17321 17333 17345
17360 17401 17370 17380 17390
17402 17563 17442 17482 17522
17564 17633 17581 17598 17615
17634 18030 17733 17832 17931
18031 18119 18053 18075 18097
18120 18202 18140 18160 18180
18203 18248 18214 18225 18236
18249 18284 18257 18265 18273
18285 18304 18289 18293 18297
18305 18400 18328 18351 18374
18401 18512 18428 18455 18482
18513 18542 18520 18527 18534
18543 18572 18550 18557 18564
18573 18594 18578 18583 18588
18595 18649 18608 18621 18634
18650 18668 18654 18658 18662
18669 18746 18688 18707 18726
18747 18831 18768 18789 18810
18832 18867 18840 18848 18856
18868 19007 18902 18936 18970
19008 19163 19046 19084 19122
19164 19226 19179 19194 19209
19227 19301 19245 19263 19281
19302 19437 19335 19368 19401
19438 19538 19463 19488 19513
19539 19652 19567 19595 19623
19653 19755 19678 19703 19728
19756 20010 19819 19882 19945
20011 20037 20017 20023 20029
20038 20073 20046 20054 20062
20074 20107 20082 20090 20098
20108 20158 20120 20132 20144
20159 20209 20171 20183 20195
20210 20330 20240 20270 20300
20331 20377 20342 20353 20364
20378 20567 20425 20472 20519
20568 20655 20589 20610 20631
20656 20792 20690 20724 20758
20793 20959 20834 20875 20916
20960 21027 20976 20992 21008
21028 21068 21038 21048 21058
21069 21186 21098 21127 21156
21187 21246 21201 21215 21229
21247 21307 21262 21277 21292
21308 21596 21380 21452 21524
21597 21633 21606 21615 21624
21634 21676 21644 21654 21664
21677 21754 21696 21715 21734
21755 21802 21766 21777 21788
21803 21827 21809 21815 21821
21828 21968 21863 21898 21933
21969 22077 21996 22023 22050
22078 22116 22087 22096 22105
22117 22269 22155 22193 22231
22270 22372 22295 22320 22345
22373 22402 22380 22387 22394
22403 22502 22427 22451 22475
22503 22594 22525 22547 22569
22595 22647 22608 22621 22634
22648 22706 22662 22676 22690
22707 22735 22714 22721 22728
22736 22821 22757 22778 22799
22822 22874 22835 22848 22861
22875 22911 22884 22893 22902
22912 22975 22927 22942 22957
22976 23062 22997 23018 23039
23063 23195 23096 23129 23162
23196 23260 23212 23228 23244
23261 23350 23283 23305 23327
23351 23486 23384 23417 23450
23487 23512 23493 23499 23505
23513 23545 23521 23529 23537
23546 23605 23560 23574 23588
23606 23643 23615 23624 23633
23644 23699 23657 23670 23683
23700 23765 23716 23732 23748
23766 23863 23790 23814 23838
23864 23910 23875 23886 23897
23911 23945 23919 23927 23935
23946 24032 23967 23988 24009
24033 24063 24040 24047 24054
24064 24092 24071 24078 24085
24093 24154 24108 24123 24138
24155 24187 24163 24171 24179
24188 24211 24193 24198 24203
24212 24240 24219 24226 24233
24241 24351 24268 24295 24322
24352 24387 24360 24368 24376
24388 24450 24403 24418 24433
24451 24533 24471 24491 24511
24534 24570 24543 24552 24561
24571 24612 24581 24591 24601
24613 24658 24624 24635 24646
24659 24754 24682 24705 24728
24755 24940 24801 24847 24893
24941 25121 24986 25031 25076
25122 25329 25173 25224 25275
25330 25384 25343 25356 25369
25385 25477 25408 25431 25454
25478 25531 25491 25504 25517
25532 25570 25541 25550 25559
25571 25610 25580 25589 25598
25611 25635 25617 25623 25629
25636 25724 25658 25680 25702
25725 25866 25760 25795 25830
25867 25993 25898 25929 25960
25994 26032 26003 26012 26021
26033 26082 26045 26057 26069
26083 26126 26093 26103 26113
26127 26200 26145 26163 26181
26201 26291 26223 26245 26267
26292 26323 26299 26306 26313
26324 26377 26337 26350 26363
26378 26443 26394 26410 26426
26444 26525 26464 26484 26504
26526 26574 26538 26550 26562
26575 26654 26594 26613 26632
26655 26693 26664 26673 26682
26694 26747 26707 26720 26733
26748 26852 26774 26800 26826
26853 26915 26868 26883 26898
26916 26942 26922 26928 26934
26943 26971 26950 26957 26964
26972 26995 26977 26982 26987
26996 27098 27021 27046 27071
27099 27159 27114 27129 27144
27160 27224 27176 27192 27208
27225 27350 27256 27287 27318
27351 27374 27356 27361 27366
27375 27411 27384 27393 27402
27412 27467 27425 27438 27451
27468 27487 27472 27476 27480
27488 27621 27521 27554 27587
27622 27785 27662 27702 27742
27786 27842 27800 27814 27828
27843 27871 27850 27857 27864
27872 28091 27926 27980 28034
28092 28153 28107 28122 28137
28154 28188 28162 28170 28178
28189 28275 28210 28231 28252
28276 28369 28299 28322 28345
28370 28491 28400 28430 28460
28492 28546 28505 28518 28531
28547 28642 28570 28593 28616
28643 28691 28655 28667 28679
28692 28733 28702 28712 28722
28734 28780 28745 28756 28767
28781 28897 28810 28839 28868
28898 28972 28916 28934 28952
28973 29021 28985 28997 29009
29022 29075 29035 29048 29061
29076 29173 29100 29124 29148
29174 29239 29190 29206 29222
29240 29355 29268 29296 29324
29356 29396 29366 29376 29386
29397 29605 29449 29501 29553
29606 29660 29619 29632 29645
29661 29693 29669 29677 29685
29694 29735 29704 29714 29724
29736 29772 29745 29754 29763
29773 29806 29781 29789 29797
29807 29852 29818 29829 29840
29853 29882 29860 29867 29874
29883 29993 29910 29937 29964
29994 30057 29995 29996 30042
30058 30126 30075 30092 30109
30127 30224 30151 30175 30199
30225 30306 30245 30265 30285
30307 30351 30318 30329 30340
30352 30395 30362 30372 30382
30396 30440 30407 30418 30429
30441 30509 30458 30475 30492
30510 30583 30528 30546 30564
30584 30610 30590 30596 30602
30611 30719 30638 30665 30692
30720 30841 30750 30780 30810
30842 30884 30852 30862 30872
30885 30939 30898 30911 30924
30940 30968 30947 30954 30961
30969 31004 30977 30985 30993
31005 31080 31023 31041 31059
31081 31122 31091 31101 31111
31123 31155 31131 31139 31147
31156 31240 31177 31198 31219
31241 31296 31254 31267 31280
31297 31447 31334 31371 31408
31448 31543 31471 31494 31517
31544 31602 31558 31572 31586
31603 31759 31642 31681 31720
31760 31786 31766 31772 31778
31787 31900 31815 31843 31871
31901 32034 31934 31967 32000
32035 32077 32045 32055 32065
32078 32167 32100 32122 32144
32168 32242 32186 32204 32222
32243 32277 32251 32259 32267
32278 32317 32287 32296 32305
32318 32369 32330 32342 32354
32370 32546 32414 32458 32502
32547 32647 32572 32597 32622
32648 32692 32659 32670 32681
32693 32729 32702 32711 32720
32730 32780 32742 32754 32766
32781 32852 32798 32815 32832
32853 32893 32863 32873 32883
32894 32965 32911 32928 32945
32966 33021 32979 32992 33005
33022 33181 33061 33100 33139
33182 33254 33200 33218 33236
33255 33356 33280 33305 33330
33357 33445 33379 33401 33423
33446 33514 33463 33480 33497
33515 33549 33523 33531 33539
33550 33595 33561 33572 33583
33596 33681 33617 33638 33659
33682 33706 33688 33694 33700
33707 33772 33723 33739 33755
33773 33813 33783 33793 33803
33814 33902 33836 33858 33880
33903 33963 33918 33933 33948
33964 34115 34001 34038 34075
34116 34240 34147 34178 34209
34241 34395 34279 34317 34355
34396 34650 34459 34522 34585
34651 34748 34675 34699 34723
34749 34969 34804 34859 34914
34970 35004 34978 34986 34994
35005 35054 35017 35029 35041
35055 35120 35071 35087 35103
35121 35271 35158 35195 35232
35272 35348 35291 35310 35329
35349 35390 35359 35369 35379
35391 35491 35416 35441 35466
35492 35566 35510 35528 35546
35567 35616 35579 35591 35603
35617 35666 35629 35641 35653
35667 35711 35678 35689 35700
35712 35765 35725 35738 35751
35766 35881 35794 35822 35850
35882 35920 35891 35900 35909
35921 36146 35977 36033 36089
36147 36193 36158 36169 36180
36194 36275 36214 36234 36254
36276 36804 36408 36540 36672
36805 36869 36821 36837 36853
36870 36959 36892 36914 36936
36960 37044 36981 37002 37023
37045 37207 37085 37125 37165
37208 37249 37218 37228 37238
37250 37377 37281 37312 37343
37378 37408 37385 37392 37399
37409 37495 37430 37451 37472
37496 37662 37537 37578 37619
37663 37703 37673 37683 37693
37704 37805 37729 37754 37779
37806 37938 37839 37872 37905
37939 38265 38020 38101 38182
38266 38319 38279 38292 38305
38320 38371 38332 38344 38356
38372 38426 38385 38398 38411
38427 38488 38442 38457 38472
38489 38558 38506 38523 38540
38559 38592 38567 38575 38583
38593 38691 38617 38641 38665
38692 38808 38721 38750 38779
38809 38844 38817 38825 38833
38845 38944 38869 38893 38917
38945 39097 38983 39021 39059
39098 39166 39115 39132 39149
39167 39297 39199 39231 39263
39298 39448 39335 39372 39409
39449 39532 39469 39489 39509
39533 39594 39548 39563 39578
39595 39668 39613 39631 39649
39669 39775 39695 39721 39747
39776 39831 39789 39802 39815
39832 39911 39851 39870 39889
39912 40039 39943 39974 40005
40040 40148 40067 40094 40121
40149 40189 40159 40169 40179
40190 40283 40213 40236 40259
40284 40479 40332 40380 40428
40480 40711 40537 40594 40651
40712 40766 40725 40738 40751
40767 40839 40785 40803 40821
40840 40882 40850 40860 40870
40883 40909 40889 40895 40901
40910 40994 40931 40952 40973
40995 41024 41002 41009 41016
41025 41091 41041 41057 41073
41092 41117 41098 41104 41110
41118 41277 41157 41196 41235
41278 41299 41283 41288 41293
41300 41338 41309 41318 41327
41339 41428 41361 41383 41405
41429 41471 41439 41449 41459
41472 41525 41485 41498 41511
41526 41586 41541 41556 41571
41587 41661 41605 41623 41641
41662 41713 41674 41686 41698
41714 41737 41719 41724 41729
41738 41795 41752 41766 41780
41796 41988 41844 41892 41940
41989 42015 41995 42001 42007
42016 42161 42052 42088 42124
42162 42263 42187 42212 42237
42264 42357 42287 42310 42333
42358 42676 42437 42516 42595
42677 42746 42694 42711 42728
42747 42837 42769 42791 42813
42838 42912 42856 42874 42892
42913 42978 42929 42945 42961
42979 43043 42995 43011 43027
43044 43114 43061 43078 43095
43115 43278 43155 43195 43235
43279 43308 43286 43293 43300
43309 43370 43324 43339 43354
43371 43414 43381 43391 43401
43415 43520 43441 43467 43493
43521 43588 43537 43553 43569
43589 43632 43599 43609 43619
43633 43753 43663 43693 43723
43754 43794 43764 43774 43784
43795 43882 43816 43837 43858
43883 44023 43918 43953 43988
44024 44068 44035 44046 44057
44069 44179 44096 44123 44150
44180 44248 44197 44214 44231
44249 44325 44268 44287 44306
44326 44473 44362 44398 44434
44474 44497 44479 44484 44489
44498 44563 44514 44530 44546
44564 44606 44574 44584 44594
44607 44665 44621 44635 44649
44666 44702 44675 44684 44693
44703 44755 44716 44729 44742
44756 44885 44788 44820 44852
44886 44921 44894 44902 44910
44922 45296 44941 44960 45222
45297 45349 45310 45323 45336
45350 45596 45411 45472 45533
45597 45646 45609 45621 45633
45647 45742 45670 45693 45716
45743 45776 45751 45759 45767
45777 45826 45789 45801 45813
45827 45857 45834 45841 45848
45858 45980 45888 45918 45948
45981 46032 45993 46005 46017
46033 46097 46049 46065 46081
46098 46167 46115 46132 46149
46168 46224 46182 46196 46210
46225 46285 46240 46255 46270
46286 46338 46299 46312 46325
46339 46393 46352 46365 46378
46394 46467 46412 46430 46448
46468 46513 46479 46490 46501
46514 46553 46523 46532 46541
46554 46639 46575 46596 46617
46640 46677 46649 46658 46667
46678 46739 46693 46708 46723
46740 46805 46756 46772 46788
46806 46874 46823 46840 46857
46875 46943 46892 46909 46926
46944 47003 46958 46972 46986
47004 47070 47020 47036 47052
47071 47149 47090 47109 47128
47150 47190 47160 47170 47180
47191 47292 47216 47241 47266
47293 47354 47308 47323 47338
47355 47392 47364 47373 47382
47393 47440 47404 47415 47426
47441 47502 47456 47471 47486
47503 47659 47542 47581 47620
47660 47710 47672 47684 47696
47711 47821 47738 47765 47792
47822 47859 47831 47840 47849
47860 48374 47988 48116 48244
48375 48484 48402 48429 48456
48485 48567 48505 48525 48545
48568 48618 48580 48592 48604
48619 48702 48639 48659 48679
48703 48813 48730 48757 48784
48814 48879 48830 48846 48862
48880 48955 48898 48916 48934
48956 49079 48986 49016 49046
49080 49154 49098 49116 49134
49155 49193 49164 49173 49182
49194 49274 49214 49234 49254
49275 49337 49290 49305 49320
49338 49446 49365 49392 49419
49447 49509 49462 49477 49492
49510 49589 49529 49548 49567
49590 49628 49599 49608 49617
49629 49646 49633 49637 49641
49647 49693 49658 49669 49680
49694 49759 49710 49726 49742
49760 49813 49773 49786 49799
49814 49861 49825 49836 49847
49862 49907 49873 49884 49895
49908 49956 49920 49932 49944
49957 50021 49973 49989 50005
50022 50068 50033 50044 50055
50069 50111 50079 50089 50099
50112 50202 50134 50156 50178
50203 50277 50221 50239 50257
50278 50330 50291 50304 50317
50331 50392 50346 50361 50376
50393 50453 50408 50423 50438
50454 50523 50471 50488 50505
50524 50571 50535 50546 50557
50572 50614 50582 50592 50602
50615 50634 50619 50623 50627
50635 50674 50644 50653 50662
50675 50703 50682 50689 50696
50704 50735 50711 50718 50725
50736 50758 50741 50746 50751
50759 50799 50769 50779 50789
50800 50829 50807 50814 50821
50830 50847 50834 50838 50842
50848 50983 50881 50914 50947
50984 51024 50994 51004 51014
51025 51043 51029 51033 51037
51044 51115 51061 51078 51095
51116 51161 51127 51138 51149
51162 51180 51166 51170 51174
51181 51210 51188 51195 51202
51211 51234 51216 51221 51226
51235 51286 51247 51259 51271
51287 51312 51293 51299 51305
51313 51338 51319 51325 51331
51339 51365 51345 51351 51357
51366 51402 51375 51384 51393
51403 51436 51411 51419 51427
51437 51496 51451 51465 51479
51497 51544 51508 51519 51530
51545 51657 51573 51601 51629
51658 51738 51678 51698 51718
51739 51776 51748 51757 51766
51777 51825 51789 51801 51813
51826 51894 51843 51860 51877
51895 51999 51921 51947 51973
52000 52064 52016 52032 52048
52065 52125 52080 52095 52110
52126 52192 52142 52158 52174
52193 52514 52273 52353 52433
52515 52573 52529 52543 52557
52574 52620 52585 52596 52607
52621 52697 52640 52659 52678
52698 52743 52709 52720 52731
52744 52770 52750 52756 52762
52771 52841 52788 52805 52822
52842 52909 52858 52874 52890
52910 53045 52943 52976 53009
53046 53098 53059 53072 53085
53099 53221 53129 53159 53189
53222 53334 53250 53278 53306
53335 53548 53388 53441 53494
53549 53604 53562 53575 53588
53605 53783 53649 53693 53737
53784 53859 53802 53820 53838
53860 53933 53878 53896 53914
53934 54017 53954 53974 53994
54018 54076 54032 54046 54060
54077 54181 54103 54129 54155
54182 54226 54193 54204 54215
54227 54269 54237 54247 54257
54270 54400 54302 54334 54366
54401 54499 54425 54449 54473
54500 54539 54509 54518 54527
54540 54598 54554 54568 54582
54599 54635 54608 54617 54626
54636 54734 54660 54684 54708
54735 54808 54753 54771 54789
54809 54867 54823 54837 54851
54868 54906 54877 54886 54895
54907 54939 54915 54923 54931
54940 54970 54947 54954 54961
54971 55039 54988 55005 55022
55040 55180 55075 55110 55145
55181 55238 55195 55209 55223
55239 55279 55249 55259 55269
55280 55299 55284 55288 55292
55300 55352 55313 55326 55339
55353 55383 55360 55367 55374
55384 55440 55398 55412 55426
55441 55462 55446 55451 55456
55463 55487 55469 55475 55481
55488 55529 55498 55508 55518
55530 55606 55549 55568 55587
55607 55645 55616 55625 55634
55646 55705 55660 55674 55688
55706 55736 55713 55720 55727
55737 55781 55748 55759 55770
55782 55828 55793 55804 55815
55829 55971 55864 55899 55934
55972 56052 55992 56012 56032
56053 56105 56066 56079 56092
56106 56156 56118 56130 56142
56157 56276 56186 56215 56244
56277 56318 56287 56297 56307
56319 56474 56357 56395 56433
56475 56551 56494 56513 56532
56552 56636 56573 56594 56615
56637 56743 56663 56689 56715
56744 56800 56758 56772 56786
56801 56899 56825 56849 56873
56900 56943 56910 56920 56930
56944 57065 56974 57004 57034
57066 57114 57078 57090 57102
57115 57204 57137 57159 57181
57205 57241 57214 57223 57232
57242 57314 57260 57278 57296
57315 57382 57331 57347 57363
57383 57406 57388 57393 57398
57407 57434 57413 57419 57425
57435 57504 57452 57469 57486
57505 57554 57517 57529 57541
57555 57639 57576 57597 57618
57640 57672 57648 57656 57664
57673 57741 57690 57707 57724
57742 57777 57750 57758 57766
57778 57888 57805 57832 57859
57889 57961 57907 57925 57943
57962 58031 57979 57996 58013
58032 58138 58058 58084 58110
58139 58175 58148 58157 58166
58176 58204 58183 58190 58197
58205 58339 58238 58271 58304
58340 58372 58348 58356 58364
58373 58412 58382 58391 58400
58413 58468 58426 58439 58452
58469 58518 58481 58493 58505
58519 58551 58527 58535 58543
58552 58685 58585 58618 58651
58686 58831 58722 58758 58794
58832 58887 58845 58858 58871
58888 59053 58929 58970 59011
59054 59142 59076 59098 59120
59143 59270 59174 59205 59236
59271 59305 59279 59287 59295
59306 59351 59317 59328 59339
59352 59392 59362 59372 59382
59393 59414 59398 59403 59408
59415 59468 59428 59441 59454
59469 59497 59476 59483 59490
59498 59587 59520 59542 59564
59588 59718 59620 59652 59684
59719 59799 59739 59759 59779
59800 59899 59824 59848 59872
59900 59977 59919 59938 59957
59978 60072 59983 59988 60054
60073 60114 60083 60093 60103
60115 60249 60148 60181 60214
60250 60423 60293 60336 60379
60424 60490 60440 60456 60472
60491 60747 60555 60619 60683
60748 60864 60777 60806 60835
60865 60907 60875 60885 60895
60908 60945 60917 60926 60935
60946 61015 60963 60980 60997
61016 61171 61054 61092 61130
61172 61237 61188 61204 61220
61238 61342 61264 61290 61316
61343 61384 61353 61363 61373
61385 61430 61396 61407 61418
61431 61508 61450 61469 61488
61509 61693 61555 61601 61647
61694 61727 61702 61710 61718
61728 61751 61733 61738 61743
61752 61797 61763 61774 61785
61798 61966 61840 61882 61924
61967 62199 62025 62083 62141
62200 62244 62211 62222 62233
62245 62300 62258 62271 62284
62301 62338 62310 62319 62328
62339 62393 62352 62365 62378
62394 62564 62436 62478 62520
62565 62628 62580 62595 62610
62629 62762 62662 62695 62728
62763 62897 62796 62829 62862
62898 63153 62961 63024 63087
63154 63216 63169 63184 63199
63217 63280 63232 63247 63262
63281 63333 63294 63307 63320
63334 63419 63355 63376 63397
63420 63480 63435 63450 63465
63481 63531 63493 63505 63517
63532 63576 63543 63554 63565
63577 63617 63587 63597 63607
63618 63697 63637 63656 63675
63698 63729 63705 63712 63719
63730 63753 63735 63740 63745
63754 64014 63819 63884 63949
64015 64045 64022 64029 64036
64046 64110 64062 64078 64094
64111 64179 64128 64145 64162
64180 64288 64207 64234 64261
64289 64372 64309 64329 64349
64373 64503 64405 64437 64469
64504 64533 64511 64518 64525
64534 64582 64546 64558 64570
64583 64609 64589 64595 64601
64610 64755 64646 64682 64718
64756 64800 64767 64778 64789
64801 64853 64814 64827 64840
64854 64878 64860 64866 64872
64879 64922 64889 64899 64909
64923 64945 64928 64933 64938
64946 64979 64954 64962 64970
64980 65013 64988 64996 65004
65014 65045 65021 65028 65035
65046 65066 65051 65056 65061
65067 65169 65092 65117 65142
65170 65211 65180 65190 65200
65212 65291 65231 65250 65269
65292 65382 65314 65336 65358
65383 65468 65404 65425 65446
65469 65509 65479 65489 65499
65510 65535 65516 65522 65528
65536 65576 65546 65556 65566
65577 65608 65584 65591 65598
65609 65635 65615 65621 65627
65636 65667 65643 65650 65657
65668 65718 65680 65692 65704
65719 65738 65723 65727 65731
65739 65871 65772 65805 65838
65872 65916 65883 65894 65905
65917 65987 65934 65951 65968
65988 66027 65997 66006 66015
66028 66088 66043 66058 66073
66089 66120 66096 66103 66110
66121 66164 66131 66141 66151
66165 66191 66171 66177 66183
66192 66343 66229 66266 66303
66344 66369 66350 66356 66362
66370 66392 66375 66380 66385
66393 66412 66397 66401 66405
66413 66434 66418 66423 66428
66435 66458 66440 66445 66450
66459 66508 66471 66483 66495
66509 66545 66518 66527 66536
66546 66679 66579 66612 66645
66680 66823 66715 66750 66785
66824 66956 66857 66890 66923
66957 67053 66981 67005 67029
67054 67150 67078 67102 67126
67151 67174 67156 67161 67166
67175 67210 67183 67191 67199
67211 67231 67216 67221 67226
67232 67261 67239 67246 67253
67262 67335 67280 67298 67316
67336 67468 67369 67402 67435
67469 67496 67475 67481 67487
67497 67562 67513 67529 67545
67563 67585 67568 67573 67578
67586 67617 67593 67600 67607
67618 67694 67637 67656 67675
67695 67736 67705 67715 67725
67737 67797 67752 67767 67782
67798 67859 67813 67828 67843
67860 67943 67880 67900 67920
67944 67978 67952 67960 67968
67979 68404 68085 68191 68297
68405 68422 68409 68413 68417
68423 68634 68475 68527 68579
68635 68732 68659 68683 68707
68733 68802 68750 68767 68784
68803 68907 68829 68855 68881
68908 68964 68922 68936 68950
68965 69065 68990 69015 69040
69066 69252 69112 69158 69204
69253 69358 69279 69305 69331
69359 69430 69376 69393 69410
69431 69649 69485 69539 69593
69650 70417 69841 70032 70223
70418 70621 70468 70518 70568
70622 70817 70670 70718 70766
70818 70892 70836 70854 70872
70893 71585 71066 71239 71412
71586 71788 71636 71686 71736
71789 71816 71795 71801 71807
71817 71868 71829 71841 71853
71869 71911 71879 71889 71899
71912 72145 71970 72028 72086
72146 72170 72152 72158 72164
72171 72322 72208 72245 72282
72323 72395 72341 72359 72377
72396 72422 72402 72408 72414
72423 72610 72469 72515 72561
72611 72851 72671 72731 72791
72852 72924 72870 72888 72906
72925 73005 72945 72965 72985
73006 73065 73020 73034 73048
73066 73140 73084 73102 73120
73141 73392 73203 73265 73327
73393 73591 73442 73491 73540
73592 73685 73615 73638 73661
73686 73775 73708 73730 73752
73776 73964 73823 73870 73917
73965 74149 74011 74057 74103
74150 74233 74170 74190 74210
74234 74447 74287 74340 74393
74448 74582 74481 74514 74547
74583 74669 74604 74625 74646
74670 74748 74689 74708 74727
74749 74894 74785 74821 74857
74895 74963 74912 74929 74946
74964 75002 74972 74980 75000
75003 75047 75014 75025 75036
75048 75186 75082 75116 75150
75187 75306 75216 75245 75274
75307 75405 75331 75355 75379
75406 75677 75473 75540 75607
75678 75719 75688 75698 75708
75720 75800 75740 75760 75780
75801 75852 75813 75825 75837
75853 76048 75901 75949 75997
76049 76156 76075 76101 76127
76157 76179 76162 76167 76172
76180 76199 76184 76188 76192
76200 76338 76234 76268 76302
76339 76414 76357 76375 76393
76415 76687 76483 76551 76619
76688 76759 76705 76722 76739
76760 76937 76804 76848 76892
76938 77086 76975 77012 77049
77087 77236 77124 77161 77198
77237 77284 77248 77259 77270
77285 77433 77322 77359 77396
77434 77510 77453 77472 77491
77511 77658 77547 77583 77619
77659 77848 77706 77753 77800
77849 78071 77904 77959 78014
78072 78536 78188 78304 78420
78537 78754 78591 78645 78699
78755 78924 78797 78839 78881
78925 79037 78953 78981 79009
79038 79150 79066 79094 79122
79151 79243 79174 79197 79220
79244 79307 79259 79274 79289
79308 79367 79322 79336 79350
79368 79511 79403 79438 79473
79512 79580 79529 79546 79563
79581 79642 79596 79611 79626
79643 79737 79666 79689 79712
79738 79784 79749 79760 79771
79785 79920 79818 79851 79884
79921 79961 79931 79941 79951
79962 80146 80008 80054 80100
80147 80251 80173 80199 80225
80252 80404 80290 80328 80366
80405 80709 80481 80557 80633
80710 81081 80802 80894 80986
81082 81189 81108 81134 81160
81190 81294 81216 81242 81268
81295 81499 81346 81397 81448
81500 81687 81546 81592 81638
81688 81854 81729 81770 81811
81855 81915 81870 81885 81900
81916 81975 81930 81944 81958
81976 82046 81993 82010 82027
82047 82089 82057 82067 82077
82090 82154 82106 82122 82138
82155 82176 82160 82165 82170
82177 82213 82186 82195 82204
82214 82271 82228 82242 82256
82272 82652 82367 82462 82557
82653 82784 82685 82717 82749
82785 83032 82846 82907 82968
83033 83086 83046 83059 83072
83087 83159 83105 83123 83141
83160 83218 83174 83188 83202
83219 83282 83234 83249 83264
83283 83319 83292 83301 83310
83320 83355 83328 83336 83344
83356 83387 83363 83370 83377
83388 83413 83394 83400 83406
83414 83484 83431 83448 83465
83485 83611 83516 83547 83578
83612 83646 83620 83628 83636
83647 83736 83669 83691 83713
83737 84110 83830 83923 84016
84111 84202 84133 84155 84177
84203 84282 84222 84241 84260
84283 84389 84309 84335 84361
84390 84606 84444 84498 84552
84607 84695 84629 84651 84673
84696 84819 84726 84756 84786
84820 84869 84832 84844 84856
84870 84939 84887 84904 84921
84940 85172 84998 85056 85114
85173 85222 85185 85197 85209
85223 85255 85231 85239 85247
85256 85281 85262 85268 85274
85282 85382 85307 85332 85357
85383 85427 85394 85405 85416
85428 85604 85472 85516 85560
85605 85657 85618 85631 85644
85658 85781 85688 85718 85748
85782 85805 85787 85792 85797
85806 85904 85830 85854 85878
85905 86121 85959 86013 86067
86122 86188 86138 86154 86170
86189 86367 86233 86277 86321
86368 86432 86384 86400 86416
86433 86492 86447 86461 86475
86493 86515 86498 86503 86508
86516 86575 86530 86544 86558
86576 86622 86587 86598 86609
86623 86654 86630 86637 86644
86655 86783 86687 86719 86751
86784 86839 86797 86810 86823
86840 86882 86850 86860 86870
86883 86906 86888 86893 86898
86907 86971 86923 86939 86955
86972 87013 86982 86992 87002
87014 87080 87030 87046 87062
87081 87137 87095 87109 87123
87138 87198 87153 87168 87183
87199 87218 87203 87207 87211
87219 87308 87241 87263 87285
87309 87383 87327 87345 87363
87384 87459 87402 87420 87438
87460 87539 87479 87498 87517
87540 87585 87551 87562 87573
87586 87682 87610 87634 87658
87683 87732 87695 87707 87719
87733 87770 87742 87751 87760
87771 87817 87782 87793 87804
87818 87859 87828 87838 87848
87860 87898 87869 87878 87887
87899 87950 87911 87923 87935
87951 87992 87961 87971 87981
87993 88019 87999 88005 88011
88020 88075 88033 88046 88059
88076 88109 88084 88092 88100
88110 88141 88117 88124 88131
88142 88159 88146 88150 88154
88160 88192 88168 88176 88184
88193 88408 88246 88299 88352
88409 88527 88438 88467 88496
88528 88622 88551 88574 88597
88623 88762 88657 88691 88725
88763 88961 88812 88861 88910
88962 89033 88979 88996 89013
89034 89156 89064 89094 89124
89157 89248 89179 89201 89223
89249 89283 89257 89265 89273
89284 89396 89312 89340 89368
89397 89484 89418 89439 89460
89485 89523 89494 89503 89512
89524 89563 89533 89542 89551
89564 89674 89591 89618 89645
89675 89730 89688 89701 89714
89731 89805 89749 89767 89785
89806 89902 89830 89854 89878
89903 90162 89927 89951 90120
90163 90216 90176 90189 90202
90217 90437 90272 90327 90382
90438 90585 90474 90510 90546
90586 90648 90601 90616 90631
90649 90784 90682 90715 90748
90785 90980 90833 90881 90929
90981 91050 90998 91015 91032
91051 91097 91062 91073 91084
91098 91157 91112 91126 91140
91158 91193 91166 91174 91182
91194 91224 91201 91208 91215
91225 91284 91239 91253 91267
91285 91319 91293 91301 91309
91320 91341 91325 91330 91335
91342 91362 91347 91352 91357
91363 91411 91375 91387 91399
91412 91479 91428 91444 91460
91480 91690 91532 91584 91636
91691 91811 91721 91751 91781
91812 91884 91830 91848 91866
91885 91957 91903 91921 91939
91958 92005 91969 91980 91991
92006 92072 92022 92038 92054
92073 92127 92086 92099 92112
92128 92189 92143 92158 92173
92190 92218 92197 92204 92211
92219 92257 92228 92237 92246
92258 92306 92270 92282 92294
92307 92367 92322 92337 92352
92368 92434 92384 92400 92416
92435 92587 92473 92511 92549
92588 92678 92610 92632 92654
92679 92826 92715 92751 92787
92827 92871 92838 92849 92860
92872 92944 92890 92908 92926
92945 92984 92954 92963 92972
92985 93039 92998 93011 93024
93040 93169 93072 93104 93136
93170 93279 93197 93224 93251
93280 93383 93305 93330 93355
93384 93513 93416 93448 93480
93514 93534 93519 93524 93529
93535 93587 93548 93561 93574
93588 93621 93596 93604 93612
93622 93661 93631 93640 93649
93662 93732 93679 93696 93713
93733 93972 93792 93851 93910
93973 94136 94013 94053 94093
94137 94439 94212 94287 94362
94440 94555 94468 94496 94524
94556 94690 94589 94622 94655
94691 94843 94729 94767 94805
94844 95215 94936 95028 95120
95216 95298 95236 95256 95276
95299 95432 95332 95365 95398
95433 95595 95473 95513 95553
95596 95716 95626 95656 95686
95717 95782 95733 95749 95765
95783 95906 95813 95843 95873
95907 95972 95923 95939 95955
95973 96077 95999 96025 96051
96078 96127 96090 96102 96114
96128 96184 96142 96156 96170
96185 96226 96195 96205 96215
96227 96294 96243 96259 96275
96295 96329 96303 96311 96319
96330 96390 96345 96360 96375
96391 96439 96403 96415 96427
96440 96529 96462 96484 96506
96530 96565 96538 96546 96554
96566 96651 96587 96608 96629
96652 96820 96694 96736 96778
96821 96976 96859 96897 96935
96977 97039 96992 97007 97022
97040 97279 97099 97158 97217
97280 97328 97292 97304 97316
97329 97408 97348 97367 97386
97409 97587 97453 97497 97541
97588 97706 97617 97646 97675
97707 97893 97753 97799 97845
97894 97947 97907 97920 97933
97948 98088 97983 98018 98053
98089 98169 98109 98129 98149
98170 98291 98200 98230 98260
98292 98400 98319 98346 98373
98401 98501 98426 98451 98476
98502 98764 98567 98632 98697
98765 98892 98796 98827 98858
98893 98921 98900 98907 98914
98922 99007 98943 98964 98985
99008 99037 99015 99022 99029
99038 99114 99057 99076 99095
99115 99167 99128 99141 99154
99168 99193 99174 99180 99186
99194 99215 99199 99204 99209
99216 99488 99284 99352 99420
99489 99560 99506 99523 99540
99561 99706 99597 99633 99669
99707 99862 99745 99783 99821
99863 100034 99905 99947 99989
100035 100146 100062 100089 100116
100147 100187 100157 100167 100177
100188 100290 100213 100238 100263
100291 100395 100317 100343 100369
100396 100448 100409 100422 100435
100449 100603 100487 100525 100563
100604 100645 100614 100624 100634
100646 100695 100658 100670 100682
100696 100761 100712 100728 100744
100762 100782 100767 100772 100777
100783 100825 100793 100803 100813
100826 100848 100831 100836 100841
100849 100880 100856 100863 100870
100881 100956 100899 100917 100935
100957 101004 100968 100979 100990
101005 101175 101047 101089 101131
101176 101239 101191 101206 101221
101240 101749 101367 101494 101621
101750 101808 101764 101778 101792
101809 101942 101842 101875 101908
101943 102006 101958 101973 101988
102007 102163 102046 102085 102124
102164 102193 102171 102178 102185
102194 102237 102204 102214 102224
102238 102313 102256 102274 102292
102314 102356 102324 102334 102344
102357 102472 102385 102413 102441
102473 102561 102495 102517 102539
102562 102660 102586 102610 102634
102661 102894 102719 102777 102835
102895 102925 102902 102909 102916
102926 103124 102975 103024 103073
103125 103242 103154 103183 103212
103243 103417 103286 103329 103372
103418 103458 103428 103438 103448
103459 103641 103504 103549 103594
103642 103873 103699 103756 103813
103874 104161 103945 104016 104087
104162 104212 104174 104186 104198
104213 104419 104264 104315 104366
104420 104466 104431 104442 104453
104467 104534 104483 104499 104515
104535 104573 104544 104553 104562
104574 104627 104587 104600 104613
104628 104700 104646 104664 104682
104701 104722 104706 104711 104716
104723 104804 104743 104763 104783
104805 104848 104815 104825 104835
104849 104920 104866 104883 104900
104921 105059 104940 104959 105042
105060 105149 105082 105104 105126
105150 105281 105182 105214 105246
105282 105557 105350 105418 105486
105558 105686 105590 105622 105654
105687 105772 105708 105729 105750
105773 106079 105849 105925 106001
106080 106240 106120 106160 106200
106241 106551 106318 106395 106472
106552 106864 106630 106708 106786
106865 107110 106926 106987 107048
107111 107761 107273 107435 107597
107762 107848 107783 107804 107825
107849 108012 107889 107929 107969
108013 108161 108050 108087 108124
108162 108245 108182 108202 108222
108246 108282 108255 108264 108273
108283 108345 108298 108313 108328
108346 108429 108366 108386 108406
108430 108808 108524 108618 108712
108809 108884 108827 108845 108863
108885 108963 108904 108923 108942
108964 108997 108972 108980 108988
108998 109065 109014 109030 109046
109066 109107 109076 109086 109096
109108 109185 109127 109146 109165
109186 109232 109197 109208 109219
109233 109356 109263 109293 109323
109357 109393 109366 109375 109384
109394 109440 109405 109416 109427
109441 109474 109449 109457 109465
109475 109521 109486 109497 109508
109522 109603 109542 109562 109582
109604 109901 109678 109752 109826
109902 109995 109925 109948 109971
109996 110108 110024 110052 110080
110109 110167 110123 110137 110151
110168 110189 110173 110178 110183
110190 110387 110239 110288 110337
110388 110464 110407 110426 110445
110465 110543 110484 110503 110522
110544 110570 110550 110556 110562
110571 110635 110587 110603 110619
110636 110746 110663 110690 110717
110747 110838 110769 110791 110813
110839 110863 110845 110851 110857
110864 110929 110880 110896 110912
110930 110995 110946 110962 110978
110996 111074 111015 111034 111053
111075 111108 111083 111091 111099
111109 111178 111126 111143 111160
111179 111313 111212 111245 111278
111314 111784 111431 111548 111665
111785 112322 111919 112053 112187
112323 112474 112360 112397 112434
112475 112521 112486 112497 112508
112522 112548 112528 112534 112540
112549 112584 112557 112565 112573
112585 112644 112599 112613 112627
112645 113387 112830 113015 113200
113388 113506 113417 113446 113475
113507 113550 113517 113527 113537
113551 113602 113563 113575 113587
113603 113653 113615 113627 113639
113654 113705 113666 113678 113690
113706 113769 113721 113736 113751
113770 113814 113781 113792 113803
113815 113913 113839 113863 113887
113914 114078 113955 113996 114037
114079 114158 114098 114117 114136
114159 114245 114180 114201 114222
114246 114271 114252 114258 114264
114272 114303 114279 114286 114293
114304 114386 114324 114344 114364
114387 114418 114394 114401 114408
114419 114468 114431 114443 114455
114469 114507 114478 114487 114496
114508 114540 114516 114524 114532
114541 114579 114550 114559 114568
114580 114611 114587 114594 114601
114612 114648 114621 114630 114639
114649 114746 114673 114697 114721
114747 114838 114769 114791 114813
114839 114857 114843 114847 114851
114858 114881 114863 114868 114873
114882 115012 114914 114946 114978
115013 115052 115022 115031 115040
115053 115140 115074 115095 115116
115141 115210 115158 115175 115192
115211 115347 115245 115279 115313
115348 115419 115365 115382 115399
115420 115958 115554 115688 115822
115959 116796 116168 116377 116586
116797 116850 116810 116823 116836
116851 116940 116873 116895 116917
116941 116986 116952 116963 116974
116987 117068 117007 117027 117047
117069 117228 117108 117147 117186
117229 117412 117274 117319 117364
117413 117489 117432 117451 117470
117490 117534 117501 117512 117523
117535 117615 117555 117575 117595
117616 117688 117634 117652 117670
117689 117744 117702 117715 117728
117745 117764 117749 117753 117757
117765 117900 117798 117831 117864
117901 118069 117943 117985 118027
118070 118155 118091 118112 118133
118156 118204 118168 118180 118192
118205 118238 118213 118221 118229
118239 118292 118252 118265 118278
118293 118347 118306 118319 118332
118348 118425 118367 118386 118405
118426 118465 118435 118444 118453
118466 118498 118474 118482 118490
118499 118533 118507 118515 118523
118534 118583 118546 118558 118570
118584 118637 118597 118610 118623
118638 118683 118649 118660 118671
118684 118727 118694 118704 118714
118728 118778 118740 118752 118764
118779 118827 118791 118803 118815
118828 118863 118836 118844 118852
118864 118992 118896 118928 118960
118993 119086 119016 119039 119062
119087 119168 119107 119127 119147
119169 119225 119183 119197 119211
119226 119271 119237 119248 119259
119272 119376 119298 119324 119350
119377 119424 119388 119399 119410
119425 119465 119435 119445 119455
119466 119491 119472 119478 119484
119492 119548 119506 119520 119534
119549 119590 119559 119569 119579
119591 119622 119598 119605 119612
119623 119663 119633 119643 119653
119664 119714 119676 119688 119700
119715 119767 119728 119741 119754
119768 119802 119776 119784 119792
119803 119827 119809 119815 119821
119828 119923 119851 119874 119897
119924 120009 119942 119960 120006
120010 120058 120022 120034 120046
120059 120087 120066 120073 120080
120088 120195 120114 120140 120166
120196 120279 120216 120236 120256
120280 120328 120292 120304 120316
120329 120671 120414 120499 120584
120672 120824 120710 120748 120786
120825 121233 120927 121029 121131
121234 121354 121264 121294 121324
121355 121430 121373 121391 121409
121431 121796 121522 121613 121704
121797 121837 121807 121817 121827
121838 122174 121922 122006 122090
122175 122243 122192 122209 122226
122244 122484 122304 122364 122424
122485 122617 122518 122551 122584
122618 122839 122673 122728 122783
122840 122979 122874 122908 122942
122980 123161 123025 123070 123115
123162 123308 123198 123234 123270
123309 123404 123332 123355 123378
123405 123609 123456 123507 123558
123610 123733 123640 123670 123700
123734 123820 123755 123776 123797
123821 123885 123837 123853 123869
123886 123972 123907 123928 123949
123973 124098 124004 124035 124066
124099 124180 124119 124139 124159
124181 124391 124233 124285 124337
124392 124481 124414 124436 124458
124482 124803 124562 124642 124722
124804 124908 124830 124856 124882
124909 125208 124983 125057 125131
125209 125365 125248 125287 125326
125366 125511 125402 125438 125474
125512 125572 125527 125542 125557
125573 125753 125618 125663 125708
125754 125828 125772 125790 125808
125829 125866 125838 125847 125856
125867 125900 125875 125883 125891
125901 125927 125907 125913 125919
125928 125953 125934 125940 125946
125954 125997 125964 125974 125984
125998 126031 126006 126014 126022
126032 126071 126041 126050 126059
126072 126136 126088 126104 126120
126137 126207 126154 126171 126188
126208 126241 126216 126224 126232
126242 126302 126257 126272 126287
126303 126402 126327 126351 126375
126403 126575 126446 126489 126532
126576 126635 126590 126604 126618
126636 126691 126649 126662 126675
126692 126731 126701 126710 126719
126732 126818 126753 126774 126795
126819 126881 126834 126849 126864
126882 126956 126900 126918 126936
126957 126993 126966 126975 126984
126994 127042 127006 127018 127030
127043 127121 127062 127081 127100
127122 127159 127131 127140 127149
127160 127347 127206 127252 127298
127348 127395 127359 127370 127381
127396 127466 127413 127430 127447
127467 127513 127478 127489 127500
127514 127561 127525 127536 127547
127562 127603 127572 127582 127592
127604 127642 127613 127622 127631
127643 127735 127666 127689 127712
127736 127808 127754 127772 127790
127809 127853 127820 127831 127842
127854 127905 127866 127878 127890
127906 127954 127918 127930 127942
127955 127988 127963 127971 127979
127989 128020 127996 128003 128010
128021 128052 128028 128035 128042
128053 128106 128066 128079 128092
128107 128152 128118 128129 128140
128153 128226 128171 128189 128207
128227 128265 128236 128245 128254
128266 128447 128311 128356 128401
128448 128657 128500 128552 128604
128658 128911 128721 128784 128847
128912 128995 128932 128952 128972
128996 129021 129002 129008 129014
129022 129061 129031 129040 129049
129062 129220 129101 129140 129179
129221 129286 129237 129253 129269
129287 129350 129302 129317 129332
129351 129402 129363 129375 129387
129403 129499 129427 129451 129475
129500 129528 129507 129514 129521
129529 129551 129534 129539 129544
129552 129605 129565 129578 129591
129606 129634 129613 129620 129627
129635 129669 129643 129651 129659
129670 129750 129690 129710 129730
129751 129813 129766 129781 129796
129814 129981 129855 129896 129937
129982 130067 130003 130024 130045
130068 130116 130080 130092 130104
130117 130191 130135 130153 130171
130192 130217 130198 130204 130210
130218 130245 130224 130230 130236
130246 130289 130256 130266 130276
130290 130359 130307 130324 130341
130360 130426 130376 130392 130408
130427 130468 130437 130447 130457
130469 130527 130483 130497 130511
130528 130585 130542 130556 130570
130586 130632 130597 130608 130619
130633 130771 130667 130701 130735
130772 130809 130781 130790 130799
130810 130869 130824 130838 130852
130870 130903 130878 130886 130894
130904 130949 130915 130926 130937
130950 130970 130955 130960 130965
130971 131026 130984 130997 131010
131027 131055 131034 131041 131048
131056 131112 131070 131084 131098
131113 131151 131122 131131 131140
131152 131263 131179 131206 131233
131264 131301 131273 131282 131291
131302 131344 131312 131322 131332
131345 131379 131353 131361 131369
131380 131465 131401 131422 131443
131466 131506 131476 131486 131496
131507 131531 131513 131519 131525
131532 131810 131601 131670 131739
131811 131832 131816 131821 131826
131833 131960 131864 131895 131926
131961 132043 131981 132001 132021
132044 132088 132055 132066 132077
132089 132166 132108 132127 132146
132167 132221 132180 132193 132206
132222 132276 132235 132248 132261
132277 132330 132290 132303 132316
132331 132376 132342 132353 132364
132377 132437 132392 132407 132422
132438 132610 132481 132524 132567
132611 132672 132626 132641 132656
132673 132717 132684 132695 132706
132718 132781 132733 132748 132763
132782 132803 132787 132792 132797
132804 132830 132810 132816 132822
132831 132858 132837 132843 132849
132859 132888 132866 132873 132880
132889 133032 132924 132959 132994
133033 133094 133048 133063 133078
133095 133157 133110 133125 133140
133158 133226 133175 133192 133209
133227 133293 133243 133259 133275
133294 133351 133308 133322 133336
133352 133412 133367 133382 133397
133413 133443 133420 133427 133434
133444 133517 133462 133480 133498
133518 133672 133556 133594 133632
133673 133728 133686 133699 133712
133729 133791 133744 133759 133774
133792 133920 133824 133856 133888
133921 133951 133928 133935 133942
133952 133974 133957 133962 133967
133975 134010 133983 133991 133999
134011 134095 134032 134053 134074
134096 134282 134142 134188 134234
134283 134344 134298 134313 134328
134345 134464 134374 134403 134432
134465 134658 134513 134561 134609
134659 134738 134678 134697 134716
134739 134761 134744 134749 134754
134762 134841 134781 134800 134819
134842 134906 134858 134874 134890
134907 134974 134923 134939 134955
134975 135006 134981 134987 135003
135007 135045 135016 135025 135034
135046 135085 135055 135064 135073
135086 135436 135173 135260 135347
135437 135862 135543 135649 135755
135863 135923 135878 135893 135908
135924 136093 135966 136008 136050
136094 136170 136113 136132 136151
136171 136369 136220 136269 136318
136370 136456 136391 136412 136433
136457 136529 136475 136493 136511
136530 136624 136553 136576 136599
136625 136788 136665 136705 136745
136789 136835 136800 136811 136822
136836 136914 136855 136874 136893
136915 136952 136924 136933 136942
136953 137020 136969 136985 137001
137021 137058 137030 137039 137048
137059 137134 137077 137095 137113
137135 137158 137140 137145 137150
137159 137209 137171 137183 137195
137210 137341 137242 137274 137306
137342 137459 137371 137400 137429
137460 137635 137503 137546 137589
137636 137658 137641 137646 137651
137659 137724 137675 137691 137707
137725 137768 137735 137745 137755
137769 137847 137788 137807 137826
137848 137982 137881 137914 137947
137983 138024 137993 138003 138013
138025 138074 138037 138049 138061
138075 138136 138090 138105 138120
138137 138156 138141 138145 138149
138157 138358 138207 138257 138307
138359 138388 138366 138373 138380
138389 138487 138413 138437 138461
138488 138521 138496 138504 138512
138522 138545 138527 138532 138537
138546 138646 138571 138596 138621
138647 138724 138666 138685 138704
138725 138855 138757 138789 138821
138856 138992 138890 138924 138958
138993 139074 139013 139033 139053
139075 139128 139088 139101 139114
139129 139173 139140 139151 139162
139174 139219 139185 139196 139207
139220 139249 139227 139234 139241
139250 139297 139261 139272 139283
139298 139406 139325 139352 139379
139407 139501 139430 139453 139476
139502 139581 139521 139540 139559
139582 139807 139638 139694 139750
139808 139930 139838 139868 139898
139931 140036 139957 139983 140009
140037 140135 140061 140085 140109
140136 140286 140173 140210 140247
140287 140326 140296 140305 140314
140327 140367 140337 140347 140357
140368 140425 140382 140396 140410
140426 140464 140435 140444 140453
140465 140504 140474 140483 140492
140505 140669 140546 140587 140628
140670 140873 140720 140770 140820
140874 141047 140917 140960 141003
141048 141741 141221 141394 141567
141742 142039 141816 141890 141964
142040 142330 142112 142184 142256
142331 142400 142348 142365 142382
142401 142456 142414 142427 142440
142457 142511 142470 142483 142496
142512 142586 142530 142548 142566
142587 142750 142627 142667 142707
142751 142796 142762 142773 142784
142797 143092 142870 142943 143016
143093 143253 143133 143173 143213
143254 143391 143288 143322 143356
143392 143456 143408 143424 143440
143457 143704 143518 143579 143640
143705 143813 143732 143759 143786
143814 143886 143832 143850 143868
143887 143959 143905 143923 143941
143960 143990 143967 143974 143981
143991 144249 144055 144119 144183
144250 144307 144264 144278 144292
144308 144337 144315 144322 144329
144338 144356 144342 144346 144350
144357 144435 144376 144395 144414
144436 144570 144469 144502 144535
144571 144596 144577 144583 144589
144597 144622 144603 144609 144615
144623 144699 144642 144661 144680
144700 144717 144704 144708 144712
144718 144758 144728 144738 144748
144759 144816 144773 144787 144801
144817 144844 144823 144829 144835
144845 144863 144849 144853 144857
144864 144880 144868 144872 144876
144881 144938 144895 144909 144923
144939 144988 144951 144963 144975
144989 145031 144999 145009 145019
145032 145136 145058 145084 145110
145137 145201 145153 145169 145185
145202 145558 145291 145380 145469
145559 145623 145575 145591 145607
145624 145892 145691 145758 145825
145893 145933 145903 145913 145923
145934 146067 145967 146000 146033
146068 146111 146078 146088 146098
146112 146513 146212 146312 146412
146514 146555 146524 146534 146544
146556 146616 146571 146586 146601
146617 146690 146635 146653 146671
146691 146785 146714 146737 146760
146786 146884 146810 146834 146858
146885 147072 146931 146977 147023
147073 147164 147095 147117 147139
147165 147367 147215 147265 147315
147368 147555 147414 147460 147506
147556 147629 147574 147592 147610
147630 147685 147643 147656 147669
147686 147819 147719 147752 147785
147820 147904 147841 147862 147883
147905 147941 147914 147923 147932
147942 148136 147990 148038 148086
148137 148181 148148 148159 148170
148182 148205 148187 148192 148197
148206 148232 148212 148218 148224
148233 148274 148243 148253 148263
148275 148332 148289 148303 148317
148333 148383 148345 148357 148369
148384 148422 148393 148402 148411
148423 148446 148428 148433 148438
148447 148487 148457 148467 148477
148488 148768 148558 148628 148698
148769 148812 148779 148789 148799
148813 148852 148822 148831 148840
148853 148930 148872 148891 148910
148931 149010 148950 148969 148988
149011 149076 149027 149043 149059
149077 149150 149095 149113 149131
149151 149248 149175 149199 149223
149249 149289 149259 149269 149279
149290 149350 149305 149320 149335
149351 149403 149364 149377 149390
149404 149471 149420 149436 149452
149472 149564 149495 149518 149541
149565 149645 149585 149605 149625
149646 149704 149660 149674 149688
149705 149785 149725 149745 149765
149786 149818 149794 149802 149810
149819 149858 149828 149837 149846
149859 149963 149885 149911 149937
149964 150014 149972 149980 150009
150015 150051 150024 150033 150042
150052 150084 150060 150068 150076
150085 150121 150094 150103 150112
150122 150287 150163 150204 150245
150288 150361 150306 150324 150342
150362 150504 150397 150432 150467
150505 150556 150517 150529 150541
150557 150604 150568 150579 150590
150605 150652 150616 150627 150638
150653 150766 150681 150709 150737
150767 150967 150817 150867 150917
150968 151056 150990 151012 151034
151057 151098 151067 151077 151087
151099 151173 151117 151135 151153
151174 151331 151213 151252 151291
151332 151372 151342 151352 151362
151373 151420 151384 151395 151406
151421 151481 151436 151451 151466
151482 151592 151509 151536 151563
151593 151754 151633 151673 151713
151755 151846 151777 151799 151821
151847 151977 151879 151911 151943
151978 152012 151986 151994 152002
152013 152053 152023 152033 152043
152054 152157 152079 152104 152129
152158 152185 152164 152170 152176
152186 152208 152191 152196 152201
152209 152246 152218 152227 152236
152247 152265 152251 152255 152259
152266 152324 152280 152294 152308
152325 152375 152337 152349 152361
152376 152407 152383 152390 152397
152408 152462 152421 152434 152447
152463 152518 152476 152489 152502
152519 152591 152537 152555 152573
152592 152612 152597 152602 152607
152613 152644 152620 152627 152634
152645 152768 152675 152705 152735
152769 152796 152775 152781 152787
152797 152838 152807 152817 152827
152839 152896 152853 152867 152881
152897 153085 152944 152991 153038
153086 153344 153150 153214 153278
153345 153513 153387 153429 153471
153514 153695 153559 153604 153649
153696 153799 153721 153746 153771
153800 154097 153874 153948 154022
154098 154386 154170 154242 154314
154387 154485 154411 154435 154459
154486 154884 154585 154684 154783
154885 154944 154899 154913 154927
154945 155211 155011 155077 155143
155212 155271 155226 155240 155254
155272 155330 155286 155300 155314
155331 155485 155369 155407 155445
155486 155618 155519 155552 155585
155619 155682 155634 155649 155664
155683 155924 155743 155803 155863
155925 156048 155955 155985 156015
156049 156108 156063 156077 156091
156109 156162 156122 156135 156148
156163 156223 156178 156193 156208
156224 156251 156230 156236 156242
156252 156416 156293 156334 156375
156417 156489 156435 156453 156471
156490 156638 156527 156564 156601
156639 156735 156663 156687 156711
156736 156793 156750 156764 156778
156794 156893 156818 156842 156866
156894 156961 156910 156926 156942
156962 157023 156977 156992 157007
157024 157116 157047 157070 157093
157117 157271 157155 157193 157231
157272 157288 157276 157280 157284
157289 157321 157297 157305 157313
157322 157370 157334 157346 157358
157371 157419 157383 157395 157407
157420 157447 157426 157432 157438
157448 157517 157465 157482 157499
157518 157574 157532 157546 157560
157575 157702 157606 157637 157668
157703 157747 157714 157725 157736
157748 157833 157769 157790 157811
157834 157886 157847 157860 157873
157887 157940 157900 157913 157926
157941 157996 157954 157967 157980
157997 158141 158033 158069 158105
158142 158175 158150 158158 158166
158176 158220 158187 158198 158209
158221 158284 158236 158251 158266
158285 158405 158315 158345 158375
158406 158480 158424 158442 158460
158481 158620 158515 158549 158583
158621 158665 158632 158643 158654
158666 158735 158683 158700 158717
158736 158830 158759 158782 158805
158831 158872 158841 158851 158861
158873 158895 158878 158883 158888
158896 158938 158906 158916 158926
158939 158987 158951 158963 158975
158988 159043 159001 159014 159027
159044 159228 159090 159136 159182
159229 159325 159253 159277 159301
159326 159344 159330 159334 159338
159345 159375 159352 159359 159366
159376 159451 159394 159412 159430
159452 159560 159479 159506 159533
159561 159617 159575 159589 159603
159618 159654 159627 159636 159645
159655 159812 159694 159733 159772
159813 159974 159853 159893 159933
159975 160017 159985 159995 160005
160018 160056 160027 160036 160045
160057 160092 160065 160073 160081
160093 160128 160101 160109 160117
160129 160301 160172 160215 160258
160302 160342 160312 160322 160332
160343 160409 160359 160375 160391
160410 160532 160440 160470 160500
160533 160635 160558 160583 160608
160636 160680 160647 160658 160669
160681 160739 160695 160709 160723
160740 160886 160776 160812 160848
160887 160948 160902 160917 160932
160949 161002 160962 160975 160988
161003 161086 161023 161043 161063
161087 161136 161099 161111 161123
161137 161304 161178 161219 161260
161305 161600 161378 161451 161524
161601 161720 161630 161659 161688
161721 161904 161766 161811 161856
161905 162026 161935 161965 161995
162027 162091 162043 162059 162075
162092 162168 162111 162130 162149
162169 162225 162183 162197 162211
162226 162312 162247 162268 162289
162313 162408 162336 162359 162382
162409 162509 162434 162459 162484
162510 162646 162544 162578 162612
162647 162729 162667 162687 162707
162730 162950 162785 162840 162895
162951 163002 162963 162975 162987
163003 163042 163012 163021 163030
163043 163126 163063 163083 163103
163127 163289 163167 163207 163247
163290 163349 163304 163318 163332
163350 163413 163365 163380 163395
163414 163522 163441 163468 163495
163523 163561 163532 163541 163550
163562 163589 163568 163574 163580
163590 163737 163626 163662 163698
163738 163801 163753 163768 163783
163802 163982 163847 163892 163937
163983 164034 163995 164007 164019
164035 164170 164068 164101 164134
164171 164330 164210 164249 164288
164331 164384 164344 164357 164370
164385 164597 164438 164491 164544
164598 164644 164609 164620 164631
164645 164716 164662 164679 164696
164717 164805 164739 164761 164783
164806 164878 164824 164842 164860
164879 164930 164891 164903 164915
164931 165217 164948 164965 165162
165218 165277 165232 165246 165260
165278 165464 165324 165370 165416
165465 165511 165476 165487 165498
165512 165599 165533 165554 165575
165600 165717 165629 165658 165687
165718 165905 165764 165810 165856
165906 165967 165921 165936 165951
165968 166014 165979 165990 166001
166015 166141 166046 166077 166108
166142 166226 166163 166184 166205
166227 166336 166254 166281 166308
166337 166384 166348 166359 166370
166385 166478 166408 166431 166454
166479 166555 166498 166517 166536
166556 166611 166569 166582 166595
166612 166659 166623 166634 166645
166660 166695 166668 166676 166684
166696 166776 166716 166736 166756
166777 167178 166877 166977 167077
167179 167234 167192 167205 167218
167235 167421 167281 167327 167373
167422 167510 167444 167466 167488
167511 167541 167518 167525 167532
167542 167563 167547 167552 167557
167564 167650 167585 167606 167627
167651 167783 167684 167717 167750
167784 167877 167807 167830 167853
167878 168020 167913 167948 167983
168021 168133 168049 168077 168105
168134 168183 168146 168158 168170
168184 168296 168212 168240 168268
168297 168361 168313 168329 168345
168362 168402 168372 168382 168392
168403 168443 168413 168423 168433
168444 168506 168459 168474 168489
168507 168563 168521 168535 168549
168564 168620 168578 168592 168606
168621 168706 168642 168663 168684
168707 168791 168728 168749 168770
168792 168821 168799 168806 168813
168822 168842 168827 168832 168837
168843 168939 168867 168891 168915
168940 169031 168962 168984 169006
169032 169108 169051 169070 169089
169109 169200 169131 169153 169175
169201 169427 169257 169313 169369
169428 169590 169468 169508 169548
169591 169699 169618 169645 169672
169700 169750 169712 169724 169736
169751 169797 169762 169773 169784
169798 169889 169820 169842 169864
169890 169956 169906 169922 169938
169957 169993 169966 169975 169984
169994 170030 170003 170012 170021
170031 170064 170039 170047 170055
170065 170346 170135 170205 170275
170347 170422 170365 170383 170401
170423 170466 170433 170443 170453
170467 170511 170478 170489 170500
170512 170557 170523 170534 170545
170558 170619 170573 170588 170603
170620 170661 170630 170640 170650
170662 170822 170702 170742 170782
170823 170894 170840 170857 170874
170895 170949 170908 170921 170934
170950 171001 170962 170974 170986
171002 171069 171018 171034 171050
171070 171102 171078 171086 171094
171103 171134 171110 171117 171124
171135 171177 171145 171155 171165
171178 171283 171204 171230 171256
171284 171389 171310 171336 171362
171390 171490 171415 171440 171465
171491 171553 171506 171521 171536
171554 171686 171587 171620 171653
171687 171719 171695 171703 171711
171720 171820 171745 171770 171795
171821 171856 171829 171837 171845
171857 171883 171863 171869 171875
171884 171916 171892 171900 171908
171917 171980 171932 171947 171962
171981 172028 171992 172003 172014
172029 172087 172043 172057 172071
172088 172124 172097 172106 172115
172125 172155 172132 172139 172146
172156 172194 172165 172174 172183
172195 172235 172205 172215 172225
172236 172309 172254 172272 172290
172310 172431 172340 172370 172400
172432 172479 172443 172454 172465
172480 172545 172496 172512 172528
172546 172613 172562 172578 172594
172614 172728 172642 172670 172698
172729 172795 172745 172761 172777
172796 172883 172817 172838 172859
172884 172972 172906 172928 172950
172973 173042 172990 173007 173024
173043 173144 173068 173093 173118
173145 173264 173174 173203 173232
173265 173822 173404 173543 173682
173823 173880 173837 173851 173865
173881 174129 173943 174005 174067
174130 174299 174172 174214 174256
174300 174333 174308 174316 174324
174334 174544 174386 174438 174490
174545 174676 174577 174609 174641
174677 174733 174691 174705 174719
174734 174902 174776 174818 174860
174903 175060 174942 174981 175020
175061 175117 175075 175089 175103
175118 175414 175192 175266 175340
175415 175814 175514 175613 175712
175815 175919 175841 175867 175893
175920 176000 175940 175960 175980
176001 176036 176009 176017 176025
176037 176182 176073 176109 176145
176183 176212 176190 176197 176204
176213 176577 176304 176395 176486
176578 176603 176584 176590 176596
176604 176710 176630 176656 176682
176711 176741 176718 176725 176732
176742 176832 176764 176786 176808
176833 176880 176844 176855 176866
176881 177034 176919 176957 176995
177035 177099 177051 177067 177083
177100 177187 177121 177142 177163
177188 177250 177203 177218 177233
177251 177280 177258 177265 177272
177281 177360 177300 177319 177338
177361 177405 177372 177383 177394
177406 177952 177542 177678 177814
177953 178247 178026 178099 178172
178248 178310 178263 178278 178293
178311 178429 178340 178369 178398
178430 178499 178447 178464 178481
178500 178553 178513 178526 178539
178554 178630 178573 178592 178611
178631 178704 178649 178667 178685
178705 178816 178732 178759 178786
178817 178986 178859 178901 178943
178987 179087 179012 179037 179062
179088 179528 179198 179308 179418
179529 179601 179547 179565 179583
179602 179736 179635 179668 179701
179737 179807 179754 179771 179788
179808 179924 179837 179866 179895
179925 179961 179934 179943 179952
179962 180040 179971 179980 180030
180041 181195 180329 180617 180905
181196 187438 182756 184316 185876
