0 101 25 50 75
102 256 140 178 216
257 547 329 401 473
548 585 557 566 575
586 645 600 614 628
646 745 670 694 718
746 1622 965 1184 1403
1623 3489 2089 2555 3021
3490 3514 3496 3502 3508
3515 3806 3587 3659 3731
3807 4004 3856 3905 3954
4005 4216 4057 4109 4161
4217 4769 4355 4493 4631
4770 4830 4785 4800 4815
4831 4885 4844 4857 4870
4886 4952 4902 4918 4934
4953 5050 4977 5001 5025
5051 5170 5080 5109 5138
5171 5337 5212 5253 5294
5338 5432 5361 5384 5407
5433 5567 5466 5499 5532
5568 5921 5656 5744 5832
5922 5988 5938 5954 5970
5989 6051 6004 6019 6034
6052 6264 6105 6158 6211
6265 6344 6284 6303 6322
6345 6399 6358 6371 6384
6400 6533 6433 6466 6499
6534 6684 6571 6608 6645
6685 6788 6710 6735 6760
6789 6897 6816 6843 6870
6898 7041 6933 6968 7003
7042 7211 7084 7126 7168
7212 7269 7226 7240 7254
7270 7347 7289 7308 7327
7348 7454 7374 7400 7426
7455 7563 7482 7509 7536
7564 7675 7591 7618 7645
7676 7985 7753 7830 7907
7986 8072 8007 8028 8049
8073 8199 8104 8135 8166
8200 8279 8219 8238 8257
8280 8364 8301 8322 8343
8365 8492 8396 8427 8458
8493 8542 8505 8517 8529
8543 8601 8557 8571 8585
8602 9059 8716 8830 8944
9060 9193 9093 9126 9159
9194 9280 9215 9236 9257
9281 9361 9301 9321 9341
9362 9463 9387 9412 9437
9464 9781 9543 9622 9701
9782 9872 9804 9826 9848
9873 9960 9894 9915 9936
9961 10230 10028 10095 10162
10231 10340 10258 10285 10312
10341 10633 10414 10487 10560
10634 10748 10662 10690 10718
10749 10777 10756 10763 10770
10778 11060 10848 10918 10988
11061 11653 11209 11357 11505
11654 11737 11674 11694 11714
11738 11823 11759 11780 11801
11824 11889 11840 11856 11872
11890 11969 11909 11928 11947
11970 12058 11992 12014 12036
12059 12123 12075 12091 12107
12124 12324 12174 12224 12274
12325 12464 12359 12393 12427
12465 12522 12479 12493 12507
12523 12637 12551 12579 12607
12638 12683 12649 12660 12671
12684 12736 12697 12710 12723
12737 12862 12768 12799 12830
12863 13009 12899 12935 12971
13010 13056 13021 13032 13043
13057 13256 13106 13155 13204
13257 13338 13277 13297 13317
13339 13496 13378 13417 13456
13497 13528 13504 13511 13518
13529 13604 13547 13565 13583
13605 13848 13665 13725 13785
13849 13975 13880 13911 13942
13976 14250 14044 14112 14180
14251 14338 14272 14293 14314
14339 14473 14372 14405 14438
14474 14562 14496 14518 14540
14563 14687 14594 14625 14656
14688 14807 14717 14746 14775
14808 15055 14855 14902 15039
15056 15149 15079 15102 15125
15150 15192 15160 15170 15180
15193 15258 15209 15225 15241
15259 15520 15324 15389 15454
15521 15575 15534 15547 15560
15576 15661 15597 15618 15639
15662 15698 15671 15680 15689
15699 15733 15707 15715 15723
15734 15879 15770 15806 15842
15880 16014 15913 15946 15979
16015 16153 16049 16083 16117
16154 16210 16168 16182 16196
16211 16271 16226 16241 16256
16272 16313 16282 16292 16302
16314 16433 16343 16372 16401
16434 16502 16451 16468 16485
16503 16561 16517 16531 16545
16562 16730 16604 16646 16688
16731 16813 16751 16771 16791
16814 17009 16862 16910 16958
17010 17123 17038 17066 17094
17124 17271 17160 17196 17232
17272 17344 17290 17308 17326
17345 17401 17359 17373 17387
17402 17560 17441 17480 17519
17561 17655 17584 17607 17630
17656 17730 17674 17692 17710
17731 17960 17788 17845 17902
17961 18290 18043 18125 18207
18291 18538 18352 18413 18474
18539 18609 18556 18573 18590
18610 18659 18622 18634 18646
18660 19054 18758 18856 18954
19055 19282 19111 19167 19223
19283 19435 19321 19359 19397
19436 19515 19455 19474 19493
19516 19714 19565 19614 19663
19715 20099 19811 19907 20003
20100 20378 20169 20238 20307
20379 20846 20495 20611 20727
20847 21011 20888 20929 20970
21012 21108 21036 21060 21084
21109 21603 21232 21355 21478
21604 22164 21744 21884 22024
22165 22381 22219 22273 22327
22382 22532 22419 22456 22493
22533 22792 22597 22661 22725
22793 22973 22838 22883 22928
22974 23248 23042 23110 23178
23249 23332 23269 23289 23309
23333 23575 23393 23453 23513
23576 23627 23588 23600 23612
23628 24404 23822 24016 24210
24405 24453 24417 24429 24441
24454 24812 24543 24632 24721
24813 24884 24830 24847 24864
24885 24947 24900 24915 24930
24948 24983 24956 24964 24972
24984 25040 24998 25012 25026
25041 25295 25104 25167 25230
25296 25363 25312 25328 25344
25364 25561 25413 25462 25511
25562 25652 25584 25606 25628
25653 25725 25671 25689 25707
25726 25810 25747 25768 25789
25811 25897 25832 25853 25874
25898 26045 25934 25970 26006
26046 26199 26084 26122 26160
26200 26442 26260 26320 26380
26443 26574 26475 26507 26539
26575 26663 26597 26619 26641
26664 26729 26680 26696 26712
26730 26888 26769 26808 26847
26889 27068 26933 26977 27021
27069 27267 27118 27167 27216
27268 27474 27319 27370 27421
27475 27717 27535 27595 27655
27718 27847 27750 27782 27814
27848 27985 27882 27916 27950
27986 28015 27993 28000 28007
28016 28076 28031 28046 28061
28077 28268 28124 28171 28218
28269 28373 28295 28321 28347
28374 28475 28399 28424 28449
28476 28635 28515 28554 28593
28636 28726 28658 28680 28702
28727 28781 28740 28753 28766
28782 28861 28801 28820 28839
28862 28907 28873 28884 28895
28908 29097 28955 29002 29049
29098 29159 29113 29128 29143
29160 29194 29168 29176 29184
29195 29232 29204 29213 29222
29233 29293 29248 29263 29278
29294 29314 29299 29304 29309
29315 29347 29323 29331 29339
29348 29468 29378 29408 29438
29469 29637 29511 29553 29595
29638 29779 29673 29708 29743
29780 29864 29801 29822 29843
29865 30035 29898 29931 30024
30036 30093 30050 30064 30078
30094 30192 30118 30142 30166
30193 30235 30203 30213 30223
30236 30393 30275 30314 30353
30394 30489 30417 30440 30463
30490 30581 30512 30534 30556
30582 30690 30609 30636 30663
30691 30829 30725 30759 30793
30830 30874 30841 30852 30863
30875 31043 30917 30959 31001
31044 31119 31062 31080 31098
31120 31178 31134 31148 31162
31179 31230 31191 31203 31215
31231 31286 31244 31257 31270
31287 31360 31305 31323 31341
31361 31485 31392 31423 31454
31486 31569 31506 31526 31546
31570 31602 31578 31586 31594
31603 31786 31648 31693 31738
31787 31923 31821 31855 31889
31924 32022 31948 31972 31996
32023 32068 32034 32045 32056
32069 32129 32084 32099 32114
32130 32258 32162 32194 32226
32259 32349 32281 32303 32325
32350 32778 32457 32564 32671
32779 32862 32799 32819 32839
32863 33067 32914 32965 33016
33068 33196 33100 33132 33164
33197 33220 33202 33207 33212
33221 33284 33236 33251 33266
33285 33361 33304 33323 33342
33362 33446 33383 33404 33425
33447 33483 33456 33465 33474
33484 33509 33490 33496 33502
33510 33563 33523 33536 33549
33564 33625 33579 33594 33609
33626 33888 33691 33756 33821
33889 33995 33915 33941 33967
33996 34081 34017 34038 34059
34082 34140 34096 34110 34124
34141 34918 34335 34529 34723
34919 35016 34943 34967 34991
35017 35114 35041 35065 35089
35115 35329 35168 35221 35274
35330 35402 35348 35366 35384
35403 35635 35461 35519 35577
35636 35753 35665 35694 35723
35754 35780 35760 35766 35772
35781 35814 35789 35797 35805
35815 35857 35825 35835 35845
35858 35898 35868 35878 35888
35899 35974 35917 35935 35953
35975 36120 36011 36047 36083
36121 36187 36137 36153 36169
36188 36328 36223 36258 36293
36329 36562 36387 36445 36503
36563 36619 36577 36591 36605
36620 36672 36633 36646 36659
36673 36731 36687 36701 36715
36732 36804 36750 36768 36786
36805 36947 36840 36875 36910
36948 37047 36972 36996 37020
37048 37171 37078 37108 37138
37172 37261 37194 37216 37238
37262 37380 37291 37320 37349
37381 37490 37408 37435 37462
37491 37584 37514 37537 37560
37585 37671 37606 37627 37648
37672 37712 37682 37692 37702
37713 37878 37754 37795 37836
37879 37972 37902 37925 37948
37973 38022 37985 37997 38009
38023 38150 38054 38085 38116
38151 38370 38205 38259 38313
38371 38446 38389 38407 38425
38447 38496 38459 38471 38483
38497 38596 38521 38545 38569
38597 38657 38612 38627 38642
38658 38741 38678 38698 38718
38742 38789 38753 38764 38775
38790 38952 38830 38870 38910
38953 39084 38985 39017 39049
39085 39111 39091 39097 39103
39112 39217 39138 39164 39190
39218 39251 39226 39234 39242
39252 39358 39278 39304 39330
39359 39906 39495 39631 39767
39907 39939 39915 39923 39931
39940 40026 39961 39982 40003
40027 40274 40088 40149 40210
40275 40355 40295 40315 40335
40356 40439 40376 40396 40416
40440 40518 40459 40478 40497
40519 40824 40595 40671 40747
40825 40891 40841 40857 40873
40892 40959 40908 40924 40940
40960 41092 40993 41026 41059
41093 41165 41111 41129 41147
41166 41387 41221 41276 41331
41388 41520 41421 41454 41487
41521 41670 41558 41595 41632
41671 41978 41747 41823 41899
41979 42083 42005 42031 42057
42084 42157 42102 42120 42138
42158 42209 42170 42182 42194
42210 42234 42216 42222 42228
42235 42313 42254 42273 42292
42314 42356 42324 42334 42344
42357 42385 42364 42371 42378
42386 42526 42421 42456 42491
42527 42680 42565 42603 42641
42681 42720 42690 42699 42708
42721 42867 42757 42793 42829
42868 42966 42892 42916 42940
42967 43003 42976 42985 42994
43004 43064 43019 43034 43049
43065 43102 43074 43083 43092
43103 43153 43115 43127 43139
43154 43195 43164 43174 43184
43196 43243 43207 43218 43229
43244 43303 43258 43272 43286
43304 43399 43327 43350 43373
43400 43543 43435 43470 43505
43544 43625 43564 43584 43604
43626 43702 43645 43664 43683
43703 43824 43733 43763 43793
43825 43862 43834 43843 43852
43863 44032 43905 43947 43989
44033 44082 44045 44057 44069
44083 44134 44095 44107 44119
44135 44198 44150 44165 44180
44199 44290 44221 44243 44265
44291 44355 44307 44323 44339
44356 44470 44384 44412 44440
44471 44557 44492 44513 44534
44558 44739 44603 44648 44693
44740 44816 44759 44778 44797
44817 44899 44837 44857 44877
44900 44920 44905 44910 44915
44921 44968 44932 44943 44954
44969 45125 44976 44983 45093
45126 45256 45158 45190 45222
45257 45372 45285 45313 45341
45373 45427 45386 45399 45412
45428 45472 45439 45450 45461
45473 45604 45505 45537 45569
45605 45657 45618 45631 45644
45658 45790 45691 45724 45757
45791 45815 45797 45803 45809
45816 45960 45852 45888 45924
45961 46038 45980 45999 46018
46039 46093 46052 46065 46078
46094 46184 46116 46138 46160
46185 46308 46215 46245 46275
46309 46357 46321 46333 46345
46358 46439 46378 46398 46418
46440 46554 46468 46496 46524
46555 46634 46574 46593 46612
46635 46696 46650 46665 46680
46697 46734 46706 46715 46724
46735 46906 46777 46819 46861
46907 46960 46920 46933 46946
46961 47004 46971 46981 46991
47005 47174 47047 47089 47131
47175 47233 47189 47203 47217
47234 47394 47274 47314 47354
47395 47485 47417 47439 47461
47486 47553 47502 47518 47534
47554 47604 47566 47578 47590
47605 47662 47619 47633 47647
47663 47718 47676 47689 47702
47719 47784 47735 47751 47767
47785 47822 47794 47803 47812
47823 47970 47859 47895 47931
47971 48098 48002 48033 48064
48099 48192 48122 48145 48168
48193 48334 48228 48263 48298
48335 48433 48359 48383 48407
48434 48468 48442 48450 48458
48469 48527 48483 48497 48511
48528 48600 48546 48564 48582
48601 49066 48717 48833 48949
49067 49217 49104 49141 49178
49218 49320 49243 49268 49293
49321 49377 49335 49349 49363
49378 49482 49404 49430 49456
49483 49533 49495 49507 49519
49534 49638 49560 49586 49612
49639 49683 49650 49661 49672
49684 49709 49690 49696 49702
49710 49850 49745 49780 49815
49851 49878 49857 49863 49869
49879 49941 49894 49909 49924
49942 49961 49946 49950 49954
49962 50048 49983 50004 50025
50049 50068 50053 50057 50061
50069 50099 50076 50083 50090
50100 50128 50107 50114 50121
50129 50147 50133 50137 50141
50148 50172 50154 50160 50166
50173 50189 50177 50181 50185
50190 50254 50206 50222 50238
50255 50305 50267 50279 50291
50306 50348 50316 50326 50336
50349 50368 50353 50357 50361
50369 50459 50391 50413 50435
50460 50537 50479 50498 50517
50538 50601 50553 50568 50583
50602 50643 50612 50622 50632
50644 50702 50658 50672 50686
50703 50762 50717 50731 50745
50763 50799 50772 50781 50790
50800 50872 50818 50836 50854
50873 50956 50893 50913 50933
50957 51000 50967 50977 50987
51001 51076 51019 51037 51055
51077 51132 51090 51103 51116
51133 51177 51144 51155 51166
51178 51250 51196 51214 51232
51251 51269 51255 51259 51263
51270 51322 51283 51296 51309
51323 51339 51327 51331 51335
51340 51399 51354 51368 51382
51400 51426 51406 51412 51418
51427 51446 51431 51435 51439
51447 51523 51466 51485 51504
51524 51630 51550 51576 51602
51631 51677 51642 51653 51664
51678 51761 51698 51718 51738
51762 51862 51787 51812 51837
51863 51942 51882 51901 51920
51943 52072 51975 52007 52039
52073 52141 52090 52107 52124
52142 52223 52162 52182 52202
52224 52286 52239 52254 52269
52287 52389 52312 52337 52362
52390 52440 52402 52414 52426
52441 52478 52450 52459 52468
52479 52522 52489 52499 52509
52523 52569 52534 52545 52556
52570 52605 52578 52586 52594
52606 52656 52618 52630 52642
52657 52695 52666 52675 52684
52696 52754 52710 52724 52738
52755 52773 52759 52763 52767
52774 52810 52783 52792 52801
52811 52828 52815 52819 52823
52829 52855 52835 52841 52847
52856 52882 52862 52868 52874
52883 52941 52897 52911 52925
52942 53012 52959 52976 52993
53013 53032 53017 53021 53025
53033 53056 53038 53043 53048
53057 53090 53065 53073 53081
53091 53122 53098 53105 53112
53123 53148 53129 53135 53141
53149 53208 53163 53177 53191
53209 53244 53217 53225 53233
53245 53307 53260 53275 53290
53308 53360 53321 53334 53347
53361 53397 53370 53379 53388
53398 53430 53406 53414 53422
53431 53520 53453 53475 53497
53521 53556 53529 53537 53545
53557 53585 53564 53571 53578
53586 53625 53595 53604 53613
53626 53647 53631 53636 53641
53648 53678 53655 53662 53669
53679 53769 53701 53723 53745
53770 53798 53777 53784 53791
53799 53875 53818 53837 53856
53876 53964 53898 53920 53942
53965 54143 54009 54053 54097
54144 54266 54174 54204 54234
54267 54520 54330 54393 54456
54521 54721 54571 54621 54671
54722 54857 54755 54788 54821
54858 55095 54917 54976 55035
55096 55165 55113 55130 55147
55166 55241 55184 55202 55220
55242 55277 55250 55258 55266
55278 55324 55289 55300 55311
55325 55380 55338 55351 55364
55381 55451 55398 55415 55432
55452 55486 55460 55468 55476
55487 55530 55497 55507 55517
55531 55647 55560 55589 55618
55648 55841 55696 55744 55792
55842 55943 55867 55892 55917
55944 56013 55961 55978 55995
56014 56116 56039 56064 56089
56117 56324 56168 56219 56270
56325 56434 56352 56379 56406
56435 56610 56478 56521 56564
56611 56822 56663 56715 56767
56823 57128 56899 56975 57051
57129 57184 57142 57155 57168
57185 57249 57201 57217 57233
57250 57303 57263 57276 57289
57304 57322 57308 57312 57316
57323 57389 57339 57355 57371
57390 57413 57395 57400 57405
57414 57481 57430 57446 57462
57482 57541 57496 57510 57524
57542 57712 57584 57626 57668
57713 57735 57718 57723 57728
57736 57821 57757 57778 57799
57822 57963 57857 57892 57927
57964 58052 57986 58008 58030
58053 58292 58112 58171 58230
58293 58532 58352 58411 58470
58533 58657 58564 58595 58626
58658 58850 58706 58754 58802
58851 59104 58914 58977 59040
59105 59324 59159 59213 59267
59325 59411 59346 59367 59388
59412 59471 59426 59440 59454
59472 59653 59517 59562 59607
59654 59696 59664 59674 59684
59697 59860 59737 59777 59817
59861 59923 59876 59891 59906
59924 59989 59940 59956 59972
59990 60072 59992 59994 60054
60073 60156 60093 60113 60133
60157 60197 60167 60177 60187
60198 60308 60225 60252 60279
60309 60357 60321 60333 60345
60358 60402 60369 60380 60391
60403 60444 60413 60423 60433
60445 60505 60460 60475 60490
60506 60539 60514 60522 60530
60540 60580 60550 60560 60570
60581 60625 60592 60603 60614
60626 60726 60651 60676 60701
60727 60759 60735 60743 60751
60760 60841 60780 60800 60820
60842 60913 60859 60876 60893
60914 60960 60925 60936 60947
60961 61029 60978 60995 61012
61030 61119 61052 61074 61096
61120 61327 61171 61222 61273
61328 61375 61339 61350 61361
61376 61479 61401 61426 61451
61480 61514 61488 61496 61504
61515 61578 61530 61545 61560
61579 61667 61601 61623 61645
61668 61697 61675 61682 61689
61698 61738 61708 61718 61728
61739 61788 61751 61763 61775
61789 61820 61796 61803 61810
61821 62021 61871 61921 61971
62022 62057 62030 62038 62046
62058 62239 62103 62148 62193
62240 62720 62360 62480 62600
62721 62784 62736 62751 62766
62785 62853 62802 62819 62836
62854 62925 62871 62888 62905
62926 62982 62940 62954 62968
62983 63029 62994 63005 63016
63030 63078 63042 63054 63066
63079 63176 63103 63127 63151
63177 63218 63187 63197 63207
63219 63485 63285 63351 63417
63486 63613 63517 63548 63579
63614 63692 63633 63652 63671
63693 63756 63708 63723 63738
63757 63834 63776 63795 63814
63835 63874 63844 63853 63862
63875 63936 63890 63905 63920
63937 64002 63953 63969 63985
64003 64168 64044 64085 64126
64169 64211 64179 64189 64199
64212 64323 64239 64266 64293
64324 64391 64340 64356 64372
64392 64494 64417 64442 64467
64495 64672 64539 64583 64627
64673 64773 64698 64723 64748
64774 64969 64822 64870 64918
64970 65119 65007 65044 65081
65120 65308 65167 65214 65261
65309 66000 65481 65653 65825
66001 66172 66043 66085 66127
66173 66655 66293 66413 66533
66656 66729 66674 66692 66710
66730 66793 66745 66760 66775
66794 66880 66815 66836 66857
66881 66946 66897 66913 66929
66947 67011 66963 66979 66995
67012 67070 67026 67040 67054
67071 67260 67118 67165 67212
67261 67333 67279 67297 67315
67334 67411 67353 67372 67391
67412 67527 67440 67468 67496
67528 67568 67538 67548 67558
67569 67691 67599 67629 67659
67692 67793 67717 67742 67767
67794 67851 67808 67822 67836
67852 67919 67868 67884 67900
67920 67972 67933 67946 67959
67973 68015 67983 67993 68003
68016 68056 68026 68036 68046
68057 68154 68081 68105 68129
68155 68202 68166 68177 68188
68203 68258 68216 68229 68242
68259 68394 68292 68325 68358
68395 68656 68460 68525 68590
68657 68821 68698 68739 68780
68822 68898 68841 68860 68879
68899 68939 68909 68919 68929
68940 69086 68976 69012 69048
69087 69164 69106 69125 69144
69165 69188 69170 69175 69180
69189 69243 69202 69215 69228
69244 69281 69253 69262 69271
69282 69348 69298 69314 69330
69349 69484 69382 69415 69448
69485 69548 69500 69515 69530
69549 69577 69556 69563 69570
69578 69595 69582 69586 69590
69596 69841 69657 69718 69779
69842 69958 69871 69900 69929
69959 69984 69965 69971 69977
69985 70029 69996 70007 70018
70030 70060 70037 70044 70051
70061 70234 70104 70147 70190
70235 70293 70249 70263 70277
70294 70392 70318 70342 70366
70393 71387 70641 70889 71137
71388 71613 71444 71500 71556
71614 71721 71640 71666 71692
71722 71851 71754 71786 71818
71852 72038 71898 71944 71990
72039 72219 72084 72129 72174
72220 72309 72242 72264 72286
72310 72421 72337 72364 72391
72422 72507 72443 72464 72485
72508 72561 72521 72534 72547
72562 72668 72588 72614 72640
72669 72735 72685 72701 72717
72736 72871 72769 72802 72835
72872 72917 72883 72894 72905
72918 73033 72946 72974 73002
73034 73090 73048 73062 73076
73091 73183 73114 73137 73160
73184 73324 73219 73254 73289
73325 73447 73355 73385 73415
73448 73570 73478 73508 73538
73571 73669 73595 73619 73643
73670 73766 73694 73718 73742
73767 73852 73788 73809 73830
73853 73955 73878 73903 73928
73956 74016 73971 73986 74001
74017 74098 74037 74057 74077
74099 74395 74173 74247 74321
74396 74462 74412 74428 74444
74463 74513 74475 74487 74499
74514 74643 74546 74578 74610
74644 74745 74669 74694 74719
74746 74777 74753 74760 74767
74778 74884 74804 74830 74856
74885 75013 74913 74941 75009
75014 75164 75051 75088 75125
75165 75255 75187 75209 75231
75256 75487 75313 75370 75427
75488 75528 75498 75508 75518
75529 75595 75545 75561 75577
75596 75624 75603 75610 75617
75625 75765 75660 75695 75730
75766 75887 75796 75826 75856
75888 76165 75957 76026 76095
76166 76441 76234 76302 76370
76442 76469 76448 76454 76460
76470 76570 76495 76520 76545
76571 76607 76580 76589 76598
76608 76635 76614 76620 76626
76636 76752 76665 76694 76723
76753 76788 76761 76769 76777
76789 76855 76805 76821 76837
76856 76942 76877 76898 76919
76943 77051 76970 76997 77024
77052 77158 77078 77104 77130
77159 77202 77169 77179 77189
77203 77240 77212 77221 77230
77241 77328 77262 77283 77304
77329 77375 77340 77351 77362
77376 77443 77392 77408 77424
77444 77510 77460 77476 77492
77511 77630 77540 77569 77598
77631 77705 77649 77667 77685
77706 77797 77728 77750 77772
77798 77855 77812 77826 77840
77856 77886 77863 77870 77877
77887 77908 77892 77897 77902
77909 77931 77914 77919 77924
77932 77985 77945 77958 77971
77986 78082 78010 78034 78058
78083 78144 78098 78113 78128
78145 78251 78171 78197 78223
78252 78299 78263 78274 78285
78300 78350 78312 78324 78336
78351 78533 78396 78441 78486
78534 78581 78545 78556 78567
78582 78649 78598 78614 78630
78650 78736 78671 78692 78713
78737 78819 78757 78777 78797
78820 79161 78905 78990 79075
79162 79257 79185 79208 79231
79258 79347 79280 79302 79324
79348 79416 79365 79382 79399
79417 79510 79440 79463 79486
79511 79623 79539 79567 79595
79624 79673 79636 79648 79660
79674 79744 79691 79708 79725
79745 79802 79759 79773 79787
79803 79836 79811 79819 79827
79837 79916 79856 79875 79894
79917 80012 79940 79963 79986
80013 80053 80023 80033 80043
80054 80075 80059 80064 80069
80076 80108 80084 80092 80100
80109 80222 80137 80165 80193
80223 80259 80232 80241 80250
80260 80344 80281 80302 80323
80345 80385 80355 80365 80375
80386 80422 80395 80404 80413
80423 80548 80454 80485 80516
80549 80672 80579 80609 80639
80673 80878 80724 80775 80826
80879 80936 80893 80907 80921
80937 81042 80963 80989 81015
81043 81088 81054 81065 81076
81089 81124 81097 81105 81113
81125 81156 81132 81139 81146
81157 81208 81169 81181 81193
81209 81253 81220 81231 81242
81254 81451 81303 81352 81401
81452 81516 81468 81484 81500
81517 81560 81527 81537 81547
81561 81606 81572 81583 81594
81607 81662 81620 81633 81646
81663 81751 81685 81707 81729
81752 81823 81769 81786 81803
81824 81984 81864 81904 81944
81985 82017 81993 82001 82009
82018 82103 82039 82060 82081
82104 82210 82130 82156 82182
82211 82315 82237 82263 82289
82316 82398 82336 82356 82376
82399 82425 82405 82411 82417
82426 82512 82447 82468 82489
82513 82550 82522 82531 82540
82551 82620 82568 82585 82602
82621 82699 82640 82659 82678
82700 82764 82716 82732 82748
82765 82835 82782 82799 82816
82836 82874 82845 82854 82863
82875 82916 82885 82895 82905
82917 83073 82956 82995 83034
83074 83126 83087 83100 83113
83127 83211 83148 83169 83190
83212 83302 83234 83256 83278
83303 83337 83311 83319 83327
83338 83368 83345 83352 83359
83369 83390 83374 83379 83384
83391 83460 83408 83425 83442
83461 83485 83467 83473 83479
83486 83503 83490 83494 83498
83504 83523 83508 83512 83516
83524 83550 83530 83536 83542
83551 83568 83555 83559 83563
83569 83625 83583 83597 83611
83626 83645 83630 83634 83638
83646 83675 83653 83660 83667
83676 83736 83691 83706 83721
83737 83871 83770 83803 83836
83872 84046 83915 83958 84001
84047 84093 84058 84069 84080
84094 84130 84103 84112 84121
84131 84171 84141 84151 84161
84172 84339 84213 84254 84295
84340 84463 84370 84400 84430
84464 84585 84494 84524 84554
84586 84699 84614 84642 84670
84700 84870 84742 84784 84826
84871 84925 84884 84897 84910
84926 84974 84938 84950 84962
84975 85036 84990 85005 85020
85037 85073 85046 85055 85064
85074 85203 85106 85138 85170
85204 85271 85220 85236 85252
85272 85407 85305 85338 85371
85408 85535 85439 85470 85501
85536 85622 85557 85578 85599
85623 85772 85660 85697 85734
85773 85825 85786 85799 85812
85826 85980 85864 85902 85940
85981 86142 86021 86061 86101
86143 86481 86227 86311 86395
86482 86698 86536 86590 86644
86699 86918 86753 86807 86861
86919 87497 87063 87207 87351
87498 87752 87561 87624 87687
87753 87798 87764 87775 87786
87799 87918 87828 87857 87886
87919 88050 87951 87983 88015
88051 88203 88089 88127 88165
88204 88291 88225 88246 88267
88292 88389 88316 88340 88364
88390 88446 88404 88418 88432
88447 88591 88483 88519 88555
88592 88674 88612 88632 88652
88675 88810 88708 88741 88774
88811 88966 88849 88887 88925
88967 89002 88975 88983 88991
89003 89040 89012 89021 89030
89041 89075 89049 89057 89065
89076 89268 89124 89172 89220
89269 89320 89281 89293 89305
89321 89355 89329 89337 89345
89356 89401 89367 89378 89389
89402 89494 89425 89448 89471
89495 89526 89502 89509 89516
89527 89623 89551 89575 89599
89624 89657 89632 89640 89648
89658 89729 89675 89692 89709
89730 89768 89739 89748 89757
89769 89788 89773 89777 89781
89789 89925 89823 89857 89891
89926 89965 89935 89944 89953
89966 90051 89974 89982 90036
90052 90087 90060 90068 90076
90088 90155 90104 90120 90136
90156 90211 90169 90182 90195
90212 90340 90244 90276 90308
90341 90385 90352 90363 90374
90386 90459 90404 90422 90440
90460 90593 90493 90526 90559
90594 90643 90606 90618 90630
90644 90745 90669 90694 90719
90746 90808 90761 90776 90791
90809 90886 90828 90847 90866
90887 90976 90909 90931 90953
90977 91026 90989 91001 91013
91027 91128 91052 91077 91102
91129 91154 91135 91141 91147
91155 91189 91163 91171 91179
91190 91212 91195 91200 91205
91213 91232 91217 91221 91225
91233 91270 91242 91251 91260
91271 91331 91286 91301 91316
91332 91362 91339 91346 91353
91363 91400 91372 91381 91390
91401 91430 91408 91415 91422
91431 91448 91435 91439 91443
91449 91465 91453 91457 91461
91466 91518 91479 91492 91505
91519 91590 91536 91553 91570
91591 91613 91596 91601 91606
91614 91638 91620 91626 91632
91639 91670 91646 91653 91660
91671 91712 91681 91691 91701
91713 91738 91719 91725 91731
91739 91774 91747 91755 91763
91775 91799 91781 91787 91793
91800 91830 91807 91814 91821
91831 91859 91838 91845 91852
91860 91876 91864 91868 91872
91877 91904 91883 91889 91895
91905 91924 91909 91913 91917
91925 91942 91929 91933 91937
91943 91974 91950 91957 91964
91975 91992 91979 91983 91987
91993 92009 91997 92001 92005
92010 92042 92018 92026 92034
92043 92121 92062 92081 92100
92122 92143 92127 92132 92137
92144 92177 92152 92160 92168
92178 92271 92201 92224 92247
92272 92310 92281 92290 92299
92311 92328 92315 92319 92323
92329 92370 92339 92349 92359
92371 92466 92394 92417 92440
92467 92546 92486 92505 92524
92547 92583 92556 92565 92574
92584 92652 92601 92618 92635
92653 93015 92743 92833 92923
93016 93058 93026 93036 93046
93059 93112 93072 93085 93098
93113 93224 93140 93167 93194
93225 93246 93230 93235 93240
93247 93326 93266 93285 93304
93327 93367 93337 93347 93357
93368 93417 93380 93392 93404
93418 93458 93428 93438 93448
93459 93562 93484 93509 93534
93563 93597 93571 93579 93587
93598 93663 93614 93630 93646
93664 93696 93672 93680 93688
93697 93757 93712 93727 93742
93758 93779 93763 93768 93773
93780 93821 93790 93800 93810
93822 93889 93838 93854 93870
93890 93914 93896 93902 93908
93915 93939 93921 93927 93933
93940 93993 93953 93966 93979
93994 94084 94016 94038 94060
94085 94232 94121 94157 94193
94233 94300 94249 94265 94281
94301 94596 94374 94447 94520
94597 94730 94630 94663 94696
94731 95388 94895 95059 95223
95389 95593 95440 95491 95542
95594 96264 95761 95928 96095
96265 96518 96328 96391 96454
96519 96587 96536 96553 96570
96588 96640 96601 96614 96627
96641 96904 96706 96771 96836
96905 97055 96942 96979 97016
97056 97122 97072 97088 97104
97123 97218 97146 97169 97192
97219 97394 97262 97305 97348
97395 97617 97450 97505 97560
97618 97798 97663 97708 97753
97799 97910 97826 97853 97880
97911 97982 97928 97945 97962
97983 98062 98002 98021 98040
98063 98115 98076 98089 98102
98116 98149 98124 98132 98140
98150 98315 98191 98232 98273
98316 98413 98340 98364 98388
98414 98486 98432 98450 98468
98487 99394 98713 98939 99165
99395 99495 99420 99445 99470
99496 99586 99518 99540 99562
99587 99673 99608 99629 99650
99674 99755 99694 99714 99734
99756 99853 99780 99804 99828
99854 99881 99860 99866 99872
99882 99907 99888 99894 99900
99908 99932 99914 99920 99926
99933 99956 99938 99943 99948
99957 100007 99969 99981 99993
100008 100037 100015 100022 100029
100038 100066 100045 100052 100059
100067 100122 100080 100093 100106
100123 100175 100136 100149 100162
100176 100312 100210 100244 100278
100313 100372 100327 100341 100355
100373 100444 100390 100407 100424
100445 100468 100450 100455 100460
100469 100719 100531 100593 100655
100720 100858 100754 100788 100822
100859 100968 100886 100913 100940
100969 101123 101007 101045 101083
101124 101207 101144 101164 101184
101208 101340 101241 101274 101307
101341 101427 101362 101383 101404
101428 101506 101447 101466 101485
101507 101528 101512 101517 101522
101529 101570 101539 101549 101559
101571 101587 101575 101579 101583
101588 101630 101598 101608 101618
101631 101848 101685 101739 101793
101849 101898 101861 101873 101885
101899 101984 101920 101941 101962
101985 102006 101990 101995 102000
102007 102045 102016 102025 102034
102046 102074 102053 102060 102067
102075 102194 102104 102133 102162
102195 102241 102206 102217 102228
102242 102346 102268 102294 102320
102347 102385 102356 102365 102374
102386 102464 102405 102424 102443
102465 102516 102477 102489 102501
102517 102567 102529 102541 102553
102568 102599 102575 102582 102589
102600 102642 102610 102620 102630
102643 102659 102647 102651 102655
102660 104368 103087 103514 103941
104369 105065 104526 104683 105048
105066 105374 105143 105220 105297
105375 105531 105414 105453 105492
105532 105610 105551 105570 105589
105611 105758 105647 105683 105719
105759 105845 105780 105801 105822
105846 105887 105856 105866 105876
105888 106059 105930 105972 106014
106060 106122 106075 106090 106105
106123 106164 106133 106143 106153
106165 106197 106173 106181 106189
106198 106360 106238 106278 106318
106361 106516 106399 106437 106475
106517 106759 106577 106637 106697
106760 106894 106793 106826 106859
106895 106952 106909 106923 106937
106953 107066 106981 107009 107037
107067 107115 107079 107091 107103
107116 107227 107143 107170 107197
107228 107270 107238 107248 107258
107271 107317 107282 107293 107304
107318 107345 107324 107330 107336
107346 107411 107362 107378 107394
107412 107621 107464 107516 107568
107622 107745 107652 107682 107712
107746 107792 107757 107768 107779
107793 108411 107947 108101 108255
108412 108514 108437 108462 108487
108515 108702 108561 108607 108653
108703 108734 108710 108717 108724
108735 108864 108767 108799 108831
108865 109067 108915 108965 109015
109068 109147 109087 109106 109125
109148 109229 109168 109188 109208
109230 109440 109282 109334 109386
109441 109631 109488 109535 109582
109632 109756 109663 109694 109725
109757 109998 109817 109877 109937
109999 110080 110019 110039 110059
110081 110254 110124 110167 110210
110255 110392 110289 110323 110357
110393 110654 110458 110523 110588
110655 110764 110682 110709 110736
110765 111070 110841 110917 110993
111071 111145 111089 111107 111125
111146 111222 111165 111184 111203
111223 111298 111241 111259 111277
111299 111545 111360 111421 111482
111546 111618 111564 111582 111600
111619 111695 111638 111657 111676
111696 111794 111720 111744 111768
111795 111846 111807 111819 111831
111847 111867 111852 111857 111862
111868 111942 111886 111904 111922
111943 111979 111952 111961 111970
111980 112108 112012 112044 112076
112109 112324 112162 112215 112268
112325 113058 112508 112691 112874
113059 113163 113085 113111 113137
113164 113207 113174 113184 113194
113208 113434 113264 113320 113376
113435 113686 113497 113559 113621
113687 113823 113721 113755 113789
113824 113925 113849 113874 113899
113926 114014 113948 113970 113992
114015 114058 114025 114035 114045
114059 114104 114070 114081 114092
114105 114126 114110 114115 114120
114127 114206 114146 114165 114184
114207 114248 114217 114227 114237
114249 114359 114276 114303 114330
114360 114424 114376 114392 114408
114425 114563 114459 114493 114527
114564 114616 114577 114590 114603
114617 114679 114632 114647 114662
114680 114735 114693 114706 114719
114736 114820 114757 114778 114799
114821 114848 114827 114833 114839
114849 114955 114875 114901 114927
114956 114995 114965 114974 114983
114996 115073 115015 115034 115053
115074 115185 115101 115128 115155
115186 115239 115199 115212 115225
115240 115295 115253 115266 115279
115296 115328 115304 115312 115320
115329 115386 115343 115357 115371
115387 115550 115427 115467 115507
115551 115655 115577 115603 115629
115656 115737 115676 115696 115716
115738 115836 115762 115786 115810
115837 115895 115851 115865 115879
115896 115942 115907 115918 115929
115943 116042 115967 115991 116015
116043 116102 116057 116071 116085
116103 116227 116134 116165 116196
116228 116260 116236 116244 116252
116261 116295 116269 116277 116285
116296 116362 116312 116328 116344
116363 116390 116369 116375 116381
116391 116419 116398 116405 116412
116420 116481 116435 116450 116465
116482 116583 116507 116532 116557
116584 116615 116591 116598 116605
116616 116662 116627 116638 116649
116663 116698 116671 116679 116687
116699 116775 116718 116737 116756
116776 116813 116785 116794 116803
116814 116866 116827 116840 116853
116867 116970 116892 116917 116942
116971 117035 116987 117003 117019
117036 117067 117043 117050 117057
117068 117104 117077 117086 117095
117105 117141 117114 117123 117132
117142 117176 117150 117158 117166
117177 117220 117187 117197 117207
117221 117257 117230 117239 117248
117258 117309 117270 117282 117294
117310 117344 117318 117326 117334
117345 117393 117357 117369 117381
117394 117449 117407 117420 117433
117450 117478 117457 117464 117471
117479 117523 117490 117501 117512
117524 117547 117529 117534 117539
117548 117583 117556 117564 117572
117584 117626 117594 117604 117614
117627 117650 117632 117637 117642
117651 117700 117663 117675 117687
117701 117721 117706 117711 117716
117722 117827 117748 117774 117800
117828 117876 117840 117852 117864
117877 117916 117886 117895 117904
117917 117956 117926 117935 117944
117957 118009 117970 117983 117996
118010 118036 118016 118022 118028
118037 118071 118045 118053 118061
118072 118088 118076 118080 118084
118089 118133 118100 118111 118122
118134 118223 118156 118178 118200
118224 118268 118235 118246 118257
118269 118375 118295 118321 118347
118376 118442 118392 118408 118424
118443 118499 118457 118471 118485
118500 118537 118509 118518 118527
118538 118667 118570 118602 118634
118668 118758 118690 118712 118734
118759 118905 118795 118831 118867
118906 119091 118952 118998 119044
119092 119178 119113 119134 119155
119179 119273 119202 119225 119248
119274 119346 119292 119310 119328
119347 119459 119375 119403 119431
119460 119550 119482 119504 119526
119551 119641 119573 119595 119617
119642 119795 119680 119718 119756
119796 119816 119801 119806 119811
119817 119836 119821 119825 119829
119837 119894 119851 119865 119879
119895 119916 119900 119905 119910
119917 119939 119922 119927 119932
119940 119967 119946 119952 119958
119968 120007 119975 119982 120003
120008 120099 120030 120052 120074
120100 120368 120167 120234 120301
120369 120657 120441 120513 120585
120658 120712 120671 120684 120697
120713 120759 120724 120735 120746
120760 120815 120773 120786 120799
120816 120879 120831 120846 120861
120880 120937 120894 120908 120922
120938 121016 120957 120976 120995
121017 121085 121034 121051 121068
121086 121155 121103 121120 121137
121156 121225 121173 121190 121207
121226 121433 121277 121328 121379
121434 121557 121464 121494 121524
121558 121637 121577 121596 121615
121638 121698 121653 121668 121683
121699 121805 121725 121751 121777
121806 121846 121816 121826 121836
121847 121961 121875 121903 121931
121962 122006 121973 121984 121995
122007 122114 122033 122059 122085
122115 122227 122143 122171 122199
122228 122298 122245 122262 122279
122299 122340 122309 122319 122329
122341 122382 122351 122361 122371
122383 122450 122399 122415 122431
122451 122485 122459 122467 122475
122486 122636 122523 122560 122597
122637 122738 122662 122687 122712
122739 122784 122750 122761 122772
122785 123055 122852 122919 122986
123056 123159 123081 123106 123131
123160 123315 123198 123236 123274
123316 123394 123335 123354 123373
123395 123529 123428 123461 123494
123530 123595 123546 123562 123578
123596 123638 123606 123616 123626
123639 123681 123649 123659 123669
123682 123708 123688 123694 123700
123709 123781 123727 123745 123763
123782 124012 123839 123896 123953
124013 124066 124026 124039 124052
124067 124186 124096 124125 124154
124187 124259 124205 124223 124241
124260 124295 124268 124276 124284
124296 124359 124311 124326 124341
124360 124440 124380 124400 124420
124441 124477 124450 124459 124468
124478 124529 124490 124502 124514
124530 124619 124552 124574 124596
124620 124765 124656 124692 124728
124766 124911 124802 124838 124874
124912 125012 124937 124962 124987
125013 125042 125020 125027 125034
125043 125101 125057 125071 125085
125102 125151 125114 125126 125138
125152 125241 125174 125196 125218
125242 125328 125263 125284 125305
125329 125373 125340 125351 125362
125374 125442 125391 125408 125425
125443 125512 125460 125477 125494
125513 125556 125523 125533 125543
125557 125725 125599 125641 125683
125726 125850 125757 125788 125819
125851 125910 125865 125879 125893
125911 126015 125937 125963 125989
126016 126196 126061 126106 126151
126197 126274 126216 126235 126254
126275 126435 126315 126355 126395
126436 126479 126446 126456 126466
126480 126534 126493 126506 126519
126535 126561 126541 126547 126553
126562 126632 126579 126596 126613
126633 126660 126639 126645 126651
126661 126774 126689 126717 126745
126775 126905 126807 126839 126871
126906 126943 126915 126924 126933
126944 126994 126956 126968 126980
126995 127097 127020 127045 127070
127098 127159 127113 127128 127143
127160 127202 127170 127180 127190
127203 127231 127210 127217 127224
127232 127277 127243 127254 127265
127278 127303 127284 127290 127296
127304 127321 127308 127312 127316
127322 127339 127326 127330 127334
127340 127364 127346 127352 127358
127365 127381 127369 127373 127377
127382 127404 127387 127392 127397
127405 127455 127417 127429 127441
127456 127514 127470 127484 127498
127515 127544 127522 127529 127536
127545 127565 127550 127555 127560
127566 127584 127570 127574 127578
127585 127604 127589 127593 127597
127605 127657 127618 127631 127644
127658 127693 127666 127674 127682
127694 127713 127698 127702 127706
127714 127752 127723 127732 127741
127753 127777 127759 127765 127771
127778 127833 127791 127804 127817
127834 127890 127848 127862 127876
127891 127923 127899 127907 127915
127924 128013 127946 127968 127990
128014 128059 128025 128036 128047
128060 128126 128076 128092 128108
128127 128196 128144 128161 128178
128197 128361 128238 128279 128320
128362 128531 128404 128446 128488
128532 128648 128561 128590 128619
128649 128718 128666 128683 128700
128719 128769 128731 128743 128755
128770 128809 128779 128788 128797
128810 128896 128831 128852 128873
128897 128974 128916 128935 128954
128975 129045 128992 129009 129026
129046 129117 129063 129080 129097
129118 129201 129138 129158 129178
129202 129240 129211 129220 129229
129241 129326 129262 129283 129304
129327 129447 129357 129387 129417
129448 129486 129457 129466 129475
129487 129574 129508 129529 129550
129575 129719 129611 129647 129683
129720 129780 129735 129750 129765
129781 129841 129796 129811 129826
129842 129948 129868 129894 129920
129949 130072 129979 130009 130039
130073 130099 130079 130085 130091
130100 130138 130109 130118 130127
130139 130162 130144 130149 130154
130163 130222 130177 130191 130205
130223 130241 130227 130231 130235
130242 130272 130249 130256 130263
130273 130290 130277 130281 130285
130291 130313 130296 130301 130306
130314 130342 130321 130328 130335
130343 130380 130352 130361 130370
130381 130425 130392 130403 130414
130426 130443 130430 130434 130438
130444 130498 130457 130470 130483
130499 130516 130503 130507 130511
130517 130539 130522 130527 130532
130540 130558 130544 130548 130552
130559 130598 130568 130577 130586
130599 130622 130604 130609 130614
130623 130682 130637 130651 130665
130683 130716 130691 130699 130707
130717 130747 130724 130731 130738
130748 130776 130755 130762 130769
130777 130794 130781 130785 130789
130795 130818 130800 130805 130810
130819 130840 130824 130829 130834
130841 130859 130845 130849 130853
130860 130891 130867 130874 130881
130892 130955 130907 130922 130937
130956 130983 130962 130968 130974
130984 131010 130990 130996 131002
131011 131032 131016 131021 131026
131033 131053 131038 131043 131048
131054 131073 131058 131062 131066
131074 131158 131095 131116 131137
131159 131205 131170 131181 131192
131206 131338 131239 131272 131305
131339 131408 131356 131373 131390
131409 131474 131425 131441 131457
131475 131501 131481 131487 131493
131502 131557 131515 131528 131541
131558 131590 131566 131574 131582
131591 131707 131620 131649 131678
131708 131810 131733 131758 131783
131811 131988 131855 131899 131943
131989 132025 131998 132007 132016
132026 132086 132041 132056 132071
132087 132132 132098 132109 132120
132133 132173 132143 132153 132163
132174 132194 132179 132184 132189
132195 132293 132219 132243 132267
132294 132319 132300 132306 132312
132320 132348 132327 132334 132341
132349 132440 132371 132393 132415
132441 132464 132446 132451 132456
132465 132513 132477 132489 132501
132514 132534 132519 132524 132529
132535 132585 132547 132559 132571
132586 132619 132594 132602 132610
132620 132676 132634 132648 132662
132677 132694 132681 132685 132689
132695 132725 132702 132709 132716
132726 132755 132733 132740 132747
132756 132818 132771 132786 132801
132819 132845 132825 132831 132837
132846 132891 132857 132868 132879
132892 132927 132900 132908 132916
132928 132968 132938 132948 132958
132969 133014 132980 132991 133002
133015 133075 133030 133045 133060
133076 133146 133093 133110 133127
133147 133172 133153 133159 133165
133173 133208 133181 133189 133197
133209 133243 133217 133225 133233
133244 133293 133256 133268 133280
133294 133317 133299 133304 133309
133318 133336 133322 133326 133330
133337 133559 133392 133447 133502
133560 133646 133581 133602 133623
133647 133730 133667 133687 133707
133731 133866 133764 133797 133830
133867 133925 133881 133895 133909
133926 134171 133987 134048 134109
134172 134219 134183 134194 134205
134220 134447 134276 134332 134388
134448 134710 134513 134578 134643
134711 134754 134721 134731 134741
134755 134835 134775 134795 134815
134836 134928 134859 134882 134905
134929 135029 134946 134963 135021
135030 135068 135039 135048 135057
135069 135121 135082 135095 135108
135122 135166 135133 135144 135155
135167 135221 135180 135193 135206
135222 135242 135227 135232 135237
135243 135259 135247 135251 135255
135260 135285 135266 135272 135278
135286 135308 135291 135296 135301
135309 135405 135333 135357 135381
135406 135499 135429 135452 135475
135500 135608 135527 135554 135581
135609 135651 135619 135629 135639
135652 135798 135688 135724 135760
135799 135837 135808 135817 135826
135838 135889 135850 135862 135874
135890 136072 135935 135980 136025
136073 136125 136086 136099 136112
136126 136164 136135 136144 136153
136165 136241 136184 136203 136222
136242 136274 136250 136258 136266
136275 136316 136285 136295 136305
136317 136383 136333 136349 136365
136384 136416 136392 136400 136408
136417 136479 136432 136447 136462
136480 136504 136486 136492 136498
136505 136540 136513 136521 136529
136541 136595 136554 136567 136580
136596 136723 136627 136658 136689
136724 136752 136731 136738 136745
136753 136772 136757 136761 136765
136773 136800 136779 136785 136791
136801 136817 136805 136809 136813
136818 136841 136823 136828 136833
136842 136864 136847 136852 136857
136865 136929 136881 136897 136913
136930 136946 136934 136938 136942
136947 136971 136953 136959 136965
136972 137171 137021 137070 137119
137172 137275 137197 137222 137247
137276 137363 137297 137318 137339
137364 137391 137370 137376 137382
137392 137440 137404 137416 137428
137441 137491 137453 137465 137477
137492 137544 137505 137518 137531
137545 137575 137552 137559 137566
137576 137699 137606 137636 137666
137700 137794 137723 137746 137769
137795 137839 137806 137817 137828
137840 137892 137853 137866 137879
137893 137935 137903 137913 137923
137936 138021 137957 137978 137999
138022 138050 138029 138036 138043
138051 138112 138066 138081 138096
138113 138168 138126 138139 138152
138169 138219 138181 138193 138205
138220 138249 138227 138234 138241
138250 138322 138268 138286 138304
138323 138369 138334 138345 138356
138370 138470 138395 138420 138445
138471 138512 138481 138491 138501
138513 138536 138518 138523 138528
138537 138626 138559 138581 138603
138627 138667 138637 138647 138657
138668 138830 138708 138748 138788
138831 138892 138846 138861 138876
138893 138944 138905 138917 138929
138945 138997 138958 138971 138984
138998 139038 139008 139018 139028
139039 139121 139059 139079 139099
139122 139179 139136 139150 139164
139180 139216 139189 139198 139207
139217 139269 139230 139243 139256
139270 139325 139283 139296 139309
139326 139434 139353 139380 139407
139435 139520 139456 139477 139498
139521 139589 139538 139555 139572
139590 139725 139623 139656 139689
139726 139801 139744 139762 139780
139802 139922 139832 139862 139892
139923 139939 139927 139931 139935
139940 139968 139947 139954 139961
139969 140031 139984 139999 140014
140032 140153 140062 140092 140122
140154 140261 140180 140206 140232
140262 140411 140299 140336 140373
140412 140443 140419 140426 140433
140444 140548 140470 140496 140522
140549 140613 140565 140581 140597
140614 140771 140653 140692 140731
140772 140791 140776 140780 140784
140792 141005 140845 140898 140951
141006 141097 141028 141050 141072
141098 141159 141113 141128 141143
141160 141206 141171 141182 141193
141207 141293 141228 141249 141270
141294 141365 141311 141328 141345
141366 141435 141383 141400 141417
141436 141476 141446 141456 141466
141477 141542 141493 141509 141525
141543 141614 141560 141577 141594
141615 141807 141663 141711 141759
141808 141864 141822 141836 141850
141865 141956 141887 141909 141931
141957 141993 141966 141975 141984
141994 142048 142007 142020 142033
142049 142075 142055 142061 142067
142076 142154 142095 142114 142133
142155 142172 142159 142163 142167
142173 142213 142183 142193 142203
142214 142285 142231 142248 142265
142286 142386 142311 142336 142361
142387 142413 142393 142399 142405
142414 142464 142426 142438 142450
142465 142545 142485 142505 142525
142546 142610 142562 142578 142594
142611 142670 142625 142639 142653
142671 142701 142678 142685 142692
142702 142742 142712 142722 142732
142743 142766 142748 142753 142758
142767 142820 142780 142793 142806
142821 142964 142856 142891 142926
142965 142986 142970 142975 142980
142987 143041 143000 143013 143026
143042 143082 143052 143062 143072
143083 143191 143110 143137 143164
143192 143338 143228 143264 143300
143339 143569 143396 143453 143510
143570 143737 143611 143652 143693
143738 143759 143743 143748 143753
143760 144090 143842 143924 144006
144091 144179 144113 144135 144157
144180 144207 144186 144192 144198
144208 144257 144220 144232 144244
144258 144443 144304 144350 144396
144444 144519 144462 144480 144498
144520 144571 144532 144544 144556
144572 144655 144592 144612 144632
144656 144749 144679 144702 144725
144750 144995 144811 144872 144933
144996 145053 145010 145024 145038
145054 145163 145081 145108 145135
145164 145681 145293 145422 145551
145682 145719 145691 145700 145709
145720 145776 145734 145748 145762
145777 146079 145852 145927 146002
146080 146417 146164 146248 146332
146418 146442 146424 146430 146436
146443 146523 146463 146483 146503
146524 146592 146541 146558 146575
146593 146635 146603 146613 146623
146636 146820 146682 146728 146774
146821 146854 146829 146837 146845
146855 146995 146890 146925 146960
146996 147212 147050 147104 147158
147213 147249 147222 147231 147240
147250 147371 147280 147310 147340
147372 147438 147388 147404 147420
147439 147493 147452 147465 147478
147494 147595 147519 147544 147569
147596 147714 147625 147654 147683
147715 147870 147753 147791 147829
147871 147943 147889 147907 147925
147944 148000 147958 147972 147986
148001 148142 148036 148071 148106
148143 148313 148185 148227 148269
148314 148350 148323 148332 148341
148351 148393 148361 148371 148381
148394 148443 148406 148418 148430
148444 148496 148457 148470 148483
148497 148662 148538 148579 148620
148663 148686 148668 148673 148678
148687 148723 148696 148705 148714
148724 148744 148729 148734 148739
148745 148909 148786 148827 148868
148910 149086 148954 148998 149042
149087 149244 149126 149165 149204
149245 149415 149287 149329 149371
149416 149533 149445 149474 149503
149534 152443 149650 149766 151830
152444 158245 153894 155344 156794
158246 158289 158256 158266 158276
158290 158513 158345 158400 158455
158514 158730 158568 158622 158676
