0 47 11 22 33
48 758 225 402 579
759 1656 983 1207 1431
1657 1900 1717 1777 1837
1901 2471 2043 2185 2327
2472 2570 2496 2520 2544
2571 3096 2702 2833 2964
3097 3193 3121 3145 3169
3194 3463 3261 3328 3395
3464 3606 3499 3534 3569
3607 3651 3618 3629 3640
3652 4048 3751 3850 3949
4049 4245 4098 4147 4196
4246 4434 4293 4340 4387
4435 4543 4462 4489 4516
4544 4681 4578 4612 4646
4682 4842 4722 4762 4802
4843 4942 4867 4891 4915
4943 5207 5009 5075 5141
5208 5240 5216 5224 5232
5241 5335 5264 5287 5310
5336 5364 5343 5350 5357
5365 5391 5371 5377 5383
5392 5528 5426 5460 5494
5529 5590 5544 5559 5574
5591 5706 5619 5647 5675
5707 5984 5776 5845 5914
5985 6335 6072 6159 6246
6336 6463 6367 6398 6429
6464 6544 6484 6504 6524
6545 6692 6581 6617 6653
6693 6770 6712 6731 6750
6771 6884 6799 6827 6855
6885 7105 6940 6995 7050
7106 7423 7185 7264 7343
7424 7525 7449 7474 7499
7526 7694 7568 7610 7652
7695 7755 7710 7725 7740
7756 7836 7776 7796 7816
7837 7897 7852 7867 7882
7898 8226 7980 8062 8144
8227 8273 8238 8249 8260
8274 8306 8282 8290 8298
8307 8378 8324 8341 8358
8379 8454 8397 8415 8433
8455 8509 8468 8481 8494
8510 8587 8529 8548 8567
8588 8652 8604 8620 8636
8653 8669 8657 8661 8665
8670 8740 8687 8704 8721
8741 8779 8750 8759 8768
8780 8833 8793 8806 8819
8834 8966 8867 8900 8933
8967 9039 8985 9003 9021
9040 9103 9055 9070 9085
9104 9172 9121 9138 9155
9173 9265 9196 9219 9242
9266 9299 9274 9282 9290
9300 9674 9393 9486 9579
9675 9736 9690 9705 9720
9737 9775 9746 9755 9764
9776 9846 9793 9810 9827
9847 10208 9937 10027 10117
10209 10426 10263 10317 10371
10427 10511 10448 10469 10490
10512 10605 10535 10558 10581
10606 10732 10637 10668 10699
10733 10787 10746 10759 10772
10788 11154 10879 10970 11061
11155 11297 11190 11225 11260
11298 11790 11421 11544 11667
11791 12601 11993 12195 12397
12602 12673 12619 12636 12653
12674 12789 12702 12730 12758
12790 12943 12828 12866 12904
12944 13031 12965 12986 13007
13032 13128 13056 13080 13104
13129 13267 13163 13197 13231
13268 13351 13288 13308 13328
13352 13377 13358 13364 13370
13378 13451 13396 13414 13432
13452 13553 13477 13502 13527
13554 13591 13563 13572 13581
13592 13634 13602 13612 13622
13635 13708 13653 13671 13689
13709 13739 13716 13723 13730
13740 13777 13749 13758 13767
13778 13801 13783 13788 13793
13802 13902 13827 13852 13877
13903 14090 13949 13995 14041
14091 14112 14096 14101 14106
14113 14149 14122 14131 14140
14150 14282 14183 14216 14249
14283 15609 14462 14641 15456
15610 15666 15624 15638 15652
15667 15741 15685 15703 15721
15742 15784 15752 15762 15772
15785 15844 15799 15813 15827
15845 15893 15857 15869 15881
15894 15979 15915 15936 15957
15980 16038 15994 16008 16022
16039 16121 16059 16079 16099
16122 16336 16175 16228 16281
16337 17196 16551 16765 16979
17197 17322 17228 17259 17290
17323 17408 17344 17365 17386
17409 17473 17425 17441 17457
17474 17653 17518 17562 17606
17654 17696 17664 17674 17684
17697 17726 17704 17711 17718
17727 17754 17733 17739 17745
17755 17772 17759 17763 17767
17773 17797 17779 17785 17791
17798 17830 17806 17814 17822
17831 17874 17841 17851 17861
17875 17946 17892 17909 17926
17947 17983 17956 17965 17974
17984 18017 17992 18000 18008
18018 18093 18036 18054 18072
18094 18179 18115 18136 18157
18180 18228 18192 18204 18216
18229 18261 18237 18245 18253
18262 18427 18303 18344 18385
18428 18509 18448 18468 18488
18510 18632 18540 18570 18600
18633 18742 18660 18687 18714
18743 18873 18775 18807 18839
18874 19011 18908 18942 18976
19012 19062 19024 19036 19048
19063 19125 19078 19093 19108
19126 19291 19167 19208 19249
19292 19394 19317 19342 19367
19395 19502 19421 19447 19473
19503 19598 19526 19549 19572
19599 20010 19701 19803 19905
20011 20130 20040 20069 20098
20131 20403 20199 20267 20335
20404 20454 20416 20428 20440
20455 20486 20462 20469 20476
20487 20565 20506 20525 20544
20566 20689 20596 20626 20656
20690 20741 20702 20714 20726
20742 20770 20749 20756 20763
20771 20818 20782 20793 20804
20819 20859 20829 20839 20849
20860 20917 20874 20888 20902
20918 20991 20936 20954 20972
20992 21140 21029 21066 21103
21141 21267 21172 21203 21234
21268 21332 21284 21300 21316
21333 21373 21343 21353 21363
21374 21427 21387 21400 21413
21428 21480 21441 21454 21467
21481 21602 21511 21541 21571
21603 21688 21624 21645 21666
21689 21780 21711 21733 21755
21781 21825 21792 21803 21814
21826 21862 21835 21844 21853
21863 21992 21895 21927 21959
21993 22067 22011 22029 22047
22068 22117 22080 22092 22104
22118 22181 22133 22148 22163
22182 22216 22190 22198 22206
22217 22257 22227 22237 22247
22258 22321 22273 22288 22303
22322 22389 22338 22354 22370
22390 22429 22399 22408 22417
22430 22473 22440 22450 22460
22474 22612 22508 22542 22576
22613 22653 22623 22633 22643
22654 22760 22680 22706 22732
22761 22815 22774 22787 22800
22816 22952 22850 22884 22918
22953 23029 22972 22991 23010
23030 23231 23080 23130 23180
23232 23474 23292 23352 23412
23475 23578 23500 23525 23550
23579 23832 23642 23705 23768
23833 24024 23880 23927 23974
24025 24104 24044 24063 24082
24105 24147 24115 24125 24135
24148 24219 24165 24182 24199
24220 24286 24236 24252 24268
24287 24349 24302 24317 24332
24350 24416 24366 24382 24398
24417 24720 24492 24567 24642
24721 24857 24755 24789 24823
24858 24904 24869 24880 24891
24905 25038 24938 24971 25004
25039 25121 25059 25079 25099
25122 25169 25133 25144 25155
25170 25259 25192 25214 25236
25260 25323 25275 25290 25305
25324 25441 25353 25382 25411
25442 25533 25464 25486 25508
25534 25604 25551 25568 25585
25605 25744 25639 25673 25707
25745 25848 25770 25795 25820
25849 25923 25867 25885 25903
25924 26054 25956 25988 26020
26055 26818 26245 26435 26625
26819 26986 26860 26901 26942
26987 27050 27002 27017 27032
27051 27152 27076 27101 27126
27153 27201 27165 27177 27189
27202 27272 27219 27236 27253
27273 27371 27297 27321 27345
27372 27453 27392 27412 27432
27454 27557 27479 27504 27529
27558 27624 27574 27590 27606
27625 27837 27678 27731 27784
27838 27890 27851 27864 27877
27891 27967 27910 27929 27948
27968 28174 28019 28070 28121
28175 28371 28224 28273 28322
28372 28507 28405 28438 28471
28508 29019 28635 28762 28889
29020 29213 29068 29116 29164
29214 29315 29239 29264 29289
29316 29383 29332 29348 29364
29384 29800 29488 29592 29696
29801 30178 29850 29899 30132
30179 30310 30211 30243 30275
30311 30443 30344 30377 30410
30444 30481 30453 30462 30471
30482 30834 30570 30658 30746
30835 31544 31012 31189 31366
31545 31585 31555 31565 31575
31586 31663 31605 31624 31643
31664 31715 31676 31688 31700
31716 31807 31738 31760 31782
31808 31964 31847 31886 31925
31965 32028 31980 31995 32010
32029 32114 32050 32071 32092
32115 32174 32129 32143 32157
32175 32231 32189 32203 32217
32232 32348 32261 32290 32319
32349 32394 32360 32371 32382
32395 32443 32407 32419 32431
32444 32504 32459 32474 32489
32505 32554 32517 32529 32541
32555 32611 32569 32583 32597
32612 32729 32641 32670 32699
32730 32795 32746 32762 32778
32796 32832 32805 32814 32823
32833 32878 32844 32855 32866
32879 32904 32885 32891 32897
32905 32942 32914 32923 32932
32943 32970 32949 32955 32961
32971 33116 33007 33043 33079
33117 33172 33130 33143 33156
33173 33228 33186 33199 33212
33229 33302 33247 33265 33283
33303 33402 33327 33351 33375
33403 33579 33447 33491 33535
33580 33666 33601 33622 33643
33667 33750 33687 33707 33727
33751 33894 33786 33821 33856
33895 33981 33916 33937 33958
33982 34064 34002 34022 34042
34065 34298 34123 34181 34239
34299 34464 34340 34381 34422
34465 34562 34489 34513 34537
34563 34681 34592 34621 34650
34682 34885 34732 34782 34832
34886 34940 34899 34912 34925
34941 35191 35003 35065 35127
35192 35233 35202 35212 35222
35234 35280 35245 35256 35267
35281 35330 35293 35305 35317
35331 35386 35344 35357 35370
35387 35658 35454 35521 35588
35659 35809 35696 35733 35770
35810 36234 35916 36022 36128
36235 36345 36262 36289 36316
36346 36496 36383 36420 36457
36497 36595 36521 36545 36569
36596 36743 36632 36668 36704
36744 36828 36765 36786 36807
36829 36974 36865 36901 36937
36975 37454 37094 37213 37332
37455 37531 37474 37493 37512
37532 37665 37565 37598 37631
37666 37940 37734 37802 37870
37941 38138 37990 38039 38088
38139 38237 38163 38187 38211
38238 38364 38269 38300 38331
38365 38419 38378 38391 38404
38420 38465 38431 38442 38453
38466 38587 38496 38526 38556
38588 38651 38603 38618 38633
38652 38683 38659 38666 38673
38684 38737 38697 38710 38723
38738 38824 38759 38780 38801
38825 38863 38834 38843 38852
38864 38913 38876 38888 38900
38914 39086 38957 39000 39043
39087 39189 39112 39137 39162
39190 39296 39216 39242 39268
39297 39353 39311 39325 39339
39354 39500 39390 39426 39462
39501 39613 39529 39557 39585
39614 39734 39644 39674 39704
39735 39820 39756 39777 39798
39821 39901 39841 39861 39881
39902 40017 39930 39958 39986
40018 40151 40051 40084 40117
40152 40194 40162 40172 40182
40195 40242 40206 40217 40228
40243 40309 40259 40275 40291
40310 40412 40335 40360 40385
40413 40477 40429 40445 40461
40478 40548 40495 40512 40529
40549 40608 40563 40577 40591
40609 40691 40629 40649 40669
40692 40733 40702 40712 40722
40734 40783 40746 40758 40770
40784 40840 40798 40812 40826
40841 40984 40876 40911 40946
40985 41013 40992 40999 41006
41014 41254 41074 41134 41194
41255 41325 41272 41289 41306
41326 41470 41362 41398 41434
41471 41552 41491 41511 41531
41553 41604 41565 41577 41589
41605 41652 41616 41627 41638
41653 41685 41661 41669 41677
41686 41761 41704 41722 41740
41762 41832 41779 41796 41813
41833 41894 41848 41863 41878
41895 41970 41913 41931 41949
41971 42193 42026 42081 42136
42194 42269 42212 42230 42248
42270 42319 42282 42294 42306
42320 42352 42328 42336 42344
42353 42421 42370 42387 42404
42422 42473 42434 42446 42458
42474 42714 42534 42594 42654
42715 42825 42742 42769 42796
42826 42861 42834 42842 42850
42862 43130 42929 42996 43063
43131 43302 43173 43215 43257
43303 43368 43319 43335 43351
43369 43402 43377 43385 43393
43403 43468 43419 43435 43451
43469 43551 43489 43509 43529
43552 43653 43577 43602 43627
43654 43721 43670 43686 43702
43722 44095 43815 43908 44001
44096 44171 44114 44132 44150
44172 44393 44227 44282 44337
44394 44665 44461 44528 44595
44666 44875 44718 44770 44822
44876 44990 44904 44932 44960
44991 45076 44993 44995 45057
45077 45322 45138 45199 45260
45323 45380 45337 45351 45365
45381 45440 45395 45409 45423
45441 45529 45463 45485 45507
45530 45645 45558 45586 45614
45646 45690 45657 45668 45679
45691 45713 45696 45701 45706
45714 45730 45718 45722 45726
45731 45777 45742 45753 45764
45778 45809 45785 45792 45799
45810 45844 45818 45826 45834
45845 45933 45867 45889 45911
45934 46015 45954 45974 45994
46016 46138 46046 46076 46106
46139 46192 46152 46165 46178
46193 46313 46223 46253 46283
46314 46370 46328 46342 46356
46371 46404 46379 46387 46395
46405 46499 46428 46451 46474
46500 46518 46504 46508 46512
46519 46547 46526 46533 46540
46548 46679 46580 46612 46644
46680 46785 46706 46732 46758
46786 46858 46804 46822 46840
46859 46958 46883 46907 46931
46959 47013 46972 46985 46998
47014 47094 47034 47054 47074
47095 47136 47105 47115 47125
47137 47201 47153 47169 47185
47202 47387 47248 47294 47340
47388 47429 47398 47408 47418
47430 47567 47464 47498 47532
47568 47903 47651 47734 47817
47904 48249 47990 48076 48162
48250 48482 48308 48366 48424
48483 48647 48524 48565 48606
48648 48990 48733 48818 48903
48991 49074 49011 49031 49051
49075 49158 49095 49115 49135
49159 49263 49185 49211 49237
49264 49357 49287 49310 49333
49358 49828 49475 49592 49709
49829 49884 49842 49855 49868
49885 50178 49958 50031 50104
50179 50328 50216 50253 50290
50329 50547 50383 50437 50491
50548 50600 50561 50574 50587
50601 50646 50612 50623 50634
50647 50685 50656 50665 50674
50686 50730 50697 50708 50719
50731 50774 50741 50751 50761
50775 50822 50786 50797 50808
50823 50851 50830 50837 50844
50852 50984 50885 50918 50951
50985 51023 50994 51003 51012
51024 51070 51035 51046 51057
51071 51203 51104 51137 51170
51204 51267 51219 51234 51249
51268 51350 51288 51308 51328
51351 51626 51419 51487 51555
51627 51750 51657 51687 51717
51751 51849 51775 51799 51823
51850 52016 51891 51932 51973
52017 52252 52075 52133 52191
52253 52319 52269 52285 52301
52320 52507 52366 52412 52458
52508 52548 52518 52528 52538
52549 52681 52582 52615 52648
52682 52716 52690 52698 52706
52717 53072 52805 52893 52981
53073 53176 53098 53123 53148
53177 53239 53192 53207 53222
53240 53298 53254 53268 53282
53299 53342 53309 53319 53329
53343 53566 53398 53453 53508
53567 53713 53603 53639 53675
53714 53832 53743 53772 53801
53833 54069 53892 53951 54010
54070 54152 54090 54110 54130
54153 54225 54171 54189 54207
54226 54336 54253 54280 54307
54337 54604 54403 54469 54535
54605 54697 54628 54651 54674
54698 54848 54735 54772 54809
54849 54974 54880 54911 54942
54975 55128 55013 55051 55089
55129 55183 55142 55155 55168
55184 55287 55209 55234 55259
55288 55406 55317 55346 55375
55407 55467 55422 55437 55452
55468 55548 55488 55508 55528
55549 55612 55564 55579 55594
55613 55714 55638 55663 55688
55715 55791 55734 55753 55772
55792 55988 55841 55890 55939
55989 56051 56004 56019 56034
56052 56296 56113 56174 56235
56297 56516 56351 56405 56459
56517 56635 56546 56575 56604
56636 56737 56661 56686 56711
56738 56881 56773 56808 56843
56882 57524 57042 57202 57362
57525 57672 57561 57597 57633
57673 57816 57708 57743 57778
57817 57910 57840 57863 57886
57911 57949 57920 57929 57938
57950 57984 57958 57966 57974
57985 58022 57994 58003 58012
58023 58260 58082 58141 58200
58261 58384 58291 58321 58351
58385 58484 58409 58433 58457
58485 58627 58520 58555 58590
58628 58825 58677 58726 58775
58826 59685 59040 59254 59468
59686 59821 59719 59752 59785
59822 59948 59853 59884 59915
59949 60061 59961 59973 60045
60062 60196 60095 60128 60161
60197 60296 60221 60245 60269
60297 60370 60315 60333 60351
60371 60533 60411 60451 60491
60534 60620 60555 60576 60597
60621 60818 60670 60719 60768
60819 60956 60853 60887 60921
60957 61057 60982 61007 61032
61058 61631 61201 61344 61487
61632 61762 61664 61696 61728
61763 61994 61820 61877 61934
61995 62057 62010 62025 62040
62058 62112 62071 62084 62097
62113 62206 62136 62159 62182
62207 62257 62219 62231 62243
62258 62534 62327 62396 62465
62535 62596 62550 62565 62580
62597 62694 62621 62645 62669
62695 62877 62740 62785 62830
62878 63018 62913 62948 62983
63019 63112 63042 63065 63088
63113 63326 63166 63219 63272
63327 63448 63357 63387 63417
63449 63815 63540 63631 63722
63816 63899 63836 63856 63876
63900 63987 63921 63942 63963
63988 64131 64023 64058 64093
64132 64234 64157 64182 64207
64235 64653 64339 64443 64547
64654 64805 64691 64728 64765
64806 64990 64852 64898 64944
64991 65072 65011 65031 65051
65073 65134 65088 65103 65118
65135 65449 65213 65291 65369
65450 65518 65467 65484 65501
65519 65560 65529 65539 65549
65561 65600 65570 65579 65588
65601 65638 65610 65619 65628
65639 65687 65651 65663 65675
65688 65765 65707 65726 65745
65766 65859 65789 65812 65835
65860 66139 65929 65998 66067
66140 66309 66182 66224 66266
66310 66401 66332 66354 66376
66402 66497 66425 66448 66471
66498 66528 66505 66512 66519
66529 66580 66541 66553 66565
66581 66885 66657 66733 66809
66886 66987 66911 66936 66961
66988 67030 66998 67008 67018
67031 67137 67057 67083 67109
67138 67257 67167 67196 67225
67258 67305 67269 67280 67291
67306 67334 67313 67320 67327
67335 67375 67345 67355 67365
67376 67408 67384 67392 67400
67409 67519 67436 67463 67490
67520 67808 67592 67664 67736
67809 67865 67823 67837 67851
67866 67995 67898 67930 67962
67996 68121 68027 68058 68089
68122 68261 68156 68190 68224
68262 68376 68290 68318 68346
68377 68435 68391 68405 68419
68436 68493 68450 68464 68478
68494 68596 68519 68544 68569
68597 68802 68648 68699 68750
68803 68898 68826 68849 68872
68899 69455 69038 69177 69316
69456 69849 69554 69652 69750
69850 69906 69864 69878 69892
69907 69956 69919 69931 69943
69957 70059 69982 70007 70032
70060 70159 70084 70108 70132
70160 70226 70176 70192 70208
70227 70782 70365 70503 70641
70783 70990 70834 70885 70936
70991 71115 71022 71053 71084
71116 71228 71144 71172 71200
71229 71330 71254 71279 71304
71331 71498 71372 71413 71454
71499 71560 71514 71529 71544
71561 71644 71581 71601 71621
71645 71681 71654 71663 71672
71682 71774 71705 71728 71751
71775 71815 71785 71795 71805
71816 71853 71825 71834 71843
71854 71916 71869 71884 71899
71917 72013 71941 71965 71989
72014 72041 72020 72026 72032
72042 72162 72072 72102 72132
72163 72271 72190 72217 72244
72272 72350 72291 72310 72329
72351 72406 72364 72377 72390
72407 72545 72441 72475 72509
72546 72656 72573 72600 72627
72657 73021 72748 72839 72930
73022 73301 73091 73160 73229
73302 73412 73329 73356 73383
73413 73497 73434 73455 73476
73498 73571 73516 73534 73552
73572 74027 73685 73798 73911
74028 74107 74047 74066 74085
74108 74169 74123 74138 74153
74170 74322 74208 74246 74284
74323 74363 74333 74343 74353
74364 74417 74377 74390 74403
74418 74574 74457 74496 74535
74575 74746 74617 74659 74701
74747 74789 74757 74767 74777
74790 74845 74803 74816 74829
74846 74931 74867 74888 74909
74932 75048 74948 74964 75036
75049 75126 75068 75087 75106
75127 75303 75171 75215 75259
75304 75392 75326 75348 75370
75393 75546 75431 75469 75507
75547 75579 75555 75563 75571
75580 75650 75597 75614 75631
75651 75758 75677 75703 75729
75759 75880 75789 75819 75849
75881 75937 75895 75909 75923
75938 75982 75949 75960 75971
75983 76028 75994 76005 76016
76029 76137 76056 76083 76110
76138 76221 76158 76178 76198
76222 76336 76250 76278 76306
76337 76520 76382 76427 76472
76521 76615 76544 76567 76590
76616 76757 76651 76686 76721
76758 76872 76786 76814 76842
76873 76917 76884 76895 76906
76918 76992 76936 76954 76972
76993 77049 77007 77021 77035
77050 77092 77060 77070 77080
77093 77155 77108 77123 77138
77156 77307 77193 77230 77267
77308 77349 77318 77328 77338
77350 77381 77357 77364 77371
77382 77421 77391 77400 77409
77422 77462 77432 77442 77452
77463 77507 77474 77485 77496
77508 77601 77531 77554 77577
77602 77674 77620 77638 77656
77675 77883 77727 77779 77831
77884 77941 77898 77912 77926
77942 78047 77968 77994 78020
78048 78156 78075 78102 78129
78157 78244 78178 78199 78220
78245 78283 78254 78263 78272
78284 78362 78303 78322 78341
78363 78464 78388 78413 78438
78465 78517 78478 78491 78504
78518 78669 78555 78592 78629
78670 78754 78691 78712 78733
78755 78810 78768 78781 78794
78811 78852 78821 78831 78841
78853 78949 78877 78901 78925
78950 79004 78963 78976 78989
79005 79049 79016 79027 79038
79050 79132 79070 79090 79110
79133 79174 79143 79153 79163
79175 79210 79183 79191 79199
79211 79250 79220 79229 79238
79251 79424 79294 79337 79380
79425 79462 79434 79443 79452
79463 79541 79482 79501 79520
79542 79582 79552 79562 79572
79583 79643 79598 79613 79628
79644 79694 79656 79668 79680
79695 79803 79722 79749 79776
79804 79878 79822 79840 79858
79879 80369 80001 80123 80245
80370 80492 80400 80430 80460
80493 80551 80507 80521 80535
80552 80698 80588 80624 80660
80699 80840 80734 80769 80804
80841 80929 80863 80885 80907
80930 81100 80972 81014 81056
81101 81205 81127 81153 81179
81206 81287 81226 81246 81266
81288 81509 81343 81398 81453
81510 81627 81539 81568 81597
81628 81812 81674 81720 81766
81813 81928 81841 81869 81897
81929 82053 81960 81991 82022
82054 82122 82071 82088 82105
82123 82233 82150 82177 82204
82234 82334 82259 82284 82309
82335 82531 82384 82433 82482
82532 82680 82569 82606 82643
82681 82714 82689 82697 82705
82715 82755 82725 82735 82745
82756 83084 82838 82920 83002
83085 83122 83094 83103 83112
83123 83232 83150 83177 83204
83233 83421 83280 83327 83374
83422 83592 83464 83506 83548
83593 83762 83635 83677 83719
83763 83883 83793 83823 83853
83884 83957 83902 83920 83938
83958 84015 83972 83986 84000
84016 84129 84044 84072 84100
84130 84355 84186 84242 84298
84356 84423 84372 84388 84404
84424 84470 84435 84446 84457
84471 84506 84479 84487 84495
84507 84627 84537 84567 84597
84628 84689 84643 84658 84673
84690 84722 84698 84706 84714
84723 84867 84759 84795 84831
84868 84934 84884 84900 84916
84935 85026 84957 84979 85001
85027 85073 85038 85049 85060
85074 85163 85096 85118 85140
85164 85211 85175 85186 85197
85212 85353 85247 85282 85317
85354 85392 85363 85372 85381
85393 85443 85405 85417 85429
85444 85505 85459 85474 85489
85506 85541 85514 85522 85530
85542 85622 85562 85582 85602
85623 85762 85657 85691 85725
85763 85933 85805 85847 85889
85934 86074 85969 86004 86039
86075 86128 86088 86101 86114
86129 86486 86218 86307 86396
86487 86522 86495 86503 86511
86523 86683 86563 86603 86643
86684 86767 86704 86724 86744
86768 86804 86777 86786 86795
86805 86886 86825 86845 86865
86887 87108 86942 86997 87052
87109 87354 87170 87231 87292
87355 87411 87369 87383 87397
87412 87454 87422 87432 87442
87455 87475 87460 87465 87470
87476 87505 87483 87490 87497
87506 87634 87538 87570 87602
87635 87811 87679 87723 87767
87812 87859 87823 87834 87845
87860 88157 87934 88008 88082
88158 88367 88210 88262 88314
88368 88442 88386 88404 88422
88443 88499 88457 88471 88485
88500 88540 88510 88520 88530
88541 88619 88560 88579 88598
88620 88764 88656 88692 88728
88765 89229 88881 88997 89113
89230 89429 89279 89328 89377
89430 89494 89446 89462 89478
89495 89518 89500 89505 89510
89519 89562 89529 89539 89549
89563 89617 89576 89589 89602
89618 89650 89626 89634 89642
89651 89670 89655 89659 89663
89671 89860 89718 89765 89812
89861 90250 89895 89929 90186
90251 90294 90261 90271 90281
90295 90427 90328 90361 90394
90428 90473 90439 90450 90461
90474 90520 90485 90496 90507
90521 90623 90546 90571 90596
90624 90663 90633 90642 90651
90664 90783 90693 90722 90751
90784 90807 90789 90794 90799
90808 90867 90822 90836 90850
90868 91202 90951 91034 91117
91203 91281 91222 91241 91260
91282 91328 91293 91304 91315
91329 91494 91370 91411 91452
91495 91588 91518 91541 91564
91589 91650 91604 91619 91634
91651 91767 91680 91709 91738
91768 91921 91806 91844 91882
91922 91967 91933 91944 91955
91968 92033 91984 92000 92016
92034 92076 92044 92054 92064
92077 92130 92090 92103 92116
92131 92174 92141 92151 92161
92175 92234 92189 92203 92217
92235 92321 92256 92277 92298
92322 92372 92334 92346 92358
92373 92529 92412 92451 92490
92530 92629 92554 92578 92602
92630 92672 92640 92650 92660
92673 92897 92729 92785 92841
92898 92957 92912 92926 92940
92958 93007 92970 92982 92994
93008 93198 93055 93102 93149
93199 93226 93205 93211 93217
93227 93300 93245 93263 93281
93301 93382 93321 93341 93361
93383 93443 93398 93413 93428
93444 93483 93453 93462 93471
93484 93558 93502 93520 93538
93559 93651 93582 93605 93628
93652 93679 93658 93664 93670
93680 93745 93696 93712 93728
93746 93792 93757 93768 93779
93793 93976 93838 93883 93928
93977 94047 93994 94011 94028
94048 94216 94090 94132 94174
94217 94356 94251 94285 94319
94357 94554 94406 94455 94504
94555 94725 94597 94639 94681
94726 94763 94735 94744 94753
94764 94817 94777 94790 94803
94818 94936 94847 94876 94905
94937 95117 94982 95027 95072
95118 95278 95158 95198 95238
95279 95323 95290 95301 95312
95324 95360 95333 95342 95351
95361 95449 95383 95405 95427
95450 95532 95470 95490 95510
95533 95593 95548 95563 95578
95594 95736 95629 95664 95699
95737 95939 95787 95837 95887
95940 96007 95956 95972 95988
96008 96098 96030 96052 96074
96099 96248 96136 96173 96210
96249 96317 96266 96283 96300
96318 96440 96348 96378 96408
96441 96533 96464 96487 96510
96534 96562 96541 96548 96555
96563 96614 96575 96587 96599
96615 96780 96656 96697 96738
96781 96980 96830 96879 96928
96981 97022 96991 97001 97011
97023 97103 97043 97063 97083
97104 97194 97126 97148 97170
97195 97255 97210 97225 97240
97256 97325 97273 97290 97307
97326 97455 97358 97390 97422
97456 97525 97473 97490 97507
97526 97578 97539 97552 97565
97579 97697 97608 97637 97666
97698 97770 97716 97734 97752
97771 97854 97791 97811 97831
97855 97981 97886 97917 97948
97982 98062 98002 98022 98042
98063 98253 98110 98157 98204
98254 98308 98267 98280 98293
98309 98425 98338 98367 98396
98426 98595 98468 98510 98552
98596 98706 98623 98650 98677
98707 98791 98728 98749 98770
98792 98879 98813 98834 98855
98880 98923 98890 98900 98910
98924 98959 98932 98940 98948
98960 98999 98969 98978 98987
99000 99101 99025 99050 99075
99102 99207 99128 99154 99180
99208 100106 99432 99656 99880
100107 100180 100125 100143 100161
100181 100778 100330 100479 100628
100779 100855 100798 100817 100836
100856 101081 100912 100968 101024
101082 101314 101140 101198 101256
101315 101561 101376 101437 101498
101562 101664 101587 101612 101637
101665 101784 101694 101723 101752
101785 101815 101792 101799 101806
101816 101853 101825 101834 101843
101854 101916 101869 101884 101899
101917 101985 101934 101951 101968
101986 102026 101996 102006 102016
102027 102097 102044 102061 102078
102098 102198 102123 102148 102173
102199 102251 102212 102225 102238
102252 102330 102271 102290 102309
102331 102382 102343 102355 102367
102383 102460 102402 102421 102440
102461 102514 102474 102487 102500
102515 102623 102542 102569 102596
102624 102678 102637 102650 102663
102679 102741 102694 102709 102724
102742 102788 102753 102764 102775
102789 102856 102805 102821 102837
102857 103239 102952 103047 103142
103240 103315 103258 103276 103294
103316 103745 103423 103530 103637
103746 103840 103769 103792 103815
103841 103903 103856 103871 103886
103904 103975 103921 103938 103955
103976 104023 103987 103998 104009
104024 104233 104076 104128 104180
104234 104286 104247 104260 104273
104287 104369 104307 104327 104347
104370 104421 104382 104394 104406
104422 104567 104458 104494 104530
104568 104986 104672 104776 104880
104987 105103 104990 104993 105075
105104 105372 105171 105238 105305
105373 105410 105382 105391 105400
105411 105527 105440 105469 105498
105528 105694 105569 105610 105651
105695 105991 105769 105843 105917
105992 106166 106035 106078 106121
106167 106332 106208 106249 106290
106333 106378 106344 106355 106366
106379 106449 106396 106413 106430
106450 106523 106468 106486 106504
106524 106590 106540 106556 106572
106591 106727 106625 106659 106693
106728 106783 106741 106754 106767
106784 106897 106812 106840 106868
106898 107005 106924 106950 106976
107006 107931 107237 107468 107699
107932 108064 107965 107998 108031
108065 108188 108095 108125 108155
108189 108270 108209 108229 108249
108271 108382 108298 108325 108352
108383 108468 108404 108425 108446
108469 108606 108503 108537 108571
108607 108671 108623 108639 108655
108672 108777 108698 108724 108750
108778 108813 108786 108794 108802
108814 108996 108859 108904 108949
108997 109088 109019 109041 109063
109089 109127 109098 109107 109116
109128 109177 109140 109152 109164
109178 109353 109221 109264 109307
109354 109392 109363 109372 109381
109393 109464 109410 109427 109444
109465 109505 109475 109485 109495
109506 109640 109539 109572 109605
109641 109691 109653 109665 109677
109692 109855 109732 109772 109812
109856 109947 109878 109900 109922
109948 110098 109985 110022 110059
110099 110162 110114 110129 110144
110163 110193 110170 110177 110184
110194 110233 110203 110212 110221
110234 110300 110250 110266 110282
110301 110372 110318 110335 110352
110373 110480 110399 110425 110451
110481 110544 110496 110511 110526
110545 110627 110565 110585 110605
110628 110716 110650 110672 110694
110717 110806 110739 110761 110783
110807 110915 110834 110861 110888
110916 110999 110936 110956 110976
111000 111122 111030 111060 111090
111123 111234 111150 111177 111204
111235 111317 111255 111275 111295
111318 111396 111337 111356 111375
111397 111469 111415 111433 111451
111470 111523 111483 111496 111509
111524 111582 111538 111552 111566
111583 111847 111649 111715 111781
111848 111927 111867 111886 111905
111928 112071 111963 111998 112033
112072 112208 112106 112140 112174
112209 112501 112282 112355 112428
112502 112585 112522 112542 112562
112586 112942 112675 112764 112853
112943 113073 112975 113007 113039
113074 113125 113086 113098 113110
113126 113211 113147 113168 113189
113212 113244 113220 113228 113236
113245 113367 113275 113305 113335
113368 113431 113383 113398 113413
113432 113529 113456 113480 113504
113530 113652 113560 113590 113620
113653 113699 113664 113675 113686
113700 113745 113711 113722 113733
113746 113790 113757 113768 113779
113791 113844 113804 113817 113830
113845 113920 113863 113881 113899
113921 114009 113943 113965 113987
114010 114117 114036 114062 114088
114118 114246 114150 114182 114214
114247 114303 114261 114275 114289
114304 114446 114339 114374 114409
114447 114548 114472 114497 114522
114549 114655 114575 114601 114627
114656 114811 114694 114732 114770
114812 114871 114826 114840 114854
114872 115010 114906 114940 114974
115011 115202 115058 115105 115152
115203 115576 115296 115389 115482
115577 115618 115587 115597 115607
115619 115706 115640 115661 115682
115707 115747 115717 115727 115737
115748 115784 115757 115766 115775
115785 115805 115790 115795 115800
115806 115824 115810 115814 115818
115825 116019 115873 115921 115969
116020 116663 116180 116340 116500
116664 116724 116679 116694 116709
116725 116785 116740 116755 116770
116786 116862 116805 116824 116843
116863 116909 116874 116885 116896
116910 116995 116931 116952 116973
116996 117142 117032 117068 117104
117143 117196 117156 117169 117182
117197 117759 117337 117477 117617
117760 117923 117800 117840 117880
117924 118129 117975 118026 118077
118130 118252 118160 118190 118220
118253 118324 118270 118287 118304
118325 118493 118367 118409 118451
118494 118637 118529 118564 118599
118638 118803 118679 118720 118761
118804 118898 118827 118850 118873
118899 118971 118917 118935 118953
118972 119992 119227 119482 119737
119993 120182 119994 119995 120135
120183 120918 120366 120549 120732
120919 121001 120939 120959 120979
121002 121257 121065 121128 121191
121258 121353 121281 121304 121327
121354 121376 121359 121364 121369
121377 121447 121394 121411 121428
121448 121519 121465 121482 121499
121520 121545 121526 121532 121538
121546 121630 121567 121588 121609
121631 121672 121641 121651 121661
121673 121777 121699 121725 121751
121778 121854 121797 121816 121835
121855 122155 121930 122005 122080
122156 123431 122474 122792 123110
123432 123470 123441 123450 123459
123471 123511 123481 123491 123501
123512 123621 123539 123566 123593
123622 123692 123639 123656 123673
123693 123821 123725 123757 123789
123822 123950 123854 123886 123918
123951 124049 123975 123999 124023
124050 124378 124132 124214 124296
124379 124558 124423 124467 124511
124559 124764 124610 124661 124712
124765 124835 124782 124799 124816
124836 125088 124899 124962 125025
125089 125185 125113 125137 125161
125186 125343 125225 125264 125303
125344 126157 125547 125750 125953
126158 126933 126351 126544 126737
126934 127025 126956 126978 127000
127026 127167 127061 127096 127131
127168 127208 127178 127188 127198
127209 127246 127218 127227 127236
127247 127264 127251 127255 127259
127265 127378 127293 127321 127349
127379 127428 127391 127403 127415
127429 127541 127457 127485 127513
127542 128084 127677 127812 127947
128085 128265 128130 128175 128220
128266 128346 128286 128306 128326
128347 128430 128367 128387 128407
128431 128616 128477 128523 128569
128617 128771 128655 128693 128731
128772 128836 128788 128804 128820
128837 128925 128859 128881 128903
128926 129070 128962 128998 129034
129071 129140 129088 129105 129122
129141 129204 129156 129171 129186
129205 129371 129246 129287 129328
129372 129450 129391 129410 129429
129451 129848 129550 129649 129748
129849 129999 129886 129923 129960
130000 130080 130020 130040 130060
130081 130278 130130 130179 130228
130279 130731 130392 130505 130618
130732 130832 130757 130782 130807
130833 131188 130921 131009 131097
131189 131245 131203 131217 131231
131246 131372 131277 131308 131339
131373 131468 131396 131419 131442
131469 131544 131487 131505 131523
131545 131646 131570 131595 131620
131647 131744 131671 131695 131719
131745 131812 131761 131777 131793
131813 131880 131829 131845 131861
131881 132038 131920 131959 131998
132039 132182 132074 132109 132144
132183 132366 132228 132273 132318
132367 132527 132407 132447 132487
132528 132610 132548 132568 132588
132611 132717 132637 132663 132689
132718 132801 132738 132758 132778
132802 132942 132837 132872 132907
132943 132983 132953 132963 132973
132984 133058 133002 133020 133038
133059 133242 133104 133149 133194
133243 133328 133264 133285 133306
133329 133359 133336 133343 133350
133360 133542 133405 133450 133495
133543 133595 133556 133569 133582
133596 133669 133614 133632 133650
133670 133913 133730 133790 133850
133914 133967 133927 133940 133953
133968 134316 134055 134142 134229
134317 134431 134345 134373 134401
134432 134515 134452 134472 134492
134516 134569 134529 134542 134555
134570 135075 134677 134784 135054
135076 135190 135104 135132 135160
135191 135367 135235 135279 135323
135368 135620 135431 135494 135557
135621 135830 135673 135725 135777
135831 135911 135851 135871 135891
135912 135967 135925 135938 135951
135968 136006 135977 135986 135995
136007 136117 136034 136061 136088
136118 136208 136140 136162 136184
136209 136253 136220 136231 136242
136254 136406 136292 136330 136368
136407 136549 136442 136477 136512
136550 136691 136585 136620 136655
136692 136765 136710 136728 136746
136766 136858 136789 136812 136835
136859 137091 136917 136975 137033
137092 137152 137107 137122 137137
137153 137267 137181 137209 137237
137268 137418 137305 137342 137379
137419 137554 137452 137485 137518
137555 137714 137594 137633 137672
137715 137810 137738 137761 137784
137811 137927 137840 137869 137898
137928 138093 137969 138010 138051
138094 138200 138120 138146 138172
138201 138303 138226 138251 138276
138304 138370 138320 138336 138352
138371 138445 138389 138407 138425
138446 138550 138472 138498 138524
138551 138628 138570 138589 138608
138629 138715 138650 138671 138692
138716 138906 138763 138810 138857
138907 138954 138918 138929 138940
138955 139144 139002 139049 139096
139145 139218 139163 139181 139199
139219 139261 139229 139239 139249
139262 139324 139277 139292 139307
139325 139375 139337 139349 139361
139376 139438 139391 139406 139421
139439 139617 139483 139527 139571
139618 139681 139633 139648 139663
139682 139840 139721 139760 139799
139841 139878 139850 139859 139868
139879 140029 139916 139953 139990
140030 140077 140041 140052 140063
140078 140179 140103 140128 140153
140180 140376 140229 140278 140327
140377 140460 140397 140417 140437
140461 140496 140469 140477 140485
140497 140535 140506 140515 140524
140536 140649 140564 140592 140620
140650 140783 140683 140716 140749
140784 140853 140801 140818 140835
140854 140904 140866 140878 140890
140905 140981 140924 140943 140962
140982 141048 140998 141014 141030
141049 141083 141057 141065 141073
141084 141180 141108 141132 141156
141181 141283 141206 141231 141256
141284 141380 141308 141332 141356
141381 141450 141398 141415 141432
141451 141481 141458 141465 141472
141482 141515 141490 141498 141506
141516 141616 141541 141566 141591
141617 141771 141655 141693 141731
141772 141828 141786 141800 141814
141829 141878 141841 141853 141865
141879 141917 141888 141897 141906
141918 142061 141953 141988 142023
142062 142125 142077 142092 142107
142126 142180 142139 142152 142165
142181 142235 142194 142207 142220
142236 142377 142271 142306 142341
142378 142410 142386 142394 142402
142411 142453 142421 142431 142441
142454 142502 142466 142478 142490
142503 142629 142534 142565 142596
142630 142759 142662 142694 142726
142760 142873 142788 142816 142844
142874 142941 142890 142906 142922
142942 142976 142950 142958 142966
142977 143120 143012 143047 143082
143121 143194 143139 143157 143175
143195 143386 143242 143289 143336
143387 143508 143417 143447 143477
143509 143618 143536 143563 143590
143619 143954 143702 143785 143868
143955 144050 143978 144001 144024
144051 144311 144116 144181 144246
144312 144525 144365 144418 144471
144526 144650 144557 144588 144619
144651 144879 144708 144765 144822
144880 144991 144907 144934 144961
144992 145166 145035 145078 145121
145167 145366 145216 145265 145314
145367 145750 145462 145557 145652
145751 145933 145796 145841 145886
145934 146016 145954 145974 145994
146017 146079 146032 146047 146062
146080 146159 146099 146118 146137
146160 146328 146202 146244 146286
146329 146668 146413 146497 146581
146669 146769 146694 146719 146744
146770 146909 146804 146838 146872
146910 147033 146940 146970 147000
147034 147161 147065 147096 147127
147162 147251 147184 147206 147228
147252 147346 147275 147298 147321
147347 147500 147385 147423 147461
147501 147566 147517 147533 147549
147567 147653 147588 147609 147630
147654 147698 147665 147676 147687
147699 147777 147718 147737 147756
147778 147828 147790 147802 147814
147829 147887 147843 147857 147871
147888 147940 147901 147914 147927
147941 148029 147963 147985 148007
148030 148082 148043 148056 148069
148083 148133 148095 148107 148119
148134 148246 148162 148190 148218
148247 148302 148260 148273 148286
148303 148349 148314 148325 148336
148350 148401 148362 148374 148386
148402 148543 148437 148472 148507
148544 148660 148573 148602 148631
148661 148832 148703 148745 148787
148833 148913 148853 148873 148893
148914 148984 148931 148948 148965
148985 149031 148996 149007 149018
149032 149073 149042 149052 149062
149074 149185 149101 149128 149155
149186 149252 149202 149218 149234
149253 149443 149300 149347 149394
149444 149506 149459 149474 149489
149507 149605 149531 149555 149579
149606 149674 149623 149640 149657
149675 149707 149683 149691 149699
149708 149745 149717 149726 149735
149746 149769 149751 149756 149761
149770 149855 149791 149812 149833
149856 150039 149891 149926 150027
150040 150088 150052 150064 150076
150089 150180 150111 150133 150155
150181 150315 150214 150247 150280
150316 150373 150330 150344 150358
150374 150433 150388 150402 150416
150434 150459 150440 150446 150452
150460 150496 150469 150478 150487
150497 150634 150531 150565 150599
150635 150669 150643 150651 150659
150670 150722 150683 150696 150709
150723 150760 150732 150741 150750
150761 150919 150800 150839 150878
150920 150984 150936 150952 150968
150985 151025 150995 151005 151015
151026 151084 151040 151054 151068
151085 151125 151095 151105 151115
151126 151152 151132 151138 151144
151153 151195 151163 151173 151183
151196 151296 151221 151246 151271
151297 151381 151318 151339 151360
151382 151463 151402 151422 151442
151464 151494 151471 151478 151485
151495 151537 151505 151515 151525
151538 151592 151551 151564 151577
151593 151625 151601 151609 151617
151626 151689 151641 151656 151671
151690 151795 151716 151742 151768
151796 151863 151812 151828 151844
151864 151900 151873 151882 151891
151901 151941 151911 151921 151931
151942 151983 151952 151962 151972
151984 152027 151994 152004 152014
152028 152096 152045 152062 152079
152097 152146 152109 152121 152133
152147 152232 152168 152189 152210
152233 152437 152284 152335 152386
152438 152537 152462 152486 152510
152538 152643 152564 152590 152616
152644 152712 152661 152678 152695
152713 153158 152824 152935 153046
153159 153312 153197 153235 153273
153313 153450 153347 153381 153415
153451 154506 153714 153977 154240
154507 155616 154784 155061 155338
155617 155686 155634 155651 155668
155687 155887 155737 155787 155837
155888 156063 155931 155974 156017
156064 156137 156082 156100 156118
156138 156250 156166 156194 156222
156251 156388 156285 156319 156353
156389 156437 156401 156413 156425
156438 156585 156474 156510 156546
156586 156644 156600 156614 156628
156645 156688 156655 156665 156675
156689 156764 156707 156725 156743
156765 156789 156771 156777 156783
156790 156974 156836 156882 156928
156975 157029 156988 157001 157014
157030 157237 157081 157132 157183
157238 157365 157269 157300 157331
157366 157405 157375 157384 157393
157406 157434 157413 157420 157427
157435 157620 157481 157527 157573
157621 157668 157632 157643 157654
157669 157772 157694 157719 157744
157773 157887 157801 157829 157857
157888 157950 157903 157918 157933
157951 158033 157971 157991 158011
158034 158072 158043 158052 158061
158073 158185 158101 158129 158157
158186 158268 158206 158226 158246
158269 158393 158300 158331 158362
158394 158448 158407 158420 158433
158449 158550 158474 158499 158524
158551 158609 158565 158579 158593
158610 158705 158633 158656 158679
158706 158792 158727 158748 158769
158793 158830 158802 158811 158820
158831 158878 158842 158853 158864
158879 158933 158892 158905 158918
158934 158970 158943 158952 158961
158971 159019 158983 158995 159007
159020 159042 159025 159030 159035
159043 159080 159052 159061 159070
159081 159112 159088 159095 159102
159113 159163 159125 159137 159149
159164 159334 159206 159248 159290
159335 159386 159347 159359 159371
159387 159592 159438 159489 159540
159593 159797 159644 159695 159746
159798 159864 159814 159830 159846
159865 159941 159884 159903 159922
159942 160083 159977 160012 160047
160084 160418 160167 160250 160333
160419 160565 160455 160491 160527
160566 160669 160591 160616 160641
160670 160886 160724 160778 160832
160887 160987 160912 160937 160962
160988 161097 161015 161042 161069
161098 161188 161120 161142 161164
161189 161238 161201 161213 161225
161239 161354 161267 161295 161323
161355 161411 161369 161383 161397
161412 161488 161431 161450 161469
161489 161574 161510 161531 161552
161575 161656 161595 161615 161635
161657 161820 161697 161737 161777
161821 161887 161837 161853 161869
161888 162015 161919 161950 161981
162016 162075 162030 162044 162058
162076 162147 162093 162110 162127
162148 162310 162188 162228 162268
162311 162392 162331 162351 162371
162393 162573 162438 162483 162528
162574 162686 162602 162630 162658
162687 162837 162724 162761 162798
162838 162963 162869 162900 162931
162964 163053 162986 163008 163030
163054 163147 163077 163100 163123
163148 163219 163165 163182 163199
163220 163273 163233 163246 163259
163274 163304 163281 163288 163295
163305 163337 163313 163321 163329
163338 163401 163353 163368 163383
163402 163541 163436 163470 163504
163542 163674 163575 163608 163641
163675 163911 163734 163793 163852
163912 164081 163954 163996 164038
164082 164136 164095 164108 164121
164137 164440 164212 164287 164362
164441 164460 164445 164449 164453
164461 164792 164543 164625 164707
164793 165279 164844 164895 165207
165280 165355 165298 165316 165334
165356 165447 165378 165400 165422
165448 165500 165461 165474 165487
165501 165625 165532 165563 165594
165626 165772 165662 165698 165734
165773 165948 165816 165859 165902
165949 166185 166008 166067 166126
166186 166499 166264 166342 166420
166500 166635 166533 166566 166599
166636 166725 166658 166680 166702
166726 166808 166746 166766 166786
166809 167169 166899 166989 167079
167170 167299 167202 167234 167266
167300 167761 167415 167530 167645
167762 167891 167794 167826 167858
167892 167979 167913 167934 167955
167980 168229 168042 168104 168166
168230 168294 168246 168262 168278
168295 168430 168328 168361 168394
168431 168809 168525 168619 168713
168810 168903 168833 168856 168879
168904 169226 168984 169064 169144
169227 169301 169245 169263 169281
169302 169363 169317 169332 169347
169364 169542 169408 169452 169496
169543 169585 169553 169563 169573
169586 169637 169598 169610 169622
169638 169776 169672 169706 169740
169777 169859 169797 169817 169837
169860 169932 169878 169896 169914
169933 169976 169943 169953 169963
169977 170086 170004 170031 170058
170087 170156 170104 170121 170138
170157 170228 170174 170191 170208
170229 170268 170238 170247 170256
170269 170327 170283 170297 170311
170328 170384 170342 170356 170370
170385 170509 170416 170447 170478
170510 170607 170534 170558 170582
170608 170737 170640 170672 170704
170738 170965 170794 170850 170906
170966 171347 171061 171156 171251
171348 171522 171391 171434 171477
171523 171766 171583 171643 171703
171767 172060 171840 171913 171986
172061 172233 172104 172147 172190
172234 172282 172246 172258 172270
172283 172361 172302 172321 172340
172362 172409 172373 172384 172395
172410 172490 172430 172450 172470
172491 172520 172498 172505 172512
172521 172559 172530 172539 172548
172560 172607 172571 172582 172593
172608 172670 172623 172638 172653
172671 172739 172688 172705 172722
172740 172885 172776 172812 172848
172886 172956 172903 172920 172937
172957 173078 172987 173017 173047
173079 173154 173097 173115 173133
173155 173327 173198 173241 173284
173328 173699 173420 173512 173604
173700 173814 173728 173756 173784
173815 173893 173834 173853 173872
173894 173945 173906 173918 173930
173946 174082 173980 174014 174048
174083 174157 174101 174119 174137
174158 174281 174188 174218 174248
174282 174429 174318 174354 174390
174430 174507 174449 174468 174487
174508 174637 174540 174572 174604
174638 174680 174648 174658 174668
174681 174771 174703 174725 174747
174772 174811 174781 174790 174799
174812 174861 174824 174836 174848
174862 174920 174876 174890 174904
174921 174940 174925 174929 174933
174941 175088 174977 175013 175049
175089 175134 175100 175111 175122
175135 175218 175155 175175 175195
175219 175256 175228 175237 175246
175257 175278 175262 175267 175272
175279 175307 175286 175293 175300
175308 175419 175335 175362 175389
175420 175469 175432 175444 175456
175470 175537 175486 175502 175518
175538 175567 175545 175552 175559
175568 175731 175608 175648 175688
175732 175781 175744 175756 175768
175782 175922 175817 175852 175887
175923 176026 175948 175973 175998
176027 176180 176065 176103 176141
176181 176408 176237 176293 176349
176409 176483 176427 176445 176463
176484 176550 176500 176516 176532
176551 176654 176576 176601 176626
176655 176783 176687 176719 176751
176784 176902 176813 176842 176871
176903 176968 176919 176935 176951
176969 177088 176998 177027 177056
177089 177152 177104 177119 177134
177153 177345 177201 177249 177297
177346 177478 177379 177412 177445
177479 177545 177495 177511 177527
177546 177679 177579 177612 177645
177680 177990 177757 177834 177911
177991 178396 178092 178193 178294
178397 178700 178472 178547 178622
178701 178927 178757 178813 178869
178928 179298 179020 179112 179204
179299 179570 179366 179433 179500
179571 179916 179657 179743 179829
179917 180060 179937 179957 180045
180061 180119 180075 180089 180103
180120 180216 180144 180168 180192
180217 180371 180255 180293 180331
180372 180520 180409 180446 180483
180521 180687 180562 180603 180644
180688 180918 180745 180802 180859
180919 181688 181111 181303 181495
181689 181773 181710 181731 181752
181774 182025 181836 181898 181960
182026 182125 182050 182074 182098
182126 182217 182148 182170 182192
182218 182484 182284 182350 182416
182485 182635 182522 182559 182596
182636 182833 182685 182734 182783
182834 182940 182860 182886 182912
182941 183040 182965 182989 183013
183041 183323 183111 183181 183251
183324 183413 183346 183368 183390
183414 183956 183549 183684 183819
183957 184057 183982 184007 184032
184058 184192 184091 184124 184157
184193 184352 184232 184271 184310
184353 184521 184395 184437 184479
184522 184727 184573 184624 184675
184728 184859 184760 184792 184824
184860 185408 184997 185134 185271
185409 185753 185495 185581 185667
185754 186066 185832 185910 185988
186067 186136 186084 186101 186118
186137 186216 186156 186175 186194
186217 186312 186240 186263 186286
186313 186359 186324 186335 186346
186360 186443 186380 186400 186420
186444 186488 186455 186466 186477
186489 186571 186509 186529 186549
186572 186686 186600 186628 186656
186687 186764 186706 186725 186744
186765 186838 186783 186801 186819
186839 186942 186864 186889 186914
186943 186986 186953 186963 186973
186987 187061 187005 187023 187041
187062 187228 187103 187144 187185
187229 187285 187243 187257 187271
187286 187956 187453 187620 187787
187957 188056 187981 188005 188029
188057 188114 188071 188085 188099
188115 188184 188132 188149 188166
188185 188253 188202 188219 188236
188254 188330 188273 188292 188311
188331 188430 188355 188379 188403
188431 188534 188456 188481 188506
188535 188676 188570 188605 188640
188677 188817 188712 188747 188782
188818 188904 188839 188860 188881
188905 189032 188936 188967 188998
189033 189097 189049 189065 189081
189098 189305 189149 189200 189251
189306 189456 189343 189380 189417
189457 189515 189471 189485 189499
189516 189884 189608 189700 189792
189885 190001 189914 189943 189972
190002 190177 190045 190088 190131
190178 190229 190190 190202 190214
190230 190302 190248 190266 190284
190303 190361 190317 190331 190345
190362 190532 190404 190446 190488
190533 190586 190546 190559 190572
190587 190698 190614 190641 190668
190699 190857 190738 190777 190816
190858 191016 190897 190936 190975
191017 191412 191115 191213 191311
191413 191547 191446 191479 191512
191548 191683 191581 191614 191647
191684 191811 191715 191746 191777
191812 191998 191858 191904 191950
191999 192075 192018 192037 192056
192076 192237 192116 192156 192196
192238 192376 192272 192306 192340
192377 192452 192395 192413 192431
192453 192715 192518 192583 192648
192716 192785 192733 192750 192767
192786 192828 192796 192806 192816
192829 192904 192847 192865 192883
192905 193003 192929 192953 192977
193004 193058 193017 193030 193043
193059 193116 193073 193087 193101
193117 193151 193125 193133 193141
193152 193210 193166 193180 193194
193211 193283 193229 193247 193265
193284 193417 193317 193350 193383
193418 193508 193440 193462 193484
193509 193650 193544 193579 193614
193651 193896 193712 193773 193834
193897 193961 193913 193929 193945
193962 194115 194000 194038 194076
194116 194183 194132 194148 194164
194184 194219 194192 194200 194208
194220 194284 194236 194252 194268
194285 194333 194297 194309 194321
194334 194703 194426 194518 194610
194704 194958 194767 194830 194893
194959 195233 194969 194979 195174
195234 195294 195249 195264 195279
195295 195370 195313 195331 195349
195371 195452 195391 195411 195431
195453 195488 195461 195469 195477
195489 195598 195516 195543 195570
195599 195686 195620 195641 195662
195687 195799 195715 195743 195771
195800 195833 195808 195816 195824
195834 195885 195846 195858 195870
195886 195985 195910 195934 195958
195986 196158 196029 196072 196115
196159 196352 196207 196255 196303
196353 196411 196367 196381 196395
196412 196494 196432 196452 196472
196495 196551 196509 196523 196537
196552 196678 196583 196614 196645
196679 196782 196704 196729 196754
196783 196818 196791 196799 196807
196819 196922 196844 196869 196894
196923 197101 196967 197011 197055
197102 197171 197119 197136 197153
197172 197462 197244 197316 197388
197463 197508 197474 197485 197496
197509 197656 197545 197581 197617
197657 198070 197760 197863 197966
198071 198173 198096 198121 198146
198174 210388 201227 204280 207333
