0 127 31 62 93
128 144 132 136 140
145 662 274 403 532
663 765 688 713 738
766 801 774 782 790
802 851 814 826 838
852 869 856 860 864
870 893 875 880 885
894 911 898 902 906
912 929 916 920 924
930 953 935 940 945
954 979 960 966 972
980 997 984 988 992
998 1021 1003 1008 1013
1022 1039 1026 1030 1034
1040 1057 1044 1048 1052
1058 1075 1062 1066 1070
1076 1746 1243 1410 1577
1747 1862 1775 1803 1831
1863 1976 1891 1919 1947
1977 2083 2003 2029 2055
2084 2188 2110 2136 2162
2189 2314 2220 2251 2282
2315 2419 2341 2367 2393
2420 2532 2448 2476 2504
2533 2648 2561 2589 2617
2649 2796 2685 2721 2757
2797 2910 2825 2853 2881
2911 3129 2965 3019 3073
3130 3343 3183 3236 3289
3344 3496 3382 3420 3458
3497 3697 3547 3597 3647
3698 3826 3730 3762 3794
3827 4441 3980 4133 4286
4442 4563 4472 4502 4532
4564 4736 4607 4650 4693
4737 4812 4755 4773 4791
4813 4866 4826 4839 4852
4867 4981 4895 4923 4951
4982 5023 4992 5002 5012
5024 5072 5036 5048 5060
5073 5190 5102 5131 5160
5191 5293 5216 5241 5266
5294 5388 5317 5340 5363
5389 5547 5428 5467 5506
5548 5591 5558 5568 5578
5592 5666 5610 5628 5646
5667 5738 5684 5701 5718
5739 5817 5758 5777 5796
5818 5873 5831 5844 5857
5874 5938 5890 5906 5922
5939 6077 5973 6007 6041
6078 6133 6091 6104 6117
6134 6152 6138 6142 6146
6153 6470 6232 6311 6390
6471 6503 6479 6487 6495
6504 6532 6511 6518 6525
6533 6559 6539 6545 6551
6560 6579 6564 6568 6572
6580 6622 6590 6600 6610
6623 6726 6648 6673 6698
6727 6780 6740 6753 6766
6781 6800 6785 6789 6793
6801 6830 6808 6815 6822
6831 6908 6850 6869 6888
6909 7337 7016 7123 7230
7338 7660 7418 7498 7578
7661 7764 7686 7711 7736
7765 8168 7865 7965 8065
8169 8200 8176 8183 8190
8201 8320 8230 8259 8288
8321 8437 8350 8379 8408
8438 8485 8449 8460 8471
8486 8620 8519 8552 8585
8621 8681 8636 8651 8666
8682 8749 8698 8714 8730
8750 8867 8779 8808 8837
8868 9011 8903 8938 8973
9012 9148 9046 9080 9114
9149 9238 9171 9193 9215
9239 9327 9261 9283 9305
9328 9449 9358 9388 9418
9450 9523 9468 9486 9504
9524 9645 9554 9584 9614
9646 9693 9657 9668 9679
9694 9769 9712 9730 9748
9770 9895 9801 9832 9863
9896 9917 9901 9906 9911
9918 9942 9924 9930 9936
9943 10035 9966 9989 10012
10036 10154 10065 10094 10123
10155 10240 10176 10197 10218
10241 10361 10271 10301 10331
10362 10420 10376 10390 10404
10421 10601 10466 10511 10556
10602 10632 10609 10616 10623
10633 10726 10656 10679 10702
10727 10746 10731 10735 10739
10747 11145 10846 10945 11044
11146 11739 11294 11442 11590
11740 11915 11783 11826 11869
11916 11966 11928 11940 11952
11967 12051 11988 12009 12030
12052 12167 12080 12108 12136
12168 12225 12182 12196 12210
12226 12294 12243 12260 12277
12295 12377 12315 12335 12355
12378 12479 12403 12428 12453
12480 12540 12495 12510 12525
12541 12578 12550 12559 12568
12579 12691 12607 12635 12663
12692 12781 12714 12736 12758
12782 12849 12798 12814 12830
12850 12916 12866 12882 12898
12917 12976 12931 12945 12959
12977 13042 12993 13009 13025
13043 13200 13082 13121 13160
13201 13240 13210 13219 13228
13241 13298 13255 13269 13283
13299 13342 13309 13319 13329
13343 13428 13364 13385 13406
13429 13654 13485 13541 13597
13655 13727 13673 13691 13709
13728 14162 13836 13944 14052
14163 14199 14172 14181 14190
14200 14251 14212 14224 14236
14252 14352 14277 14302 14327
14353 14452 14377 14401 14425
14453 14533 14473 14493 14513
14534 14573 14543 14552 14561
14574 14663 14596 14618 14640
14664 14786 14694 14724 14754
14787 14861 14805 14823 14841
14862 14910 14874 14886 14898
14911 14988 14930 14949 14968
14989 15050 14991 14993 15036
15051 15092 15061 15071 15081
15093 15122 15100 15107 15114
15123 15195 15141 15159 15177
15196 15245 15208 15220 15232
15246 15338 15269 15292 15315
15339 15431 15362 15385 15408
15432 15484 15445 15458 15471
15485 15548 15500 15515 15530
15549 15829 15619 15689 15759
15830 15908 15849 15868 15887
15909 15952 15919 15929 15939
15953 16026 15971 15989 16007
16027 16139 16055 16083 16111
16140 16219 16159 16178 16197
16220 16297 16239 16258 16277
16298 16482 16344 16390 16436
16483 16579 16507 16531 16555
16580 16851 16647 16714 16781
16852 16926 16870 16888 16906
16927 17136 16979 17031 17083
17137 17209 17155 17173 17191
17210 17433 17265 17320 17375
17434 17557 17464 17494 17524
17558 17610 17571 17584 17597
17611 17786 17654 17697 17740
17787 17841 17800 17813 17826
17842 17895 17855 17868 17881
17896 17993 17920 17944 17968
17994 18068 18012 18030 18048
18069 18163 18092 18115 18138
18164 18445 18234 18304 18374
18446 18497 18458 18470 18482
18498 18549 18510 18522 18534
18550 18624 18568 18586 18604
18625 18672 18636 18647 18658
18673 18701 18680 18687 18694
18702 18732 18709 18716 18723
18733 18872 18767 18801 18835
18873 18980 18899 18925 18951
18981 19047 18997 19013 19029
19048 19117 19065 19082 19099
19118 19218 19143 19168 19193
19219 19252 19227 19235 19243
19253 19289 19262 19271 19280
19290 19329 19299 19308 19317
19330 19360 19337 19344 19351
19361 19418 19375 19389 19403
19419 19524 19445 19471 19497
19525 19716 19572 19619 19666
19717 20107 19814 19911 20008
20108 20133 20114 20120 20126
20134 20229 20157 20180 20203
20230 20252 20235 20240 20245
20253 20296 20263 20273 20283
20297 20335 20306 20315 20324
20336 20392 20350 20364 20378
20393 20463 20410 20427 20444
20464 20535 20481 20498 20515
20536 20577 20546 20556 20566
20578 20661 20598 20618 20638
20662 20693 20669 20676 20683
20694 20720 20700 20706 20712
20721 20800 20740 20759 20778
20801 20934 20834 20867 20900
20935 20971 20944 20953 20962
20972 21038 20988 21004 21020
21039 21129 21061 21083 21105
21130 21191 21145 21160 21175
21192 21260 21209 21226 21243
21261 21326 21277 21293 21309
21327 21364 21336 21345 21354
21365 21485 21395 21425 21455
21486 21663 21530 21574 21618
21664 21812 21701 21738 21775
21813 21997 21859 21905 21951
21998 22057 22012 22026 22040
22058 22121 22073 22088 22103
22122 22217 22145 22168 22191
22218 22325 22244 22270 22296
22326 22494 22368 22410 22452
22495 22592 22519 22543 22567
22593 22665 22611 22629 22647
22666 22712 22677 22688 22699
22713 22775 22728 22743 22758
22776 23145 22868 22960 23052
23146 23272 23177 23208 23239
23273 23407 23306 23339 23372
23408 23494 23429 23450 23471
23495 23574 23514 23533 23552
23575 23654 23594 23613 23632
23655 23727 23673 23691 23709
23728 23831 23753 23778 23803
23832 24051 23886 23940 23994
24052 24117 24068 24084 24100
24118 24224 24144 24170 24196
24225 24308 24245 24265 24285
24309 24419 24336 24363 24390
24420 24506 24441 24462 24483
24507 24557 24519 24531 24543
24558 24611 24571 24584 24597
24612 24681 24629 24646 24663
24682 25013 24764 24846 24928
25014 25140 25045 25076 25107
25141 25227 25162 25183 25204
25228 25475 25289 25350 25411
25476 25533 25490 25504 25518
25534 25709 25577 25620 25663
25710 25891 25755 25800 25845
25892 26049 25931 25970 26009
26050 26127 26069 26088 26107
26128 26227 26152 26176 26200
26228 26413 26274 26320 26366
26414 26443 26421 26428 26435
26444 26501 26458 26472 26486
26502 26698 26551 26600 26649
26699 26774 26717 26735 26753
26775 26964 26822 26869 26916
26965 27138 27008 27051 27094
27139 27197 27153 27167 27181
27198 27326 27230 27262 27294
27327 27416 27349 27371 27393
27417 27549 27450 27483 27516
27550 27719 27592 27634 27676
27720 27894 27763 27806 27849
27895 27932 27904 27913 27922
27933 28009 27952 27971 27990
28010 28091 28030 28050 28070
28092 28160 28109 28126 28143
28161 28248 28182 28203 28224
28249 28333 28270 28291 28312
28334 28374 28344 28354 28364
28375 28431 28389 28403 28417
28432 28476 28443 28454 28465
28477 28536 28491 28505 28519
28537 28583 28548 28559 28570
28584 28683 28608 28632 28656
28684 28888 28735 28786 28837
28889 29460 29031 29173 29315
29461 29530 29478 29495 29512
29531 29631 29556 29581 29606
29632 29674 29642 29652 29662
29675 29800 29706 29737 29768
29801 29937 29835 29869 29903
29938 30164 29953 29968 30123
30165 30241 30184 30203 30222
30242 30341 30266 30290 30314
30342 30421 30361 30380 30399
30422 30465 30432 30442 30452
30466 30677 30518 30570 30622
30678 30778 30703 30728 30753
30779 30852 30797 30815 30833
30853 30958 30879 30905 30931
30959 31051 30982 31005 31028
31052 31116 31068 31084 31100
31117 31173 31131 31145 31159
31174 31276 31199 31224 31249
31277 31466 31324 31371 31418
31467 31524 31481 31495 31509
31525 31605 31545 31565 31585
31606 31678 31624 31642 31660
31679 31744 31695 31711 31727
31745 31814 31762 31779 31796
31815 31997 31860 31905 31950
31998 32159 32038 32078 32118
32160 32303 32195 32230 32265
32304 32363 32318 32332 32346
32364 32434 32381 32398 32415
32435 32504 32452 32469 32486
32505 32595 32527 32549 32571
32596 32677 32616 32636 32656
32678 32792 32706 32734 32762
32793 32845 32806 32819 32832
32846 32885 32855 32864 32873
32886 32943 32900 32914 32928
32944 33025 32964 32984 33004
33026 33100 33044 33062 33080
33101 33140 33110 33119 33128
33141 33169 33148 33155 33162
33170 33214 33181 33192 33203
33215 33264 33227 33239 33251
33265 33304 33274 33283 33292
33305 33346 33315 33325 33335
33347 33435 33369 33391 33413
33436 33468 33444 33452 33460
33469 33502 33477 33485 33493
33503 33606 33528 33553 33578
33607 33656 33619 33631 33643
33657 33686 33664 33671 33678
33687 33719 33695 33703 33711
33720 33755 33728 33736 33744
33756 33880 33787 33818 33849
33881 33953 33899 33917 33935
33954 33987 33962 33970 33978
33988 34019 33995 34002 34009
34020 34050 34027 34034 34041
34051 34091 34061 34071 34081
34092 34136 34103 34114 34125
34137 34183 34148 34159 34170
34184 34242 34198 34212 34226
34243 34296 34256 34269 34282
34297 34341 34308 34319 34330
34342 34406 34358 34374 34390
34407 34454 34418 34429 34440
34455 34511 34469 34483 34497
34512 34617 34538 34564 34590
34618 34665 34629 34640 34651
34666 34729 34681 34696 34711
34730 34807 34749 34768 34787
34808 34909 34833 34858 34883
34910 35037 34941 34972 35003
35038 35138 35063 35088 35113
35139 35225 35160 35181 35202
35226 35302 35245 35264 35283
35303 35336 35311 35319 35327
35337 35357 35342 35347 35352
35358 35388 35365 35372 35379
35389 35456 35405 35421 35437
35457 35515 35471 35485 35499
35516 35579 35531 35546 35561
35580 35634 35593 35606 35619
35635 35728 35658 35681 35704
35729 35771 35739 35749 35759
35772 35828 35786 35800 35814
35829 35934 35855 35881 35907
35935 36006 35952 35969 35986
36007 36083 36026 36045 36064
36084 36145 36099 36114 36129
36146 36196 36158 36170 36182
36197 36247 36209 36221 36233
36248 36321 36266 36284 36302
36322 36398 36341 36360 36379
36399 36477 36418 36437 36456
36478 36517 36487 36496 36505
36518 36575 36532 36546 36560
36576 36660 36597 36618 36639
36661 36762 36686 36711 36736
36763 36854 36785 36807 36829
36855 36899 36866 36877 36888
36900 36929 36907 36914 36921
36930 36961 36937 36944 36951
36962 37016 36975 36988 37001
37017 37078 37032 37047 37062
37079 37115 37088 37097 37106
37116 37162 37127 37138 37149
37163 37246 37183 37203 37223
37247 37291 37258 37269 37280
37292 37610 37371 37450 37529
37611 37710 37635 37659 37683
37711 37780 37728 37745 37762
37781 37851 37798 37815 37832
37852 37970 37881 37910 37939
37971 38031 37986 38001 38016
38032 38105 38050 38068 38086
38106 38149 38116 38126 38136
38150 38201 38162 38174 38186
38202 38239 38211 38220 38229
38240 38295 38253 38266 38279
38296 38338 38306 38316 38326
38339 38391 38352 38365 38378
38392 38467 38410 38428 38446
38468 38546 38487 38506 38525
38547 38599 38560 38573 38586
38600 38637 38609 38618 38627
38638 38673 38646 38654 38662
38674 38741 38690 38706 38722
38742 38791 38754 38766 38778
38792 38837 38803 38814 38825
38838 38886 38850 38862 38874
38887 38982 38910 38933 38956
38983 39120 39017 39051 39085
39121 39162 39131 39141 39151
39163 39203 39173 39183 39193
39204 39276 39222 39240 39258
39277 39338 39292 39307 39322
39339 39437 39363 39387 39411
39438 39716 39507 39576 39645
39717 39785 39734 39751 39768
39786 39834 39798 39810 39822
39835 39874 39844 39853 39862
39875 39990 39903 39931 39959
39991 40025 39999 40007 40015
40026 40132 40052 40078 40104
40133 40301 40175 40217 40259
40302 40430 40334 40366 40398
40431 40484 40444 40457 40470
40485 40586 40510 40535 40560
40587 40660 40605 40623 40641
40661 40796 40694 40727 40760
40797 40926 40829 40861 40893
40927 40972 40938 40949 40960
40973 41062 40995 41017 41039
41063 41115 41076 41089 41102
41116 41161 41127 41138 41149
41162 41198 41171 41180 41189
41199 41441 41259 41319 41379
41442 41599 41481 41520 41559
41600 41683 41620 41640 41660
41684 41787 41709 41734 41759
41788 41877 41810 41832 41854
41878 42071 41926 41974 42022
42072 42147 42090 42108 42126
42148 42215 42164 42180 42196
42216 42327 42243 42270 42297
42328 42455 42359 42390 42421
42456 42514 42470 42484 42498
42515 42562 42526 42537 42548
42563 42626 42578 42593 42608
42627 42745 42656 42685 42714
42746 42960 42799 42852 42905
42961 43042 42981 43001 43021
43043 43145 43068 43093 43118
43146 43211 43162 43178 43194
43212 43270 43226 43240 43254
43271 43401 43303 43335 43367
43402 43479 43421 43440 43459
43480 43548 43497 43514 43531
43549 43639 43571 43593 43615
43640 43708 43657 43674 43691
43709 43819 43736 43763 43790
43820 43975 43858 43896 43934
43976 44016 43986 43996 44006
44017 44176 44056 44095 44134
44177 44314 44211 44245 44279
44315 44455 44350 44385 44420
44456 44510 44469 44482 44495
44511 44594 44531 44551 44571
44595 44632 44604 44613 44622
44633 44710 44652 44671 44690
44711 44745 44719 44727 44735
44746 44844 44770 44794 44818
44845 44863 44849 44853 44857
44864 44898 44872 44880 44888
44899 44918 44903 44907 44911
44919 44946 44925 44931 44937
44947 44974 44953 44959 44965
44975 45035 44981 44987 45024
45036 45080 45047 45058 45069
45081 45099 45085 45089 45093
45100 45130 45107 45114 45121
45131 45179 45143 45155 45167
45180 45265 45201 45222 45243
45266 45359 45289 45312 45335
45360 45714 45448 45536 45624
45715 45794 45734 45753 45772
45795 45878 45815 45835 45855
45879 45981 45904 45929 45954
45982 46062 46002 46022 46042
46063 46243 46108 46153 46198
46244 46307 46259 46274 46289
46308 46371 46323 46338 46353
46372 46519 46408 46444 46480
46520 46696 46564 46608 46652
46697 46817 46727 46757 46787
46818 46879 46833 46848 46863
46880 46910 46887 46894 46901
46911 46979 46928 46945 46962
46980 47032 46993 47006 47019
47033 47084 47045 47057 47069
47085 47137 47098 47111 47124
47138 47181 47148 47158 47168
47182 47218 47191 47200 47209
47219 47272 47232 47245 47258
47273 47325 47286 47299 47312
47326 47352 47332 47338 47344
47353 47413 47368 47383 47398
47414 47471 47428 47442 47456
47472 47540 47489 47506 47523
47541 47573 47549 47557 47565
47574 47629 47587 47600 47613
47630 47661 47637 47644 47651
47662 47688 47668 47674 47680
47689 47730 47699 47709 47719
47731 47777 47742 47753 47764
47778 47821 47788 47798 47808
47822 47905 47842 47862 47882
47906 48147 47966 48026 48086
48148 48195 48159 48170 48181
48196 48281 48217 48238 48259
48282 48331 48294 48306 48318
48332 48363 48339 48346 48353
48364 48473 48391 48418 48445
48474 48602 48506 48538 48570
48603 48648 48614 48625 48636
48649 48917 48716 48783 48850
48918 49197 48987 49056 49125
49198 49239 49208 49218 49228
49240 49685 49351 49462 49573
49686 49740 49699 49712 49725
49741 49807 49757 49773 49789
49808 50066 49872 49936 50000
50067 50184 50096 50125 50154
50185 50315 50217 50249 50281
50316 50369 50329 50342 50355
50370 50629 50434 50498 50562
50630 50691 50645 50660 50675
50692 50751 50706 50720 50734
50752 50805 50765 50778 50791
50806 50893 50827 50848 50869
50894 50924 50901 50908 50915
50925 50993 50942 50959 50976
50994 51027 51002 51010 51018
51028 51100 51046 51064 51082
51101 51136 51109 51117 51125
51137 51193 51151 51165 51179
51194 51212 51198 51202 51206
51213 51232 51217 51221 51225
51233 51255 51238 51243 51248
51256 51289 51264 51272 51280
51290 51311 51295 51300 51305
51312 51354 51322 51332 51342
51355 51403 51367 51379 51391
51404 51468 51420 51436 51452
51469 51526 51483 51497 51511
51527 51558 51534 51541 51548
51559 51582 51564 51569 51574
51583 51628 51594 51605 51616
51629 51875 51690 51751 51812
51876 51969 51899 51922 51945
51970 52130 52010 52050 52090
52131 52228 52155 52179 52203
52229 52340 52256 52283 52310
52341 52461 52371 52401 52431
52462 52565 52487 52512 52537
52566 52706 52601 52636 52671
52707 52868 52747 52787 52827
52869 52914 52880 52891 52902
52915 52958 52925 52935 52945
52959 53016 52973 52987 53001
53017 53061 53028 53039 53050
53062 53102 53072 53082 53092
53103 53184 53123 53143 53163
53185 53248 53200 53215 53230
53249 53419 53291 53333 53375
53420 53475 53433 53446 53459
53476 53611 53509 53542 53575
53612 53709 53636 53660 53684
53710 53748 53719 53728 53737
53749 53937 53796 53843 53890
53938 53969 53945 53952 53959
53970 54090 54000 54030 54060
54091 54243 54129 54167 54205
54244 54325 54264 54284 54304
54326 54351 54332 54338 54344
54352 54391 54361 54370 54379
54392 54502 54419 54446 54473
54503 54632 54535 54567 54599
54633 54672 54642 54651 54660
54673 54737 54689 54705 54721
54738 54792 54751 54764 54777
54793 54835 54803 54813 54823
54836 54873 54845 54854 54863
54874 54920 54885 54896 54907
54921 54972 54933 54945 54957
54973 55004 54980 54987 54994
55005 55095 55027 55049 55071
55096 55166 55113 55130 55147
55167 55194 55173 55179 55185
55195 55251 55209 55223 55237
55252 55315 55267 55282 55297
55316 55374 55330 55344 55358
55375 55400 55381 55387 55393
55401 55427 55407 55413 55419
55428 55465 55437 55446 55455
55466 55644 55510 55554 55598
55645 55683 55654 55663 55672
55684 55743 55698 55712 55726
55744 55782 55753 55762 55771
55783 55837 55796 55809 55822
55838 55880 55848 55858 55868
55881 55939 55895 55909 55923
55940 55989 55952 55964 55976
55990 56034 56001 56012 56023
56035 56123 56057 56079 56101
56124 56155 56131 56138 56145
56156 56199 56166 56176 56186
56200 56269 56217 56234 56251
56270 56331 56285 56300 56315
56332 56362 56339 56346 56353
56363 56483 56393 56423 56453
56484 56529 56495 56506 56517
56530 56588 56544 56558 56572
56589 56645 56603 56617 56631
56646 56708 56661 56676 56691
56709 56747 56718 56727 56736
56748 56815 56764 56780 56796
56816 56889 56834 56852 56870
56890 56963 56908 56926 56944
56964 56996 56972 56980 56988
56997 57042 57008 57019 57030
57043 57101 57057 57071 57085
57102 57140 57111 57120 57129
57141 57196 57154 57167 57180
57197 57238 57207 57217 57227
57239 57359 57269 57299 57329
57360 57513 57398 57436 57474
57514 57732 57568 57622 57676
57733 57811 57752 57771 57790
57812 57917 57838 57864 57890
57918 58021 57943 57968 57993
58022 58157 58055 58088 58121
58158 58226 58175 58192 58209
58227 58286 58241 58255 58269
58287 58355 58304 58321 58338
58356 58417 58371 58386 58401
58418 58468 58430 58442 58454
58469 58511 58479 58489 58499
58512 58569 58526 58540 58554
58570 58629 58584 58598 58612
58630 58742 58658 58686 58714
58743 58884 58778 58813 58848
58885 58985 58910 58935 58960
58986 59060 59004 59022 59040
59061 59121 59076 59091 59106
59122 59178 59136 59150 59164
59179 59254 59197 59215 59233
59255 59297 59265 59275 59285
59298 59333 59306 59314 59322
59334 59374 59344 59354 59364
59375 59414 59384 59393 59402
59415 59454 59424 59433 59442
59455 59481 59461 59467 59473
59482 59530 59494 59506 59518
59531 59564 59539 59547 59555
59565 59620 59578 59591 59604
59621 59681 59636 59651 59666
59682 59741 59696 59710 59724
59742 59771 59749 59756 59763
59772 59863 59794 59816 59838
59864 59906 59874 59884 59894
59907 59962 59920 59933 59946
59963 60065 59972 59981 60048
60066 60165 60090 60114 60138
60166 60216 60178 60190 60202
60217 60391 60260 60303 60346
60392 60564 60435 60478 60521
60565 60672 60591 60617 60643
60673 60899 60729 60785 60841
60900 60985 60921 60942 60963
60986 61176 61033 61080 61127
61177 61260 61197 61217 61237
61261 61505 61322 61383 61444
61506 61581 61524 61542 61560
61582 61637 61595 61608 61621
61638 61666 61645 61652 61659
61667 61706 61676 61685 61694
61707 61750 61717 61727 61737
61751 61778 61757 61763 61769
61779 61807 61786 61793 61800
61808 61826 61812 61816 61820
61827 61839 61830 61833 61836
61840 61858 61844 61848 61852
61859 61876 61863 61867 61871
61877 61896 61881 61885 61889
61897 61914 61901 61905 61909
61915 61933 61919 61923 61927
61934 61956 61939 61944 61949
61957 61974 61961 61965 61969
61975 61992 61979 61983 61987
61993 62017 61999 62005 62011
62018 62058 62028 62038 62048
62059 62102 62069 62079 62089
62103 62125 62108 62113 62118
62126 62154 62133 62140 62147
62155 62173 62159 62163 62167
62174 62197 62179 62184 62189
62198 62244 62209 62220 62231
62245 62278 62253 62261 62269
62279 62309 62286 62293 62300
62310 62358 62322 62334 62346
62359 62389 62366 62373 62380
62390 62422 62398 62406 62414
62423 62458 62431 62439 62447
62459 62506 62470 62481 62492
62507 62529 62512 62517 62522
62530 62597 62546 62562 62578
62598 62636 62607 62616 62625
62637 62653 62641 62645 62649
62654 62702 62666 62678 62690
62703 62739 62712 62721 62730
62740 62774 62748 62756 62764
62775 62811 62784 62793 62802
62812 62874 62827 62842 62857
62875 62901 62881 62887 62893
62902 62934 62910 62918 62926
62935 62966 62942 62949 62956
62967 62989 62972 62977 62982
62990 63007 62994 62998 63002
63008 63059 63020 63032 63044
63060 63081 63065 63070 63075
63082 63130 63094 63106 63118
63131 63155 63137 63143 63149
63156 63315 63195 63234 63273
63316 63385 63333 63350 63367
63386 63465 63405 63424 63443
63466 63499 63474 63482 63490
63500 63609 63527 63554 63581
63610 63645 63618 63626 63634
63646 63663 63650 63654 63658
63664 63710 63675 63686 63697
63711 63727 63715 63719 63723
63728 63748 63733 63738 63743
63749 63778 63756 63763 63770
63779 63805 63785 63791 63797
63806 63842 63815 63824 63833
63843 63890 63854 63865 63876
63891 63943 63904 63917 63930
63944 63962 63948 63952 63956
63963 63979 63967 63971 63975
63980 64039 63994 64008 64022
64040 64169 64072 64104 64136
64170 64231 64185 64200 64215
64232 64298 64248 64264 64280
64299 64375 64318 64337 64356
64376 64424 64388 64400 64412
64425 64476 64437 64449 64461
64477 64903 64583 64689 64795
64904 65042 64938 64972 65006
65043 65164 65073 65103 65133
65165 65251 65186 65207 65228
65252 65336 65273 65294 65315
65337 65523 65383 65429 65475
65524 65605 65544 65564 65584
65606 65806 65656 65706 65756
65807 65917 65834 65861 65888
65918 65981 65933 65948 65963
65982 66064 66002 66022 66042
66065 66137 66083 66101 66119
66138 66189 66150 66162 66174
66190 66223 66198 66206 66214
66224 66251 66230 66236 66242
66252 66287 66260 66268 66276
66288 66360 66306 66324 66342
66361 66472 66388 66415 66442
66473 66524 66485 66497 66509
66525 66563 66534 66543 66552
66564 66626 66579 66594 66609
66627 66688 66642 66657 66672
66689 66726 66698 66707 66716
66727 66782 66740 66753 66766
66783 66830 66794 66805 66816
66831 66859 66838 66845 66852
66860 66967 66886 66912 66938
66968 67018 66980 66992 67004
67019 67073 67032 67045 67058
67074 67132 67088 67102 67116
67133 67169 67142 67151 67160
67170 67243 67188 67206 67224
67244 67283 67253 67262 67271
67284 67362 67303 67322 67341
67363 67407 67374 67385 67396
67408 67563 67446 67484 67522
67564 67663 67588 67612 67636
67664 67725 67679 67694 67709
67726 67758 67734 67742 67750
67759 67790 67766 67773 67780
67791 67867 67810 67829 67848
67868 67946 67887 67906 67925
67947 68020 67965 67983 68001
68021 68059 68030 68039 68048
68060 68124 68076 68092 68108
68125 68210 68146 68167 68188
68211 68244 68219 68227 68235
68245 68278 68253 68261 68269
68279 68313 68287 68295 68303
68314 68400 68335 68356 68377
68401 68435 68409 68417 68425
68436 68473 68445 68454 68463
68474 68555 68494 68514 68534
68556 68604 68568 68580 68592
68605 68639 68613 68621 68629
68640 68678 68649 68658 68667
68679 68743 68695 68711 68727
68744 68778 68752 68760 68768
68779 68825 68790 68801 68812
68826 68871 68837 68848 68859
68872 68993 68902 68932 68962
68994 69041 69005 69016 69027
69042 69080 69051 69060 69069
69081 69112 69088 69095 69102
69113 69174 69128 69143 69158
69175 69209 69183 69191 69199
69210 69236 69216 69222 69228
69237 69272 69245 69253 69261
69273 69325 69286 69299 69312
69326 69360 69334 69342 69350
69361 69401 69371 69381 69391
69402 69448 69413 69424 69435
69449 69475 69455 69461 69467
69476 69507 69483 69490 69497
69508 69594 69529 69550 69571
69595 69723 69627 69659 69691
69724 69754 69731 69738 69745
69755 69803 69767 69779 69791
69804 69871 69820 69836 69852
69872 69926 69885 69898 69911
69927 69979 69940 69953 69966
69980 70076 70004 70028 70052
70077 70136 70091 70105 70119
70137 70199 70152 70167 70182
70200 70300 70225 70250 70275
70301 70375 70319 70337 70355
70376 70608 70434 70492 70550
70609 70845 70668 70727 70786
70846 71010 70887 70928 70969
71011 71229 71065 71119 71173
71230 71502 71298 71366 71434
71503 71566 71518 71533 71548
71567 71829 71632 71697 71762
71830 72015 71876 71922 71968
72016 72085 72033 72050 72067
72086 72235 72123 72160 72197
72236 72480 72297 72358 72419
72481 72559 72500 72519 72538
72560 72651 72582 72604 72626
72652 72682 72659 72666 72673
72683 72724 72693 72703 72713
72725 72754 72732 72739 72746
72755 72855 72780 72805 72830
72856 73009 72894 72932 72970
73010 73091 73030 73050 73070
73092 73352 73157 73222 73287
73353 73449 73377 73401 73425
73450 73510 73465 73480 73495
73511 73603 73534 73557 73580
73604 73711 73630 73656 73682
73712 73802 73734 73756 73778
73803 73831 73810 73817 73824
73832 73889 73846 73860 73874
73890 73938 73902 73914 73926
73939 74044 73965 73991 74017
74045 74134 74067 74089 74111
74135 74199 74151 74167 74183
74200 74297 74224 74248 74272
74298 74370 74316 74334 74352
74371 74440 74388 74405 74422
74441 74492 74453 74465 74477
74493 74630 74527 74561 74595
74631 74715 74652 74673 74694
74716 74774 74730 74744 74758
74775 74922 74811 74847 74883
74923 74967 74934 74945 74956
74968 75027 74975 74982 75018
75028 75111 75048 75068 75088
75112 75143 75119 75126 75133
75144 75180 75153 75162 75171
75181 75261 75201 75221 75241
75262 75309 75273 75284 75295
75310 75367 75324 75338 75352
75368 75404 75377 75386 75395
75405 75459 75418 75431 75444
75460 75524 75476 75492 75508
75525 75698 75568 75611 75654
75699 75844 75735 75771 75807
75845 75941 75869 75893 75917
75942 75999 75956 75970 75984
76000 76040 76010 76020 76030
76041 76158 76070 76099 76128
76159 76217 76173 76187 76201
76218 76261 76228 76238 76248
76262 76399 76296 76330 76364
76400 76500 76425 76450 76475
76501 76546 76512 76523 76534
76547 76591 76558 76569 76580
76592 76641 76604 76616 76628
76642 76807 76683 76724 76765
76808 76985 76852 76896 76940
76986 77030 76997 77008 77019
77031 77282 77093 77155 77217
77283 77350 77299 77315 77331
77351 77529 77395 77439 77483
77530 77595 77546 77562 77578
77596 77906 77673 77750 77827
77907 77974 77923 77939 77955
77975 78033 77989 78003 78017
78034 78134 78059 78084 78109
78135 78249 78163 78191 78219
78250 78396 78286 78322 78358
78397 78515 78426 78455 78484
78516 78654 78550 78584 78618
78655 78726 78672 78689 78706
78727 78861 78760 78793 78826
78862 78920 78876 78890 78904
78921 78992 78938 78955 78972
78993 79102 79020 79047 79074
79103 79134 79110 79117 79124
79135 79184 79147 79159 79171
79185 79233 79197 79209 79221
79234 79284 79246 79258 79270
79285 79341 79299 79313 79327
79342 79430 79364 79386 79408
79431 79523 79454 79477 79500
79524 79575 79536 79548 79560
79576 79652 79595 79614 79633
79653 79715 79668 79683 79698
79716 79765 79728 79740 79752
79766 79830 79782 79798 79814
79831 79869 79840 79849 79858
79870 79910 79880 79890 79900
79911 79947 79920 79929 79938
79948 80044 79972 79996 80020
80045 80150 80071 80097 80123
80151 80192 80161 80171 80181
80193 80357 80234 80275 80316
80358 80461 80383 80408 80433
80462 80591 80494 80526 80558
80592 80704 80620 80648 80676
80705 80755 80717 80729 80741
80756 80831 80774 80792 80810
80832 80902 80849 80866 80883
80903 80972 80920 80937 80954
80973 81022 80985 80997 81009
81023 81072 81035 81047 81059
81073 81331 81137 81201 81265
81332 81442 81359 81386 81413
81443 81510 81459 81475 81491
81511 81565 81524 81537 81550
81566 81639 81584 81602 81620
81640 81712 81658 81676 81694
81713 81775 81728 81743 81758
81776 81832 81790 81804 81818
81833 81880 81844 81855 81866
81881 81938 81895 81909 81923
81939 82000 81954 81969 81984
82001 82077 82020 82039 82058
82078 82152 82096 82114 82132
82153 82304 82190 82227 82264
82305 82360 82318 82331 82344
82361 82567 82412 82463 82514
82568 82713 82604 82640 82676
82714 82806 82737 82760 82783
82807 82937 82839 82871 82903
82938 83226 83010 83082 83154
83227 83372 83263 83299 83335
83373 83422 83385 83397 83409
83423 83607 83469 83515 83561
83608 83661 83621 83634 83647
83662 83714 83675 83688 83701
83715 83768 83728 83741 83754
83769 84032 83834 83899 83964
84033 84333 84108 84183 84258
84334 84435 84359 84384 84409
84436 84523 84457 84478 84499
84524 84578 84537 84550 84563
84579 84643 84595 84611 84627
84644 84665 84649 84654 84659
84666 85172 84792 84918 85044
85173 85493 85253 85333 85413
85494 85558 85510 85526 85542
85559 85632 85577 85595 85613
85633 85876 85693 85753 85813
85877 86071 85925 85973 86021
86072 86113 86082 86092 86102
86114 86157 86124 86134 86144
86158 86197 86167 86176 86185
86198 86322 86229 86260 86291
86323 86599 86392 86461 86530
86600 86753 86638 86676 86714
86754 86825 86771 86788 86805
86826 87033 86877 86928 86979
87034 87082 87046 87058 87070
87083 87159 87102 87121 87140
87160 87305 87196 87232 87268
87306 87356 87318 87330 87342
87357 87512 87395 87433 87471
87513 87600 87534 87555 87576
87601 87855 87664 87727 87790
87856 87905 87868 87880 87892
87906 87956 87918 87930 87942
87957 88136 88001 88045 88089
88137 88172 88145 88153 88161
88173 88358 88219 88265 88311
88359 88479 88389 88419 88449
88480 88497 88484 88488 88492
88498 88539 88508 88518 88528
88540 88690 88577 88614 88651
88691 88744 88704 88717 88730
88745 88805 88760 88775 88790
88806 88864 88820 88834 88848
88865 88891 88871 88877 88883
88892 88934 88902 88912 88922
88935 88965 88942 88949 88956
88966 89008 88976 88986 88996
89009 89111 89034 89059 89084
89112 89160 89124 89136 89148
89161 89254 89184 89207 89230
89255 89319 89271 89287 89303
89320 89390 89337 89354 89371
89391 89452 89406 89421 89436
89453 89535 89473 89493 89513
89536 89595 89550 89564 89578
89596 89616 89601 89606 89611
89617 89641 89623 89629 89635
89642 89684 89652 89662 89672
89685 89717 89693 89701 89709
89718 89753 89726 89734 89742
89754 89811 89768 89782 89796
89812 89852 89822 89832 89842
89853 89887 89861 89869 89877
89888 89939 89900 89912 89924
89940 90137 89954 89968 90102
90138 90179 90148 90158 90168
90180 90232 90193 90206 90219
90233 90281 90245 90257 90269
90282 90329 90293 90304 90315
90330 90351 90335 90340 90345
90352 90416 90368 90384 90400
90417 90486 90434 90451 90468
90487 90551 90503 90519 90535
90552 90613 90567 90582 90597
90614 90694 90634 90654 90674
90695 90777 90715 90735 90755
90778 90863 90799 90820 90841
90864 90909 90875 90886 90897
90910 90970 90925 90940 90955
90971 91051 90991 91011 91031
91052 91096 91063 91074 91085
91097 91144 91108 91119 91130
91145 91194 91157 91169 91181
91195 91216 91200 91205 91210
91217 91241 91223 91229 91235
91242 91274 91250 91258 91266
91275 91294 91279 91283 91287
91295 91314 91299 91303 91307
91315 91363 91327 91339 91351
91364 91397 91372 91380 91388
91398 91427 91405 91412 91419
91428 91448 91433 91438 91443
91449 91552 91474 91499 91524
91553 91623 91570 91587 91604
91624 91673 91636 91648 91660
91674 91759 91695 91716 91737
91760 91789 91767 91774 91781
91790 91819 91797 91804 91811
91820 91850 91827 91834 91841
91851 91895 91862 91873 91884
91896 91920 91902 91908 91914
91921 91938 91925 91929 91933
91939 91987 91951 91963 91975
91988 92006 91992 91996 92000
92007 92029 92012 92017 92022
92030 92048 92034 92038 92042
92049 92070 92054 92059 92064
92071 92127 92085 92099 92113
92128 92157 92135 92142 92149
92158 92191 92166 92174 92182
92192 92214 92197 92202 92207
92215 92251 92224 92233 92242
92252 92307 92265 92278 92291
92308 92361 92321 92334 92347
92362 92404 92372 92382 92392
92405 92488 92425 92445 92465
92489 92620 92521 92553 92585
92621 92736 92649 92677 92705
92737 92883 92773 92809 92845
92884 92977 92907 92930 92953
92978 93028 92990 93002 93014
93029 93050 93034 93039 93044
93051 93248 93100 93149 93198
93249 93340 93271 93293 93315
93341 93543 93391 93441 93491
93544 93612 93561 93578 93595
93613 93699 93634 93655 93676
93700 93767 93716 93732 93748
93768 93829 93783 93798 93813
93830 93910 93850 93870 93890
93911 93957 93922 93933 93944
93958 94001 93968 93978 93988
94002 94093 94024 94046 94068
94094 94153 94108 94122 94136
94154 94275 94184 94214 94244
94276 94386 94303 94330 94357
94387 94521 94420 94453 94486
94522 94561 94531 94540 94549
94562 94635 94580 94598 94616
94636 94677 94646 94656 94666
94678 94720 94688 94698 94708
94721 94787 94737 94753 94769
94788 94850 94803 94818 94833
94851 94979 94883 94915 94947
94980 95093 95008 95036 95064
95094 95178 95115 95136 95157
95179 95260 95199 95219 95239
95261 95592 95343 95425 95507
95593 95707 95621 95649 95677
95708 95868 95748 95788 95828
95869 95986 95898 95927 95956
95987 96352 96078 96169 96260
96353 96435 96373 96393 96413
96436 96518 96456 96476 96496
96519 96573 96532 96545 96558
96574 96708 96607 96640 96673
96709 96774 96725 96741 96757
96775 96866 96797 96819 96841
96867 96932 96883 96899 96915
96933 97008 96951 96969 96987
97009 97131 97039 97069 97099
97132 97212 97152 97172 97192
97213 97328 97241 97269 97297
97329 97371 97339 97349 97359
97372 97444 97390 97408 97426
97445 97523 97464 97483 97502
97524 97687 97564 97604 97644
97688 97772 97709 97730 97751
97773 97883 97800 97827 97854
97884 97940 97898 97912 97926
97941 98020 97960 97979 97998
98021 98270 98083 98145 98207
98271 98343 98289 98307 98325
98344 98501 98383 98422 98461
98502 98561 98516 98530 98544
98562 98596 98570 98578 98586
98597 98657 98612 98627 98642
98658 98689 98665 98672 98679
98690 98725 98698 98706 98714
98726 98893 98767 98808 98849
98894 99209 98972 99050 99128
99210 99435 99266 99322 99378
99436 99478 99446 99456 99466
99479 99549 99496 99513 99530
99550 99633 99570 99590 99610
99634 99678 99645 99656 99667
99679 99723 99690 99701 99712
99724 99818 99747 99770 99793
99819 99904 99840 99861 99882
99905 99998 99928 99951 99974
99999 100120 100029 100059 100089
100121 100237 100150 100179 100208
100238 100346 100265 100292 100319
100347 100498 100384 100421 100458
100499 100715 100553 100607 100661
100716 100788 100734 100752 100770
100789 100837 100801 100813 100825
100838 100868 100845 100852 100859
100869 100926 100883 100897 100911
100927 100961 100935 100943 100951
100962 101009 100973 100984 100995
101010 101051 101020 101030 101040
101052 101116 101068 101084 101100
101117 101167 101129 101141 101153
101168 101221 101181 101194 101207
101222 101239 101226 101230 101234
101240 101260 101245 101250 101255
101261 101288 101267 101273 101279
101289 101310 101294 101299 101304
101311 101332 101316 101321 101326
101333 101360 101339 101345 101351
101361 101403 101371 101381 101391
101404 101430 101410 101416 101422
101431 101464 101439 101447 101455
101465 101524 101479 101493 101507
101525 101582 101539 101553 101567
101583 101676 101606 101629 101652
101677 101745 101694 101711 101728
101746 101791 101757 101768 101779
101792 101808 101796 101800 101804
101809 101839 101816 101823 101830
101840 101872 101848 101856 101864
101873 101917 101884 101895 101906
101918 101981 101933 101948 101963
101982 102110 102014 102046 102078
102111 102165 102124 102137 102150
102166 102347 102211 102256 102301
102348 102377 102355 102362 102369
102378 102461 102398 102418 102438
102462 102675 102515 102568 102621
102676 102789 102704 102732 102760
102790 102840 102802 102814 102826
102841 102885 102852 102863 102874
102886 102930 102897 102908 102919
102931 102968 102940 102949 102958
102969 103008 102978 102987 102996
103009 103550 103144 103279 103414
103551 103648 103575 103599 103623
103649 103700 103661 103673 103685
103701 103790 103723 103745 103767
103791 103824 103799 103807 103815
103825 103873 103837 103849 103861
103874 103890 103878 103882 103886
103891 103922 103898 103905 103912
103923 103979 103937 103951 103965
103980 104008 103987 103994 104001
104009 104030 104014 104019 104024
104031 104051 104036 104041 104046
104052 104075 104057 104062 104067
104076 104092 104080 104084 104088
104093 104186 104116 104139 104162
104187 104275 104209 104231 104253
104276 104324 104288 104300 104312
104325 104348 104330 104335 104340
104349 104375 104355 104361 104367
104376 104397 104381 104386 104391
104398 104460 104413 104428 104443
104461 104505 104472 104483 104494
104506 104541 104514 104522 104530
104542 104588 104553 104564 104575
104589 104682 104612 104635 104658
104683 104739 104697 104711 104725
104740 104834 104763 104786 104809
104835 104900 104851 104867 104883
104901 104939 104910 104919 104928
104940 104968 104947 104954 104961
104969 104995 104975 104981 104987
104996 105014 104996 104996 105009
105015 105124 105042 105069 105096
105125 105180 105138 105151 105164
105181 105284 105206 105231 105256
105285 105353 105302 105319 105336
105354 105387 105362 105370 105378
105388 105499 105415 105442 105469
105500 105571 105517 105534 105551
105572 105652 105592 105612 105632
105653 105740 105674 105695 105716
105741 105816 105759 105777 105795
105817 105939 105847 105877 105907
105940 105970 105947 105954 105961
105971 106021 105983 105995 106007
106022 106061 106031 106040 106049
106062 106132 106079 106096 106113
106133 106202 106150 106167 106184
106203 106256 106216 106229 106242
106257 106329 106275 106293 106311
106330 106408 106349 106368 106387
106409 106497 106431 106453 106475
106498 106556 106512 106526 106540
106557 106623 106573 106589 106605
106624 106745 106654 106684 106714
106746 106805 106760 106774 106788
106806 107035 106863 106920 106977
107036 107107 107053 107070 107087
107108 107241 107141 107174 107207
107242 107738 107366 107490 107614
107739 108146 107840 107941 108042
108147 108279 108180 108213 108246
108280 108358 108299 108318 108337
108359 108454 108382 108405 108428
108455 108525 108472 108489 108506
108526 108570 108537 108548 108559
108571 108682 108598 108625 108652
108683 108729 108694 108705 108716
108730 108746 108734 108738 108742
108747 108818 108764 108781 108798
108819 108861 108829 108839 108849
108862 108926 108878 108894 108910
108927 108959 108935 108943 108951
108960 108993 108968 108976 108984
108994 109052 109008 109022 109036
109053 109146 109076 109099 109122
109147 109262 109175 109203 109231
109263 109287 109269 109275 109281
109288 109338 109300 109312 109324
109339 109369 109346 109353 109360
109370 109423 109383 109396 109409
109424 109461 109433 109442 109451
109462 109504 109472 109482 109492
109505 109543 109514 109523 109532
109544 109574 109551 109558 109565
109575 109604 109582 109589 109596
109605 109676 109622 109639 109656
109677 109711 109685 109693 109701
109712 109741 109719 109726 109733
109742 109771 109749 109756 109763
109772 109801 109779 109786 109793
109802 109837 109810 109818 109826
109838 109904 109854 109870 109886
109905 109945 109915 109925 109935
109946 109969 109951 109956 109961
109970 110001 109977 109984 109991
110002 110076 110020 110038 110056
110077 110111 110085 110093 110101
110112 110139 110118 110124 110130
110140 110167 110146 110152 110158
110168 110202 110176 110184 110192
110203 110226 110208 110213 110218
110227 110261 110235 110243 110251
110262 110282 110267 110272 110277
110283 110307 110289 110295 110301
110308 110337 110315 110322 110329
110338 110356 110342 110346 110350
110357 110385 110364 110371 110378
110386 110409 110391 110396 110401
110410 110431 110415 110420 110425
110432 110456 110438 110444 110450
110457 110489 110465 110473 110481
110490 110517 110496 110502 110508
110518 110567 110530 110542 110554
110568 110611 110578 110588 110598
110612 110655 110622 110632 110642
110656 110719 110671 110686 110701
110720 110769 110732 110744 110756
110770 110809 110779 110788 110797
110810 111242 110918 111026 111134
111243 111358 111271 111299 111327
111359 111611 111422 111485 111548
111612 111698 111633 111654 111675
111699 111749 111711 111723 111735
111750 111870 111780 111810 111840
111871 111932 111886 111901 111916
111933 111972 111942 111951 111960
111973 112122 112010 112047 112084
112123 112221 112147 112171 112195
112222 112343 112252 112282 112312
112344 112403 112358 112372 112386
112404 112437 112412 112420 112428
112438 112479 112448 112458 112468
112480 112518 112489 112498 112507
112519 112586 112535 112551 112567
112587 112709 112617 112647 112677
112710 112793 112730 112750 112770
112794 112871 112813 112832 112851
112872 112960 112894 112916 112938
112961 113101 112996 113031 113066
113102 113343 113162 113222 113282
113344 113417 113362 113380 113398
113418 113527 113445 113472 113499
113528 113615 113549 113570 113591
113616 113841 113672 113728 113784
113842 113923 113862 113882 113902
113924 114064 113959 113994 114029
114065 114173 114092 114119 114146
114174 114217 114184 114194 114204
114218 114288 114235 114252 114269
114289 114447 114328 114367 114406
114448 114540 114471 114494 114517
114541 114696 114579 114617 114655
114697 114943 114758 114819 114880
114944 115021 114963 114982 115001
115022 115086 115038 115054 115070
115087 115203 115116 115145 115174
115204 115268 115220 115236 115252
115269 115321 115282 115295 115308
115322 115492 115364 115406 115448
115493 115561 115510 115527 115544
115562 115632 115579 115596 115613
115633 115727 115656 115679 115702
115728 116029 115803 115878 115953
116030 116187 116069 116108 116147
116188 116315 116219 116250 116281
116316 116399 116336 116356 116376
116400 116438 116409 116418 116427
116439 116464 116445 116451 116457
116465 116494 116472 116479 116486
116495 116544 116507 116519 116531
116545 116574 116552 116559 116566
116575 116591 116579 116583 116587
116592 116609 116596 116600 116604
116610 116654 116621 116632 116643
116655 116730 116673 116691 116709
116731 116956 116787 116843 116899
116957 117143 117003 117049 117095
117144 117260 117173 117202 117231
117261 117322 117276 117291 117306
117323 117388 117339 117355 117371
117389 117429 117399 117409 117419
117430 117504 117448 117466 117484
117505 117606 117530 117555 117580
117607 117682 117625 117643 117661
117683 117768 117704 117725 117746
117769 117797 117776 117783 117790
117798 117829 117805 117812 117819
117830 118066 117889 117948 118007
118067 118084 118071 118075 118079
118085 118185 118110 118135 118160
118186 118237 118198 118210 118222
118238 118516 118307 118376 118445
118517 118723 118568 118619 118670
118724 118793 118741 118758 118775
118794 118852 118808 118822 118836
118853 118893 118863 118873 118883
118894 118926 118902 118910 118918
118927 118974 118938 118949 118960
118975 119003 118982 118989 118996
119004 119043 119013 119022 119031
119044 119136 119067 119090 119113
119137 119162 119143 119149 119155
119163 119200 119172 119181 119190
119201 119233 119209 119217 119225
119234 119309 119252 119270 119288
119310 119372 119325 119340 119355
119373 119415 119383 119393 119403
119416 119498 119436 119456 119476
119499 119552 119512 119525 119538
119553 119618 119569 119585 119601
119619 119689 119636 119653 119670
119690 119791 119715 119740 119765
119792 119834 119802 119812 119822
119835 119891 119849 119863 119877
119892 119935 119902 119912 119922
119936 119976 119946 119956 119966
119977 120040 119982 119987 120030
120041 120111 120058 120075 120092
120112 120154 120122 120132 120142
120155 120173 120159 120163 120167
120174 120209 120182 120190 120198
120210 120240 120217 120224 120231
120241 120283 120251 120261 120271
120284 120319 120292 120300 120308
120320 120381 120335 120350 120365
120382 120474 120405 120428 120451
120475 120541 120491 120507 120523
120542 120580 120551 120560 120569
120581 120624 120591 120601 120611
120625 120654 120632 120639 120646
120655 120726 120672 120689 120706
120727 120796 120744 120761 120778
120797 120822 120803 120809 120815
120823 120847 120829 120835 120841
120848 120906 120862 120876 120890
120907 120965 120921 120935 120949
120966 120999 120974 120982 120990
121000 121051 121012 121024 121036
121052 121097 121063 121074 121085
121098 121137 121107 121116 121125
121138 121204 121154 121170 121186
121205 121248 121215 121225 121235
121249 121341 121272 121295 121318
121342 121391 121354 121366 121378
121392 121448 121406 121420 121434
121449 121507 121463 121477 121491
121508 121619 121535 121562 121589
121620 121641 121625 121630 121635
121642 121681 121651 121660 121669
121682 121718 121691 121700 121709
121719 121744 121725 121731 121737
121745 121793 121757 121769 121781
121794 121833 121803 121812 121821
121834 121850 121838 121842 121846
121851 121916 121867 121883 121899
121917 121960 121927 121937 121947
121961 122010 121973 121985 121997
122011 122043 122019 122027 122035
122044 122076 122052 122060 122068
122077 122147 122094 122111 122128
122148 122229 122168 122188 122208
122230 122332 122255 122280 122305
122333 122358 122339 122345 122351
122359 122452 122382 122405 122428
122453 122505 122466 122479 122492
122506 122560 122519 122532 122545
122561 122621 122576 122591 122606
122622 122654 122630 122638 122646
122655 122692 122664 122673 122682
122693 122743 122705 122717 122729
122744 122782 122753 122762 122771
122783 122816 122791 122799 122807
122817 122870 122830 122843 122856
122871 122943 122889 122907 122925
122944 123026 122964 122984 123004
123027 123073 123038 123049 123060
123074 123175 123099 123124 123149
123176 123222 123187 123198 123209
123223 123253 123230 123237 123244
123254 123324 123271 123288 123305
123325 123349 123331 123337 123343
123350 123384 123358 123366 123374
123385 123437 123398 123411 123424
123438 123483 123449 123460 123471
123484 123515 123491 123498 123505
123516 123532 123520 123524 123528
123533 123554 123538 123543 123548
123555 123579 123561 123567 123573
123580 123600 123585 123590 123595
123601 123650 123613 123625 123637
123651 123676 123657 123663 123669
123677 123705 123684 123691 123698
123706 123747 123716 123726 123736
123748 123781 123756 123764 123772
123782 123805 123787 123792 123797
123806 123824 123810 123814 123818
123825 123859 123833 123841 123849
123860 123886 123866 123872 123878
123887 123907 123892 123897 123902
123908 123930 123913 123918 123923
123931 123947 123935 123939 123943
123948 123968 123953 123958 123963
123969 124010 123979 123989 123999
124011 124044 124019 124027 124035
124045 124088 124055 124065 124075
124089 124111 124094 124099 124104
124112 124203 124134 124156 124178
124204 124262 124218 124232 124246
124263 124311 124275 124287 124299
124312 124376 124328 124344 124360
124377 124406 124384 124391 124398
124407 124424 124411 124415 124419
124425 124446 124430 124435 124440
124447 124478 124454 124461 124468
124479 124506 124485 124491 124497
124507 124536 124514 124521 124528
124537 124566 124544 124551 124558
124567 124594 124573 124579 124585
124595 124627 124603 124611 124619
124628 124656 124635 124642 124649
124657 124713 124671 124685 124699
124714 124738 124720 124726 124732
124739 124778 124748 124757 124766
124779 124804 124785 124791 124797
124805 124836 124812 124819 124826
124837 124853 124841 124845 124849
124854 124887 124862 124870 124878
124888 124946 124902 124916 124930
124947 124987 124957 124967 124977
124988 125016 124995 125002 125009
125017 125037 125022 125027 125032
125038 125055 125042 125046 125050
125056 125079 125061 125066 125071
125080 125129 125092 125104 125116
125130 125169 125139 125148 125157
125170 125197 125176 125182 125188
125198 125242 125209 125220 125231
125243 125283 125253 125263 125273
125284 125301 125288 125292 125296
125302 125378 125321 125340 125359
125379 125590 125431 125483 125535
125591 126045 125704 125817 125930
126046 126157 126073 126100 126127
126158 126225 126174 126190 126206
126226 126338 126254 126282 126310
126339 126403 126355 126371 126387
126404 126529 126435 126466 126497
126530 126594 126546 126562 126578
126595 126697 126620 126645 126670
126698 126768 126715 126732 126749
126769 126835 126785 126801 126817
126836 126905 126853 126870 126887
126906 126954 126918 126930 126942
126955 127014 126969 126983 126997
127015 127071 127029 127043 127057
127072 127137 127088 127104 127120
127138 127252 127166 127194 127222
127253 127474 127308 127363 127418
127475 127559 127496 127517 127538
127560 127898 127644 127728 127812
127899 128065 127940 127981 128022
128066 128125 128080 128094 128108
128126 128270 128162 128198 128234
128271 128338 128287 128303 128319
128339 128473 128372 128405 128438
128474 128594 128504 128534 128564
128595 128648 128608 128621 128634
128649 128713 128665 128681 128697
128714 128760 128725 128736 128747
128761 128908 128797 128833 128869
128909 129219 128986 129063 129140
129220 129293 129238 129256 129274
129294 129429 129327 129360 129393
129430 129564 129463 129496 129529
129565 129718 129603 129641 129679
129719 129860 129754 129789 129824
129861 130036 129904 129947 129990
130037 130396 130126 130215 130304
130397 130676 130466 130535 130604
130677 130699 130682 130687 130692
130700 130764 130716 130732 130748
130765 130820 130778 130791 130804
130821 130951 130853 130885 130917
130952 130991 130961 130970 130979
130992 131055 131007 131022 131037
131056 131110 131069 131082 131095
131111 131143 131119 131127 131135
131144 131267 131174 131204 131234
131268 131366 131292 131316 131340
131367 131396 131374 131381 131388
131397 131458 131412 131427 131442
131459 131719 131524 131589 131654
131720 131958 131779 131838 131897
131959 132102 131994 132029 132064
132103 132309 132154 132205 132256
132310 132447 132344 132378 132412
132448 132574 132479 132510 132541
132575 132697 132605 132635 132665
132698 133031 132781 132864 132947
133032 133099 133048 133064 133080
133100 133159 133114 133128 133142
133160 133226 133176 133192 133208
133227 133395 133269 133311 133353
133396 133490 133419 133442 133465
133491 133697 133542 133593 133644
133698 133799 133723 133748 133773
133800 133845 133811 133822 133833
133846 133916 133863 133880 133897
133917 133949 133925 133933 133941
133950 134116 133991 134032 134073
134117 134199 134137 134157 134177
134200 134244 134211 134222 134233
134245 134306 134260 134275 134290
134307 134362 134320 134333 134346
134363 134470 134389 134415 134441
134471 134600 134503 134535 134567
134601 134683 134621 134641 134661
134684 134776 134707 134730 134753
134777 134886 134804 134831 134858
134887 135024 134915 134943 135018
135025 135112 135046 135067 135088
135113 135219 135139 135165 135191
135220 135361 135255 135290 135325
135362 135435 135380 135398 135416
135436 135541 135462 135488 135514
135542 135710 135584 135626 135668
135711 135792 135731 135751 135771
135793 135948 135831 135869 135907
135949 135984 135957 135965 135973
135985 136019 135993 136001 136009
136020 136062 136030 136040 136050
136063 136098 136071 136079 136087
136099 136269 136141 136183 136225
136270 136323 136283 136296 136309
136324 136383 136338 136352 136366
136384 136429 136395 136406 136417
136430 136464 136438 136446 136454
136465 136527 136480 136495 136510
136528 136622 136551 136574 136597
136623 136789 136664 136705 136746
136790 136864 136808 136826 136844
136865 136910 136876 136887 136898
136911 136945 136919 136927 136935
136946 136982 136955 136964 136973
136983 137083 137008 137033 137058
137084 137217 137117 137150 137183
137218 137536 137297 137376 137455
137537 137662 137568 137599 137630
137663 137792 137695 137727 137759
137793 137827 137801 137809 137817
137828 137887 137842 137856 137870
137888 137943 137901 137914 137927
137944 138061 137973 138002 138031
138062 138107 138073 138084 138095
138108 138164 138122 138136 138150
138165 138266 138190 138215 138240
138267 138350 138287 138307 138327
138351 138444 138374 138397 138420
138445 138524 138464 138483 138502
138525 138605 138545 138565 138585
138606 138648 138616 138626 138636
138649 138743 138672 138695 138718
138744 138790 138755 138766 138777
138791 138862 138808 138825 138842
138863 138919 138877 138891 138905
138920 139001 138940 138960 138980
139002 139060 139016 139030 139044
139061 139114 139074 139087 139100
139115 139171 139129 139143 139157
139172 139227 139185 139198 139211
139228 139302 139246 139264 139282
139303 139362 139317 139331 139345
139363 139436 139381 139399 139417
139437 139551 139465 139493 139521
139552 139916 139643 139734 139825
139917 139956 139926 139935 139944
139957 140032 139975 139993 140011
140033 140076 140043 140053 140063
140077 140170 140100 140123 140146
140171 140345 140214 140257 140300
140346 140382 140355 140364 140373
140383 140444 140398 140413 140428
140445 140493 140457 140469 140481
140494 140618 140525 140556 140587
140619 140729 140646 140673 140700
140730 140810 140750 140770 140790
140811 140893 140831 140851 140871
140894 140985 140916 140938 140960
140986 141048 141001 141016 141031
141049 141094 141060 141071 141082
141095 141199 141121 141147 141173
141200 141244 141211 141222 141233
141245 141269 141251 141257 141263
141270 141362 141293 141316 141339
141363 141425 141378 141393 141408
141426 141504 141445 141464 141483
141505 141624 141534 141563 141592
141625 141678 141638 141651 141664
141679 141738 141693 141707 141721
141739 141794 141752 141765 141778
141795 141873 141814 141833 141852
141874 141916 141884 141894 141904
141917 141967 141929 141941 141953
141968 141990 141973 141978 141983
141991 142028 142000 142009 142018
142029 142060 142036 142043 142050
142061 142107 142072 142083 142094
142108 142124 142112 142116 142120
142125 142147 142130 142135 142140
142148 142200 142161 142174 142187
142201 142256 142214 142227 142240
142257 142288 142264 142271 142278
142289 142324 142297 142305 142313
142325 142367 142335 142345 142355
142368 142392 142374 142380 142386
142393 142422 142400 142407 142414
142423 142472 142435 142447 142459
142473 142547 142491 142509 142527
142548 142596 142560 142572 142584
142597 142613 142601 142605 142609
142614 142674 142629 142644 142659
142675 142720 142686 142697 142708
142721 142758 142730 142739 142748
142759 142788 142766 142773 142780
142789 142837 142801 142813 142825
142838 142912 142856 142874 142892
142913 142991 142932 142951 142970
142992 143052 143007 143022 143037
143053 143093 143063 143073 143083
143094 143141 143105 143116 143127
143142 143193 143154 143166 143178
143194 143231 143203 143212 143221
143232 143257 143238 143244 143250
143258 143313 143271 143284 143297
143314 143334 143319 143324 143329
143335 143357 143340 143345 143350
143358 143386 143365 143372 143379
143387 143425 143396 143405 143414
143426 143452 143432 143438 143444
143453 143479 143459 143465 143471
143480 143500 143485 143490 143495
143501 143527 143507 143513 143519
143528 143575 143539 143550 143561
143576 143638 143591 143606 143621
143639 143655 143643 143647 143651
143656 143685 143663 143670 143677
143686 143710 143692 143698 143704
143711 143736 143717 143723 143729
143737 143757 143742 143747 143752
143758 143800 143768 143778 143788
143801 143838 143810 143819 143828
143839 143946 143865 143891 143917
143947 144077 143979 144011 144043
144078 144330 144141 144204 144267
144331 144398 144347 144363 144379
144399 144575 144443 144487 144531
144576 144610 144584 144592 144600
144611 144822 144663 144715 144767
144823 144919 144847 144871 144895
144920 144967 144931 144942 144953
144968 145051 144988 145008 145028
145052 145235 145097 145142 145187
145236 145273 145245 145254 145263
145274 145341 145290 145306 145322
145342 145538 145391 145440 145489
145539 145590 145551 145563 145575
145591 145677 145612 145633 145654
145678 145749 145695 145712 145729
145750 145795 145761 145772 145783
145796 145856 145811 145826 145841
145857 146025 145899 145941 145983
146026 146048 146031 146036 146041
146049 146104 146062 146075 146088
146105 146195 146127 146149 146171
146196 146251 146209 146222 146235
146252 146298 146263 146274 146285
146299 146331 146307 146315 146323
146332 146374 146342 146352 146362
146375 146421 146386 146397 146408
146422 146462 146432 146442 146452
146463 146550 146484 146505 146526
146551 146666 146579 146607 146635
146667 146741 146685 146703 146721
146742 146790 146754 146766 146778
146791 146904 146819 146847 146875
146905 146942 146914 146923 146932
146943 146978 146951 146959 146967
146979 147172 147027 147075 147123
147173 147217 147184 147195 147206
147218 147263 147229 147240 147251
147264 147326 147279 147294 147309
147327 147375 147339 147351 147363
147376 147407 147383 147390 147397
147408 147440 147416 147424 147432
147441 147477 147450 147459 147468
147478 147506 147485 147492 147499
147507 147559 147520 147533 147546
147560 147601 147570 147580 147590
147602 147620 147606 147610 147614
147621 147666 147632 147643 147654
147667 147695 147674 147681 147688
147696 147773 147715 147734 147753
147774 147801 147780 147786 147792
147802 147831 147809 147816 147823
147832 147860 147839 147846 147853
147861 147898 147870 147879 147888
147899 147921 147904 147909 147914
147922 147942 147927 147932 147937
147943 147987 147954 147965 147976
147988 148022 147996 148004 148012
148023 148075 148036 148049 148062
148076 148109 148084 148092 148100
148110 148151 148120 148130 148140
148152 148180 148159 148166 148173
148181 148231 148193 148205 148217
148232 148274 148242 148252 148262
148275 148315 148285 148295 148305
148316 148348 148324 148332 148340
148349 148418 148366 148383 148400
148419 148528 148446 148473 148500
148529 148571 148539 148549 148559
148572 148638 148588 148604 148620
148639 148725 148660 148681 148702
148726 148827 148751 148776 148801
148828 148871 148838 148848 148858
148872 148925 148885 148898 148911
148926 148950 148932 148938 148944
148951 149021 148968 148985 149002
149022 149045 149027 149032 149037
149046 149279 149104 149162 149220
149280 149384 149306 149332 149358
149385 149420 149393 149401 149409
149421 149468 149432 149443 149454
149469 149511 149479 149489 149499
149512 149589 149531 149550 149569
149590 149635 149601 149612 149623
149636 149665 149643 149650 149657
149666 149705 149675 149684 149693
149706 149752 149717 149728 149739
149753 149857 149779 149805 149831
149858 149937 149877 149896 149915
149938 149992 149951 149964 149977
149993 150057 149994 149995 150042
150058 150100 150068 150078 150088
150101 150181 150121 150141 150161
150182 150240 150196 150210 150224
150241 150258 150245 150249 150253
150259 150278 150263 150267 150271
150279 150297 150283 150287 150291
150298 150351 150311 150324 150337
150352 150415 150367 150382 150397
150416 150449 150424 150432 150440
150450 150484 150458 150466 150474
150485 150508 150490 150495 150500
150509 150568 150523 150537 150551
150569 150672 150594 150619 150644
150673 150729 150687 150701 150715
150730 150757 150736 150742 150748
150758 150791 150766 150774 150782
150792 150887 150815 150838 150861
150888 150991 150913 150938 150963
150992 151025 151000 151008 151016
151026 151196 151068 151110 151152
151197 151260 151212 151227 151242
151261 151301 151271 151281 151291
151302 151321 151306 151310 151314
151322 151370 151334 151346 151358
151371 151398 151377 151383 151389
151399 151422 151404 151409 151414
151423 151470 151434 151445 151456
151471 151515 151482 151493 151504
151516 151533 151520 151524 151528
151534 151577 151544 151554 151564
151578 151664 151599 151620 151641
151665 151684 151669 151673 151677
151685 151730 151696 151707 151718
151731 151751 151736 151741 151746
151752 151777 151758 151764 151770
151778 151803 151784 151790 151796
151804 151870 151820 151836 151852
151871 151909 151880 151889 151898
151910 151967 151924 151938 151952
151968 151997 151975 151982 151989
151998 152072 152016 152034 152052
152073 152103 152080 152087 152094
152104 152149 152115 152126 152137
152150 152185 152158 152166 152174
152186 152210 152192 152198 152204
152211 152254 152221 152231 152241
152255 152286 152262 152269 152276
152287 152312 152293 152299 152305
152313 152349 152322 152331 152340
152350 152371 152355 152360 152365
152372 152396 152378 152384 152390
152397 152416 152401 152405 152409
152417 152439 152422 152427 152432
152440 152458 152444 152448 152452
152459 152564 152485 152511 152537
152565 152627 152580 152595 152610
152628 152660 152636 152644 152652
152661 152753 152684 152707 152730
152754 152813 152768 152782 152796
152814 152921 152840 152866 152892
152922 152957 152930 152938 152946
152958 153041 152978 152998 153018
153042 153066 153048 153054 153060
153067 153090 153072 153077 153082
153091 153158 153107 153123 153139
153159 153211 153172 153185 153198
153212 153252 153222 153232 153242
153253 153280 153259 153265 153271
153281 153335 153294 153307 153320
153336 153372 153345 153354 153363
153373 153419 153384 153395 153406
153420 153530 153447 153474 153501
153531 153587 153545 153559 153573
153588 153647 153602 153616 153630
153648 153709 153663 153678 153693
153710 153741 153717 153724 153731
153742 153806 153758 153774 153790
153807 153859 153820 153833 153846
153860 153918 153874 153888 153902
153919 153953 153927 153935 153943
153954 154009 153967 153980 153993
154010 154056 154021 154032 154043
154057 154106 154069 154081 154093
154107 154150 154117 154127 154137
154151 154171 154156 154161 154166
154172 154214 154182 154192 154202
154215 154256 154225 154235 154245
154257 154273 154261 154265 154269
154274 154322 154286 154298 154310
154323 154388 154339 154355 154371
154389 154414 154395 154401 154407
154415 154445 154422 154429 154436
154446 154475 154453 154460 154467
154476 154509 154484 154492 154500
154510 154626 154539 154568 154597
154627 154667 154637 154647 154657
154668 154861 154716 154764 154812
154862 154897 154870 154878 154886
154898 154935 154907 154916 154925
154936 154985 154948 154960 154972
154986 155020 154994 155002 155010
155021 155047 155027 155033 155039
155048 155084 155057 155066 155075
155085 155122 155094 155103 155112
155123 155313 155170 155217 155264
155314 155624 155391 155468 155545
155625 155669 155636 155647 155658
155670 155779 155697 155724 155751
155780 155822 155790 155800 155810
155823 155952 155855 155887 155919
155953 156054 155978 156003 156028
156055 156179 156086 156117 156148
156180 156240 156195 156210 156225
156241 156355 156269 156297 156325
156356 156435 156375 156394 156413
156436 156640 156487 156538 156589
156641 156713 156659 156677 156695
156714 156819 156740 156766 156792
156820 156941 156850 156880 156910
156942 157115 156985 157028 157071
157116 157280 157157 157198 157239
157281 157365 157302 157323 157344
157366 157415 157378 157390 157402
157416 157490 157434 157452 157470
157491 157524 157499 157507 157515
157525 157543 157529 157533 157537
157544 157565 157549 157554 157559
157566 157583 157570 157574 157578
157584 157658 157602 157620 157638
157659 157685 157665 157671 157677
157686 157702 157690 157694 157698
157703 157720 157707 157711 157715
157721 157743 157726 157731 157736
157744 157772 157751 157758 157765
157773 157794 157778 157783 157788
157795 157817 157800 157805 157810
157818 157867 157830 157842 157854
157868 157899 157875 157882 157889
157900 157940 157910 157920 157930
157941 157974 157949 157957 157965
157975 158040 157991 158007 158023
158041 158060 158045 158049 158053
158061 158110 158073 158085 158097
158111 158127 158115 158119 158123
158128 158146 158132 158136 158140
158147 158164 158151 158155 158159
158165 158186 158170 158175 158180
158187 158203 158191 158195 158199
158204 158224 158209 158214 158219
158225 158244 158229 158233 158237
158245 158262 158249 158253 158257
158263 158284 158268 158273 158278
158285 158309 158291 158297 158303
158310 158326 158314 158318 158322
158327 158344 158331 158335 158339
158345 158362 158349 158353 158357
158363 158392 158370 158377 158384
158393 158411 158397 158401 158405
158412 158442 158419 158426 158433
158443 158462 158447 158451 158455
158463 158480 158467 158471 158475
158481 158497 158485 158489 158493
158498 158516 158502 158506 158510
158517 158534 158521 158525 158529
158535 158552 158539 158543 158547
158553 158570 158557 158561 158565
158571 158598 158577 158583 158589
158599 158621 158604 158609 158614
158622 158651 158629 158636 158643
158652 158669 158656 158660 158664
158670 158718 158682 158694 158706
158719 158750 158726 158733 158740
158751 158778 158757 158763 158769
158779 158797 158783 158787 158791
158798 158814 158802 158806 158810
158815 158840 158821 158827 158833
158841 158863 158846 158851 158856
158864 158880 158868 158872 158876
158881 158898 158885 158889 158893
158899 158917 158903 158907 158911
158918 158943 158924 158930 158936
158944 158964 158949 158954 158959
158965 158983 158969 158973 158977
158984 159000 158988 158992 158996
159001 159018 159005 159009 159013
159019 159058 159028 159037 159046
159059 159085 159065 159071 159077
159086 159147 159101 159116 159131
159148 159165 159152 159156 159160
159166 159199 159174 159182 159190
159200 159221 159205 159210 159215
159222 159239 159226 159230 159234
159240 159277 159249 159258 159267
159278 159295 159282 159286 159290
159296 159313 159300 159304 159308
159314 159335 159319 159324 159329
159336 159358 159341 159346 159351
159359 159381 159364 159369 159374
159382 159402 159387 159392 159397
159403 159422 159407 159411 159415
159423 159448 159429 159435 159441
159449 159475 159455 159461 159467
159476 159501 159482 159488 159494
159502 159519 159506 159510 159514
159520 159542 159525 159530 159535
159543 159560 159547 159551 159555
159561 159580 159565 159569 159573
159581 159597 159585 159589 159593
159598 159620 159603 159608 159613
159621 159643 159626 159631 159636
159644 159692 159656 159668 159680
159693 159715 159698 159703 159708
159716 159741 159722 159728 159734
159742 159758 159746 159750 159754
159759 159793 159767 159775 159783
159794 159820 159800 159806 159812
159821 159843 159826 159831 159836
159844 159867 159849 159854 159859
159868 159893 159874 159880 159886
159894 159923 159901 159908 159915
159924 159960 159933 159942 159951
159961 159979 159965 159969 159973
159980 160000 159985 159990 159995
160001 160017 160005 160009 160013
160018 160042 160024 160030 160036
160043 160098 160056 160069 160082
160099 160158 160113 160127 160141
160159 160176 160163 160167 160171
160177 160209 160185 160193 160201
160210 160232 160215 160220 160225
160233 160258 160239 160245 160251
160259 160308 160271 160283 160295
160309 160374 160325 160341 160357
160375 160392 160379 160383 160387
160393 160409 160397 160401 160405
160410 160426 160414 160418 160422
160427 160445 160431 160435 160439
160446 160472 160452 160458 160464
160473 160509 160482 160491 160500
160510 160550 160520 160530 160540
160551 160591 160561 160571 160581
160592 160716 160623 160654 160685
160717 160746 160724 160731 160738
160747 160790 160757 160767 160777
160791 160808 160795 160799 160803
160809 160829 160814 160819 160824
160830 160865 160838 160846 160854
160866 160884 160870 160874 160878
160885 160902 160889 160893 160897
160903 160933 160910 160917 160924
160934 160950 160938 160942 160946
160951 160984 160959 160967 160975
160985 161004 160989 160993 160997
161005 161021 161009 161013 161017
161022 161038 161026 161030 161034
161039 161060 161044 161049 161054
161061 161105 161072 161083 161094
161106 161122 161110 161114 161118
161123 161140 161127 161131 161135
161141 161185 161152 161163 161174
161186 161211 161192 161198 161204
161212 161244 161220 161228 161236
161245 161273 161252 161259 161266
161274 161312 161283 161292 161301
161313 161492 161357 161401 161445
161493 162353 161708 161923 162138
162354 162497 162389 162424 162459
162498 162610 162526 162554 162582
162611 163044 162719 162827 162935
163045 163139 163068 163091 163114
163140 163210 163157 163174 163191
163211 163290 163230 163249 163268
163291 163356 163307 163323 163339
163357 163469 163385 163413 163441
163470 163532 163485 163500 163515
163533 163656 163563 163593 163623
163657 163795 163691 163725 163759
163796 163839 163806 163816 163826
163840 163885 163851 163862 163873
163886 163975 163908 163930 163952
163976 164063 163997 164018 164039
164064 164114 164076 164088 164100
164115 164191 164134 164153 164172
164192 164249 164206 164220 164234
164250 164330 164270 164290 164310
164331 164385 164344 164357 164370
164386 164491 164412 164438 164464
164492 164687 164540 164588 164636
164688 164796 164715 164742 164769
164797 164930 164830 164863 164896
164931 165158 164948 164965 165117
165159 165354 165207 165255 165303
165355 165628 165423 165491 165559
165629 165646 165633 165637 165641
165647 165676 165654 165661 165668
165677 165727 165689 165701 165713
165728 165777 165740 165752 165764
165778 165847 165795 165812 165829
165848 165914 165864 165880 165896
165915 166022 165941 165967 165993
166023 166081 166037 166051 166065
166082 166159 166101 166120 166139
166160 166208 166172 166184 166196
166209 166250 166219 166229 166239
166251 166330 166270 166289 166308
166331 166447 166360 166389 166418
166448 166500 166461 166474 166487
166501 166724 166556 166611 166666
166725 166838 166753 166781 166809
166839 166878 166848 166857 166866
166879 166917 166888 166897 166906
166918 166982 166934 166950 166966
166983 167065 167003 167023 167043
167066 167225 167105 167144 167183
167226 167247 167231 167236 167241
167248 167317 167265 167282 167299
167318 167473 167356 167394 167432
167474 168452 167718 167962 168206
168453 168470 168457 168461 168465
168471 168783 168549 168627 168705
168784 168806 168789 168794 168799
168807 168827 168812 168817 168822
168828 168882 168841 168854 168867
168883 168996 168911 168939 168967
168997 169340 169082 169167 169252
169341 169393 169354 169367 169380
169394 169433 169403 169412 169421
169434 178056 171589 173744 175899
