0 1151 287 574 861
1152 1298 1188 1224 1260
1299 1449 1336 1373 1410
1450 1597 1486 1522 1558
1598 1668 1615 1632 1649
1669 1771 1694 1719 1744
1772 1892 1802 1832 1862
1893 1955 1908 1923 1938
1956 2091 1989 2022 2055
2092 2230 2126 2160 2194
2231 2250 2235 2239 2243
2251 2293 2261 2271 2281
2294 2361 2310 2326 2342
2362 2431 2379 2396 2413
2432 2467 2440 2448 2456
2468 2523 2481 2494 2507
2524 2652 2556 2588 2620
2653 2696 2663 2673 2683
2697 2743 2708 2719 2730
2744 2833 2766 2788 2810
2834 2943 2861 2888 2915
2944 2999 2957 2970 2983
3000 3156 3039 3078 3117
3157 3207 3169 3181 3193
3208 3347 3242 3276 3310
3348 3381 3356 3364 3372
3382 3641 3446 3510 3574
3642 3689 3653 3664 3675
3690 4285 3838 3986 4134
4286 4358 4304 4322 4340
4359 4512 4397 4435 4473
4513 4610 4537 4561 4585
4611 4773 4651 4691 4731
4774 4930 4813 4852 4891
4931 5160 4988 5045 5102
5161 5205 5172 5183 5194
5206 5263 5220 5234 5248
5264 5334 5281 5298 5315
5335 5416 5355 5375 5395
5417 5477 5432 5447 5462
5478 5537 5492 5506 5520
5538 5694 5577 5616 5655
5695 5870 5738 5781 5824
5871 5917 5882 5893 5904
5918 5958 5928 5938 5948
5959 6015 5973 5987 6001
6016 6101 6037 6058 6079
6102 6197 6125 6148 6171
6198 6374 6242 6286 6330
6375 6443 6392 6409 6426
6444 6496 6457 6470 6483
6497 6670 6540 6583 6626
6671 6754 6691 6711 6731
6755 6804 6767 6779 6791
6805 6896 6827 6849 6871
6897 6967 6914 6931 6948
6968 7136 7010 7052 7094
7137 7218 7157 7177 7197
7219 7254 7227 7235 7243
7255 7300 7266 7277 7288
7301 7357 7315 7329 7343
7358 7449 7380 7402 7424
7450 7546 7474 7498 7522
7547 7620 7565 7583 7601
7621 7770 7658 7695 7732
7771 7956 7817 7863 7909
7957 8068 7984 8011 8038
8069 8095 8075 8081 8087
8096 8214 8125 8154 8183
8215 8299 8236 8257 8278
8300 8391 8322 8344 8366
8392 8447 8405 8418 8431
8448 8487 8457 8466 8475
8488 8520 8496 8504 8512
8521 8565 8532 8543 8554
8566 8600 8574 8582 8590
8601 8642 8611 8621 8631
8643 8694 8655 8667 8679
8695 8803 8722 8749 8776
8804 8857 8817 8830 8843
8858 8971 8886 8914 8942
8972 9022 8984 8996 9008
9023 9098 9041 9059 9077
9099 9131 9107 9115 9123
9132 9213 9152 9172 9192
9214 9300 9235 9256 9277
9301 9440 9335 9369 9403
9441 9486 9452 9463 9474
9487 9533 9498 9509 9520
9534 9599 9550 9566 9582
9600 9644 9611 9622 9633
9645 9663 9649 9653 9657
9664 9730 9680 9696 9712
9731 9771 9741 9751 9761
9772 9931 9811 9850 9889
9932 9949 9936 9940 9944
9950 9970 9955 9960 9965
9971 10143 10014 10057 10100
10144 10194 10156 10168 10180
10195 10528 10278 10361 10444
10529 10628 10553 10577 10601
10629 10928 10703 10777 10851
10929 11066 10963 10997 11031
11067 11085 11071 11075 11079
11086 11220 11119 11152 11185
11221 11356 11254 11287 11320
11357 11442 11378 11399 11420
11443 11503 11458 11473 11488
11504 11610 11530 11556 11582
11611 11863 11674 11737 11800
11864 11912 11876 11888 11900
11913 12073 11953 11993 12033
12074 12147 12092 12110 12128
12148 12293 12184 12220 12256
12294 12469 12337 12380 12423
12470 12673 12520 12570 12620
12674 12703 12681 12688 12695
12704 12887 12749 12794 12839
12888 12943 12901 12914 12927
12944 13056 12972 13000 13028
13057 13188 13089 13121 13153
13189 13422 13247 13305 13363
13423 13481 13437 13451 13465
13482 13621 13516 13550 13584
13622 13648 13628 13634 13640
13649 13690 13659 13669 13679
13691 13750 13705 13719 13733
13751 13884 13784 13817 13850
13885 14002 13914 13943 13972
14003 14076 14021 14039 14057
14077 14132 14090 14103 14116
14133 14180 14144 14155 14166
14181 14333 14219 14257 14295
14334 14371 14343 14352 14361
14372 14445 14390 14408 14426
14446 14518 14464 14482 14500
14519 14617 14543 14567 14591
14618 14676 14632 14646 14660
14677 14716 14686 14695 14704
14717 14775 14731 14745 14759
14776 14847 14793 14810 14827
14848 14959 14875 14902 14929
14960 15036 14969 14978 15027
15037 15114 15056 15075 15094
15115 15336 15170 15225 15280
15337 15418 15357 15377 15397
15419 15589 15461 15503 15545
15590 15655 15606 15622 15638
15656 15888 15714 15772 15830
15889 16055 15930 15971 16012
16056 16172 16085 16114 16143
16173 16217 16184 16195 16206
16218 16285 16234 16250 16266
16286 16373 16307 16328 16349
16374 16446 16392 16410 16428
16447 16493 16458 16469 16480
16494 16599 16520 16546 16572
16600 16631 16607 16614 16621
16632 16731 16656 16680 16704
16732 16802 16749 16766 16783
16803 16876 16821 16839 16857
16877 17068 16924 16971 17018
17069 17321 17132 17195 17258
17322 17430 17349 17376 17403
17431 17513 17451 17471 17491
17514 17585 17531 17548 17565
17586 17656 17603 17620 17637
17657 17727 17674 17691 17708
17728 17839 17755 17782 17809
17840 17966 17871 17902 17933
17967 18058 17989 18011 18033
18059 18173 18087 18115 18143
18174 18506 18257 18340 18423
18507 18588 18527 18547 18567
18589 18671 18609 18629 18649
18672 18742 18689 18706 18723
18743 18892 18780 18817 18854
18893 18937 18904 18915 18926
18938 18985 18949 18960 18971
18986 19047 19001 19016 19031
19048 19130 19068 19088 19108
19131 19242 19158 19185 19212
19243 19457 19296 19349 19402
19458 19515 19472 19486 19500
19516 19561 19527 19538 19549
19562 19663 19587 19612 19637
19664 20115 19776 19888 20000
20116 20236 20146 20176 20206
20237 20416 20281 20325 20369
20417 20482 20433 20449 20465
20483 20765 20553 20623 20693
20766 20833 20782 20798 20814
20834 20896 20849 20864 20879
20897 20937 20907 20917 20927
20938 21073 20971 21004 21037
21074 21244 21116 21158 21200
21245 21380 21278 21311 21344
21381 21463 21401 21421 21441
21464 21524 21479 21494 21509
21525 21569 21536 21547 21558
21570 21706 21604 21638 21672
21707 21752 21718 21729 21740
21753 21901 21790 21827 21864
21902 21946 21913 21924 21935
21947 22014 21963 21979 21995
22015 22130 22043 22071 22099
22131 22263 22164 22197 22230
22264 22311 22275 22286 22297
22312 22355 22322 22332 22342
22356 22404 22368 22380 22392
22405 22781 22499 22593 22687
22782 23550 22974 23166 23358
23551 23616 23567 23583 23599
23617 23650 23625 23633 23641
23651 23722 23668 23685 23702
23723 23804 23743 23763 23783
23805 23880 23823 23841 23859
23881 24040 23920 23959 23998
24041 24077 24050 24059 24068
24078 24209 24110 24142 24174
24210 24312 24235 24260 24285
24313 24354 24323 24333 24343
24355 24419 24371 24387 24403
24420 24484 24436 24452 24468
24485 24530 24496 24507 24518
24531 24678 24567 24603 24639
24679 24769 24701 24723 24745
24770 24853 24790 24810 24830
24854 25058 24905 24956 25007
25059 25111 25072 25085 25098
25112 25252 25147 25182 25217
25253 25326 25271 25289 25307
25327 25425 25351 25375 25399
25426 25548 25456 25486 25516
25549 25615 25565 25581 25597
25616 25698 25636 25656 25676
25699 25970 25766 25833 25900
25971 26088 26000 26029 26058
26089 26469 26184 26279 26374
26470 26738 26537 26604 26671
26739 26922 26784 26829 26874
26923 27062 26957 26991 27025
27063 27176 27091 27119 27147
27177 27291 27205 27233 27261
27292 27352 27307 27322 27337
27353 27430 27372 27391 27410
27431 27528 27455 27479 27503
27529 27622 27552 27575 27598
27623 27711 27645 27667 27689
27712 27821 27739 27766 27793
27822 27882 27837 27852 27867
27883 27928 27894 27905 27916
27929 28014 27950 27971 27992
28015 28117 28040 28065 28090
28118 28228 28145 28172 28199
28229 28283 28242 28255 28268
28284 28313 28291 28298 28305
28314 28355 28324 28334 28344
28356 28406 28368 28380 28392
28407 28614 28458 28509 28560
28615 28718 28640 28665 28690
28719 28950 28776 28833 28890
28951 29151 29001 29051 29101
29152 29205 29165 29178 29191
29206 29648 29316 29426 29536
29649 29991 29734 29819 29904
29992 30240 29993 29994 30180
30241 30456 30294 30347 30400
30457 30541 30478 30499 30520
30542 30643 30567 30592 30617
30644 30756 30672 30700 30728
30757 30803 30768 30779 30790
30804 31019 30857 30910 30963
31020 31184 31061 31102 31143
31185 31264 31204 31223 31242
31265 31375 31292 31319 31346
31376 31527 31413 31450 31487
31528 31621 31551 31574 31597
31622 31772 31659 31696 31733
31773 31819 31784 31795 31806
31820 31973 31858 31896 31934
31974 32059 31995 32016 32037
32060 32111 32072 32084 32096
32112 32440 32194 32276 32358
32441 32493 32454 32467 32480
32494 32530 32503 32512 32521
32531 32630 32555 32579 32603
32631 32794 32671 32711 32751
32795 32966 32837 32879 32921
32967 33013 32978 32989 33000
33014 33116 33039 33064 33089
33117 33168 33129 33141 33153
33169 33244 33187 33205 33223
33245 33273 33252 33259 33266
33274 33424 33311 33348 33385
33425 33461 33434 33443 33452
33462 33525 33477 33492 33507
33526 33569 33536 33546 33556
33570 33728 33609 33648 33687
33729 33753 33735 33741 33747
33754 33858 33780 33806 33832
33859 33962 33884 33909 33934
33963 34303 34048 34133 34218
34304 34354 34316 34328 34340
34355 34606 34417 34479 34541
34607 34640 34615 34623 34631
34641 34720 34660 34679 34698
34721 34792 34738 34755 34772
34793 34945 34831 34869 34907
34946 35029 34966 34986 35006
35030 35100 35047 35064 35081
35101 35226 35132 35163 35194
35227 35309 35247 35267 35287
35310 35459 35347 35384 35421
35460 35617 35499 35538 35577
35618 35726 35645 35672 35699
35727 36062 35810 35893 35976
36063 36251 36110 36157 36204
36252 36285 36260 36268 36276
36286 36323 36295 36304 36313
36324 36436 36352 36380 36408
36437 36533 36461 36485 36509
36534 36619 36555 36576 36597
36620 36680 36635 36650 36665
36681 36912 36738 36795 36852
36913 37020 36939 36965 36991
37021 37353 37104 37187 37270
37354 37514 37394 37434 37474
37515 37607 37538 37561 37584
37608 37787 37652 37696 37740
37788 37859 37805 37822 37839
37860 37905 37871 37882 37893
37906 37976 37923 37940 37957
37977 38026 37989 38001 38013
38027 38089 38042 38057 38072
38090 38287 38139 38188 38237
38288 38367 38307 38326 38345
38368 38469 38393 38418 38443
38470 38515 38481 38492 38503
38516 38614 38540 38564 38588
38615 38727 38643 38671 38699
38728 38780 38741 38754 38767
38781 38849 38798 38815 38832
38850 38906 38864 38878 38892
38907 39186 38976 39045 39114
39187 39273 39208 39229 39250
39274 40015 39459 39644 39829
40016 40159 40051 40086 40121
40160 40255 40183 40206 40229
40256 40307 40268 40280 40292
40308 40349 40318 40328 40338
40350 40400 40362 40374 40386
40401 40432 40408 40415 40422
40433 40501 40450 40467 40484
40502 40614 40530 40558 40586
40615 40664 40627 40639 40651
40665 40741 40684 40703 40722
40742 40795 40755 40768 40781
40796 40940 40832 40868 40904
40941 41054 40969 40997 41025
41055 41357 41130 41205 41280
41358 41425 41374 41390 41406
41426 41471 41437 41448 41459
41472 41555 41492 41512 41532
41556 41643 41577 41598 41619
41644 41726 41664 41684 41704
41727 41979 41790 41853 41916
41980 42134 42018 42056 42094
42135 42291 42174 42213 42252
42292 42395 42317 42342 42367
42396 42578 42441 42486 42531
42579 42731 42617 42655 42693
42732 42812 42752 42772 42792
42813 43114 42888 42963 43038
43115 43169 43128 43141 43154
43170 43284 43198 43226 43254
43285 43328 43295 43305 43315
43329 43392 43344 43359 43374
43393 43534 43428 43463 43498
43535 43575 43545 43555 43565
43576 43613 43585 43594 43603
43614 43649 43622 43630 43638
43650 43723 43668 43686 43704
43724 43877 43762 43800 43838
43878 43966 43900 43922 43944
43967 44049 43987 44007 44027
44050 44134 44071 44092 44113
44135 44180 44146 44157 44168
44181 44269 44203 44225 44247
44270 44425 44308 44346 44384
44426 44500 44444 44462 44480
44501 44600 44525 44549 44573
44601 44665 44617 44633 44649
44666 44736 44683 44700 44717
44737 44799 44752 44767 44782
44800 44833 44808 44816 44824
44834 44885 44846 44858 44870
44886 44905 44890 44894 44898
44906 45004 44929 44952 45003
45005 45125 45035 45065 45095
45126 45216 45148 45170 45192
45217 45300 45237 45257 45277
45301 45472 45343 45385 45427
45473 45622 45510 45547 45584
45623 45944 45703 45783 45863
45945 46199 46008 46071 46134
46200 46267 46216 46232 46248
46268 46478 46320 46372 46424
46479 46544 46495 46511 46527
46545 46728 46590 46635 46680
46729 46788 46743 46757 46771
46789 46920 46821 46853 46885
46921 46963 46931 46941 46951
46964 47041 46983 47002 47021
47042 47072 47049 47056 47063
47073 47135 47088 47103 47118
47136 47178 47146 47156 47166
47179 47261 47199 47219 47239
47262 47286 47268 47274 47280
47287 49513 47843 48399 48955
49514 49734 49569 49624 49679
49735 49777 49745 49755 49765
49778 49822 49789 49800 49811
49823 49863 49833 49843 49853
49864 49994 49896 49928 49960
49995 50074 50014 50033 50052
50075 50468 50173 50271 50369
50469 50541 50487 50505 50523
50542 50652 50569 50596 50623
50653 50717 50669 50685 50701
50718 50804 50739 50760 50781
50805 51043 50864 50923 50982
51044 51077 51052 51060 51068
51078 51114 51087 51096 51105
51115 51179 51131 51147 51163
51180 51208 51187 51194 51201
51209 51239 51216 51223 51230
51240 51263 51245 51250 51255
51264 51391 51295 51326 51357
51392 51473 51412 51432 51452
51474 52024 51611 51748 51885
52025 52073 52037 52049 52061
52074 52198 52105 52136 52167
52199 52261 52214 52229 52244
52262 52323 52277 52292 52307
52324 53127 52524 52724 52924
53128 53306 53172 53216 53260
53307 53449 53342 53377 53412
53450 53481 53457 53464 53471
53482 53514 53490 53498 53506
53515 53552 53524 53533 53542
53553 53681 53585 53617 53649
53682 53766 53703 53724 53745
53767 53808 53777 53787 53797
53809 53830 53814 53819 53824
53831 53875 53842 53853 53864
53876 53917 53886 53896 53906
53918 53951 53926 53934 53942
53952 54058 53978 54004 54030
54059 54130 54076 54093 54110
54131 54418 54202 54273 54344
54419 54534 54447 54475 54503
54535 54554 54539 54543 54547
54555 54596 54565 54575 54585
54597 54637 54607 54617 54627
54638 54702 54654 54670 54686
54703 54750 54714 54725 54736
54751 54790 54760 54769 54778
54791 54826 54799 54807 54815
54827 54918 54849 54871 54893
54919 54957 54928 54937 54946
54958 54986 54965 54972 54979
54987 55009 54992 54997 55002
55010 55036 55016 55022 55028
55037 55077 55047 55057 55067
55078 55114 55087 55096 55105
55115 55140 55121 55127 55133
55141 55207 55157 55173 55189
55208 55239 55215 55222 55229
55240 55266 55246 55252 55258
55267 55292 55273 55279 55285
55293 55327 55301 55309 55317
55328 55360 55336 55344 55352
55361 55393 55369 55377 55385
55394 55422 55401 55408 55415
55423 55470 55434 55445 55456
55471 55528 55485 55499 55513
55529 55897 55621 55713 55805
55898 56039 55933 55968 56003
56040 56122 56060 56080 56100
56123 56169 56134 56145 56156
56170 56201 56177 56184 56191
56202 56248 56213 56224 56235
56249 56312 56264 56279 56294
56313 56406 56336 56359 56382
56407 56470 56422 56437 56452
56471 56518 56482 56493 56504
56519 56591 56537 56555 56573
56592 56668 56611 56630 56649
56669 56710 56679 56689 56699
56711 56779 56728 56745 56762
56780 56994 56833 56886 56939
56995 57217 57050 57105 57160
57218 57352 57251 57284 57317
57353 57391 57362 57371 57380
57392 57495 57417 57442 57467
57496 57595 57520 57544 57568
57596 57746 57633 57670 57707
57747 57806 57761 57775 57789
57807 57864 57821 57835 57849
57865 57943 57884 57903 57922
57944 58014 57961 57978 57995
58015 58076 58030 58045 58060
58077 58173 58101 58125 58149
58174 58234 58189 58204 58219
58235 58305 58252 58269 58286
58306 58408 58331 58356 58381
58409 58460 58421 58433 58445
58461 58511 58473 58485 58497
58512 58559 58523 58534 58545
58560 58616 58574 58588 58602
58617 58662 58628 58639 58650
58663 58732 58680 58697 58714
58733 58835 58758 58783 58808
58836 58892 58850 58864 58878
58893 58953 58908 58923 58938
58954 59033 58973 58992 59011
59034 59132 59058 59082 59106
59133 59178 59144 59155 59166
59179 59230 59191 59203 59215
59231 59503 59299 59367 59435
59504 59580 59523 59542 59561
59581 59769 59628 59675 59722
59770 59832 59785 59800 59815
59833 60120 59874 59915 60090
60121 60282 60161 60201 60241
60283 60380 60307 60331 60355
60381 60528 60417 60453 60489
60529 60652 60559 60589 60619
60653 60733 60673 60693 60713
60734 60806 60752 60770 60788
60807 61167 60897 60987 61077
61168 61264 61192 61216 61240
61265 61396 61297 61329 61361
61397 61558 61437 61477 61517
61559 61616 61573 61587 61601
61617 61709 61640 61663 61686
61710 61775 61726 61742 61758
61776 61850 61794 61812 61830
61851 61893 61861 61871 61881
61894 61975 61914 61934 61954
61976 62064 61998 62020 62042
62065 62431 62156 62247 62338
62432 62621 62479 62526 62573
62622 62679 62636 62650 62664
62680 62745 62696 62712 62728
62746 62824 62765 62784 62803
62825 62941 62854 62883 62912
62942 63002 62957 62972 62987
63003 63078 63021 63039 63057
63079 63166 63100 63121 63142
63167 63297 63199 63231 63263
63298 63402 63324 63350 63376
63403 63480 63422 63441 63460
63481 63585 63507 63533 63559
63586 63648 63601 63616 63631
63649 63904 63712 63775 63838
63905 64008 63930 63955 63980
64009 64117 64036 64063 64090
64118 64198 64138 64158 64178
64199 64402 64249 64299 64349
64403 64425 64408 64413 64418
64426 64486 64441 64456 64471
64487 64571 64508 64529 64550
64572 64638 64588 64604 64620
64639 64695 64653 64667 64681
64696 64776 64716 64736 64756
64777 64845 64794 64811 64828
64846 64957 64873 64900 64927
64958 65029 64975 64992 65009
65030 65101 65047 65064 65081
65102 65218 65131 65160 65189
65219 65297 65238 65257 65276
65298 65618 65378 65458 65538
65619 65756 65653 65687 65721
65757 66143 65853 65949 66045
66144 66216 66162 66180 66198
66217 66448 66274 66331 66388
66449 66476 66455 66461 66467
66477 66532 66490 66503 66516
66533 66593 66548 66563 66578
66594 66636 66604 66614 66624
66637 66689 66650 66663 66676
66690 66788 66714 66738 66762
66789 66986 66838 66887 66936
66987 67044 67001 67015 67029
67045 67067 67050 67055 67060
67068 67144 67087 67106 67125
67145 67207 67160 67175 67190
67208 67642 67316 67424 67532
67643 67694 67655 67667 67679
67695 67928 67753 67811 67869
67929 68025 67953 67977 68001
68026 68153 68057 68088 68119
68154 68213 68168 68182 68196
68214 68271 68228 68242 68256
68272 68425 68310 68348 68386
68426 68491 68442 68458 68474
68492 68548 68506 68520 68534
68549 68567 68553 68557 68561
68568 68698 68600 68632 68664
68699 69041 68784 68869 68954
69042 69119 69061 69080 69099
69120 69362 69180 69240 69300
69363 69414 69375 69387 69399
69415 69453 69424 69433 69442
69454 69517 69469 69484 69499
69518 69562 69529 69540 69551
69563 69656 69586 69609 69632
69657 69719 69672 69687 69702
69720 69805 69741 69762 69783
69806 69918 69834 69862 69890
69919 70078 69958 69997 70036
70079 70126 70090 70101 70112
70127 70167 70137 70147 70157
70168 70238 70185 70202 70219
70239 70306 70255 70271 70287
70307 70949 70467 70627 70787
70950 71042 70973 70996 71019
71043 71187 71079 71115 71151
71188 71227 71197 71206 71215
71228 71313 71249 71270 71291
71314 71407 71337 71360 71383
71408 71485 71427 71446 71465
71486 71957 71603 71720 71837
71958 72010 71971 71984 71997
72011 72084 72029 72047 72065
72085 72227 72120 72155 72190
72228 72291 72243 72258 72273
72292 72616 72373 72454 72535
72617 72771 72655 72693 72731
72772 73015 72832 72892 72952
73016 73165 73053 73090 73127
73166 73381 73219 73272 73325
73382 73509 73413 73444 73475
73510 73746 73569 73628 73687
73747 73828 73767 73787 73807
73829 73940 73856 73883 73910
73941 74587 74102 74263 74424
74588 75067 74690 74792 75048
75068 75146 75087 75106 75125
75147 75275 75179 75211 75243
75276 75343 75292 75308 75324
75344 75665 75424 75504 75584
75666 75742 75685 75704 75723
75743 75868 75774 75805 75836
75869 75951 75889 75909 75929
75952 76236 76023 76094 76165
76237 76306 76254 76271 76288
76307 76444 76341 76375 76409
76445 76642 76494 76543 76592
76643 76738 76666 76689 76712
76739 76806 76755 76771 76787
76807 76894 76828 76849 76870
76895 77944 77157 77419 77681
77945 78076 77977 78009 78041
78077 78285 78129 78181 78233
78286 78448 78326 78366 78406
78449 79541 78722 78995 79268
79542 79687 79578 79614 79650
79688 79764 79707 79726 79745
79765 79867 79790 79815 79840
79868 79935 79884 79900 79916
79936 80219 80006 80076 80146
80220 80295 80238 80256 80274
80296 80468 80339 80382 80425
80469 80619 80506 80543 80580
80620 80683 80635 80650 80665
80684 80847 80724 80764 80804
80848 81064 80902 80956 81010
81065 81121 81079 81093 81107
81122 81181 81136 81150 81164
81182 81296 81210 81238 81266
81297 81392 81320 81343 81366
81393 81475 81413 81433 81453
81476 81511 81484 81492 81500
81512 81571 81526 81540 81554
81572 81634 81587 81602 81617
81635 81690 81648 81661 81674
81691 81721 81698 81705 81712
81722 81849 81753 81784 81815
81850 81960 81877 81904 81931
81961 82054 81984 82007 82030
82055 82102 82066 82077 82088
82103 82271 82145 82187 82229
82272 82346 82290 82308 82326
82347 82433 82368 82389 82410
82434 82505 82451 82468 82485
82506 82590 82527 82548 82569
82591 82964 82684 82777 82870
82965 83149 83011 83057 83103
83150 83512 83240 83330 83420
83513 83587 83531 83549 83567
83588 83669 83608 83628 83648
83670 83936 83736 83802 83868
83937 83977 83947 83957 83967
83978 84015 83987 83996 84005
84016 84075 84030 84044 84058
84076 84109 84084 84092 84100
84110 84183 84128 84146 84164
84184 84370 84230 84276 84322
84371 84602 84428 84485 84542
84603 84679 84622 84641 84660
84680 84798 84709 84738 84767
84799 84841 84809 84819 84829
84842 85001 84881 84920 84959
85002 85060 85016 85030 85044
85061 85106 85072 85083 85094
85107 85171 85123 85139 85155
85172 85218 85183 85194 85205
85219 85263 85230 85241 85252
85264 85326 85279 85294 85309
85327 85495 85369 85411 85453
85496 85630 85529 85562 85595
85631 85695 85647 85663 85679
85696 85770 85714 85732 85750
85771 85810 85780 85789 85798
85811 85877 85827 85843 85859
85878 86088 85930 85982 86034
86089 86127 86098 86107 86116
86128 86229 86153 86178 86203
86230 86390 86270 86310 86350
86391 86438 86402 86413 86424
86439 86511 86457 86475 86493
86512 86614 86537 86562 86587
86615 86739 86646 86677 86708
86740 86816 86759 86778 86797
86817 86874 86831 86845 86859
86875 86987 86903 86931 86959
86988 87086 87012 87036 87060
87087 87199 87115 87143 87171
87200 87425 87256 87312 87368
87426 87622 87475 87524 87573
87623 87712 87645 87667 87689
87713 87900 87759 87805 87851
87901 87978 87920 87939 87958
87979 88032 87992 88005 88018
88033 88095 88048 88063 88078
88096 88211 88124 88152 88180
88212 88314 88237 88262 88287
88315 88393 88334 88353 88372
88394 88421 88400 88406 88412
88422 88454 88430 88438 88446
88455 88601 88491 88527 88563
88602 88684 88622 88642 88662
88685 88814 88717 88749 88781
88815 88995 88860 88905 88950
88996 89103 89022 89048 89074
89104 89132 89111 89118 89125
89133 89196 89148 89163 89178
89197 89274 89216 89235 89254
89275 89345 89292 89309 89326
89346 89423 89365 89384 89403
89424 89514 89446 89468 89490
89515 89580 89531 89547 89563
89581 89618 89590 89599 89608
89619 89709 89641 89663 89685
89710 89834 89741 89772 89803
89835 89935 89860 89885 89910
89936 89958 89941 89946 89951
89959 89981 89964 89969 89974
89982 90385 89986 89990 90288
90386 90528 90421 90456 90491
90529 91614 90800 91071 91342
91615 91679 91631 91647 91663
91680 91722 91690 91700 91710
91723 91770 91734 91745 91756
91771 91819 91783 91795 91807
91820 91845 91826 91832 91838
91846 92340 91969 92092 92215
92341 93019 92510 92679 92848
93020 93163 93055 93090 93125
93164 93445 93234 93304 93374
93446 93587 93481 93516 93551
93588 93728 93623 93658 93693
93729 93849 93759 93789 93819
93850 94131 93920 93990 94060
94132 94665 94265 94398 94531
94666 94774 94693 94720 94747
94775 94925 94812 94849 94886
94926 95114 94973 95020 95067
95115 95214 95139 95163 95187
95215 95339 95246 95277 95308
95340 95573 95398 95456 95514
95574 95748 95617 95660 95703
95749 96352 95899 96049 96199
96353 96549 96402 96451 96500
96550 96825 96618 96686 96754
96826 96963 96860 96894 96928
96964 97264 97039 97114 97189
97265 97350 97286 97307 97328
97351 97429 97370 97389 97408
97430 97488 97444 97458 97472
97489 97609 97519 97549 97579
97610 97896 97681 97752 97823
97897 98147 97959 98021 98083
98148 98282 98181 98214 98247
98283 98591 98360 98437 98514
98592 98984 98690 98788 98886
98985 99084 99009 99033 99057
99085 99206 99115 99145 99175
99207 99468 99272 99337 99402
99469 99547 99488 99507 99526
99548 99660 99576 99604 99632
99661 99764 99686 99711 99736
99765 99839 99783 99801 99819
99840 100035 99888 99936 99984
100036 100091 100049 100062 100075
100092 100166 100110 100128 100146
100167 100258 100189 100211 100233
100259 100503 100320 100381 100442
100504 100588 100525 100546 100567
100589 100723 100622 100655 100688
100724 100802 100743 100762 100781
100803 100927 100834 100865 100896
100928 101004 100947 100966 100985
101005 101058 101018 101031 101044
101059 101268 101111 101163 101215
101269 101402 101302 101335 101368
101403 101483 101423 101443 101463
101484 101636 101522 101560 101598
101637 101727 101659 101681 101703
101728 101850 101758 101788 101818
101851 101941 101873 101895 101917
101942 102123 101987 102032 102077
102124 102579 102237 102350 102463
102580 102914 102663 102746 102829
102915 102978 102930 102945 102960
102979 102995 102983 102987 102991
102996 103046 103008 103020 103032
103047 103079 103055 103063 103071
103080 103112 103088 103096 103104
103113 103138 103119 103125 103131
103139 103200 103154 103169 103184
103201 103237 103210 103219 103228
103238 103255 103242 103246 103250
103256 103288 103264 103272 103280
103289 103468 103333 103377 103421
103469 103562 103492 103515 103538
103563 103662 103587 103611 103635
103663 103757 103686 103709 103732
103758 103820 103773 103788 103803
103821 103871 103833 103845 103857
103872 104528 104036 104200 104364
104529 104616 104550 104571 104592
104617 104696 104636 104655 104674
104697 104753 104711 104725 104739
104754 104821 104770 104786 104802
104822 104922 104847 104872 104897
104923 105016 104942 104961 105012
105017 105404 105113 105209 105305
105405 105490 105426 105447 105468
105491 105540 105503 105515 105527
105541 105577 105550 105559 105568
105578 105620 105588 105598 105608
105621 105679 105635 105649 105663
105680 105806 105711 105742 105773
105807 106033 105863 105919 105975
106034 106101 106050 106066 106082
106102 106187 106123 106144 106165
106188 106273 106209 106230 106251
106274 106322 106286 106298 106310
106323 106434 106350 106377 106404
106435 106491 106449 106463 106477
106492 106533 106502 106512 106522
106534 106640 106560 106586 106612
106641 106686 106652 106663 106674
106687 106738 106699 106711 106723
106739 106802 106754 106769 106784
106803 106863 106818 106833 106848
106864 106898 106872 106880 106888
106899 107030 106931 106963 106995
107031 107081 107043 107055 107067
107082 107127 107093 107104 107115
107128 107240 107156 107184 107212
107241 107587 107327 107413 107499
107588 107637 107600 107612 107624
107638 107872 107696 107754 107812
107873 107963 107895 107917 107939
107964 108128 108005 108046 108087
108129 108221 108152 108175 108198
108222 109225 108472 108722 108972
109226 109377 109263 109300 109337
109378 109705 109459 109540 109621
109706 109937 109763 109820 109877
109938 110077 109972 110006 110040
110078 110179 110103 110128 110153
110180 110432 110243 110306 110369
110433 110852 110537 110641 110745
110853 110911 110867 110881 110895
110912 111400 111034 111156 111278
111401 111692 111473 111545 111617
111693 111759 111709 111725 111741
111760 111829 111777 111794 111811
111830 112218 111927 112024 112121
112219 112361 112254 112289 112324
112362 112500 112396 112430 112464
112501 112588 112522 112543 112564
112589 112716 112620 112651 112682
112717 112989 112785 112853 112921
112990 113594 113141 113292 113443
113595 113703 113622 113649 113676
113704 113733 113711 113718 113725
113734 113810 113753 113772 113791
113811 113921 113838 113865 113892
113922 114135 113975 114028 114081
114136 114396 114201 114266 114331
114397 114492 114420 114443 114466
114493 114578 114514 114535 114556
114579 114723 114615 114651 114687
114724 114773 114736 114748 114760
114774 114811 114783 114792 114801
114812 114871 114826 114840 114854
114872 115067 114920 114968 115016
115068 115144 115087 115106 115125
115145 115204 115159 115173 115187
115205 115269 115221 115237 115253
115270 115430 115310 115350 115390
115431 115464 115439 115447 115455
115465 115639 115508 115551 115594
115640 115768 115672 115704 115736
115769 115888 115798 115827 115856
115889 115934 115900 115911 115922
115935 115994 115949 115963 115977
115995 116030 116003 116011 116019
116031 116100 116048 116065 116082
116101 116141 116111 116121 116131
116142 116170 116149 116156 116163
116171 116239 116188 116205 116222
116240 116284 116251 116262 116273
116285 116406 116315 116345 116375
116407 116504 116431 116455 116479
116505 116585 116525 116545 116565
116586 116993 116687 116788 116889
116994 117118 117025 117056 117087
117119 117307 117166 117213 117260
117308 117430 117338 117368 117398
117431 117650 117485 117539 117593
117651 118125 117769 117887 118005
118126 118245 118155 118184 118213
118246 118348 118271 118296 118321
118349 118437 118371 118393 118415
118438 118499 118453 118468 118483
118500 118553 118513 118526 118539
118554 118717 118594 118634 118674
118718 118850 118751 118784 118817
118851 118980 118883 118915 118947
118981 119097 119010 119039 119068
119098 119297 119147 119196 119245
119298 119339 119308 119318 119328
119340 119395 119353 119366 119379
119396 119460 119412 119428 119444
119461 119606 119497 119533 119569
119607 119677 119624 119641 119658
119678 119737 119692 119706 119720
119738 119819 119758 119778 119798
119820 119895 119838 119856 119874
119896 119958 119911 119926 119941
119959 120017 119969 119979 120012
120018 120140 120048 120078 120108
120141 120246 120167 120193 120219
120247 120464 120301 120355 120409
120465 120571 120491 120517 120543
120572 120629 120586 120600 120614
120630 120670 120640 120650 120660
120671 120933 120736 120801 120866
120934 121099 120975 121016 121057
121100 121163 121115 121130 121145
121164 121268 121190 121216 121242
121269 121559 121341 121413 121485
121560 121645 121581 121602 121623
121646 121705 121660 121674 121688
121706 121777 121723 121740 121757
121778 122093 121856 121934 122012
122094 122176 122114 122134 122154
122177 122334 122216 122255 122294
122335 122507 122378 122421 122464
122508 122592 122529 122550 122571
122593 122789 122642 122691 122740
122790 122879 122812 122834 122856
122880 123248 122972 123064 123156
123249 123340 123271 123293 123315
123341 123567 123397 123453 123509
123568 123679 123595 123622 123649
123680 123807 123711 123742 123773
123808 123920 123836 123864 123892
123921 123975 123934 123947 123960
123976 124283 124052 124128 124204
124284 124548 124350 124416 124482
124549 124630 124569 124589 124609
124631 124741 124658 124685 124712
124742 124829 124763 124784 124805
124830 124886 124844 124858 124872
124887 124955 124904 124921 124938
124956 125045 124978 125000 125022
125046 125124 125065 125084 125103
125125 125276 125162 125199 125236
125277 125375 125301 125325 125349
125376 125797 125481 125586 125691
125798 125866 125815 125832 125849
125867 125910 125877 125887 125897
125911 125936 125917 125923 125929
125937 126066 125969 126001 126033
126067 126122 126080 126093 126106
126123 126161 126132 126141 126150
126162 126224 126177 126192 126207
126225 126279 126238 126251 126264
126280 126336 126294 126308 126322
126337 126362 126343 126349 126355
126363 126393 126370 126377 126384
126394 126411 126398 126402 126406
126412 126442 126419 126426 126433
126443 126489 126454 126465 126476
126490 126587 126514 126538 126562
126588 126613 126594 126600 126606
126614 126635 126619 126624 126629
126636 126722 126657 126678 126699
126723 126860 126757 126791 126825
126861 126939 126880 126899 126918
126940 127158 126994 127048 127102
127159 127235 127178 127197 127216
127236 127327 127258 127280 127302
127328 127506 127372 127416 127460
127507 127895 127604 127701 127798
127896 128084 127943 127990 128037
128085 128160 128103 128121 128139
128161 128224 128176 128191 128206
128225 128384 128264 128303 128342
128385 128537 128423 128461 128499
128538 128652 128566 128594 128622
128653 128757 128679 128705 128731
128758 128915 128797 128836 128875
128916 129080 128957 128998 129039
129081 129227 129117 129153 129189
129228 129312 129249 129270 129291
129313 129522 129365 129417 129469
129523 129607 129544 129565 129586
129608 129721 129636 129664 129692
129722 129811 129744 129766 129788
129812 129872 129827 129842 129857
129873 130045 129916 129959 130002
130046 130102 130060 130074 130088
130103 130183 130123 130143 130163
130184 130279 130207 130230 130253
130280 130358 130299 130318 130337
130359 130444 130380 130401 130422
130445 130547 130470 130495 130520
130548 130784 130607 130666 130725
130785 131000 130838 130891 130944
131001 131056 131014 131027 131040
131057 131135 131076 131095 131114
131136 131231 131159 131182 131205
131232 131309 131251 131270 131289
131310 131383 131328 131346 131364
131384 131417 131392 131400 131408
131418 131519 131443 131468 131493
131520 131572 131533 131546 131559
131573 131612 131582 131591 131600
131613 131658 131624 131635 131646
131659 131716 131673 131687 131701
131717 131757 131727 131737 131747
131758 131851 131781 131804 131827
131852 131960 131879 131906 131933
131961 132027 131977 131993 132009
132028 132144 132057 132086 132115
132145 132397 132208 132271 132334
132398 132644 132459 132520 132581
132645 132685 132655 132665 132675
132686 132811 132717 132748 132779
132812 132856 132823 132834 132845
132857 132920 132872 132887 132902
132921 133005 132942 132963 132984
133006 133069 133021 133036 133051
133070 133143 133088 133106 133124
133144 133305 133184 133224 133264
133306 133485 133350 133394 133438
133486 133788 133561 133636 133711
133789 134082 133862 133935 134008
134083 134442 134172 134261 134350
134443 134789 134529 134615 134701
134790 134903 134818 134846 134874
134904 135183 134927 134950 135135
135184 135299 135212 135240 135268
135300 135480 135345 135390 135435
135481 135592 135508 135535 135562
135593 135643 135605 135617 135629
135644 135743 135668 135692 135716
135744 135918 135787 135830 135873
135919 135963 135930 135941 135952
135964 136026 135979 135994 136009
136027 136098 136044 136061 136078
136099 136431 136182 136265 136348
136432 136575 136467 136502 136537
136576 136936 136666 136756 136846
136937 137039 136962 136987 137012
137040 137144 137066 137092 137118
137145 137231 137166 137187 137208
137232 137371 137266 137300 137334
137372 137444 137390 137408 137426
137445 137547 137470 137495 137520
137548 137606 137562 137576 137590
137607 137680 137625 137643 137661
137681 137761 137701 137721 137741
137762 137798 137771 137780 137789
137799 137905 137825 137851 137877
137906 138019 137934 137962 137990
138020 138351 138102 138184 138266
138352 138420 138369 138386 138403
138421 138531 138448 138475 138502
138532 138626 138555 138578 138601
138627 138714 138648 138669 138690
138715 138928 138768 138821 138874
138929 139021 138952 138975 138998
139022 139142 139052 139082 139112
139143 139186 139153 139163 139173
139187 139260 139205 139223 139241
139261 139347 139282 139303 139324
139348 139789 139458 139568 139678
139790 139988 139839 139888 139937
139989 140060 140006 140023 140040
140061 140121 140076 140091 140106
140122 140397 140190 140258 140326
140398 140486 140420 140442 140464
140487 140582 140510 140533 140556
140583 140629 140594 140605 140616
140630 140780 140667 140704 140741
140781 140868 140802 140823 140844
140869 140957 140891 140913 140935
140958 140996 140967 140976 140985
140997 141212 141050 141103 141156
141213 141326 141241 141269 141297
141327 141362 141335 141343 141351
141363 141418 141376 141389 141402
141419 141583 141460 141501 141542
141584 141627 141594 141604 141614
141628 141658 141635 141642 141649
141659 141713 141672 141685 141698
141714 141758 141725 141736 141747
141759 141812 141772 141785 141798
141813 141843 141820 141827 141834
141844 141862 141848 141852 141856
141863 142020 141902 141941 141980
142021 142167 142057 142093 142129
142168 142251 142188 142208 142228
142252 142314 142267 142282 142297
142315 142426 142342 142369 142396
142427 142473 142438 142449 142460
142474 142664 142521 142568 142615
142665 142706 142675 142685 142695
142707 142744 142716 142725 142734
142745 142799 142758 142771 142784
142800 142918 142829 142858 142887
142919 142965 142930 142941 142952
142966 143051 142987 143008 143029
143052 143121 143069 143086 143103
143122 143216 143145 143168 143191
143217 143377 143257 143297 143337
143378 144253 143596 143814 144032
144254 144362 144281 144308 144335
144363 144435 144381 144399 144417
144436 144652 144490 144544 144598
144653 144796 144688 144723 144758
144797 144884 144818 144839 144860
144885 144975 144907 144929 144951
144976 145081 145002 145028 145054
145082 145247 145123 145164 145205
145248 145308 145263 145278 145293
145309 145399 145331 145353 145375
145400 145559 145439 145478 145517
145560 145643 145580 145600 145620
145644 145679 145652 145660 145668
145680 145743 145695 145710 145725
145744 145897 145782 145820 145858
145898 145933 145906 145914 145922
145934 145992 145948 145962 145976
145993 146131 146027 146061 146095
146132 146203 146149 146166 146183
146204 146255 146216 146228 146240
146256 146337 146276 146296 146316
146338 146365 146344 146350 146356
146366 146411 146377 146388 146399
146412 146463 146424 146436 146448
146464 146523 146478 146492 146506
146524 146701 146568 146612 146656
146702 146825 146732 146762 146792
146826 146889 146841 146856 146871
146890 146956 146906 146922 146938
146957 147093 146991 147025 147059
147094 147197 147119 147144 147169
147198 147321 147228 147258 147288
147322 147385 147337 147352 147367
147386 147490 147412 147438 147464
147491 147589 147515 147539 147563
147590 147688 147614 147638 147662
147689 147758 147706 147723 147740
147759 147913 147797 147835 147873
147914 148005 147936 147958 147980
148006 148092 148027 148048 148069
148093 148409 148172 148251 148330
148410 148492 148430 148450 148470
148493 148608 148521 148549 148577
148609 148721 148637 148665 148693
148722 148808 148743 148764 148785
148809 148914 148835 148861 148887
148915 148936 148920 148925 148930
148937 148982 148948 148959 148970
148983 149103 149013 149043 149073
149104 149352 149166 149228 149290
149353 149398 149364 149375 149386
149399 149434 149407 149415 149423
149435 149537 149460 149485 149510
149538 149770 149596 149654 149712
149771 149895 149802 149833 149864
149896 150222 149921 149946 150165
150223 150255 150231 150239 150247
150256 150308 150269 150282 150295
150309 150345 150318 150327 150336
150346 150498 150384 150422 150460
150499 150592 150522 150545 150568
150593 150623 150600 150607 150614
150624 150726 150649 150674 150699
150727 150867 150762 150797 150832
150868 151006 150902 150936 150970
151007 151051 151018 151029 151040
151052 151086 151060 151068 151076
151087 151140 151100 151113 151126
151141 151213 151159 151177 151195
151214 151336 151244 151274 151304
151337 151456 151366 151395 151424
151457 151559 151482 151507 151532
151560 151686 151591 151622 151653
151687 151807 151717 151747 151777
151808 151951 151843 151878 151913
151952 152198 152013 152074 152135
152199 152233 152207 152215 152223
152234 152283 152246 152258 152270
152284 152406 152314 152344 152374
152407 152524 152436 152465 152494
152525 152679 152563 152601 152639
152680 152739 152694 152708 152722
152740 152921 152785 152830 152875
152922 153078 152961 153000 153039
153079 153169 153101 153123 153145
153170 153301 153202 153234 153266
153302 153444 153337 153372 153407
153445 153761 153524 153603 153682
153762 153871 153789 153816 153843
153872 154014 153907 153942 153977
154015 154352 154099 154183 154267
154353 154526 154396 154439 154482
154527 154763 154586 154645 154704
154764 154893 154796 154828 154860
154894 154965 154911 154928 154945
154966 155009 154976 154986 154996
155010 155076 155026 155042 155058
155077 155165 155099 155121 155143
155166 155251 155187 155208 155229
155252 155479 155308 155364 155420
155480 155597 155509 155538 155567
155598 155712 155626 155654 155682
155713 155767 155726 155739 155752
155768 156079 155845 155922 155999
156080 156267 156126 156172 156218
156268 156427 156307 156346 156385
156428 156446 156432 156436 156440
156447 156674 156503 156559 156615
156675 156918 156735 156795 156855
156919 157021 156944 156969 156994
157022 157114 157045 157068 157091
157115 157253 157149 157183 157217
157254 157386 157287 157320 157353
157387 157495 157414 157441 157468
157496 157544 157508 157520 157532
157545 157782 157604 157663 157722
157783 157868 157804 157825 157846
157869 158025 157908 157947 157986
158026 158083 158040 158054 158068
158084 158183 158108 158132 158156
158184 158304 158214 158244 158274
158305 158355 158317 158329 158341
158356 158396 158366 158376 158386
158397 158482 158418 158439 158460
158483 158599 158512 158541 158570
158600 158646 158611 158622 158633
158647 158754 158673 158699 158725
158755 158885 158787 158819 158851
158886 158962 158905 158924 158943
158963 159088 158994 159025 159056
159089 159154 159105 159121 159137
159155 159224 159172 159189 159206
159225 159484 159289 159353 159417
159485 159751 159551 159617 159683
159752 159851 159776 159800 159824
159852 159964 159880 159908 159936
159965 160055 159987 160009 160031
160056 160328 160124 160192 160260
160329 160447 160358 160387 160416
160448 170424 161585 162722 169068
