0 213 53 106 159
214 434 269 324 379
435 933 559 683 807
934 1294 1024 1114 1204
1295 1313 1299 1303 1307
1314 1652 1398 1482 1566
1653 2008 1741 1829 1917
2009 2089 2029 2049 2069
2090 2298 2142 2194 2246
2299 2319 2304 2309 2314
2320 2339 2324 2328 2332
2340 2360 2345 2350 2355
2361 2398 2370 2379 2388
2399 2417 2403 2407 2411
2418 2441 2423 2428 2433
2442 2484 2452 2462 2472
2485 2521 2494 2503 2512
2522 2726 2573 2624 2675
2727 2746 2731 2735 2739
2747 2899 2785 2823 2861
2900 2931 2907 2914 2921
2932 2966 2940 2948 2956
2967 3005 2976 2985 2994
3006 3044 3015 3024 3033
3045 3107 3060 3075 3090
3108 3143 3116 3124 3132
3144 3169 3150 3156 3162
3170 3188 3174 3178 3182
3189 3225 3198 3207 3216
3226 3272 3237 3248 3259
3273 3323 3285 3297 3309
3324 3349 3330 3336 3342
3350 3496 3386 3422 3458
3497 3542 3508 3519 3530
3543 3591 3555 3567 3579
3592 3628 3601 3610 3619
3629 3654 3635 3641 3647
3655 3714 3669 3683 3697
3715 3751 3724 3733 3742
3752 3812 3767 3782 3797
3813 3866 3826 3839 3852
3867 3897 3874 3881 3888
3898 3948 3910 3922 3934
3949 3987 3958 3967 3976
3988 4091 4013 4038 4063
4092 4140 4104 4116 4128
4141 4173 4149 4157 4165
4174 4214 4184 4194 4204
4215 4253 4224 4233 4242
4254 4278 4260 4266 4272
4279 4310 4286 4293 4300
4311 4354 4321 4331 4341
4355 4407 4368 4381 4394
4408 4452 4419 4430 4441
4453 4472 4457 4461 4465
4473 4642 4515 4557 4599
4643 4688 4654 4665 4676
4689 4803 4717 4745 4773
4804 4863 4818 4832 4846
4864 4899 4872 4880 4888
4900 4944 4911 4922 4933
4945 5428 5065 5185 5305
5429 5485 5443 5457 5471
5486 5555 5503 5520 5537
5556 5611 5569 5582 5595
5612 5650 5621 5630 5639
5651 5691 5661 5671 5681
5692 5723 5699 5706 5713
5724 5763 5733 5742 5751
5764 5807 5774 5784 5794
5808 5859 5820 5832 5844
5860 5940 5880 5900 5920
5941 6013 5959 5977 5995
6014 6087 6032 6050 6068
6088 6123 6096 6104 6112
6124 6152 6131 6138 6145
6153 6233 6173 6193 6213
6234 6442 6286 6338 6390
6443 6551 6470 6497 6524
6552 6713 6592 6632 6672
6714 6831 6743 6772 6801
6832 6887 6845 6858 6871
6888 6937 6900 6912 6924
6938 7033 6961 6984 7007
7034 7201 7075 7116 7157
7202 7239 7211 7220 7229
7240 7299 7254 7268 7282
7300 7342 7310 7320 7330
7343 7371 7350 7357 7364
7372 7411 7381 7390 7399
7412 7485 7430 7448 7466
7486 7644 7525 7564 7603
7645 7706 7660 7675 7690
7707 7840 7740 7773 7806
7841 7944 7866 7891 7916
7945 8044 7969 7993 8017
8045 8992 8281 8517 8753
8993 9063 9010 9027 9044
9064 9115 9076 9088 9100
9116 9149 9124 9132 9140
9150 9194 9161 9172 9183
9195 9231 9204 9213 9222
9232 9266 9240 9248 9256
9267 9318 9279 9291 9303
9319 9373 9332 9345 9358
9374 9417 9384 9394 9404
9418 9467 9430 9442 9454
9468 9542 9486 9504 9522
9543 9591 9555 9567 9579
9592 9645 9605 9618 9631
9646 9687 9656 9666 9676
9688 9741 9701 9714 9727
9742 9770 9749 9756 9763
9771 9831 9786 9801 9816
9832 9962 9864 9896 9928
9963 10003 9973 9983 9993
10004 10094 10026 10048 10070
10095 10111 10099 10103 10107
10112 10135 10117 10122 10127
10136 10175 10145 10154 10163
10176 10192 10180 10184 10188
10193 10243 10205 10217 10229
10244 10347 10269 10294 10319
10348 10368 10353 10358 10363
10369 10415 10380 10391 10402
10416 10465 10428 10440 10452
10466 10487 10471 10476 10481
10488 10527 10497 10506 10515
10528 10554 10534 10540 10546
10555 10590 10563 10571 10579
10591 10616 10597 10603 10609
10617 10728 10644 10671 10698
10729 10815 10750 10771 10792
10816 10886 10833 10850 10867
10887 10954 10903 10919 10935
10955 11086 10987 11019 11051
11087 11161 11105 11123 11141
11162 11323 11202 11242 11282
11324 11379 11337 11350 11363
11380 11499 11409 11438 11467
11500 11647 11536 11572 11608
11648 11742 11671 11694 11717
11743 11803 11758 11773 11788
11804 11878 11822 11840 11858
11879 11950 11896 11913 11930
11951 12039 11973 11995 12017
12040 12071 12047 12054 12061
12072 12137 12088 12104 12120
12138 12198 12153 12168 12183
12199 12305 12225 12251 12277
12306 12402 12330 12354 12378
12403 12463 12418 12433 12448
12464 12508 12475 12486 12497
12509 12557 12521 12533 12545
12558 12600 12568 12578 12588
12601 12654 12614 12627 12640
12655 12724 12672 12689 12706
12725 12770 12736 12747 12758
12771 12824 12784 12797 12810
12825 12853 12832 12839 12846
12854 12887 12862 12870 12878
12888 12907 12892 12896 12900
12908 12927 12912 12916 12920
12928 12956 12935 12942 12949
12957 13014 12971 12985 12999
13015 13077 13030 13045 13060
13078 13176 13102 13126 13150
13177 13232 13190 13203 13216
13233 13264 13240 13247 13254
13265 13322 13279 13293 13307
13323 13365 13333 13343 13353
13366 13416 13378 13390 13402
13417 13455 13426 13435 13444
13456 13499 13466 13476 13486
13500 13526 13506 13512 13518
13527 13584 13541 13555 13569
13585 13625 13595 13605 13615
13626 13771 13662 13698 13734
13772 13820 13784 13796 13808
13821 13880 13835 13849 13863
13881 14012 13913 13945 13977
14013 14047 14021 14029 14037
14048 14073 14054 14060 14066
14074 14101 14080 14086 14092
14102 14131 14109 14116 14123
14132 14180 14144 14156 14168
14181 14238 14195 14209 14223
14239 14312 14257 14275 14293
14313 14380 14329 14345 14361
14381 14472 14403 14425 14447
14473 14533 14488 14503 14518
14534 14583 14546 14558 14570
14584 14643 14598 14612 14626
14644 14699 14657 14670 14683
14700 14767 14716 14732 14748
14768 14822 14781 14794 14807
14823 14881 14837 14851 14865
14882 14935 14895 14908 14921
14936 14992 14950 14964 14978
14993 15053 14994 14995 15039
15054 15105 15066 15078 15090
15106 15164 15120 15134 15148
15165 15239 15183 15201 15219
15240 15307 15256 15272 15288
15308 15429 15338 15368 15398
15430 15643 15483 15536 15589
15644 15741 15668 15692 15716
15742 15832 15764 15786 15808
15833 15900 15849 15865 15881
15901 18322 16506 17111 17716
18323 18556 18381 18439 18497
18557 20013 18921 19285 19649
20014 20105 20036 20058 20080
20106 20395 20178 20250 20322
20396 20835 20505 20614 20723
20836 20937 20861 20886 20911
20938 21219 21008 21078 21148
21220 21237 21224 21228 21232
21238 21256 21242 21246 21250
21257 21287 21264 21271 21278
21288 21308 21293 21298 21303
21309 21328 21313 21317 21321
21329 21348 21333 21337 21341
21349 21377 21356 21363 21370
21378 21402 21384 21390 21396
21403 21433 21410 21417 21424
21434 21455 21439 21444 21449
21456 21481 21462 21468 21474
21482 21510 21489 21496 21503
21511 21527 21515 21519 21523
21528 21548 21533 21538 21543
21549 21569 21554 21559 21564
21570 21589 21574 21578 21582
21590 21659 21607 21624 21641
21660 21704 21671 21682 21693
21705 21743 21714 21723 21732
21744 21788 21755 21766 21777
21789 21840 21801 21813 21825
21841 21881 21851 21861 21871
21882 21905 21887 21892 21897
21906 21935 21913 21920 21927
21936 21955 21940 21944 21948
21956 21979 21961 21966 21971
21980 21996 21984 21988 21992
21997 22022 22003 22009 22015
22023 22039 22027 22031 22035
22040 22082 22050 22060 22070
22083 22106 22088 22093 22098
22107 22153 22118 22129 22140
22154 22194 22164 22174 22184
22195 22236 22205 22215 22225
22237 22299 22252 22267 22282
22300 22328 22307 22314 22321
22329 22368 22338 22347 22356
22369 22390 22374 22379 22384
22391 22414 22396 22401 22406
22415 22435 22420 22425 22430
22436 22452 22440 22444 22448
22453 22470 22457 22461 22465
22471 22497 22477 22483 22489
22498 22527 22505 22512 22519
22528 22550 22533 22538 22543
22551 22571 22556 22561 22566
22572 22589 22576 22580 22584
22590 22606 22594 22598 22602
22607 22635 22614 22621 22628
22636 22660 22642 22648 22654
22661 22680 22665 22669 22673
22681 22719 22690 22699 22708
22720 22760 22730 22740 22750
22761 22885 22792 22823 22854
22886 22922 22895 22904 22913
22923 23074 22960 22997 23034
23075 23186 23102 23129 23156
23187 23262 23205 23223 23241
23263 23303 23273 23283 23293
23304 23351 23315 23326 23337
23352 23408 23366 23380 23394
23409 23499 23431 23453 23475
23500 23539 23509 23518 23527
23540 23621 23560 23580 23600
23622 23663 23632 23642 23652
23664 23712 23676 23688 23700
23713 23770 23727 23741 23755
23771 23810 23780 23789 23798
23811 23855 23822 23833 23844
23856 24035 23900 23944 23988
24036 24181 24072 24108 24144
24182 24271 24204 24226 24248
24272 24302 24279 24286 24293
24303 24330 24309 24315 24321
24331 24351 24336 24341 24346
24352 24373 24357 24362 24367
24374 24463 24396 24418 24440
24464 24503 24473 24482 24491
24504 24552 24516 24528 24540
24553 24641 24575 24597 24619
24642 24732 24664 24686 24708
24733 24775 24743 24753 24763
24776 24816 24786 24796 24806
24817 25050 24875 24933 24991
25051 25093 25061 25071 25081
25094 25209 25122 25150 25178
25210 25238 25217 25224 25231
25239 25256 25243 25247 25251
25257 25295 25266 25275 25284
25296 25336 25306 25316 25326
25337 25370 25345 25353 25361
25371 25497 25402 25433 25464
25498 25616 25527 25556 25585
25617 25696 25636 25655 25674
25697 26040 25782 25867 25952
26041 26072 26048 26055 26062
26073 26103 26080 26087 26094
26104 26195 26126 26148 26170
26196 26219 26201 26206 26211
26220 26251 26227 26234 26241
26252 26347 26275 26298 26321
26348 26384 26357 26366 26375
26385 26782 26484 26583 26682
26783 26824 26793 26803 26813
26825 26925 26850 26875 26900
26926 27003 26945 26964 26983
27004 27189 27050 27096 27142
27190 27235 27201 27212 27223
27236 27281 27247 27258 27269
27282 27469 27328 27374 27420
27470 27636 27511 27552 27593
27637 27755 27666 27695 27724
27756 27796 27766 27776 27786
27797 27843 27808 27819 27830
27844 27860 27848 27852 27856
27861 27916 27874 27887 27900
27917 28036 27946 27975 28004
28037 28070 28045 28053 28061
28071 28118 28082 28093 28104
28119 28238 28148 28177 28206
28239 28291 28252 28265 28278
28292 28344 28305 28318 28331
28345 28370 28351 28357 28363
28371 28389 28375 28379 28383
28390 28481 28412 28434 28456
28482 28511 28489 28496 28503
28512 28546 28520 28528 28536
28547 28627 28567 28587 28607
28628 28690 28643 28658 28673
28691 28798 28717 28743 28769
28799 28940 28834 28869 28904
28941 29010 28958 28975 28992
29011 29063 29024 29037 29050
29064 29234 29106 29148 29190
29235 29338 29260 29285 29310
29339 29843 29465 29591 29717
29844 29953 29871 29898 29925
29954 30023 29965 29976 30015
30024 30129 30050 30076 30102
30130 30274 30166 30202 30238
30275 30334 30289 30303 30317
30335 30405 30352 30369 30386
30406 30464 30420 30434 30448
30465 30513 30477 30489 30501
30514 30531 30518 30522 30526
30532 30631 30556 30580 30604
30632 30655 30637 30642 30647
30656 30702 30667 30678 30689
30703 30751 30715 30727 30739
30752 30773 30757 30762 30767
30774 30805 30781 30788 30795
30806 30834 30813 30820 30827
30835 30865 30842 30849 30856
30866 30989 30896 30926 30956
30990 31024 30998 31006 31014
31025 31069 31036 31047 31058
31070 31138 31087 31104 31121
31139 31170 31146 31153 31160
31171 31194 31176 31181 31186
31195 31260 31211 31227 31243
31261 31411 31298 31335 31372
31412 31443 31419 31426 31433
31444 31631 31490 31536 31582
31632 31708 31651 31670 31689
31709 31918 31761 31813 31865
31919 31984 31935 31951 31967
31985 32198 32038 32091 32144
32199 32263 32215 32231 32247
32264 32337 32282 32300 32318
32338 32407 32355 32372 32389
32408 32465 32422 32436 32450
32466 32518 32479 32492 32505
32519 32578 32533 32547 32561
32579 32622 32589 32599 32609
32623 32676 32636 32649 32662
32677 32715 32686 32695 32704
32716 32769 32729 32742 32755
32770 32840 32787 32804 32821
32841 32914 32859 32877 32895
32915 32942 32921 32927 32933
32943 33001 32957 32971 32985
33002 33021 33006 33010 33014
33022 33142 33052 33082 33112
33143 33167 33149 33155 33161
33168 33201 33176 33184 33192
33202 33222 33207 33212 33217
33223 33247 33229 33235 33241
33248 33316 33265 33282 33299
33317 33372 33330 33343 33356
33373 33434 33388 33403 33418
33435 33461 33441 33447 33453
33462 33482 33467 33472 33477
33483 33523 33493 33503 33513
33524 33541 33528 33532 33536
33542 33562 33547 33552 33557
33563 33591 33570 33577 33584
33592 33747 33630 33668 33706
33748 33866 33777 33806 33835
33867 33890 33872 33877 33882
33891 33940 33903 33915 33927
33941 33985 33952 33963 33974
33986 34003 33990 33994 33998
34004 34036 34012 34020 34028
34037 34104 34053 34069 34085
34105 34326 34160 34215 34270
34327 34512 34373 34419 34465
34513 34535 34518 34523 34528
34536 34571 34544 34552 34560
34572 34623 34584 34596 34608
34624 34648 34630 34636 34642
34649 34678 34656 34663 34670
34679 34784 34705 34731 34757
34785 34862 34804 34823 34842
34863 34897 34871 34879 34887
34898 34977 34917 34936 34955
34978 35001 34983 34988 34993
35002 35049 35013 35024 35035
35050 35138 35072 35094 35116
35139 35175 35148 35157 35166
35176 35208 35184 35192 35200
35209 35268 35223 35237 35251
35269 35358 35291 35313 35335
35359 35463 35385 35411 35437
35464 35563 35488 35512 35536
35564 35682 35593 35622 35651
35683 35726 35693 35703 35713
35727 35761 35735 35743 35751
35762 35796 35770 35778 35786
35797 35837 35807 35817 35827
35838 35867 35845 35852 35859
35868 35905 35877 35886 35895
35906 35935 35913 35920 35927
35936 36036 35961 35986 36011
36037 36079 36047 36057 36067
36080 36191 36107 36134 36161
36192 36230 36201 36210 36219
36231 36270 36240 36249 36258
36271 36353 36291 36311 36331
36354 36431 36373 36392 36411
36432 36461 36439 36446 36453
36462 36506 36473 36484 36495
36507 36554 36518 36529 36540
36555 36615 36570 36585 36600
36616 36648 36624 36632 36640
36649 36705 36663 36677 36691
36706 36830 36737 36768 36799
36831 36896 36847 36863 36879
36897 36974 36916 36935 36954
36975 37081 37001 37027 37053
37082 37153 37099 37116 37133
37154 37171 37158 37162 37166
37172 37188 37176 37180 37184
37189 37240 37201 37213 37225
37241 37285 37252 37263 37274
37286 37302 37290 37294 37298
37303 37342 37312 37321 37330
37343 37399 37357 37371 37385
37400 37457 37414 37428 37442
37458 37539 37478 37498 37518
37540 37579 37549 37558 37567
37580 37630 37592 37604 37616
37631 37834 37681 37731 37781
37835 37885 37847 37859 37871
37886 38141 37949 38012 38075
38142 38272 38174 38206 38238
38273 38326 38286 38299 38312
38327 38370 38337 38347 38357
38371 38441 38388 38405 38422
38442 38478 38451 38460 38469
38479 38651 38522 38565 38608
38652 38711 38666 38680 38694
38712 38767 38725 38738 38751
38768 39020 38831 38894 38957
39021 39154 39054 39087 39120
39155 40428 39473 39791 40109
40429 40525 40453 40477 40501
40526 43080 41164 41802 42440
43081 43496 43184 43287 43390
43497 43608 43524 43551 43578
43609 43662 43622 43635 43648
43663 44506 43873 44083 44293
44507 44694 44553 44599 44645
44695 44714 44699 44703 44707
44715 44783 44732 44749 44766
44784 45856 44837 44890 45642
45857 45925 45874 45891 45908
45926 45943 45930 45934 45938
45944 46090 45980 46016 46052
46091 46111 46096 46101 46106
46112 46165 46125 46138 46151
46166 46261 46189 46212 46235
46262 46302 46272 46282 46292
46303 46377 46321 46339 46357
46378 46417 46387 46396 46405
46418 46462 46429 46440 46451
46463 46492 46470 46477 46484
46493 46513 46498 46503 46508
46514 46535 46519 46524 46529
46536 46561 46542 46548 46554
46562 46586 46568 46574 46580
46587 46666 46606 46625 46644
46667 46732 46683 46699 46715
46733 46757 46739 46745 46751
46758 46795 46767 46776 46785
46796 46823 46802 46808 46814
46824 46864 46834 46844 46854
46865 46931 46881 46897 46913
46932 47036 46958 46984 47010
47037 47103 47053 47069 47085
47104 47155 47116 47128 47140
47156 47262 47182 47208 47234
47263 47340 47282 47301 47320
47341 47382 47351 47361 47371
47383 47480 47407 47431 47455
47481 47534 47494 47507 47520
47535 47612 47554 47573 47592
47613 47891 47682 47751 47820
47892 47992 47917 47942 47967
47993 48060 48009 48025 48041
48061 48110 48073 48085 48097
48111 48208 48135 48159 48183
48209 48243 48217 48225 48233
48244 48355 48271 48298 48325
48356 48423 48372 48388 48404
48424 48487 48439 48454 48469
48488 48513 48494 48500 48506
48514 48545 48521 48528 48535
48546 48575 48553 48560 48567
48576 48613 48585 48594 48603
48614 48708 48637 48660 48683
48709 48831 48739 48769 48799
48832 48919 48853 48874 48895
48920 49006 48941 48962 48983
49007 49085 49026 49045 49064
49086 49360 49154 49222 49290
49361 49871 49488 49615 49742
49872 50050 49916 49960 50004
50051 50081 50058 50065 50072
50082 50132 50094 50106 50118
50133 50287 50171 50209 50247
50288 50332 50299 50310 50321
50333 50429 50357 50381 50405
50430 50482 50443 50456 50469
50483 50559 50502 50521 50540
50560 50598 50569 50578 50587
50599 50800 50649 50699 50749
50801 50877 50820 50839 50858
50878 50900 50883 50888 50893
50901 50949 50913 50925 50937
50950 50985 50958 50966 50974
50986 51294 51063 51140 51217
51295 51356 51310 51325 51340
51357 51451 51380 51403 51426
51452 51625 51495 51538 51581
51626 51681 51639 51652 51665
51682 51750 51699 51716 51733
51751 51799 51763 51775 51787
51800 51852 51813 51826 51839
51853 51902 51865 51877 51889
51903 51944 51913 51923 51933
51945 52210 52011 52077 52143
52211 52262 52223 52235 52247
52263 52439 52307 52351 52395
52440 52719 52509 52578 52647
52720 53027 52796 52872 52948
53028 53253 53084 53140 53196
53254 53368 53282 53310 53338
53369 53444 53387 53405 53423
53445 53538 53468 53491 53514
53539 53679 53574 53609 53644
53680 53727 53691 53702 53713
53728 53784 53742 53756 53770
53785 54522 53969 54153 54337
54523 54747 54579 54635 54691
54748 54942 54796 54844 54892
54943 55107 54984 55025 55066
55108 55286 55152 55196 55240
55287 55362 55305 55323 55341
55363 55438 55381 55399 55417
55439 55630 55486 55533 55580
55631 55659 55638 55645 55652
55660 55979 55739 55818 55897
55980 56316 56064 56148 56232
56317 56353 56326 56335 56344
56354 57042 56526 56698 56870
57043 57069 57049 57055 57061
57070 57092 57075 57080 57085
57093 57110 57097 57101 57105
57111 57131 57116 57121 57126
57132 57356 57188 57244 57300
57357 57680 57437 57517 57597
57681 57793 57709 57737 57765
57794 57824 57801 57808 57815
57825 57869 57836 57847 57858
57870 58090 57925 57980 58035
58091 58197 58117 58143 58169
58198 58507 58275 58352 58429
58508 58658 58545 58582 58619
58659 58835 58703 58747 58791
58836 58962 58867 58898 58929
58963 59154 59010 59057 59104
59155 59225 59172 59189 59206
59226 59335 59253 59280 59307
59336 59391 59349 59362 59375
59392 59486 59415 59438 59461
59487 59670 59532 59577 59622
59671 59783 59699 59727 59755
59784 59929 59820 59856 59892
59930 60018 59947 59964 60012
60019 60088 60036 60053 60070
60089 60125 60098 60107 60116
60126 60230 60152 60178 60204
60231 60297 60247 60263 60279
60298 60505 60349 60400 60451
60506 60755 60568 60630 60692
60756 60841 60777 60798 60819
60842 60928 60863 60884 60905
60929 61037 60956 60983 61010
61038 61144 61064 61090 61116
61145 61367 61200 61255 61310
61368 61427 61382 61396 61410
61428 61584 61467 61506 61545
61585 61637 61598 61611 61624
61638 62031 61736 61834 61932
62032 62143 62059 62086 62113
62144 62356 62197 62250 62303
62357 62437 62377 62397 62417
62438 62508 62455 62472 62489
62509 62644 62542 62575 62608
62645 62770 62676 62707 62738
62771 62826 62784 62797 62810
62827 62891 62843 62859 62875
62892 62929 62901 62910 62919
62930 62999 62947 62964 62981
63000 63100 63025 63050 63075
63101 63128 63107 63113 63119
63129 63151 63134 63139 63144
63152 63185 63160 63168 63176
63186 63242 63200 63214 63228
63243 63286 63253 63263 63273
63287 63312 63293 63299 63305
63313 63357 63324 63335 63346
63358 63377 63362 63366 63370
63378 63407 63385 63392 63399
63408 63434 63414 63420 63426
63435 63454 63439 63443 63447
63455 63478 63460 63465 63470
63479 63504 63485 63491 63497
63505 63648 63540 63575 63610
63649 63704 63662 63675 63688
63705 63772 63721 63737 63753
63773 63789 63777 63781 63785
63790 63817 63796 63802 63808
63818 63872 63831 63844 63857
63873 63907 63881 63889 63897
63908 63956 63920 63932 63944
63957 63988 63964 63971 63978
63989 64020 63996 64003 64010
64021 64050 64028 64035 64042
64051 64091 64061 64071 64081
64092 64130 64101 64110 64119
64131 64209 64150 64169 64188
64210 64243 64218 64226 64234
64244 64269 64250 64256 64262
64270 64328 64284 64298 64312
64329 64357 64336 64343 64350
64358 64377 64362 64366 64370
64378 64409 64385 64392 64399
64410 64439 64417 64424 64431
64440 64459 64444 64448 64452
64460 64484 64466 64472 64478
64485 64583 64509 64533 64557
64584 64630 64595 64606 64617
64631 64736 64657 64683 64709
64737 64800 64752 64767 64782
64801 64834 64809 64817 64825
64835 64883 64847 64859 64871
64884 64947 64899 64914 64929
64948 65077 64980 65012 65044
65078 65176 65102 65126 65150
65177 65220 65187 65197 65207
65221 65319 65245 65269 65293
65320 65525 65371 65422 65473
65526 65617 65548 65570 65592
65618 65736 65647 65676 65705
65737 65777 65747 65757 65767
65778 66108 65860 65942 66024
66109 66703 66257 66405 66553
66704 66732 66711 66718 66725
66733 66765 66741 66749 66757
66766 66794 66773 66780 66787
66795 66833 66804 66813 66822
66834 66861 66840 66846 66852
66862 66971 66889 66916 66943
66972 67001 66979 66986 66993
67002 67069 67018 67034 67050
67070 67127 67084 67098 67112
67128 67166 67137 67146 67155
67167 67236 67184 67201 67218
67237 67298 67252 67267 67282
67299 67353 67312 67325 67338
67354 67427 67372 67390 67408
67428 67491 67443 67458 67473
67492 67534 67502 67512 67522
67535 67575 67545 67555 67565
67576 67639 67591 67606 67621
67640 67710 67657 67674 67691
67711 67747 67720 67729 67738
67748 67771 67753 67758 67763
67772 67796 67778 67784 67790
67797 67846 67809 67821 67833
67847 67876 67854 67861 67868
67877 67896 67881 67885 67889
67897 67986 67919 67941 67963
67987 68011 67993 67999 68005
68012 68057 68023 68034 68045
68058 68088 68065 68072 68079
68089 68123 68097 68105 68113
68124 68170 68135 68146 68157
68171 68363 68219 68267 68315
68364 68406 68374 68384 68394
68407 68439 68415 68423 68431
68440 68491 68452 68464 68476
68492 68521 68499 68506 68513
68522 68560 68531 68540 68549
68561 68598 68570 68579 68588
68599 68622 68604 68609 68614
68623 68662 68632 68641 68650
68663 68754 68685 68707 68729
68755 69102 68841 68927 69013
69103 69158 69116 69129 69142
69159 69661 69284 69409 69534
69662 69763 69687 69712 69737
69764 69839 69782 69800 69818
69840 69878 69849 69858 69867
69879 70036 69918 69957 69996
70037 70076 70046 70055 70064
70077 70120 70087 70097 70107
70121 70154 70129 70137 70145
70155 70175 70160 70165 70170
70176 70284 70203 70230 70257
70285 70320 70293 70301 70309
70321 70363 70331 70341 70351
70364 70440 70383 70402 70421
70441 70462 70446 70451 70456
70463 70492 70470 70477 70484
70493 70521 70500 70507 70514
70522 70553 70529 70536 70543
70554 70584 70561 70568 70575
70585 70606 70590 70595 70600
70607 70649 70617 70627 70637
70650 70694 70661 70672 70683
70695 70807 70723 70751 70779
70808 70860 70821 70834 70847
70861 70878 70865 70869 70873
70879 70903 70885 70891 70897
70904 70952 70916 70928 70940
70953 70999 70964 70975 70986
71000 71035 71008 71016 71024
71036 71055 71040 71044 71048
71056 71134 71075 71094 71113
71135 71270 71168 71201 71234
71271 71295 71277 71283 71289
71296 71358 71311 71326 71341
71359 71385 71365 71371 71377
71386 71403 71390 71394 71398
71404 71425 71409 71414 71419
71426 71528 71451 71476 71501
71529 71563 71537 71545 71553
71564 71619 71577 71590 71603
71620 71751 71652 71684 71716
71752 71837 71773 71794 71815
71838 71896 71852 71866 71880
71897 71934 71906 71915 71924
71935 71966 71942 71949 71956
71967 72064 71991 72015 72039
72065 72087 72070 72075 72080
72088 72109 72093 72098 72103
72110 72182 72128 72146 72164
72183 72218 72191 72199 72207
72219 72235 72223 72227 72231
72236 72274 72245 72254 72263
72275 72440 72316 72357 72398
72441 72474 72449 72457 72465
72475 72492 72479 72483 72487
72493 72599 72519 72545 72571
72600 72654 72613 72626 72639
72655 72674 72659 72663 72667
72675 72729 72688 72701 72714
72730 72758 72737 72744 72751
72759 72804 72770 72781 72792
72805 72975 72847 72889 72931
72976 73015 72985 72994 73003
73016 73050 73024 73032 73040
73051 73079 73058 73065 73072
73080 73099 73084 73088 73092
73100 73146 73111 73122 73133
73147 73191 73158 73169 73180
73192 73218 73198 73204 73210
73219 73238 73223 73227 73231
73239 73318 73258 73277 73296
73319 73336 73323 73327 73331
73337 73493 73376 73415 73454
73494 73545 73506 73518 73530
73546 73569 73551 73556 73561
73570 73586 73574 73578 73582
73587 73603 73591 73595 73599
73604 73705 73629 73654 73679
73706 73734 73713 73720 73727
73735 73831 73759 73783 73807
73832 73875 73842 73852 73862
73876 73970 73899 73922 73945
73971 74037 73987 74003 74019
74038 74086 74050 74062 74074
74087 74199 74115 74143 74171
74200 74262 74215 74230 74245
74263 74324 74278 74293 74308
74325 74396 74342 74359 74376
74397 74445 74409 74421 74433
74446 74498 74459 74472 74485
74499 74540 74509 74519 74529
74541 74576 74549 74557 74565
74577 74648 74594 74611 74628
74649 74709 74664 74679 74694
74710 74757 74721 74732 74743
74758 74801 74768 74778 74788
74802 74862 74817 74832 74847
74863 74891 74870 74877 74884
74892 74911 74896 74900 74904
74912 74937 74918 74924 74930
74938 74984 74949 74960 74971
74985 75016 74988 74991 75012
75017 75048 75024 75031 75038
75049 75075 75055 75061 75067
75076 75118 75086 75096 75106
75119 75150 75126 75133 75140
75151 75174 75156 75161 75166
75175 75207 75183 75191 75199
75208 75224 75212 75216 75220
75225 75254 75232 75239 75246
75255 75293 75264 75273 75282
75294 75331 75303 75312 75321
75332 75379 75343 75354 75365
75380 75414 75388 75396 75404
75415 75448 75423 75431 75439
75449 75477 75456 75463 75470
75478 75503 75484 75490 75496
75504 75550 75515 75526 75537
75551 75576 75557 75563 75569
75577 75613 75586 75595 75604
75614 75645 75621 75628 75635
75646 75731 75667 75688 75709
75732 75847 75760 75788 75816
75848 75970 75878 75908 75938
75971 76046 75989 76007 76025
76047 76360 76125 76203 76281
76361 76451 76383 76405 76427
76452 76509 76466 76480 76494
76510 76605 76533 76556 76579
76606 76684 76625 76644 76663
76685 76741 76699 76713 76727
76742 76818 76761 76780 76799
76819 76862 76829 76839 76849
76863 76994 76895 76927 76959
76995 77022 77001 77007 77013
77023 77055 77031 77039 77047
77056 77087 77063 77070 77077
77088 77299 77140 77192 77244
77300 77350 77312 77324 77336
77351 77425 77369 77387 77405
77426 77547 77456 77486 77516
77548 77635 77569 77590 77611
77636 77739 77661 77686 77711
77740 77789 77752 77764 77776
77790 77834 77801 77812 77823
77835 77912 77854 77873 77892
77913 77953 77923 77933 77943
77954 77981 77960 77966 77972
77982 78027 77993 78004 78015
78028 78115 78049 78070 78091
78116 78137 78121 78126 78131
78138 78160 78143 78148 78153
78161 78223 78176 78191 78206
78224 78272 78236 78248 78260
78273 78311 78282 78291 78300
78312 78348 78321 78330 78339
78349 78403 78362 78375 78388
78404 78494 78426 78448 78470
78495 78581 78516 78537 78558
78582 78612 78589 78596 78603
78613 78764 78650 78687 78724
78765 78868 78790 78815 78840
78869 78958 78891 78913 78935
78959 79042 78979 78999 79019
79043 79080 79052 79061 79070
79081 79104 79086 79091 79096
79105 79129 79111 79117 79123
79130 79147 79134 79138 79142
79148 79222 79166 79184 79202
79223 79265 79233 79243 79253
79266 79294 79273 79280 79287
79295 79339 79306 79317 79328
79340 79369 79347 79354 79361
79370 79401 79377 79384 79391
79402 79485 79422 79442 79462
79486 79522 79495 79504 79513
79523 79546 79528 79533 79538
79547 79711 79588 79629 79670
79712 79784 79730 79748 79766
79785 79861 79804 79823 79842
79862 79924 79877 79892 79907
79925 80130 79976 80027 80078
80131 80157 80137 80143 80149
80158 80430 80226 80294 80362
80431 80488 80445 80459 80473
80489 80858 80581 80673 80765
80859 80976 80888 80917 80946
80977 81009 80985 80993 81001
81010 81212 81060 81110 81160
81213 81254 81223 81233 81243
81255 81602 81341 81427 81513
81603 81784 81648 81693 81738
81785 81857 81803 81821 81839
81858 81915 81872 81886 81900
81916 81980 81932 81948 81964
81981 82052 81998 82015 82032
82053 82119 82069 82085 82101
82120 82153 82128 82136 82144
82154 82173 82158 82162 82166
82174 82218 82185 82196 82207
82219 82317 82243 82267 82291
82318 82368 82330 82342 82354
82369 82415 82380 82391 82402
82416 82525 82443 82470 82497
82526 82619 82549 82572 82595
82620 82811 82667 82714 82761
82812 82945 82845 82878 82911
82946 82978 82954 82962 82970
82979 83005 82985 82991 82997
83006 83142 83040 83074 83108
83143 83218 83161 83179 83197
83219 83272 83232 83245 83258
83273 83368 83296 83319 83342
83369 83517 83406 83443 83480
83518 83778 83583 83648 83713
83779 83842 83794 83809 83824
83843 83877 83851 83859 83867
83878 83905 83884 83890 83896
83906 84765 84120 84334 84548
84766 84828 84781 84796 84811
84829 84945 84858 84887 84916
84946 84975 84953 84960 84967
84976 85001 84982 84988 84994
85002 85198 85051 85100 85149
85199 85527 85281 85363 85445
85528 85744 85582 85636 85690
85745 85897 85783 85821 85859
85898 86239 85983 86068 86153
86240 86292 86253 86266 86279
86293 86341 86305 86317 86329
86342 86393 86354 86366 86378
86394 87082 86566 86738 86910
87083 87121 87092 87101 87110
87122 87292 87164 87206 87248
87293 87388 87316 87339 87362
87389 87440 87401 87413 87425
87441 87498 87455 87469 87483
87499 87539 87509 87519 87529
87540 87589 87552 87564 87576
87590 87613 87595 87600 87605
87614 87647 87622 87630 87638
87648 87673 87654 87660 87666
87674 87701 87680 87686 87692
87702 87737 87710 87718 87726
87738 87762 87744 87750 87756
87763 87779 87767 87771 87775
87780 87883 87805 87830 87855
87884 87907 87889 87894 87899
87908 87977 87925 87942 87959
87978 88018 87988 87998 88008
88019 88132 88047 88075 88103
88133 88156 88138 88143 88148
88157 88174 88161 88165 88169
88175 88195 88180 88185 88190
88196 88220 88202 88208 88214
88221 88237 88225 88229 88233
88238 88262 88244 88250 88256
88263 88281 88267 88271 88275
88282 88405 88312 88342 88372
88406 88438 88414 88422 88430
88439 88487 88451 88463 88475
88488 88512 88494 88500 88506
88513 88532 88517 88521 88525
88533 88551 88537 88541 88545
88552 88584 88560 88568 88576
88585 88608 88590 88595 88600
88609 88656 88620 88631 88642
88657 88732 88675 88693 88711
88733 88767 88741 88749 88757
88768 88815 88779 88790 88801
88816 88871 88829 88842 88855
88872 88917 88883 88894 88905
88918 88950 88926 88934 88942
88951 89000 88963 88975 88987
89001 89089 89023 89045 89067
89090 89129 89099 89108 89117
89130 89162 89138 89146 89154
89163 89198 89171 89179 89187
89199 89238 89208 89217 89226
89239 89283 89250 89261 89272
89284 89300 89288 89292 89296
89301 89353 89314 89327 89340
89354 89381 89360 89366 89372
89382 89457 89400 89418 89436
89458 89547 89480 89502 89524
89548 89617 89565 89582 89599
89618 89678 89633 89648 89663
89679 89752 89697 89715 89733
89753 89822 89770 89787 89804
89823 89923 89848 89873 89898
89924 90042 89942 89960 90030
90043 90110 90059 90075 90091
90111 90160 90123 90135 90147
90161 90198 90170 90179 90188
90199 90272 90217 90235 90253
90273 90299 90279 90285 90291
90300 90348 90312 90324 90336
90349 90393 90360 90371 90382
90394 90473 90413 90432 90451
90474 90531 90488 90502 90516
90532 90592 90547 90562 90577
90593 90634 90603 90613 90623
90635 90753 90664 90693 90722
90754 90837 90774 90794 90814
90838 90875 90847 90856 90865
90876 90944 90893 90910 90927
90945 91014 90962 90979 90996
91015 91090 91033 91051 91069
91091 91126 91099 91107 91115
91127 91561 91235 91343 91451
91562 91747 91608 91654 91700
91748 91836 91770 91792 91814
91837 91902 91853 91869 91885
91903 92172 91970 92037 92104
92173 92361 92220 92267 92314
92362 92678 92441 92520 92599
92679 92756 92698 92717 92736
92757 92977 92812 92867 92922
92978 93435 93092 93206 93320
93436 93597 93476 93516 93556
93598 93754 93637 93676 93715
93755 93773 93759 93763 93767
93774 93947 93817 93860 93903
93948 94226 94017 94086 94155
94227 94712 94348 94469 94590
94713 94894 94758 94803 94848
94895 95003 94922 94949 94976
95004 95214 95056 95108 95160
95215 95410 95263 95311 95359
95411 95576 95452 95493 95534
95577 95820 95637 95697 95757
95821 95922 95846 95871 95896
95923 96381 96037 96151 96265
96382 96398 96386 96390 96394
96399 96434 96407 96415 96423
96435 96471 96444 96453 96462
96472 96491 96476 96480 96484
96492 96511 96496 96500 96504
96512 96529 96516 96520 96524
96530 96568 96539 96548 96557
96569 96654 96590 96611 96632
96655 96688 96663 96671 96679
96689 96722 96697 96705 96713
96723 96752 96730 96737 96744
96753 96772 96757 96761 96765
96773 96802 96780 96787 96794
96803 96855 96816 96829 96842
96856 96887 96863 96870 96877
96888 96921 96896 96904 96912
96922 96978 96936 96950 96964
96979 97004 96985 96991 96997
97005 97049 97016 97027 97038
97050 97076 97056 97062 97068
97077 97109 97085 97093 97101
97110 97135 97116 97122 97128
97136 97155 97140 97144 97148
97156 97202 97167 97178 97189
97203 97228 97209 97215 97221
97229 97256 97235 97241 97247
97257 97314 97271 97285 97299
97315 97347 97323 97331 97339
97348 97467 97377 97406 97435
97468 97508 97478 97488 97498
97509 97532 97514 97519 97524
97533 97569 97542 97551 97560
97570 97618 97582 97594 97606
97619 97662 97629 97639 97649
97663 97789 97694 97725 97756
97790 97817 97796 97802 97808
97818 97862 97829 97840 97851
97863 97929 97879 97895 97911
97930 97956 97936 97942 97948
97957 97973 97961 97965 97969
97974 98003 97981 97988 97995
98004 98030 98010 98016 98022
98031 98148 98060 98089 98118
98149 98198 98161 98173 98185
98199 98307 98226 98253 98280
98308 98343 98316 98324 98332
98344 98586 98404 98464 98524
98587 98651 98603 98619 98635
98652 98888 98711 98770 98829
98889 98918 98896 98903 98910
98919 98969 98931 98943 98955
98970 99010 98980 98990 99000
99011 99037 99017 99023 99029
99038 99063 99044 99050 99056
99064 99091 99070 99076 99082
99092 99122 99099 99106 99113
99123 99154 99130 99137 99144
99155 99179 99161 99167 99173
99180 99196 99184 99188 99192
99197 99245 99209 99221 99233
99246 99290 99257 99268 99279
99291 99313 99296 99301 99306
99314 99342 99321 99328 99335
99343 99406 99358 99373 99388
99407 99429 99412 99417 99422
99430 99460 99437 99444 99451
99461 99489 99468 99475 99482
99490 99541 99502 99514 99526
99542 99665 99572 99602 99632
99666 99711 99677 99688 99699
99712 99774 99727 99742 99757
99775 99814 99784 99793 99802
99815 99873 99829 99843 99857
99874 99932 99888 99902 99916
99933 99983 99945 99957 99969
99984 100016 99992 100000 100008
100017 100039 100022 100027 100032
100040 100059 100044 100048 100052
100060 100101 100070 100080 100090
100102 100125 100107 100112 100117
100126 100153 100132 100138 100144
100154 100180 100160 100166 100172
100181 100221 100191 100201 100211
100222 100290 100239 100256 100273
100291 100313 100296 100301 100306
100314 100333 100318 100322 100326
100334 100353 100338 100342 100346
100354 100377 100359 100364 100369
100378 100408 100385 100392 100399
100409 100439 100416 100423 100430
100440 100503 100455 100470 100485
100504 100539 100512 100520 100528
100540 100595 100553 100566 100579
100596 100625 100603 100610 100617
100626 100657 100633 100640 100647
100658 100712 100671 100684 100697
100713 100740 100719 100725 100731
100741 100814 100759 100777 100795
100815 100844 100822 100829 100836
100845 100868 100850 100855 100860
100869 100976 100895 100921 100947
100977 101012 100985 100993 101001
101013 101034 101018 101023 101028
101035 101069 101043 101051 101059
101070 101120 101082 101094 101106
101121 101183 101136 101151 101166
101184 101257 101202 101220 101238
101258 101348 101280 101302 101324
101349 101407 101363 101377 101391
101408 101449 101418 101428 101438
101450 101548 101474 101498 101522
101549 101625 101568 101587 101606
101626 101943 101705 101784 101863
101944 102019 101962 101980 101998
102020 102088 102037 102054 102071
102089 102157 102106 102123 102140
102158 102195 102167 102176 102185
102196 102243 102207 102218 102229
102244 102281 102253 102262 102271
102282 102314 102290 102298 102306
102315 102404 102337 102359 102381
102405 102430 102411 102417 102423
102431 102465 102439 102447 102455
102466 102486 102471 102476 102481
102487 102548 102502 102517 102532
102549 102573 102555 102561 102567
102574 102599 102580 102586 102592
102600 102629 102607 102614 102621
102630 102656 102636 102642 102648
102657 102680 102662 102667 102672
102681 102725 102692 102703 102714
102726 102770 102737 102748 102759
102771 102928 102810 102849 102888
102929 102956 102935 102941 102947
102957 103036 102976 102995 103014
103037 103085 103049 103061 103073
103086 103110 103092 103098 103104
103111 103206 103134 103157 103180
103207 103230 103212 103217 103222
103231 103262 103238 103245 103252
103263 103286 103268 103273 103278
103287 103314 103293 103299 103305
103315 103351 103324 103333 103342
103352 103383 103359 103366 103373
103384 103460 103403 103422 103441
103461 103492 103468 103475 103482
103493 103532 103502 103511 103520
103533 103567 103541 103549 103557
103568 103597 103575 103582 103589
103598 103634 103607 103616 103625
103635 103710 103653 103671 103689
103711 103741 103718 103725 103732
103742 103761 103746 103750 103754
103762 103816 103775 103788 103801
103817 103921 103843 103869 103895
103922 103938 103926 103930 103934
103939 103956 103943 103947 103951
103957 104069 103985 104013 104041
104070 104095 104076 104082 104088
104096 104115 104100 104104 104108
104116 104155 104125 104134 104143
104156 104184 104163 104170 104177
104185 104227 104195 104205 104215
104228 104250 104233 104238 104243
104251 104268 104255 104259 104263
104269 104285 104273 104277 104281
104286 104351 104302 104318 104334
104352 104373 104357 104362 104367
104374 104402 104381 104388 104395
104403 104435 104411 104419 104427
104436 104453 104440 104444 104448
104454 104480 104460 104466 104472
104481 104510 104488 104495 104502
104511 104578 104527 104543 104559
104579 104607 104586 104593 104600
104608 104639 104615 104622 104629
104640 104706 104656 104672 104688
104707 104734 104713 104719 104725
104735 104872 104769 104803 104837
104873 104927 104886 104899 104912
104928 104953 104934 104940 104946
104954 104979 104960 104966 104972
104980 105015 104984 104988 105009
105016 105042 105022 105028 105034
105043 105061 105047 105051 105055
105062 105085 105067 105072 105077
105086 105331 105147 105208 105269
105332 105411 105351 105370 105389
105412 105448 105421 105430 105439
105449 105486 105458 105467 105476
105487 105573 105508 105529 105550
105574 105734 105614 105654 105694
105735 105975 105795 105855 105915
105976 106246 106043 106110 106177
106247 106284 106256 106265 106274
106285 106321 106294 106303 106312
106322 106646 106403 106484 106565
106647 106980 106730 106813 106896
106981 107031 106993 107005 107017
107032 107784 107220 107408 107596
107785 108316 107917 108049 108181
108317 108374 108331 108345 108359
108375 108457 108395 108415 108435
108458 108526 108475 108492 108509
108527 108714 108573 108619 108665
108715 109116 108815 108915 109015
109117 109170 109130 109143 109156
109171 109199 109178 109185 109192
109200 109230 109207 109214 109221
109231 109274 109241 109251 109261
109275 109294 109279 109283 109287
109295 109413 109324 109353 109382
109414 109566 109452 109490 109528
109567 109602 109575 109583 109591
109603 109653 109615 109627 109639
109654 109705 109666 109678 109690
109706 109812 109732 109758 109784
109813 109942 109845 109877 109909
109943 109968 109949 109955 109961
109969 110023 109982 109995 110008
110024 110087 110039 110054 110069
110088 110118 110095 110102 110109
110119 110261 110154 110189 110224
110262 110342 110282 110302 110322
110343 110372 110350 110357 110364
110373 110431 110387 110401 110415
110432 110514 110452 110472 110492
110515 110544 110522 110529 110536
110545 110602 110559 110573 110587
110603 110652 110615 110627 110639
110653 110763 110680 110707 110734
110764 110823 110778 110792 110806
110824 110868 110835 110846 110857
110869 110921 110882 110895 110908
110922 111024 110947 110972 110997
111025 111088 111040 111055 111070
111089 111225 111123 111157 111191
111226 111306 111246 111266 111286
111307 111460 111345 111383 111421
111461 111554 111484 111507 111530
111555 111591 111564 111573 111582
111592 111679 111613 111634 111655
111680 111711 111687 111694 111701
111712 111854 111747 111782 111817
111855 111893 111864 111873 111882
111894 111930 111903 111912 111921
111931 112046 111959 111987 112015
112047 112269 112102 112157 112212
112270 112307 112279 112288 112297
112308 112656 112395 112482 112569
112657 112704 112668 112679 112690
112705 112741 112714 112723 112732
112742 112764 112747 112752 112757
112765 112793 112772 112779 112786
112794 112837 112804 112814 112824
112838 112890 112851 112864 112877
112891 112916 112897 112903 112909
112917 112981 112933 112949 112965
112982 113009 112988 112994 113000
113010 113047 113019 113028 113037
113048 113103 113061 113074 113087
113104 113121 113108 113112 113116
113122 113262 113157 113192 113227
113263 113307 113274 113285 113296
113308 113463 113346 113384 113422
113464 113534 113481 113498 113515
113535 113570 113543 113551 113559
113571 113620 113583 113595 113607
113621 113640 113625 113629 113633
113641 113662 113646 113651 113656
113663 113685 113668 113673 113678
113686 113728 113696 113706 113716
113729 113768 113738 113747 113756
113769 113794 113775 113781 113787
113795 113831 113804 113813 113822
113832 113871 113841 113850 113859
113872 113938 113888 113904 113920
113939 113979 113949 113959 113969
113980 114036 113994 114008 114022
114037 114062 114043 114049 114055
114063 114091 114070 114077 114084
114092 114196 114118 114144 114170
114197 114362 114238 114279 114320
114363 114409 114374 114385 114396
114410 114510 114435 114460 114485
114511 114550 114520 114529 114538
114551 114684 114584 114617 114650
114685 114938 114748 114811 114874
114939 114981 114949 114959 114969
114982 115033 114994 115006 115018
115034 115053 115038 115042 115046
115054 115083 115061 115068 115075
115084 115128 115095 115106 115117
115129 115151 115134 115139 115144
115152 115176 115158 115164 115170
115177 115195 115181 115185 115189
115196 115216 115201 115206 115211
115217 115239 115222 115227 115232
115240 115263 115245 115250 115255
115264 115280 115268 115272 115276
115281 115308 115287 115293 115299
115309 115376 115325 115341 115357
115377 115525 115414 115451 115488
115526 115554 115533 115540 115547
115555 115594 115564 115573 115582
115595 115840 115656 115717 115778
115841 116651 116043 116245 116447
116652 116994 116737 116822 116907
116995 117157 117035 117075 117115
117158 117630 117276 117394 117512
117631 117672 117641 117651 117661
117673 117867 117721 117769 117817
117868 117932 117884 117900 117916
117933 118047 117961 117989 118017
118048 118128 118068 118088 118108
118129 118250 118159 118189 118219
118251 118284 118259 118267 118275
118285 118323 118294 118303 118312
118324 118370 118335 118346 118357
118371 118437 118387 118403 118419
118438 118481 118448 118458 118468
118482 118509 118488 118494 118500
118510 118533 118515 118520 118525
118534 118595 118549 118564 118579
118596 118668 118614 118632 118650
118669 118736 118685 118701 118717
118737 118794 118751 118765 118779
118795 118836 118805 118815 118825
118837 118893 118851 118865 118879
118894 119057 118934 118974 119014
119058 119172 119086 119114 119142
119173 119293 119203 119233 119263
119294 119421 119325 119356 119387
119422 119457 119430 119438 119446
119458 119594 119492 119526 119560
119595 119691 119619 119643 119667
119692 119714 119697 119702 119707
119715 119770 119728 119741 119754
119771 119847 119790 119809 119828
119848 119907 119862 119876 119890
119908 120103 119930 119952 120075
120104 120192 120126 120148 120170
120193 120257 120209 120225 120241
120258 120353 120281 120304 120327
120354 120531 120398 120442 120486
120532 120547 120535 120538 120541
120548 120951 120648 120748 120848
120952 121015 120967 120982 120997
121016 121115 121040 121064 121088
121116 121161 121127 121138 121149
121162 121242 121182 121202 121222
121243 121298 121256 121269 121282
121299 121571 121367 121435 121503
121572 121659 121593 121614 121635
121660 121722 121675 121690 121705
121723 121805 121743 121763 121783
121806 121854 121818 121830 121842
121855 121899 121866 121877 121888
121900 121939 121909 121918 121927
121940 122023 121960 121980 122000
122024 122070 122035 122046 122057
122071 122170 122095 122119 122143
122171 122400 122228 122285 122342
122401 122533 122434 122467 122500
122534 122747 122587 122640 122693
122748 122957 122800 122852 122904
122958 123085 122989 123020 123051
123086 123217 123118 123150 123182
123218 123407 123265 123312 123359
123408 123623 123461 123514 123567
123624 123708 123645 123666 123687
123709 123754 123720 123731 123742
123755 123973 123809 123863 123917
123974 124042 123991 124008 124025
124043 124090 124054 124065 124076
124091 124137 124102 124113 124124
124138 124197 124152 124166 124180
124198 124361 124238 124278 124318
124362 124462 124387 124412 124437
124463 124564 124488 124513 124538
124565 124672 124591 124617 124643
124673 124753 124693 124713 124733
124754 124877 124784 124814 124844
124878 124947 124895 124912 124929
124948 125030 124968 124988 125008
125031 125106 125049 125067 125085
125107 125201 125130 125153 125176
125202 125258 125216 125230 125244
125259 125336 125278 125297 125316
125337 125433 125361 125385 125409
125434 125579 125470 125506 125542
125580 125603 125585 125590 125595
125604 125857 125667 125730 125793
125858 125893 125866 125874 125882
125894 125988 125917 125940 125963
125989 126058 126006 126023 126040
126059 126185 126090 126121 126152
126186 126265 126205 126224 126243
126266 126315 126278 126290 126302
126316 126343 126322 126328 126334
126344 126385 126354 126364 126374
126386 126432 126397 126408 126419
126433 126475 126443 126453 126463
126476 126515 126485 126494 126503
126516 126536 126521 126526 126531
126537 126556 126541 126545 126549
126557 126576 126561 126565 126569
126577 126760 126622 126667 126712
126761 126813 126774 126787 126800
126814 126855 126824 126834 126844
126856 126879 126861 126866 126871
126880 126951 126897 126914 126931
126952 126996 126963 126974 126985
126997 127081 127018 127039 127060
127082 127169 127103 127124 127145
127170 127223 127183 127196 127209
127224 127264 127234 127244 127254
127265 127392 127296 127327 127358
127393 127439 127404 127415 127426
127440 127520 127460 127480 127500
127521 127564 127531 127541 127551
127565 127583 127569 127573 127577
127584 127619 127592 127600 127608
127620 127731 127647 127674 127701
127732 127913 127777 127822 127867
127914 128217 127989 128064 128139
128218 131102 128939 129660 130381
131103 131414 131180 131257 131334
131415 132027 131568 131721 131874
132028 132339 132105 132182 132259
132340 132429 132362 132384 132406
132430 132565 132463 132496 132529
132566 132649 132586 132606 132626
132650 132745 132673 132696 132719
132746 132809 132761 132776 132791
132810 132876 132826 132842 132858
132877 132918 132887 132897 132907
132919 133015 132943 132967 132991
133016 133101 133037 133058 133079
133102 133208 133128 133154 133180
133209 133349 133244 133279 133314
133350 133417 133366 133382 133398
133418 133475 133432 133446 133460
133476 133540 133492 133508 133524
133541 133637 133565 133589 133613
133638 133732 133661 133684 133707
133733 133805 133751 133769 133787
133806 134004 133855 133904 133953
134005 134030 134011 134017 134023
134031 134079 134043 134055 134067
134080 134119 134089 134098 134107
134120 134299 134164 134208 134252
134300 134411 134327 134354 134381
134412 134467 134425 134438 134451
134468 134614 134504 134540 134576
134615 134669 134628 134641 134654
134670 134727 134684 134698 134712
134728 134745 134732 134736 134740
134746 134774 134753 134760 134767
134775 134816 134785 134795 134805
134817 134850 134825 134833 134841
134851 134928 134870 134889 134908
134929 134977 134941 134953 134965
134978 135029 134983 134988 135021
135030 135090 135045 135060 135075
135091 135134 135101 135111 135121
135135 135178 135145 135155 135165
135179 135220 135189 135199 135209
135221 135251 135228 135235 135242
135252 135294 135262 135272 135282
135295 135369 135313 135331 135349
135370 135395 135376 135382 135388
135396 135425 135403 135410 135417
135426 135548 135456 135486 135516
135549 135582 135557 135565 135573
135583 135633 135595 135607 135619
135634 135661 135640 135646 135652
135662 135688 135668 135674 135680
135689 135732 135699 135709 135719
135733 135754 135738 135743 135748
135755 135776 135760 135765 135770
135777 135831 135790 135803 135816
135832 135889 135846 135860 135874
135890 135915 135896 135902 135908
135916 135951 135924 135932 135940
135952 135983 135959 135966 135973
135984 136008 135990 135996 136002
136009 136028 136013 136017 136021
136029 136201 136072 136115 136158
136202 136239 136211 136220 136229
136240 136266 136246 136252 136258
136267 136337 136284 136301 136318
136338 136412 136356 136374 136392
136413 136447 136421 136429 136437
136448 136480 136456 136464 136472
136481 136507 136487 136493 136499
136508 136540 136516 136524 136532
136541 136568 136547 136553 136559
136569 136603 136577 136585 136593
136604 136658 136617 136630 136643
136659 136681 136664 136669 136674
136682 136703 136687 136692 136697
136704 136739 136712 136720 136728
136740 136786 136751 136762 136773
136787 136818 136794 136801 136808
136819 136854 136827 136835 136843
136855 136892 136864 136873 136882
136893 136913 136898 136903 136908
136914 136931 136918 136922 136926
136932 136966 136940 136948 136956
136967 137024 136981 136995 137009
137025 137061 137034 137043 137052
137062 137100 137071 137080 137089
137101 137129 137108 137115 137122
137130 137183 137143 137156 137169
137184 137267 137204 137224 137244
137268 137303 137276 137284 137292
137304 137324 137309 137314 137319
137325 137348 137330 137335 137340
137349 137375 137355 137361 137367
137376 137414 137385 137394 137403
137415 137494 137434 137453 137472
137495 137558 137510 137525 137540
137559 137649 137581 137603 137625
137650 137674 137656 137662 137668
137675 137704 137682 137689 137696
137705 137740 137713 137721 137729
137741 137819 137760 137779 137798
137820 137847 137826 137832 137838
137848 137893 137859 137870 137881
137894 137936 137904 137914 137924
137937 137968 137944 137951 137958
137969 138012 137979 137989 137999
138013 138038 138019 138025 138031
138039 138082 138049 138059 138069
138083 138118 138091 138099 138107
138119 138156 138128 138137 138146
138157 138229 138175 138193 138211
138230 138292 138245 138260 138275
138293 138325 138301 138309 138317
138326 138366 138336 138346 138356
138367 138427 138382 138397 138412
138428 138476 138440 138452 138464
138477 138538 138492 138507 138522
138539 138574 138547 138555 138563
138575 138632 138589 138603 138617
138633 138665 138641 138649 138657
138666 138710 138677 138688 138699
138711 138757 138722 138733 138744
138758 138789 138765 138772 138779
138790 138810 138795 138800 138805
138811 138853 138821 138831 138841
138854 138872 138858 138862 138866
138873 138898 138879 138885 138891
138899 138917 138903 138907 138911
138918 138943 138924 138930 138936
138944 138980 138953 138962 138971
138981 139004 138986 138991 138996
139005 139052 139016 139027 139038
139053 139087 139061 139069 139077
139088 139128 139098 139108 139118
139129 139160 139136 139143 139150
139161 139202 139171 139181 139191
139203 139242 139212 139221 139230
139243 139280 139252 139261 139270
139281 139303 139286 139291 139296
139304 139375 139321 139338 139355
139376 139415 139385 139394 139403
139416 139468 139429 139442 139455
139469 139500 139476 139483 139490
139501 139521 139506 139511 139516
139522 139549 139528 139534 139540
139550 139602 139563 139576 139589
139603 139625 139608 139613 139618
139626 139650 139632 139638 139644
139651 139675 139657 139663 139669
139676 139730 139689 139702 139715
139731 139779 139743 139755 139767
139780 139826 139791 139802 139813
139827 139854 139833 139839 139845
139855 139903 139867 139879 139891
139904 139954 139916 139928 139940
139955 139986 139962 139969 139976
139987 140028 139997 140007 140017
140029 140051 140034 140039 140044
140052 140090 140061 140070 140079
140091 140124 140099 140107 140115
140125 140167 140135 140145 140155
140168 140197 140175 140182 140189
140198 140234 140207 140216 140225
140235 140262 140241 140247 140253
140263 140321 140277 140291 140305
140322 140381 140336 140350 140364
140382 140407 140388 140394 140400
140408 140442 140416 140424 140432
140443 140503 140458 140473 140488
140504 140537 140512 140520 140528
140538 140607 140555 140572 140589
140608 140668 140623 140638 140653
140669 140745 140688 140707 140726
140746 140795 140758 140770 140782
140796 140831 140804 140812 140820
140832 140884 140845 140858 140871
140885 140909 140891 140897 140903
140910 140928 140914 140918 140922
140929 140960 140936 140943 140950
140961 140979 140965 140969 140973
140980 141021 140990 141000 141010
141022 141081 141036 141050 141064
141082 141100 141086 141090 141094
141101 141122 141106 141111 141116
141123 141159 141132 141141 141150
141160 141183 141165 141170 141175
141184 141200 141188 141192 141196
141201 141218 141205 141209 141213
141219 141243 141225 141231 141237
141244 141271 141250 141256 141262
141272 141289 141276 141280 141284
141290 141308 141294 141298 141302
141309 141347 141318 141327 141336
141348 141368 141353 141358 141363
141369 141407 141378 141387 141396
141408 141424 141412 141416 141420
141425 141459 141433 141441 141449
141460 141514 141473 141486 141499
141515 141559 141526 141537 141548
141560 141622 141575 141590 141605
141623 141647 141629 141635 141641
141648 141672 141654 141660 141666
141673 141701 141680 141687 141694
141702 141728 141708 141714 141720
141729 141759 141736 141743 141750
141760 141776 141764 141768 141772
141777 141799 141782 141787 141792
141800 141818 141804 141808 141812
141819 141903 141840 141861 141882
141904 141966 141919 141934 141949
141967 141987 141972 141977 141982
141988 142034 141999 142010 142021
142035 142090 142048 142061 142074
142091 142121 142098 142105 142112
142122 142178 142136 142150 142164
142179 142211 142187 142195 142203
142212 142232 142217 142222 142227
142233 142255 142238 142243 142248
142256 142282 142262 142268 142274
142283 142324 142293 142303 142313
142325 142361 142334 142343 142352
142362 142382 142367 142372 142377
142383 142411 142390 142397 142404
142412 142442 142419 142426 142433
142443 142497 142456 142469 142482
142498 142561 142513 142528 142543
142562 142591 142569 142576 142583
142592 142644 142605 142618 142631
142645 142675 142652 142659 142666
142676 142710 142684 142692 142700
142711 142736 142717 142723 142729
142737 142762 142743 142749 142755
142763 142786 142768 142773 142778
142787 142838 142799 142811 142823
142839 142886 142850 142861 142872
142887 143001 142915 142943 142971
143002 143029 143008 143014 143020
143030 143070 143040 143050 143060
143071 143105 143079 143087 143095
143106 143144 143115 143124 143133
143145 143177 143153 143161 143169
143178 143220 143188 143198 143208
143221 143238 143225 143229 143233
143239 143303 143255 143271 143287
143304 143333 143311 143318 143325
143334 143409 143352 143370 143388
143410 143626 143464 143518 143572
143627 143664 143636 143645 143654
143665 143760 143688 143711 143734
143761 143792 143768 143775 143782
143793 143841 143805 143817 143829
143842 143889 143853 143864 143875
143890 144360 144007 144124 144241
144361 144439 144380 144399 144418
144440 144475 144448 144456 144464
144476 144501 144482 144488 144494
144502 144569 144518 144534 144550
144570 144604 144578 144586 144594
144605 144670 144621 144637 144653
144671 144710 144680 144689 144698
144711 144845 144744 144777 144810
144846 144881 144854 144862 144870
144882 144916 144890 144898 144906
144917 144989 144935 144953 144971
144990 145023 144998 145006 145014
145024 145087 145039 145054 145069
145088 145117 145095 145102 145109
145118 145156 145127 145136 145145
145157 145319 145197 145237 145277
145320 145352 145328 145336 145344
145353 145388 145361 145369 145377
145389 145438 145401 145413 145425
145439 145473 145447 145455 145463
145474 145560 145495 145516 145537
145561 145580 145565 145569 145573
145581 145622 145591 145601 145611
145623 145653 145630 145637 145644
145654 145677 145659 145664 145669
145678 145729 145690 145702 145714
145730 145747 145734 145738 145742
145748 145779 145755 145762 145769
145780 145932 145818 145856 145894
145933 145958 145939 145945 145951
145959 145995 145968 145977 145986
145996 146124 146028 146060 146092
146125 146228 146150 146175 146200
146229 146276 146240 146251 146262
146277 146535 146341 146405 146469
146536 146575 146545 146554 146563
146576 146607 146583 146590 146597
146608 146646 146617 146626 146635
146647 146722 146665 146683 146701
146723 146763 146733 146743 146753
146764 146792 146771 146778 146785
146793 146811 146797 146801 146805
146812 146857 146823 146834 146845
146858 146911 146871 146884 146897
146912 146937 146918 146924 146930
146938 146978 146948 146958 146968
146979 147049 146996 147013 147030
147050 147107 147064 147078 147092
147108 147135 147114 147120 147126
147136 147175 147145 147154 147163
147176 147234 147190 147204 147218
147235 147293 147249 147263 147277
147294 147365 147311 147328 147345
147366 147404 147375 147384 147393
147405 147512 147431 147457 147483
147513 147567 147526 147539 147552
147568 147611 147578 147588 147598
147612 147640 147619 147626 147633
147641 147697 147655 147669 147683
147698 147732 147706 147714 147722
147733 147757 147739 147745 147751
147758 147896 147792 147826 147860
147897 147913 147901 147905 147909
147914 147942 147921 147928 147935
147943 147961 147947 147951 147955
147962 148005 147972 147982 147992
148006 148027 148011 148016 148021
148028 148045 148032 148036 148040
148046 148068 148051 148056 148061
148069 148102 148077 148085 148093
148103 148140 148112 148121 148130
148141 148171 148148 148155 148162
148172 148203 148179 148186 148193
148204 148224 148209 148214 148219
148225 148278 148238 148251 148264
148279 148296 148283 148287 148291
148297 148337 148307 148317 148327
148338 148363 148344 148350 148356
148364 148382 148368 148372 148376
148383 148410 148389 148395 148401
148411 148437 148417 148423 148429
148438 148466 148445 148452 148459
148467 148519 148480 148493 148506
148520 148556 148529 148538 148547
148557 148575 148561 148565 148569
148576 148606 148583 148590 148597
148607 148631 148613 148619 148625
148632 148651 148636 148640 148644
148652 148678 148658 148664 148670
148679 148703 148685 148691 148697
148704 148734 148711 148718 148725
148735 148752 148739 148743 148747
148753 148770 148757 148761 148765
148771 148788 148775 148779 148783
148789 148844 148802 148815 148828
148845 148874 148852 148859 148866
148875 148905 148882 148889 148896
148906 148933 148912 148918 148924
148934 148994 148949 148964 148979
148995 149023 149002 149009 149016
149024 149042 149028 149032 149036
149043 149086 149053 149063 149073
149087 149113 149093 149099 149105
149114 149220 149140 149166 149192
149221 149262 149231 149241 149251
149263 149300 149272 149281 149290
149301 149353 149314 149327 149340
149354 149387 149362 149370 149378
149388 149448 149403 149418 149433
149449 149579 149481 149513 149545
149580 149678 149604 149628 149652
149679 149812 149712 149745 149778
149813 149894 149833 149853 149873
149895 150043 149921 149947 150030
150044 150395 150131 150218 150305
150396 150521 150427 150458 150489
150522 151084 150662 150802 150942
151085 151205 151115 151145 151175
151206 151582 151300 151394 151488
151583 151816 151641 151699 151757
151817 151996 151861 151905 151949
151997 152145 152034 152071 152108
152146 152306 152186 152226 152266
152307 152528 152362 152417 152472
152529 152721 152577 152625 152673
152722 153039 152801 152880 152959
153040 153108 153057 153074 153091
153109 153168 153123 153137 153151
153169 153291 153199 153229 153259
153292 153378 153313 153334 153355
153379 153461 153399 153419 153439
153462 153541 153481 153500 153519
153542 153604 153557 153572 153587
153605 153683 153624 153643 153662
153684 153828 153720 153756 153792
153829 153873 153840 153851 153862
153874 153900 153880 153886 153892
153901 153964 153916 153931 153946
153965 153992 153971 153977 153983
153993 154100 154019 154045 154071
154101 154118 154105 154109 154113
154119 154154 154127 154135 154143
154155 154207 154168 154181 154194
154208 154228 154213 154218 154223
154229 154247 154233 154237 154241
154248 154338 154270 154292 154314
154339 154368 154346 154353 154360
154369 154408 154378 154387 154396
154409 154463 154422 154435 154448
154464 154505 154474 154484 154494
154506 154731 154562 154618 154674
154732 155545 154935 155138 155341
155546 155873 155627 155708 155789
155874 156213 155958 156042 156126
156214 156270 156228 156242 156256
156271 156314 156281 156291 156301
156315 156394 156334 156353 156372
156395 156467 156413 156431 156449
156468 156532 156484 156500 156516
156533 156576 156543 156553 156563
156577 156626 156589 156601 156613
156627 156661 156635 156643 156651
156662 156698 156671 156680 156689
156699 156725 156705 156711 156717
156726 156776 156738 156750 156762
156777 156812 156785 156793 156801
156813 156857 156824 156835 156846
156858 156895 156867 156876 156885
156896 156934 156905 156914 156923
156935 156972 156944 156953 156962
156973 157006 156981 156989 156997
157007 157054 157018 157029 157040
157055 157083 157062 157069 157076
157084 157133 157096 157108 157120
157134 157151 157138 157142 157146
157152 157171 157156 157160 157164
157172 157189 157176 157180 157184
157190 157221 157197 157204 157211
157222 157257 157230 157238 157246
157258 157283 157264 157270 157276
157284 157319 157292 157300 157308
157320 157367 157331 157342 157353
157368 157404 157377 157386 157395
157405 157447 157415 157425 157435
157448 157471 157453 157458 157463
157472 157582 157499 157526 157553
157583 157630 157594 157605 157616
157631 157700 157648 157665 157682
157701 157731 157708 157715 157722
157732 157776 157743 157754 157765
157777 157844 157793 157809 157825
157845 157966 157875 157905 157935
157967 158019 157980 157993 158006
158020 158108 158042 158064 158086
158109 158204 158132 158155 158178
158205 158248 158215 158225 158235
158249 158276 158255 158261 158267
158277 158306 158284 158291 158298
158307 158331 158313 158319 158325
158332 158359 158338 158344 158350
158360 158398 158369 158378 158387
158399 158456 158413 158427 158441
158457 158517 158472 158487 158502
158518 158552 158526 158534 158542
158553 158628 158571 158589 158607
158629 158770 158664 158699 158734
158771 158813 158781 158791 158801
158814 158912 158838 158862 158886
158913 158945 158921 158929 158937
158946 158963 158950 158954 158958
158964 158984 158969 158974 158979
158985 159016 158992 158999 159006
159017 159070 159030 159043 159056
159071 159123 159084 159097 159110
159124 159167 159134 159144 159154
159168 159220 159181 159194 159207
159221 159331 159248 159275 159302
159332 159394 159347 159362 159377
159395 159804 159497 159599 159701
159805 160191 159901 159997 160093
160192 160325 160225 160258 160291
160326 160581 160389 160452 160515
160582 160633 160594 160606 160618
160634 160855 160689 160744 160799
160856 160908 160869 160882 160895
160909 160986 160928 160947 160966
160987 161064 161006 161025 161044
161065 161135 161082 161099 161116
161136 161180 161147 161158 161169
161181 161222 161191 161201 161211
161223 161265 161233 161243 161253
161266 161302 161275 161284 161293
161303 161358 161316 161329 161342
161359 161408 161371 161383 161395
161409 161480 161426 161443 161460
161481 161535 161494 161507 161520
161536 161577 161546 161556 161566
161578 161617 161587 161596 161605
161618 161668 161630 161642 161654
161669 161766 161693 161717 161741
161767 161822 161780 161793 161806
161823 161900 161842 161861 161880
161901 161926 161907 161913 161919
161927 161963 161936 161945 161954
161964 162001 161973 161982 161991
162002 162077 162020 162038 162056
162078 162119 162088 162098 162108
162120 162205 162141 162162 162183
162206 162252 162217 162228 162239
162253 162491 162312 162371 162430
162492 162572 162512 162532 162552
162573 162621 162585 162597 162609
162622 162748 162653 162684 162715
162749 162804 162762 162775 162788
162805 162881 162824 162843 162862
162882 162944 162897 162912 162927
162945 163002 162959 162973 162987
163003 163063 163018 163033 163048
163064 163118 163077 163090 163103
163119 163245 163150 163181 163212
163246 163377 163278 163310 163342
163378 163548 163420 163462 163504
163549 163682 163582 163615 163648
163683 163859 163727 163771 163815
163860 163970 163887 163914 163941
163971 164851 164191 164411 164631
164852 164915 164867 164882 164897
164916 165817 164936 164956 165612
165818 165919 165843 165868 165893
165920 166511 166067 166214 166361
166512 166558 166523 166534 166545
166559 166887 166641 166723 166805
166888 168035 167174 167460 167746
168036 168137 168061 168086 168111
168138 168608 168255 168372 168489
168609 169045 168718 168827 168936
169046 169073 169052 169058 169064
169074 169188 169102 169130 169158
169189 169222 169197 169205 169213
169223 169257 169231 169239 169247
169258 169299 169268 169278 169288
169300 169329 169307 169314 169321
169330 169366 169339 169348 169357
169367 169405 169376 169385 169394
169406 169484 169425 169444 169463
169485 169544 169499 169513 169527
169545 169600 169558 169571 169584
169601 169646 169612 169623 169634
169647 169777 169679 169711 169743
169778 169836 169792 169806 169820
169837 169874 169846 169855 169864
169875 169924 169887 169899 169911
169925 170009 169946 169967 169988
170010 170086 170029 170048 170067
170087 170169 170107 170127 170147
170170 170222 170183 170196 170209
170223 170288 170239 170255 170271
170289 170327 170298 170307 170316
170328 170374 170339 170350 170361
170375 170401 170381 170387 170393
170402 170419 170406 170410 170414
170420 170497 170439 170458 170477
170498 170544 170509 170520 170531
170545 170593 170557 170569 170581
170594 170616 170599 170604 170609
170617 170773 170656 170695 170734
170774 170835 170789 170804 170819
170836 170855 170840 170844 170848
170856 170920 170872 170888 170904
170921 170973 170934 170947 170960
170974 170995 170979 170984 170989
170996 171019 171001 171006 171011
171020 171044 171026 171032 171038
171045 171153 171072 171099 171126
171154 171176 171159 171164 171169
171177 171221 171188 171199 171210
171222 171240 171226 171230 171234
171241 171275 171249 171257 171265
171276 171293 171280 171284 171288
171294 171422 171326 171358 171390
171423 171497 171441 171459 171477
171498 171520 171503 171508 171513
171521 171559 171530 171539 171548
171560 171596 171569 171578 171587
171597 171654 171611 171625 171639
171655 171682 171661 171667 171673
171683 171707 171689 171695 171701
171708 171728 171713 171718 171723
171729 171769 171739 171749 171759
171770 171796 171776 171782 171788
171797 171814 171801 171805 171809
171815 172023 171867 171919 171971
172024 172051 172030 172036 172042
172052 172077 172058 172064 172070
172078 172100 172083 172088 172093
172101 172130 172108 172115 172122
172131 172177 172142 172153 172164
172178 172208 172185 172192 172199
172209 172263 172222 172235 172248
172264 172322 172278 172292 172306
172323 172356 172331 172339 172347
172357 172384 172363 172369 172375
172385 172501 172414 172443 172472
172502 172535 172510 172518 172526
172536 172571 172544 172552 172560
172572 172616 172583 172594 172605
172617 172728 172644 172671 172698
172729 172798 172746 172763 172780
172799 172847 172811 172823 172835
172848 173024 172892 172936 172980
173025 173121 173049 173073 173097
173122 173217 173145 173168 173191
173218 173253 173226 173234 173242
173254 173338 173275 173296 173317
173339 173394 173352 173365 173378
173395 173462 173411 173427 173443
173463 173513 173475 173487 173499
173514 173569 173527 173540 173553
173570 173600 173577 173584 173591
173601 173624 173606 173611 173616
173625 173650 173631 173637 173643
173651 173674 173656 173661 173666
173675 173702 173681 173687 173693
173703 173729 173709 173715 173721
173730 173765 173738 173746 173754
173766 173783 173770 173774 173778
173784 173816 173792 173800 173808
173817 173858 173827 173837 173847
173859 173881 173864 173869 173874
173882 173903 173887 173892 173897
173904 173925 173909 173914 173919
173926 173951 173932 173938 173944
173952 173968 173956 173960 173964
173969 174002 173977 173985 173993
174003 174030 174009 174015 174021
174031 174057 174037 174043 174049
174058 174082 174064 174070 174076
174083 174106 174088 174093 174098
174107 174135 174114 174121 174128
174136 174155 174140 174144 174148
174156 174178 174161 174166 174171
174179 174228 174191 174203 174215
174229 174249 174234 174239 174244
174250 174292 174260 174270 174280
174293 174358 174309 174325 174341
174359 174386 174365 174371 174377
174387 174411 174393 174399 174405
174412 174441 174419 174426 174433
174442 174466 174448 174454 174460
174467 174496 174474 174481 174488
174497 174514 174501 174505 174509
174515 174556 174525 174535 174545
174557 174573 174561 174565 174569
174574 174592 174578 174582 174586
174593 174613 174598 174603 174608
174614 174641 174620 174626 174632
174642 174658 174646 174650 174654
174659 174691 174667 174675 174683
174692 174718 174698 174704 174710
174719 174740 174724 174729 174734
174741 174776 174749 174757 174765
174777 174818 174787 174797 174807
174819 174844 174825 174831 174837
174845 174888 174855 174865 174875
174889 174906 174893 174897 174901
174907 174926 174911 174915 174919
174927 174959 174935 174943 174951
174960 174977 174964 174968 174972
174978 174995 174982 174986 174990
174996 175034 175005 175014 175023
175035 175053 175039 175043 175047
175054 175095 175064 175074 175084
175096 175114 175100 175104 175108
175115 175138 175120 175125 175130
175139 175201 175154 175169 175184
175202 175229 175208 175214 175220
175230 175274 175241 175252 175263
175275 175315 175285 175295 175305
175316 175354 175325 175334 175343
175355 175385 175362 175369 175376
175386 175407 175391 175396 175401
175408 175429 175413 175418 175423
175430 175465 175438 175446 175454
175466 175509 175476 175486 175496
175510 175547 175519 175528 175537
175548 175578 175555 175562 175569
175579 175618 175588 175597 175606
175619 175649 175626 175633 175640
175650 175710 175665 175680 175695
175711 175764 175724 175737 175750
175765 175782 175769 175773 175777
175783 175815 175791 175799 175807
175816 175850 175824 175832 175840
175851 175947 175875 175899 175923
175948 175981 175956 175964 175972
175982 176001 175986 175990 175994
176002 176024 176007 176012 176017
176025 176049 176031 176037 176043
176050 176087 176059 176068 176077
176088 176112 176094 176100 176106
176113 176135 176118 176123 176128
176136 176161 176142 176148 176154
176162 176192 176169 176176 176183
176193 176213 176198 176203 176208
176214 176237 176219 176224 176229
176238 176265 176244 176250 176256
176266 176336 176283 176300 176317
176337 176366 176344 176351 176358
176367 176468 176392 176417 176442
176469 176521 176482 176495 176508
176522 176565 176532 176542 176552
176566 176626 176581 176596 176611
176627 176656 176634 176641 176648
176657 176698 176667 176677 176687
176699 176724 176705 176711 176717
176725 176768 176735 176745 176755
176769 176794 176775 176781 176787
176795 176814 176799 176803 176807
176815 176837 176820 176825 176830
176838 176873 176846 176854 176862
176874 176966 176897 176920 176943
176967 177079 176995 177023 177051
177080 177158 177099 177118 177137
177159 177221 177174 177189 177204
177222 177283 177237 177252 177267
177284 177401 177313 177342 177371
177402 178170 177594 177786 177978
178171 178284 178199 178227 178255
178285 178460 178328 178371 178414
178461 178532 178478 178495 178512
178533 178584 178545 178557 178569
178585 178680 178608 178631 178654
178681 178707 178687 178693 178699
178708 178733 178714 178720 178726
178734 178776 178744 178754 178764
178777 179024 178838 178899 178960
179025 179051 179031 179037 179043
179052 179070 179056 179060 179064
179071 179119 179083 179095 179107
179120 179158 179129 179138 179147
179159 179183 179165 179171 179177
179184 179208 179190 179196 179202
179209 179364 179247 179285 179323
179365 179414 179377 179389 179401
179415 179440 179421 179427 179433
179441 179483 179451 179461 179471
179484 179525 179494 179504 179514
179526 179561 179534 179542 179550
179562 179643 179582 179602 179622
179644 179671 179650 179656 179662
179672 179690 179676 179680 179684
179691 179725 179699 179707 179715
179726 179843 179755 179784 179813
179844 179868 179850 179856 179862
179869 179887 179873 179877 179881
179888 179911 179893 179898 179903
179912 179943 179919 179926 179933
179944 179967 179949 179954 179959
179968 180042 179975 179982 180030
180043 180079 180052 180061 180070
180080 180225 180116 180152 180188
180226 180310 180247 180268 180289
180311 180351 180321 180331 180341
180352 180387 180360 180368 180376
180388 180489 180413 180438 180463
180490 180516 180496 180502 180508
180517 180580 180532 180547 180562
180581 180615 180589 180597 180605
180616 180676 180631 180646 180661
180677 180735 180691 180705 180719
180736 180762 180742 180748 180754
180763 180801 180772 180781 180790
180802 180818 180806 180810 180814
180819 180889 180836 180853 180870
180890 180962 180908 180926 180944
180963 181017 180976 180989 181002
181018 181090 181036 181054 181072
181091 181372 181161 181231 181301
181373 181492 181402 181431 181460
181493 181650 181532 181571 181610
181651 181784 181684 181717 181750
181785 182025 181845 181905 181965
182026 182092 182042 182058 182074
182093 182187 182116 182139 182162
182188 182242 182201 182214 182227
182243 182278 182251 182259 182267
182279 182591 182357 182435 182513
182592 182675 182612 182632 182652
182676 182893 182730 182784 182838
182894 182958 182910 182926 182942
182959 183002 182969 182979 182989
183003 183059 183017 183031 183045
183060 183127 183076 183092 183108
183128 183558 183235 183342 183449
183559 183632 183577 183595 183613
183633 184063 183740 183847 183954
184064 184139 184082 184100 184118
184140 184341 184190 184240 184290
184342 184544 184392 184442 184492
184545 184686 184580 184615 184650
184687 185210 184817 184947 185077
185211 185345 185244 185277 185310
185346 186167 185551 185756 185961
186168 186416 186230 186292 186354
186417 186635 186471 186525 186579
186636 186694 186650 186664 186678
186695 186741 186706 186717 186728
186742 186774 186750 186758 186766
186775 186802 186781 186787 186793
186803 186820 186807 186811 186815
186821 186851 186828 186835 186842
186852 186887 186860 186868 186876
186888 186907 186892 186896 186900
186908 186959 186920 186932 186944
186960 186992 186968 186976 186984
186993 187062 187010 187027 187044
187063 187126 187078 187093 187108
187127 187295 187169 187211 187253
187296 187337 187306 187316 187326
187338 187393 187351 187364 187377
187394 187475 187414 187434 187454
187476 187509 187484 187492 187500
187510 187577 187526 187542 187558
187578 187946 187670 187762 187854
187947 188087 187982 188017 188052
188088 189576 188460 188832 189204
189577 191097 189957 190337 190717
191098 191242 191134 191170 191206
191243 191475 191301 191359 191417
191476 191587 191503 191530 191557
191588 192508 191818 192048 192278
192509 192570 192524 192539 192554
192571 192641 192588 192605 192622
192642 192808 192683 192724 192765
192809 192939 192841 192873 192905
192940 192984 192951 192962 192973
192985 193035 192997 193009 193021
193036 193064 193043 193050 193057
193065 193087 193070 193075 193080
193088 193143 193101 193114 193127
193144 193192 193156 193168 193180
193193 193243 193205 193217 193229
193244 193280 193253 193262 193271
193281 193310 193288 193295 193302
193311 193376 193327 193343 193359
193377 193486 193404 193431 193458
193487 193548 193502 193517 193532
193549 193664 193577 193605 193633
193665 193733 193682 193699 193716
193734 193806 193752 193770 193788
193807 193904 193831 193855 193879
193905 193958 193918 193931 193944
193959 194032 193977 193995 194013
194033 194062 194040 194047 194054
194063 194121 194077 194091 194105
194122 194151 194129 194136 194143
194152 194205 194165 194178 194191
194206 194245 194215 194224 194233
194246 194308 194261 194276 194291
194309 194354 194320 194331 194342
194355 194474 194384 194413 194442
194475 194521 194486 194497 194508
194522 194607 194543 194564 194585
194608 194644 194617 194626 194635
194645 194678 194653 194661 194669
194679 194695 194683 194687 194691
194696 194724 194703 194710 194717
194725 194765 194735 194745 194755
194766 194823 194780 194794 194808
194824 194892 194841 194858 194875
194893 194967 194911 194929 194947
194968 195044 194975 194982 195033
195045 195211 195086 195127 195168
195212 195264 195225 195238 195251
195265 195311 195276 195287 195298
195312 195518 195363 195414 195465
195519 195639 195549 195579 195609
195640 195928 195712 195784 195856
195929 196023 195952 195975 195998
196024 196247 196079 196134 196189
196248 196338 196270 196292 196314
196339 196525 196385 196431 196477
196526 196601 196544 196562 196580
196602 196718 196631 196660 196689
196719 196776 196733 196747 196761
196777 197182 196878 196979 197080
197183 197267 197204 197225 197246
197268 197330 197283 197298 197313
197331 197374 197341 197351 197361
197375 197598 197430 197485 197540
197599 197648 197611 197623 197635
197649 197715 197665 197681 197697
197716 197749 197724 197732 197740
197750 197795 197761 197772 197783
197796 197837 197806 197816 197826
197838 197874 197847 197856 197865
197875 198144 197942 198009 198076
198145 198251 198171 198197 198223
198252 198334 198272 198292 198312
198335 198464 198367 198399 198431
198465 198579 198493 198521 198549
198580 198736 198619 198658 198697
198737 198841 198763 198789 198815
198842 198962 198872 198902 198932
198963 199014 198975 198987 198999
199015 199122 199041 199067 199093
199123 199248 199154 199185 199216
199249 199362 199277 199305 199333
199363 199538 199406 199449 199492
199539 199719 199584 199629 199674
199720 199770 199732 199744 199756
199771 199827 199785 199799 199813
199828 199884 199842 199856 199870
199885 199924 199894 199903 199912
199925 199973 199937 199949 199961
199974 200065 199996 200018 200040
200066 200103 200075 200084 200093
200104 200135 200111 200118 200125
200136 200203 200152 200168 200184
200204 200257 200217 200230 200243
200258 200296 200267 200276 200285
200297 200347 200309 200321 200333
200348 200375 200354 200360 200366
200376 200431 200389 200402 200415
200432 200459 200438 200444 200450
200460 201031 200602 200744 200886
201032 201093 201047 201062 201077
201094 201152 201108 201122 201136
201153 201311 201192 201231 201270
201312 201364 201325 201338 201351
201365 201404 201374 201383 201392
201405 201515 201432 201459 201486
201516 201552 201525 201534 201543
201553 201588 201561 201569 201577
201589 201730 201624 201659 201694
201731 201756 201737 201743 201749
201757 201785 201764 201771 201778
201786 201812 201792 201798 201804
201813 201862 201825 201837 201849
201863 201881 201867 201871 201875
201882 201917 201890 201898 201906
201918 201949 201925 201932 201939
201950 201994 201961 201972 201983
201995 202034 202004 202013 202022
202035 202068 202043 202051 202059
202069 202110 202079 202089 202099
202111 202314 202161 202211 202261
202315 202335 202320 202325 202330
202336 202355 202340 202344 202348
202356 202386 202363 202370 202377
202387 202413 202393 202399 202405
202414 202430 202418 202422 202426
202431 202462 202438 202445 202452
202463 202488 202469 202475 202481
202489 202515 202495 202501 202507
202516 202537 202521 202526 202531
202538 202635 202562 202586 202610
202636 202658 202641 202646 202651
202659 202702 202669 202679 202689
202703 202728 202709 202715 202721
202729 202755 202735 202741 202747
202756 202797 202766 202776 202786
202798 202842 202809 202820 202831
202843 202871 202850 202857 202864
202872 202899 202878 202884 202890
202900 202972 202918 202936 202954
202973 203017 202984 202995 203006
203018 203072 203031 203044 203057
203073 203120 203084 203095 203106
203121 203198 203140 203159 203178
203199 203270 203216 203233 203250
203271 203402 203303 203335 203367
203403 203486 203423 203443 203463
203487 206589 204262 205037 205812
206590 206694 206616 206642 206668
206695 206777 206715 206735 206755
206778 206853 206796 206814 206832
206854 206990 206888 206922 206956
206991 207040 207003 207015 207027
207041 207184 207076 207111 207146
207185 207225 207195 207205 207215
207226 207278 207239 207252 207265
207279 207326 207290 207301 207312
207327 207353 207333 207339 207345
207354 207419 207370 207386 207402
207420 207625 207471 207522 207573
207626 207686 207641 207656 207671
207687 207848 207727 207767 207807
207849 207953 207875 207901 207927
207954 208256 208029 208104 208179
208257 208357 208282 208307 208332
208358 208454 208382 208406 208430
208455 208530 208473 208491 208509
208531 208573 208541 208551 208561
208574 208622 208586 208598 208610
208623 209007 208719 208815 208911
209008 209043 209016 209024 209032
209044 209118 209062 209080 209098
209119 209364 209180 209241 209302
209365 209615 209427 209489 209551
209616 210179 209711 209806 210132
210180 210255 210198 210216 210234
210256 210431 210299 210342 210385
210432 210531 210456 210480 210504
210532 210778 210593 210654 210715
210779 210863 210800 210821 210842
210864 211796 211097 211330 211563
211797 211995 211846 211895 211944
211996 212296 212071 212146 212221
212297 212366 212314 212331 212348
212367 212454 212388 212409 212430
212455 212497 212465 212475 212485
212498 212549 212510 212522 212534
212550 212659 212577 212604 212631
212660 212712 212673 212686 212699
212713 212840 212744 212775 212806
212841 212915 212859 212877 212895
212916 212976 212931 212946 212961
212977 213069 213000 213023 213046
213070 213161 213092 213114 213136
213162 213389 213218 213274 213330
213390 213412 213395 213400 213405
213413 213450 213422 213431 213440
213451 213500 213463 213475 213487
213501 213550 213513 213525 213537
213551 213590 213560 213569 213578
213591 213639 213603 213615 213627
213640 213719 213659 213678 213697
213720 213907 213766 213812 213858
213908 213966 213922 213936 213950
213967 214052 213988 214009 214030
214053 214116 214068 214083 214098
214117 214154 214126 214135 214144
214155 214312 214194 214233 214272
214313 214440 214344 214375 214406
214441 214517 214460 214479 214498
214518 214577 214532 214546 214560
214578 214616 214587 214596 214605
214617 214682 214633 214649 214665
214683 214738 214696 214709 214722
214739 214779 214749 214759 214769
214780 214849 214797 214814 214831
214850 214933 214870 214890 214910
214934 215046 214962 214990 215018
215047 215104 215061 215075 215089
215105 215154 215117 215129 215141
215155 215184 215162 215169 215176
215185 226967 217638 220091 226473
226968 227159 227015 227062 227109
