0 130 32 64 96
131 1059 363 595 827
1060 1344 1131 1202 1273
1345 1464 1374 1403 1432
1465 1670 1516 1567 1618
1671 1804 1704 1737 1770
1805 2101 1879 1953 2027
2102 3504 2452 2802 3152
3505 3785 3575 3645 3715
3786 4840 4049 4312 4575
4841 5405 4982 5123 5264
5406 5485 5425 5444 5463
5486 5747 5551 5616 5681
5748 5777 5755 5762 5769
5778 6496 5957 6136 6315
6497 6581 6518 6539 6560
6582 7209 6738 6894 7050
7210 7377 7251 7292 7333
7378 7697 7457 7536 7615
7698 8263 7839 7980 8121
8264 8466 8314 8364 8414
8467 8875 8569 8671 8773
8876 8966 8898 8920 8942
8967 9407 9077 9187 9297
9408 9449 9418 9428 9438
9450 9731 9520 9590 9660
9732 10021 9804 9876 9948
10022 10344 10102 10182 10262
10345 10424 10364 10383 10402
10425 10542 10454 10483 10512
10543 10872 10625 10707 10789
10873 11146 10941 11009 11077
11147 11233 11168 11189 11210
11234 11769 11367 11500 11633
11770 11971 11820 11870 11920
11972 12030 11986 12000 12014
12031 12147 12060 12089 12118
12148 12549 12248 12348 12448
12550 12666 12579 12608 12637
12667 13006 12751 12835 12919
13007 13058 13019 13031 13043
13059 13295 13118 13177 13236
13296 13386 13318 13340 13362
13387 13727 13472 13557 13642
13728 13882 13766 13804 13842
13883 13996 13911 13939 13967
13997 14051 14010 14023 14036
14052 14085 14060 14068 14076
14086 14252 14127 14168 14209
14253 14306 14266 14279 14292
14307 14345 14316 14325 14334
14346 14383 14355 14364 14373
14384 14484 14409 14434 14459
14485 14536 14497 14509 14521
14537 14561 14543 14549 14555
14562 14620 14576 14590 14604
14621 14644 14626 14631 14636
14645 14689 14656 14667 14678
14690 14761 14707 14724 14741
14762 14861 14786 14810 14834
14862 14887 14868 14874 14880
14888 14949 14903 14918 14933
14950 15037 14962 14974 15027
15038 15056 15042 15046 15050
15057 15075 15061 15065 15069
15076 15094 15080 15084 15088
15095 15115 15100 15105 15110
15116 15134 15120 15124 15128
15135 15276 15170 15205 15240
15277 15296 15281 15285 15289
15297 15364 15313 15329 15345
15365 15548 15410 15455 15500
15549 15611 15564 15579 15594
15612 15705 15635 15658 15681
15706 15763 15720 15734 15748
15764 15781 15768 15772 15776
15782 15804 15787 15792 15797
15805 15867 15820 15835 15850
15868 15926 15882 15896 15910
15927 15962 15935 15943 15951
15963 16036 15981 15999 16017
16037 16143 16063 16089 16115
16144 16269 16175 16206 16237
16270 16286 16274 16278 16282
16287 16406 16316 16345 16374
16407 16444 16416 16425 16434
16445 16469 16451 16457 16463
16470 16519 16482 16494 16506
16520 16548 16527 16534 16541
16549 16628 16568 16587 16606
16629 16660 16636 16643 16650
16661 16679 16665 16669 16673
16680 16713 16688 16696 16704
16714 16792 16733 16752 16771
16793 16881 16815 16837 16859
16882 16947 16898 16914 16930
16948 16981 16956 16964 16972
16982 17025 16992 17002 17012
17026 17057 17033 17040 17047
17058 17162 17084 17110 17136
17163 17201 17172 17181 17190
17202 17242 17212 17222 17232
17243 17301 17257 17271 17285
17302 17460 17341 17380 17419
17461 17496 17469 17477 17485
17497 17549 17510 17523 17536
17550 17581 17557 17564 17571
17582 17599 17586 17590 17594
17600 17622 17605 17610 17615
17623 17644 17628 17633 17638
17645 17695 17657 17669 17681
17696 17741 17707 17718 17729
17742 17794 17755 17768 17781
17795 17867 17813 17831 17849
17868 17895 17874 17880 17886
17896 17912 17900 17904 17908
17913 17959 17924 17935 17946
17960 18012 17973 17986 17999
18013 18085 18031 18049 18067
18086 18161 18104 18122 18140
18162 18337 18205 18248 18291
18338 18396 18352 18366 18380
18397 18434 18406 18415 18424
18435 18477 18445 18455 18465
18478 18620 18513 18548 18583
18621 18656 18629 18637 18645
18657 18691 18665 18673 18681
18692 18766 18710 18728 18746
18767 18809 18777 18787 18797
18810 18887 18829 18848 18867
18888 19037 18925 18962 18999
19038 19195 19077 19116 19155
19196 19279 19216 19236 19256
19280 19577 19354 19428 19502
19578 19646 19595 19612 19629
19647 19697 19659 19671 19683
19698 19912 19751 19804 19857
19913 20083 19955 19997 20039
20084 20367 20154 20224 20294
20368 20605 20427 20486 20545
20606 20623 20610 20614 20618
20624 20645 20629 20634 20639
20646 20671 20652 20658 20664
20672 20887 20725 20778 20831
20888 20922 20896 20904 20912
20923 20952 20930 20937 20944
20953 20998 20964 20975 20986
20999 21060 21014 21029 21044
21061 21181 21091 21121 21151
21182 21366 21228 21274 21320
21367 21514 21403 21439 21475
21515 21612 21539 21563 21587
21613 21752 21647 21681 21715
21753 21903 21790 21827 21864
21904 21983 21923 21942 21961
21984 22272 22056 22128 22200
22273 22355 22293 22313 22333
22356 22383 22362 22368 22374
22384 22576 22432 22480 22528
22577 22923 22663 22749 22835
22924 23083 22963 23002 23041
23084 23271 23130 23176 23222
23272 23377 23298 23324 23350
23378 23786 23480 23582 23684
23787 24053 23853 23919 23985
24054 24070 24058 24062 24066
24071 24622 24208 24345 24482
24623 24803 24668 24713 24758
24804 24839 24812 24820 24828
24840 24897 24854 24868 24882
24898 24938 24908 24918 24928
24939 25202 25004 25069 25134
25203 25263 25218 25233 25248
25264 25367 25289 25314 25339
25368 25395 25374 25380 25386
25396 25425 25403 25410 25417
25426 25457 25433 25440 25447
25458 25502 25469 25480 25491
25503 25696 25551 25599 25647
25697 25717 25702 25707 25712
25718 25769 25730 25742 25754
25770 25840 25787 25804 25821
25841 25862 25846 25851 25856
25863 25879 25867 25871 25875
25880 25950 25897 25914 25931
25951 25977 25957 25963 25969
25978 25995 25982 25986 25990
25996 26041 26007 26018 26029
26042 26083 26052 26062 26072
26084 26142 26098 26112 26126
26143 26191 26155 26167 26179
26192 26257 26208 26224 26240
26258 26276 26262 26266 26270
26277 26303 26283 26289 26295
26304 26351 26315 26326 26337
26352 26435 26372 26392 26412
26436 26512 26455 26474 26493
26513 26579 26529 26545 26561
26580 26642 26595 26610 26625
26643 26673 26650 26657 26664
26674 26704 26681 26688 26695
26705 26877 26748 26791 26834
26878 26899 26883 26888 26893
26900 26936 26909 26918 26927
26937 27042 26963 26989 27015
27043 27085 27053 27063 27073
27086 27135 27098 27110 27122
27136 27173 27145 27154 27163
27174 27229 27187 27200 27213
27230 27298 27247 27264 27281
27299 27374 27317 27335 27353
27375 27405 27382 27389 27396
27406 27437 27413 27420 27427
27438 27477 27447 27456 27465
27478 27518 27488 27498 27508
27519 27549 27526 27533 27540
27550 27584 27558 27566 27574
27585 27635 27597 27609 27621
27636 27693 27650 27664 27678
27694 27789 27717 27740 27763
27790 27864 27808 27826 27844
27865 27979 27893 27921 27949
27980 28062 28000 28020 28040
28063 28113 28075 28087 28099
28114 28173 28128 28142 28156
28174 28213 28183 28192 28201
28214 28259 28225 28236 28247
28260 28294 28268 28276 28284
28295 28329 28303 28311 28319
28330 28361 28337 28344 28351
28362 28402 28372 28382 28392
28403 28419 28407 28411 28415
28420 28501 28440 28460 28480
28502 28538 28511 28520 28529
28539 28555 28543 28547 28551
28556 28605 28568 28580 28592
28606 28640 28614 28622 28630
28641 28680 28650 28659 28668
28681 28713 28689 28697 28705
28714 28759 28725 28736 28747
28760 28786 28766 28772 28778
28787 28822 28795 28803 28811
28823 28879 28837 28851 28865
28880 28939 28894 28908 28922
28940 29036 28964 28988 29012
29037 29090 29050 29063 29076
29091 29134 29101 29111 29121
29135 29202 29151 29167 29183
29203 29241 29212 29221 29230
29242 29270 29249 29256 29263
29271 29290 29275 29279 29283
29291 29352 29306 29321 29336
29353 29395 29363 29373 29383
29396 29426 29403 29410 29417
29427 29457 29434 29441 29448
29458 29496 29467 29476 29485
29497 29554 29511 29525 29539
29555 29586 29562 29569 29576
29587 29625 29596 29605 29614
29626 29679 29639 29652 29665
29680 29702 29685 29690 29695
29703 29733 29710 29717 29724
29734 29882 29771 29808 29845
29883 29927 29894 29905 29916
29928 29967 29937 29946 29955
29968 30007 29975 29982 30003
30008 30059 30020 30032 30044
30060 30176 30089 30118 30147
30177 30225 30189 30201 30213
30226 30259 30234 30242 30250
30260 30320 30275 30290 30305
30321 30342 30326 30331 30336
30343 30401 30357 30371 30385
30402 30440 30411 30420 30429
30441 30481 30451 30461 30471
30482 30509 30488 30494 30500
30510 30536 30516 30522 30528
30537 30571 30545 30553 30561
30572 30616 30583 30594 30605
30617 30668 30629 30641 30653
30669 30741 30687 30705 30723
30742 30768 30748 30754 30760
30769 30796 30775 30781 30787
30797 30832 30805 30813 30821
30833 30852 30837 30841 30845
30853 30898 30864 30875 30886
30899 30945 30910 30921 30932
30946 30984 30955 30964 30973
30985 31017 30993 31001 31009
31018 31084 31034 31050 31066
31085 31119 31093 31101 31109
31120 31172 31133 31146 31159
31173 31213 31183 31193 31203
31214 31276 31229 31244 31259
31277 31305 31284 31291 31298
31306 31478 31349 31392 31435
31479 31627 31516 31553 31590
31628 31686 31642 31656 31670
31687 31727 31697 31707 31717
31728 31793 31744 31760 31776
31794 31810 31798 31802 31806
31811 31847 31820 31829 31838
31848 31871 31853 31858 31863
31872 31911 31881 31890 31899
31912 31931 31916 31920 31924
31932 31966 31940 31948 31956
31967 32020 31980 31993 32006
32021 32063 32031 32041 32051
32064 32112 32076 32088 32100
32113 32173 32128 32143 32158
32174 32200 32180 32186 32192
32201 32260 32215 32229 32243
32261 32284 32266 32271 32276
32285 32373 32307 32329 32351
32374 32427 32387 32400 32413
32428 32467 32437 32446 32455
32468 32499 32475 32482 32489
32500 32572 32518 32536 32554
32573 32643 32590 32607 32624
32644 32688 32655 32666 32677
32689 32781 32712 32735 32758
32782 32817 32790 32798 32806
32818 32862 32829 32840 32851
32863 32911 32875 32887 32899
32912 32935 32917 32922 32927
32936 32974 32945 32954 32963
32975 33072 32999 33023 33047
33073 33103 33080 33087 33094
33104 33137 33112 33120 33128
33138 33164 33144 33150 33156
33165 33191 33171 33177 33183
33192 33220 33199 33206 33213
33221 33246 33227 33233 33239
33247 33271 33253 33259 33265
33272 33300 33279 33286 33293
33301 33450 33338 33375 33412
33451 33478 33457 33463 33469
33479 33540 33494 33509 33524
33541 33586 33552 33563 33574
33587 33667 33607 33627 33647
33668 33694 33674 33680 33686
33695 33737 33705 33715 33725
33738 33768 33745 33752 33759
33769 33789 33774 33779 33784
33790 33816 33796 33802 33808
33817 33872 33830 33843 33856
33873 33889 33877 33881 33885
33890 33917 33896 33902 33908
33918 33941 33923 33928 33933
33942 33977 33950 33958 33966
33978 34035 33992 34006 34020
34036 34048 34039 34042 34045
34049 34061 34052 34055 34058
34062 34082 34067 34072 34077
34083 34153 34100 34117 34134
34154 34183 34161 34168 34175
34184 34238 34197 34210 34223
34239 34275 34248 34257 34266
34276 34336 34291 34306 34321
34337 34354 34341 34345 34349
34355 34379 34361 34367 34373
34380 34412 34388 34396 34404
34413 34444 34420 34427 34434
34445 34467 34450 34455 34460
34468 34526 34482 34496 34510
34527 34585 34541 34555 34569
34586 34604 34590 34594 34598
34605 34638 34613 34621 34629
34639 34667 34646 34653 34660
34668 34700 34676 34684 34692
34701 34735 34709 34717 34725
34736 34783 34747 34758 34769
34784 34859 34802 34820 34838
34860 34877 34864 34868 34872
34878 34904 34884 34890 34896
34905 34952 34916 34927 34938
34953 34998 34964 34975 34986
34999 35052 35012 35025 35038
35053 35087 35061 35069 35077
35088 35128 35098 35108 35118
35129 35231 35154 35179 35204
35232 35296 35248 35264 35280
35297 35411 35325 35353 35381
35412 35462 35424 35436 35448
35463 35539 35482 35501 35520
35540 35615 35558 35576 35594
35616 35663 35627 35638 35649
35664 35720 35678 35692 35706
35721 35742 35726 35731 35736
35743 35774 35750 35757 35764
35775 35843 35792 35809 35826
35844 35876 35852 35860 35868
35877 35976 35901 35925 35949
35977 35999 35982 35987 35992
36000 36016 36004 36008 36012
36017 36074 36031 36045 36059
36075 36460 36171 36267 36363
36461 36869 36563 36665 36767
36870 38192 37200 37530 37860
38193 38238 38204 38215 38226
38239 38373 38272 38305 38338
38374 39030 38538 38702 38866
39031 39133 39056 39081 39106
39134 39484 39221 39308 39395
39485 39666 39530 39575 39620
39667 39752 39688 39709 39730
39753 40269 39882 40011 40140
40270 40765 40393 40516 40639
40766 41009 40826 40886 40946
41010 41256 41071 41132 41193
41257 41819 41397 41537 41677
41820 41927 41846 41872 41898
41928 42114 41974 42020 42066
42115 42322 42166 42217 42268
42323 42434 42350 42377 42404
42435 42490 42448 42461 42474
42491 42602 42518 42545 42572
42603 42777 42646 42689 42732
42778 42914 42812 42846 42880
42915 43040 42946 42977 43008
43041 43152 43068 43095 43122
43153 43526 43246 43339 43432
43527 43793 43593 43659 43725
43794 44001 43845 43896 43947
44002 44664 44167 44332 44497
44665 44799 44698 44731 44764
44800 44882 44820 44840 44860
44883 45845 44912 44941 45633
45846 46118 45914 45982 46050
46119 46289 46161 46203 46245
46290 46642 46378 46466 46554
46643 46900 46707 46771 46835
46901 47143 46961 47021 47081
47144 47508 47235 47326 47417
47509 47685 47553 47597 47641
47686 47916 47743 47800 47857
47917 48263 48003 48089 48175
48264 48459 48312 48360 48408
48460 48652 48508 48556 48604
48653 48859 48704 48755 48806
48860 48995 48893 48926 48959
48996 49166 49038 49080 49122
49167 49336 49209 49251 49293
49337 49583 49398 49459 49520
49584 49874 49656 49728 49800
49875 50035 49915 49955 49995
50036 50402 50127 50218 50309
50403 50559 50442 50481 50520
50560 50688 50592 50624 50656
50689 50739 50701 50713 50725
50740 51052 50818 50896 50974
51053 51748 51226 51399 51572
51749 52014 51815 51881 51947
52015 52073 52029 52043 52057
52074 52129 52087 52100 52113
52130 52189 52144 52158 52172
52190 52360 52232 52274 52316
52361 52810 52473 52585 52697
52811 53053 52871 52931 52991
53054 53161 53080 53106 53132
53162 53285 53192 53222 53252
53286 53413 53317 53348 53379
53414 53555 53449 53484 53519
53556 53621 53572 53588 53604
53622 53756 53655 53688 53721
53757 53848 53779 53801 53823
53849 54090 53909 53969 54029
54091 54170 54110 54129 54148
54171 54331 54211 54251 54291
54332 54898 54473 54614 54755
54899 55199 54974 55049 55124
55200 55289 55222 55244 55266
55290 55506 55344 55398 55452
55507 55587 55527 55547 55567
55588 55637 55600 55612 55624
55638 55742 55664 55690 55716
55743 55863 55773 55803 55833
55864 55889 55870 55876 55882
55890 55921 55897 55904 55911
55922 56040 55951 55980 56009
56041 56172 56073 56105 56137
56173 56256 56193 56213 56233
56257 56505 56319 56381 56443
56506 57109 56656 56806 56956
57110 57246 57144 57178 57212
57247 57861 57400 57553 57706
57862 58148 57933 58004 58075
58149 58195 58160 58171 58182
58196 58280 58217 58238 58259
58281 58637 58370 58459 58548
58638 58724 58659 58680 58701
58725 58846 58755 58785 58815
58847 58898 58859 58871 58883
58899 59854 59137 59375 59613
59855 59958 59880 59905 59930
59959 60428 59969 59979 60321
60429 60595 60470 60511 60552
60596 60798 60646 60696 60746
60799 60862 60814 60829 60844
60863 61070 60914 60965 61016
61071 61167 61095 61119 61143
61168 61206 61177 61186 61195
61207 61316 61234 61261 61288
61317 61414 61341 61365 61389
61415 61450 61423 61431 61439
61451 62009 61590 61729 61868
62010 62045 62018 62026 62034
62046 62088 62056 62066 62076
62089 62837 62276 62463 62650
62838 62886 62850 62862 62874
62887 63261 62980 63073 63166
63262 63378 63291 63320 63349
63379 63490 63406 63433 63460
63491 63979 63613 63735 63857
63980 64070 64002 64024 64046
64071 64332 64136 64201 64266
64333 64421 64355 64377 64399
64422 64560 64456 64490 64524
64561 64697 64595 64629 64663
64698 64912 64751 64804 64857
64913 64993 64933 64953 64973
64994 65131 65028 65062 65096
65132 65191 65146 65160 65174
65192 65260 65209 65226 65243
65261 65325 65277 65293 65309
65326 65451 65357 65388 65419
65452 65546 65475 65498 65521
65547 65667 65577 65607 65637
65668 65756 65690 65712 65734
65757 65892 65790 65823 65856
65893 66565 66061 66229 66397
66566 66689 66596 66626 66656
66690 66908 66744 66798 66852
66909 66981 66927 66945 66963
66982 67079 67006 67030 67054
67080 67275 67128 67176 67224
67276 67437 67316 67356 67396
67438 67677 67497 67556 67615
67678 68495 67882 68086 68290
68496 68527 68503 68510 68517
68528 68671 68563 68598 68633
68672 68765 68695 68718 68741
68766 69104 68850 68934 69018
69105 69167 69120 69135 69150
69168 69226 69182 69196 69210
69227 69296 69244 69261 69278
69297 69366 69314 69331 69348
69367 69397 69374 69381 69388
69398 69575 69442 69486 69530
69576 70052 69695 69814 69933
70053 70086 70061 70069 70077
70087 70227 70122 70157 70192
70228 70438 70280 70332 70384
70439 70461 70444 70449 70454
70462 70590 70494 70526 70558
70591 70743 70629 70667 70705
70744 70816 70762 70780 70798
70817 70912 70840 70863 70886
70913 70955 70923 70933 70943
70956 71172 71010 71064 71118
71173 71644 71290 71407 71524
71645 72078 71753 71861 71969
72079 72311 72137 72195 72253
72312 72453 72347 72382 72417
72454 72514 72469 72484 72499
72515 72771 72579 72643 72707
72772 72949 72816 72860 72904
72950 73040 72972 72994 73016
73041 73290 73103 73165 73227
73291 73628 73375 73459 73543
73629 73939 73706 73783 73860
73940 74609 74107 74274 74441
74610 74840 74667 74724 74781
74841 75231 74880 74919 75171
75232 75434 75282 75332 75382
75435 75515 75455 75475 75495
75516 76505 75763 76010 76257
76506 76589 76526 76546 76566
76590 76743 76628 76666 76704
76744 76849 76770 76796 76822
76850 76916 76866 76882 76898
76917 77099 76962 77007 77052
77100 77196 77124 77148 77172
77197 77487 77269 77341 77413
77488 78095 77639 77790 77941
78096 78270 78139 78182 78225
78271 79718 78632 78993 79354
79719 79819 79744 79769 79794
79820 80417 79969 80118 80267
80418 80654 80477 80536 80595
80655 80928 80723 80791 80859
80929 80999 80946 80963 80980
81000 81048 81012 81024 81036
81049 81864 81252 81455 81658
81865 82300 81973 82081 82189
82301 82858 82440 82579 82718
82859 83444 83005 83151 83297
83445 83775 83527 83609 83691
83776 83916 83811 83846 83881
83917 84485 84059 84201 84343
84486 84531 84497 84508 84519
84532 84611 84551 84570 84589
84612 84904 84685 84758 84831
84905 85013 84932 84959 84986
85014 85202 85061 85108 85155
85203 85660 85317 85431 85545
85661 85776 85689 85717 85745
85777 85804 85783 85789 85795
85805 85836 85812 85819 85826
85837 85861 85843 85849 85855
85862 85909 85873 85884 85895
85910 86177 85976 86042 86108
86178 86238 86193 86208 86223
86239 86518 86308 86377 86446
86519 86630 86546 86573 86600
86631 86803 86674 86717 86760
86804 86856 86817 86830 86843
86857 87039 86902 86947 86992
87040 87244 87091 87142 87193
87245 87287 87255 87265 87275
87288 87434 87324 87360 87396
87435 87527 87458 87481 87504
87528 88625 87802 88076 88350
88626 88704 88645 88664 88683
88705 89266 88845 88985 89125
89267 89434 89308 89349 89390
89435 90143 89576 89717 90105
90144 90383 90203 90262 90321
90384 90482 90408 90432 90456
90483 90561 90502 90521 90540
90562 90838 90631 90700 90769
90839 91064 90895 90951 91007
91065 91153 91087 91109 91131
91154 91383 91211 91268 91325
91384 91521 91418 91452 91486
91522 92175 91685 91848 92011
92176 92259 92196 92216 92236
92260 92441 92305 92350 92395
92442 92547 92468 92494 92520
92548 93328 92743 92938 93133
93329 93496 93370 93411 93452
93497 93625 93529 93561 93593
93626 93740 93654 93682 93710
93741 94762 93996 94251 94506
94763 94857 94786 94809 94832
94858 95735 95077 95296 95515
95736 96111 95829 95922 96015
96112 96256 96148 96184 96220
96257 96339 96277 96297 96317
96340 96402 96355 96370 96385
96403 96468 96419 96435 96451
96469 96659 96516 96563 96610
96660 97062 96760 96860 96960
97063 97179 97092 97121 97150
97180 97312 97213 97246 97279
97313 97428 97341 97369 97397
97429 97574 97465 97501 97537
97575 97684 97602 97629 97656
97685 97803 97714 97743 97772
97804 97951 97840 97876 97912
97952 98265 98030 98108 98186
98266 98725 98380 98494 98608
98726 99056 98808 98890 98972
99057 99259 99107 99157 99207
99260 99354 99283 99306 99329
99355 99803 99467 99579 99691
99804 99962 99843 99882 99921
99963 100063 99988 100013 100038
100064 100180 100093 100122 100151
100181 100625 100292 100403 100514
100626 100867 100686 100746 100806
100868 100940 100886 100904 100922
100941 101225 101012 101083 101154
101226 101441 101279 101332 101385
101442 102514 101710 101978 102246
102515 102667 102553 102591 102629
102668 102804 102702 102736 102770
102805 102822 102809 102813 102817
102823 102913 102845 102867 102889
102914 102980 102930 102946 102962
102981 103977 103230 103479 103728
103978 104303 104059 104140 104221
104304 104529 104360 104416 104472
104530 104632 104555 104580 104605
104633 105352 104724 104815 105264
105353 106030 105522 105691 105860
106031 106297 106097 106163 106229
106298 106687 106395 106492 106589
106688 106925 106747 106806 106865
106926 107261 107009 107092 107175
107262 107643 107357 107452 107547
107644 107908 107710 107776 107842
107909 108113 107960 108011 108062
108114 108231 108143 108172 108201
108232 108609 108326 108420 108514
108610 108706 108634 108658 108682
108707 109148 108817 108927 109037
109149 109254 109175 109201 109227
109255 109397 109290 109325 109360
109398 109602 109449 109500 109551
109603 109813 109655 109707 109759
109814 110018 109865 109916 109967
110019 110438 110123 110227 110331
110439 111302 110654 110869 111084
111303 111622 111382 111461 111540
111623 111772 111660 111697 111734
111773 112026 111836 111899 111962
112027 112298 112094 112161 112228
112299 112438 112333 112367 112401
112439 112675 112498 112557 112616
112676 112763 112697 112718 112739
112764 112857 112787 112810 112833
112858 113029 112900 112942 112984
113030 113181 113067 113104 113141
113182 113522 113267 113352 113437
113523 113820 113597 113671 113745
113821 114162 113906 113991 114076
114163 114383 114218 114273 114328
114384 114453 114401 114418 114435
114454 115257 114654 114854 115054
115258 115455 115307 115356 115405
115456 115563 115482 115508 115534
115564 115667 115589 115614 115639
115668 115781 115696 115724 115752
115782 115927 115818 115854 115890
115928 116118 115975 116022 116069
116119 116390 116186 116253 116320
116391 116987 116540 116689 116838
116988 118281 117311 117634 117957
118282 118479 118331 118380 118429
118480 118851 118572 118664 118756
118852 118936 118873 118894 118915
118937 119011 118955 118973 118991
119012 119149 119046 119080 119114
119150 119296 119186 119222 119258
119297 119379 119317 119337 119357
119380 119672 119453 119526 119599
119673 119758 119694 119715 119736
119759 119813 119772 119785 119798
119814 119865 119826 119838 119850
119866 120066 119899 119932 120048
120067 120324 120131 120195 120259
120325 120450 120356 120387 120418
120451 120870 120555 120659 120763
120871 121204 120954 121037 121120
121205 121379 121248 121291 121334
121380 121618 121439 121498 121557
121619 121877 121683 121747 121811
121878 121982 121904 121930 121956
121983 122083 122008 122033 122058
122084 122528 122195 122306 122417
122529 122892 122619 122709 122799
122893 123075 122938 122983 123028
123076 123199 123106 123136 123166
123200 123600 123300 123400 123500
123601 123751 123638 123675 123712
123752 124386 123910 124068 124226
124387 124448 124402 124417 124432
124449 124570 124479 124509 124539
124571 125023 124684 124797 124910
125024 125221 125073 125122 125171
125222 125443 125277 125332 125387
125444 125868 125550 125656 125762
125869 125961 125892 125915 125938
125962 126419 126076 126190 126304
126420 126473 126433 126446 126459
126474 126539 126490 126506 126522
126540 126694 126578 126616 126654
126695 126767 126713 126731 126749
126768 126934 126809 126850 126891
126935 127028 126958 126981 127004
127029 127167 127063 127097 127131
127168 127558 127265 127362 127459
127559 128016 127673 127787 127901
128017 128110 128040 128063 128086
128111 128453 128196 128281 128366
128454 128918 128570 128686 128802
128919 129337 129023 129127 129231
129338 130090 129526 129714 129902
130091 130309 130145 130199 130253
130310 130565 130373 130436 130499
130566 130981 130669 130772 130875
130982 131177 131030 131078 131126
131178 132089 131405 131632 131859
132090 132716 132246 132402 132558
132717 133030 132795 132873 132951
133031 133263 133089 133147 133205
133264 133955 133436 133608 133780
133956 133987 133963 133970 133977
133988 134044 134002 134016 134030
134045 134075 134052 134059 134066
134076 134151 134094 134112 134130
134152 134260 134179 134206 134233
134261 134334 134279 134297 134315
134335 134482 134371 134407 134443
134483 134589 134509 134535 134561
134590 135983 134692 134794 135735
135984 136209 136040 136096 136152
136210 137832 136615 137020 137425
137833 138428 137981 138129 138277
138429 138859 138536 138643 138750
138860 139307 138971 139082 139193
139308 139665 139397 139486 139575
139666 139722 139680 139694 139708
139723 139798 139741 139759 139777
139799 139834 139807 139815 139823
139835 139870 139843 139851 139859
139871 139927 139885 139899 139913
139928 140002 139946 139964 139982
140003 140185 140048 140093 140138
140186 140269 140206 140226 140246
140270 140289 140274 140278 140282
140290 140751 140405 140520 140635
140752 141245 140875 140998 141121
141246 141661 141349 141452 141555
141662 142248 141808 141954 142100
142249 142389 142284 142319 142354
142390 143105 142568 142746 142924
143106 143226 143136 143166 143196
143227 143274 143238 143249 143260
143275 143305 143282 143289 143296
143306 143466 143346 143386 143426
143467 143516 143479 143491 143503
143517 143580 143532 143547 143562
143581 143661 143601 143621 143641
143662 143752 143684 143706 143728
143753 143872 143782 143811 143840
143873 143967 143896 143919 143942
143968 144158 144015 144062 144109
144159 145683 144540 144921 145302
145684 145886 145734 145784 145834
145887 146061 145930 145973 146016
146062 146259 146111 146160 146209
146260 146607 146346 146432 146518
146608 146648 146618 146628 146638
146649 147420 146841 147033 147225
147421 147560 147455 147489 147523
147561 149448 148032 148503 148974
149449 149873 149555 149661 149767
149874 150055 149905 149936 150039
150056 150217 150096 150136 150176
150218 150388 150260 150302 150344
150389 150562 150432 150475 150518
150563 150877 150641 150719 150797
150878 151173 150951 151024 151097
151174 151492 151253 151332 151411
151493 151599 151519 151545 151571
151600 152160 151740 151880 152020
152161 152595 152269 152377 152485
152596 153088 152719 152842 152965
153089 153167 153108 153127 153146
153168 153732 153309 153450 153591
153733 154063 153815 153897 153979
154064 154164 154089 154114 154139
154165 154219 154178 154191 154204
154220 154723 154345 154470 154595
154724 155027 154799 154874 154949
155028 155274 155089 155150 155211
155275 155538 155340 155405 155470
155539 155839 155614 155689 155764
155840 156634 156038 156236 156434
156635 156779 156671 156707 156743
156780 156966 156826 156872 156918
156967 157437 157084 157201 157318
157438 157689 157500 157562 157624
157690 157746 157704 157718 157732
157747 157847 157772 157797 157822
157848 157890 157858 157868 157878
157891 158020 157923 157955 157987
158021 158058 158030 158039 158048
158059 158147 158081 158103 158125
158148 158182 158156 158164 158172
158183 158331 158220 158257 158294
158332 159045 158510 158688 158866
159046 159272 159102 159158 159214
159273 159322 159285 159297 159309
159323 160581 159637 159951 160265
160582 160650 160599 160616 160633
160651 160690 160660 160669 160678
160691 161147 160805 160919 161033
161148 161463 161226 161304 161382
161464 161522 161478 161492 161506
161523 161555 161531 161539 161547
161556 161581 161562 161568 161574
161582 161621 161591 161600 161609
161622 161694 161640 161658 161676
161695 161786 161717 161739 161761
161787 162073 161858 161929 162000
162074 162853 162268 162462 162656
162854 162930 162873 162892 162911
162931 163494 163071 163211 163351
163495 164356 163710 163925 164140
164357 164632 164425 164493 164561
164633 164967 164716 164799 164882
164968 165259 164975 164982 165192
165260 165331 165277 165294 165311
165332 165381 165344 165356 165368
165382 165430 165394 165406 165418
165431 165593 165471 165511 165551
165594 165916 165674 165754 165834
165917 166364 166028 166139 166250
166365 166483 166394 166423 166452
166484 166578 166507 166530 166553
166579 166681 166604 166629 166654
166682 167090 166784 166886 166988
167091 167297 167142 167193 167244
167298 167498 167348 167398 167448
167499 167589 167521 167543 167565
167590 167775 167636 167682 167728
167776 167865 167798 167820 167842
167866 168234 167958 168050 168142
168235 168807 168378 168521 168664
168808 168992 168854 168900 168946
168993 169251 169057 169121 169185
169252 169959 169428 169604 169780
169960 170066 169986 170012 170038
170067 170148 170087 170107 170127
170149 170220 170166 170183 170200
170221 170501 170291 170361 170431
170502 170966 170618 170734 170850
170967 171086 170996 171025 171054
171087 171159 171105 171123 171141
171160 171343 171205 171250 171295
171344 171501 171383 171422 171461
171502 171593 171524 171546 171568
171594 171684 171616 171638 171660
171685 171866 171730 171775 171820
171867 172010 171902 171937 171972
172011 172161 172048 172085 172122
172162 172273 172189 172216 172243
172274 172374 172299 172324 172349
172375 173425 172637 172899 173161
173426 173492 173442 173458 173474
173493 173554 173508 173523 173538
173555 174016 173670 173785 173900
174017 174132 174045 174073 174101
174133 174241 174160 174187 174214
174242 174288 174253 174264 174275
174289 174338 174301 174313 174325
174339 174566 174395 174451 174507
174567 174695 174599 174631 174663
174696 174744 174708 174720 174732
174745 174795 174757 174769 174781
174796 174860 174812 174828 174844
174861 174914 174874 174887 174900
174915 175195 174985 175055 175125
175196 175402 175247 175298 175349
175403 175577 175446 175489 175532
175578 175853 175646 175714 175782
175854 175987 175887 175920 175953
175988 176263 176056 176124 176192
176264 176383 176293 176322 176351
176384 176457 176402 176420 176438
176458 176511 176471 176484 176497
176512 176563 176524 176536 176548
176564 176903 176648 176732 176816
176904 176984 176924 176944 176964
176985 177027 176995 177005 177015
177028 177091 177043 177058 177073
177092 177218 177123 177154 177185
177219 177251 177227 177235 177243
177252 177328 177271 177290 177309
177329 177378 177341 177353 177365
177379 177440 177394 177409 177424
177441 177941 177566 177691 177816
177942 177995 177955 177968 177981
177996 178123 178027 178058 178089
178124 178314 178171 178218 178265
178315 178378 178330 178345 178360
178379 178524 178415 178451 178487
178525 178944 178629 178733 178837
178945 179042 178969 178993 179017
179043 179185 179078 179113 179148
179186 179287 179211 179236 179261
179288 179468 179333 179378 179423
179469 179501 179477 179485 179493
179502 179530 179509 179516 179523
179531 179567 179540 179549 179558
179568 179721 179606 179644 179682
179722 179791 179739 179756 179773
179792 179816 179798 179804 179810
179817 179857 179827 179837 179847
179858 179917 179872 179886 179900
179918 180312 179938 179958 180234
180313 180381 180330 180347 180364
180382 180419 180391 180400 180409
180420 180471 180432 180444 180456
180472 180578 180498 180524 180550
180579 181129 180716 180853 180990
181130 181231 181155 181180 181205
181232 181483 181294 181356 181418
181484 181602 181513 181542 181571
181603 181929 181684 181765 181846
181930 182982 182193 182456 182719
182983 186127 183769 184555 185341
186128 186534 186229 186330 186431
186535 187206 186702 186869 187036
187207 187555 187294 187381 187468
187556 187958 187656 187756 187856
187959 188172 188012 188065 188118
188173 188946 188366 188559 188752
188947 189252 189023 189099 189175
189253 189393 189288 189323 189358
189394 198553 190795 192196 197664
198554 198572 198558 198562 198566
198573 198615 198583 198593 198603
198616 199064 198728 198840 198952
199065 199367 199140 199215 199290
