0 3321 830 1660 2490
3322 3412 3344 3366 3388
3413 3441 3420 3427 3434
3442 3460 3446 3450 3454
3461 3527 3477 3493 3509
3528 3608 3548 3568 3588
3609 3657 3621 3633 3645
3658 3748 3680 3702 3724
3749 3785 3758 3767 3776
3786 3817 3793 3800 3807
3818 4121 3893 3968 4043
4122 4301 4166 4210 4254
4302 4565 4367 4432 4497
4566 4789 4621 4676 4731
4790 5005 4843 4896 4949
5006 5110 5032 5058 5084
5111 5258 5147 5183 5219
5259 5460 5309 5359 5409
5461 5504 5471 5481 5491
5505 5554 5517 5529 5541
5555 5605 5567 5579 5591
5606 5747 5641 5676 5711
5748 5778 5755 5762 5769
5779 5833 5792 5805 5818
5834 5856 5839 5844 5849
5857 5873 5861 5865 5869
5874 5891 5878 5882 5886
5892 5911 5896 5900 5904
5912 5928 5916 5920 5924
5929 5945 5933 5937 5941
5946 6044 5970 5994 6018
6045 6063 6049 6053 6057
6064 6080 6068 6072 6076
6081 6098 6085 6089 6093
6099 6117 6103 6107 6111
6118 6135 6122 6126 6130
6136 6154 6140 6144 6148
6155 6323 6197 6239 6281
6324 6448 6355 6386 6417
6449 6498 6461 6473 6485
6499 6559 6514 6529 6544
6560 6620 6575 6590 6605
6621 6640 6625 6629 6633
6641 6667 6647 6653 6659
6668 6711 6678 6688 6698
6712 6768 6726 6740 6754
6769 6789 6774 6779 6784
6790 6830 6800 6810 6820
6831 6872 6841 6851 6861
6873 6889 6877 6881 6885
6890 6906 6894 6898 6902
6907 6925 6911 6915 6919
6926 6964 6935 6944 6953
6965 6983 6969 6973 6977
6984 7079 7007 7030 7053
7080 7118 7089 7098 7107
7119 7165 7130 7141 7152
7166 7229 7181 7196 7211
7230 7246 7234 7238 7242
7247 7272 7253 7259 7265
7273 7344 7290 7307 7324
7345 7362 7349 7353 7357
7363 7402 7372 7381 7390
7403 7478 7421 7439 7457
7479 7510 7486 7493 7500
7511 7527 7515 7519 7523
7528 7589 7543 7558 7573
7590 7649 7604 7618 7632
7650 7735 7671 7692 7713
7736 7760 7742 7748 7754
7761 7781 7766 7771 7776
7782 7856 7800 7818 7836
7857 7900 7867 7877 7887
7901 7941 7911 7921 7931
7942 7954 7945 7948 7951
7955 7983 7962 7969 7976
7984 8001 7988 7992 7996
8002 8018 8006 8010 8014
8019 8035 8023 8027 8031
8036 8066 8043 8050 8057
8067 8140 8085 8103 8121
8141 8158 8145 8149 8153
8159 8176 8163 8167 8171
8177 8203 8183 8189 8195
8204 8231 8210 8216 8222
8232 8248 8236 8240 8244
8249 8272 8254 8259 8264
8273 8297 8279 8285 8291
8298 8333 8306 8314 8322
8334 8385 8346 8358 8370
8386 8438 8399 8412 8425
8439 8504 8455 8471 8487
8505 8536 8512 8519 8526
8537 8561 8543 8549 8555
8562 8578 8566 8570 8574
8579 8635 8593 8607 8621
8636 8653 8640 8644 8648
8654 8689 8662 8670 8678
8690 8720 8697 8704 8711
8721 8738 8725 8729 8733
8739 8764 8745 8751 8757
8765 8813 8777 8789 8801
8814 8841 8820 8826 8832
8842 8918 8861 8880 8899
8919 8968 8931 8943 8955
8969 9013 8980 8991 9002
9014 9096 9034 9054 9074
9097 9184 9118 9139 9160
9185 9229 9196 9207 9218
9230 9404 9273 9316 9359
9405 9468 9420 9435 9450
9469 9502 9477 9485 9493
9503 9708 9554 9605 9656
9709 9751 9719 9729 9739
9752 9812 9767 9782 9797
9813 9891 9832 9851 9870
9892 10010 9921 9950 9979
10011 10097 10032 10053 10074
10098 10166 10115 10132 10149
10167 10268 10192 10217 10242
10269 10366 10293 10317 10341
10367 10456 10389 10411 10433
10457 10545 10479 10501 10523
10546 10634 10568 10590 10612
10635 10794 10674 10713 10752
10795 10836 10805 10815 10825
10837 10863 10843 10849 10855
10864 10883 10868 10872 10876
10884 10901 10888 10892 10896
10902 10919 10906 10910 10914
10920 10938 10924 10928 10932
10939 10971 10947 10955 10963
10972 11010 10981 10990 10999
11011 11100 11033 11055 11077
11101 11150 11113 11125 11137
11151 11229 11170 11189 11208
11230 11289 11244 11258 11272
11290 11350 11305 11320 11335
11351 11399 11363 11375 11387
11400 11573 11443 11486 11529
11574 11701 11605 11636 11667
11702 11774 11720 11738 11756
11775 11857 11795 11815 11835
11858 11916 11872 11886 11900
11917 11950 11925 11933 11941
11951 11977 11957 11963 11969
11978 11997 11982 11986 11990
11998 12023 12004 12010 12016
12024 12209 12070 12116 12162
12210 12282 12228 12246 12264
12283 12312 12290 12297 12304
12313 12329 12317 12321 12325
12330 12390 12345 12360 12375
12391 12425 12399 12407 12415
12426 12475 12438 12450 12462
12476 12671 12524 12572 12620
12672 12849 12716 12760 12804
12850 12926 12869 12888 12907
12927 12984 12941 12955 12969
12985 13091 13011 13037 13063
13092 13154 13107 13122 13137
13155 13229 13173 13191 13209
13230 13265 13238 13246 13254
13266 13284 13270 13274 13278
13285 13372 13306 13327 13348
13373 13438 13389 13405 13421
13439 13682 13499 13559 13619
13683 13707 13689 13695 13701
13708 13827 13737 13766 13795
13828 13851 13833 13838 13843
13852 13973 13882 13912 13942
13974 14569 14122 14270 14418
14570 14884 14648 14726 14804
14885 15354 14913 14941 15264
15355 15429 15373 15391 15409
15430 15597 15471 15512 15553
15598 15740 15633 15668 15703
15741 15944 15791 15841 15891
15945 16083 15979 16013 16047
16084 16107 16089 16094 16099
16108 16164 16122 16136 16150
16165 16273 16192 16219 16246
16274 16544 16341 16408 16475
16545 16645 16570 16595 16620
16646 16772 16677 16708 16739
16773 16929 16812 16851 16890
16930 17130 16980 17030 17080
17131 17300 17173 17215 17257
17301 17452 17338 17375 17412
17453 17473 17458 17463 17468
17474 17494 17479 17484 17489
17495 17512 17499 17503 17507
17513 17839 17594 17675 17756
17840 18114 17908 17976 18044
18115 18209 18138 18161 18184
18210 18292 18230 18250 18270
18293 18338 18304 18315 18326
18339 18753 18442 18545 18648
18754 18828 18772 18790 18808
18829 18892 18844 18859 18874
18893 18975 18913 18933 18953
18976 19012 18985 18994 19003
19013 19145 19046 19079 19112
19146 19242 19170 19194 19218
19243 19383 19278 19313 19348
19384 19431 19395 19406 19417
19432 19458 19438 19444 19450
19459 19507 19471 19483 19495
19508 19561 19521 19534 19547
19562 19646 19583 19604 19625
19647 19796 19684 19721 19758
19797 19909 19825 19853 19881
19910 19961 19922 19934 19946
19962 20041 19981 20000 20019
20042 20111 20059 20076 20093
20112 20185 20130 20148 20166
20186 20524 20270 20354 20438
20525 20647 20555 20585 20615
20648 20729 20668 20688 20708
20730 20854 20761 20792 20823
20855 21019 20896 20937 20978
21020 21154 21053 21086 21119
21155 21289 21188 21221 21254
21290 21387 21314 21338 21362
21388 21441 21401 21414 21427
21442 21486 21453 21464 21475
21487 21516 21494 21501 21508
21517 21582 21533 21549 21565
21583 21740 21622 21661 21700
21741 21771 21748 21755 21762
21772 21788 21776 21780 21784
21789 21808 21793 21797 21801
21809 21843 21817 21825 21833
21844 21931 21865 21886 21907
21932 21967 21940 21948 21956
21968 22004 21977 21986 21995
22005 22050 22016 22027 22038
22051 22074 22056 22061 22066
22075 22135 22090 22105 22120
22136 22191 22149 22162 22175
22192 22219 22198 22204 22210
22220 22252 22228 22236 22244
22253 22298 22264 22275 22286
22299 22356 22313 22327 22341
22357 22410 22370 22383 22396
22411 22445 22419 22427 22435
22446 22496 22458 22470 22482
22497 22525 22504 22511 22518
22526 22570 22537 22548 22559
22571 22636 22587 22603 22619
22637 22718 22657 22677 22697
22719 22785 22735 22751 22767
22786 22820 22794 22802 22810
22821 22872 22833 22845 22857
22873 22918 22884 22895 22906
22919 22953 22927 22935 22943
22954 22996 22964 22974 22984
22997 23080 23017 23037 23057
23081 23132 23093 23105 23117
23133 23184 23145 23157 23169
23185 23537 23273 23361 23449
23538 23593 23551 23564 23577
23594 23658 23610 23626 23642
23659 23709 23671 23683 23695
23710 23782 23728 23746 23764
23783 24209 23889 23995 24101
24210 24459 24272 24334 24396
24460 24696 24519 24578 24637
24697 24782 24718 24739 24760
24783 24850 24799 24815 24831
24851 24888 24860 24869 24878
24889 25014 24920 24951 24982
25015 25107 25038 25061 25084
25108 25217 25135 25162 25189
25218 25277 25232 25246 25260
25278 25444 25319 25360 25401
25445 25584 25479 25513 25547
25585 25754 25627 25669 25711
25755 25998 25815 25875 25935
25999 26121 26029 26059 26089
26122 26194 26140 26158 26176
26195 26259 26211 26227 26243
26260 26291 26267 26274 26281
26292 26457 26333 26374 26415
26458 26622 26499 26540 26581
26623 26721 26647 26671 26695
26722 26793 26739 26756 26773
26794 26845 26806 26818 26830
26846 26886 26856 26866 26876
26887 26984 26911 26935 26959
26985 27029 26996 27007 27018
27030 27120 27052 27074 27096
27121 27179 27135 27149 27163
27180 27311 27212 27244 27276
27312 27349 27321 27330 27339
27350 27390 27360 27370 27380
27391 27493 27416 27441 27466
27494 27587 27517 27540 27563
27588 27639 27600 27612 27624
27640 27704 27656 27672 27688
27705 27722 27709 27713 27717
27723 27898 27766 27809 27852
27899 27954 27912 27925 27938
27955 28048 27978 28001 28024
28049 28214 28090 28131 28172
28215 28509 28288 28361 28434
28510 28589 28529 28548 28567
28590 28607 28594 28598 28602
28608 28638 28615 28622 28629
28639 28688 28651 28663 28675
28689 28763 28707 28725 28743
28764 28808 28775 28786 28797
28809 28844 28817 28825 28833
28845 28907 28860 28875 28890
28908 28939 28915 28922 28929
28940 29005 28956 28972 28988
29006 29191 29052 29098 29144
29192 29242 29204 29216 29228
29243 29429 29289 29335 29381
29430 29461 29437 29444 29451
29462 29494 29470 29478 29486
29495 29540 29506 29517 29528
29541 29577 29550 29559 29568
29578 29611 29586 29594 29602
29612 29692 29632 29652 29672
29693 29722 29700 29707 29714
29723 29741 29727 29731 29735
29742 29769 29748 29754 29760
29770 29800 29777 29784 29791
29801 29900 29825 29849 29873
29901 29924 29906 29911 29916
29925 29953 29932 29939 29946
29954 29973 29958 29962 29966
29974 30023 29980 29986 30015
30024 30164 30059 30094 30129
30165 30194 30172 30179 30186
30195 30273 30214 30233 30252
30274 30293 30278 30282 30286
30294 30310 30298 30302 30306
30311 30330 30315 30319 30323
30331 30360 30338 30345 30352
30361 30400 30370 30379 30388
30401 30423 30406 30411 30416
30424 30452 30431 30438 30445
30453 30503 30465 30477 30489
30504 30520 30508 30512 30516
30521 30545 30527 30533 30539
30546 30572 30552 30558 30564
30573 30590 30577 30581 30585
30591 30607 30595 30599 30603
30608 30624 30612 30616 30620
30625 30655 30632 30639 30646
30656 30682 30662 30668 30674
30683 30726 30693 30703 30713
30727 30744 30731 30735 30739
30745 30763 30749 30753 30757
30764 30784 30769 30774 30779
30785 30841 30799 30813 30827
30842 30859 30846 30850 30854
30860 30890 30867 30874 30881
30891 30937 30902 30913 30924
30938 31016 30957 30976 30995
31017 31054 31026 31035 31044
31055 31093 31064 31073 31082
31094 31137 31104 31114 31124
31138 31159 31143 31148 31153
31160 31182 31165 31170 31175
31183 31202 31187 31191 31195
31203 31258 31216 31229 31242
31259 31279 31264 31269 31274
31280 31313 31288 31296 31304
31314 31356 31324 31334 31344
31357 31379 31362 31367 31372
31380 31398 31384 31388 31392
31399 31425 31405 31411 31417
31426 31516 31448 31470 31492
31517 31548 31524 31531 31538
31549 31572 31554 31559 31564
31573 31605 31581 31589 31597
31606 31627 31611 31616 31621
31628 31760 31661 31694 31727
31761 31790 31768 31775 31782
31791 31877 31812 31833 31854
31878 31984 31904 31930 31956
31985 32082 32009 32033 32057
32083 32187 32109 32135 32161
32188 32232 32199 32210 32221
32233 32252 32237 32241 32245
32253 32286 32261 32269 32277
32287 32805 32416 32545 32674
32806 32835 32813 32820 32827
32836 32873 32845 32854 32863
32874 32938 32890 32906 32922
32939 33004 32955 32971 32987
33005 33078 33023 33041 33059
33079 33209 33111 33143 33175
33210 33266 33224 33238 33252
33267 33286 33271 33275 33279
33287 33310 33292 33297 33302
33311 33365 33324 33337 33350
33366 33445 33385 33404 33423
33446 33468 33451 33456 33461
33469 33503 33477 33485 33493
33504 33532 33511 33518 33525
33533 33609 33552 33571 33590
33610 33656 33621 33632 33643
33657 33689 33665 33673 33681
33690 33744 33703 33716 33729
33745 33794 33757 33769 33781
33795 33828 33803 33811 33819
33829 33861 33837 33845 33853
33862 33879 33866 33870 33874
33880 33905 33886 33892 33898
33906 33957 33918 33930 33942
33958 34015 33972 33986 34000
34016 34055 34025 34034 34043
34056 34118 34071 34086 34101
34119 34359 34179 34239 34299
34360 34440 34380 34400 34420
34441 34610 34483 34525 34567
34611 34697 34632 34653 34674
34698 34717 34702 34706 34710
34718 35129 34820 34922 35024
35130 35238 35157 35184 35211
35239 35509 35306 35373 35440
35510 35551 35520 35530 35540
35552 35636 35573 35594 35615
35637 35719 35657 35677 35697
35720 35802 35740 35760 35780
35803 35854 35815 35827 35839
35855 35959 35881 35907 35933
35960 35992 35968 35976 35984
35993 36030 36002 36011 36020
36031 36111 36051 36071 36091
36112 36186 36130 36148 36166
36187 36426 36246 36305 36364
36427 37008 36572 36717 36862
37009 37099 37031 37053 37075
37100 37196 37124 37148 37172
37197 37293 37221 37245 37269
37294 37738 37405 37516 37627
37739 38003 37805 37871 37937
38004 38061 38018 38032 38046
38062 38146 38083 38104 38125
38147 38284 38181 38215 38249
38285 38415 38317 38349 38381
38416 38573 38455 38494 38533
38574 38705 38606 38638 38670
38706 39002 38780 38854 38928
39003 39033 39010 39017 39024
39034 39096 39049 39064 39079
39097 39293 39146 39195 39244
39294 39348 39307 39320 39333
39349 39414 39365 39381 39397
39415 39435 39420 39425 39430
39436 39486 39448 39460 39472
39487 39510 39492 39497 39502
39511 39557 39522 39533 39544
39558 39589 39565 39572 39579
39590 39624 39598 39606 39614
39625 39670 39636 39647 39658
39671 39724 39684 39697 39710
39725 39770 39736 39747 39758
39771 39800 39778 39785 39792
39801 39894 39824 39847 39870
39895 39928 39903 39911 39919
39929 39963 39937 39945 39953
39964 40024 39979 39994 40009
40025 40080 40038 40051 40064
40081 40114 40089 40097 40105
40115 40166 40127 40139 40151
40167 40252 40188 40209 40230
40253 40305 40266 40279 40292
40306 40327 40311 40316 40321
40328 40372 40339 40350 40361
40373 40449 40392 40411 40430
40450 40491 40460 40470 40480
40492 40532 40502 40512 40522
40533 40579 40544 40555 40566
40580 40602 40585 40590 40595
40603 40629 40609 40615 40621
40630 40698 40647 40664 40681
40699 40721 40704 40709 40714
40722 40808 40743 40764 40785
40809 40826 40813 40817 40821
40827 40866 40836 40845 40854
40867 40928 40882 40897 40912
40929 40955 40935 40941 40947
40956 40980 40962 40968 40974
40981 41026 40992 41003 41014
41027 41064 41036 41045 41054
41065 41188 41095 41125 41155
41189 41283 41212 41235 41258
41284 41310 41290 41296 41302
41311 41439 41343 41375 41407
41440 41482 41450 41460 41470
41483 41548 41499 41515 41531
41549 41647 41573 41597 41621
41648 41717 41665 41682 41699
41718 41789 41735 41752 41769
41790 41853 41805 41820 41835
41854 41884 41861 41868 41875
41885 41946 41900 41915 41930
41947 42007 41962 41977 41992
42008 42052 42019 42030 42041
42053 42122 42070 42087 42104
42123 42163 42133 42143 42153
42164 42192 42171 42178 42185
42193 42248 42206 42219 42232
42249 42264 42252 42255 42258
42265 42385 42295 42325 42355
42386 42482 42410 42434 42458
42483 42753 42550 42617 42684
42754 42886 42787 42820 42853
42887 42958 42904 42921 42938
42959 43026 42975 42991 43007
43027 43077 43039 43051 43063
43078 43117 43087 43096 43105
43118 43171 43131 43144 43157
43172 43197 43178 43184 43190
43198 43228 43205 43212 43219
43229 43252 43234 43239 43244
43253 43290 43262 43271 43280
43291 43321 43298 43305 43312
43322 43346 43328 43334 43340
43347 43366 43351 43355 43359
43367 43383 43371 43375 43379
43384 43424 43394 43404 43414
43425 43447 43430 43435 43440
43448 43487 43457 43466 43475
43488 43530 43498 43508 43518
43531 43569 43540 43549 43558
43570 43697 43601 43632 43663
43698 43775 43717 43736 43755
43776 44222 43887 43998 44109
44223 44300 44242 44261 44280
44301 44330 44308 44315 44322
44331 44369 44340 44349 44358
44370 44444 44388 44406 44424
44445 44482 44454 44463 44472
44483 44530 44494 44505 44516
44531 44601 44548 44565 44582
44602 44638 44611 44620 44629
44639 44740 44664 44689 44714
44741 44814 44759 44777 44795
44815 44856 44825 44835 44845
44857 44937 44877 44897 44917
44938 44993 44951 44964 44977
44994 45128 44995 44996 45096
45129 45409 45199 45269 45339
45410 45480 45427 45444 45461
45481 45770 45553 45625 45697
45771 45831 45786 45801 45816
45832 45918 45853 45874 45895
45919 45993 45937 45955 45973
45994 46102 46021 46048 46075
46103 46122 46107 46111 46115
46123 46155 46131 46139 46147
46156 46180 46162 46168 46174
46181 46235 46194 46207 46220
46236 46286 46248 46260 46272
46287 46305 46291 46295 46299
46306 46392 46327 46348 46369
46393 46441 46405 46417 46429
46442 46549 46468 46494 46520
46550 46568 46554 46558 46562
46569 46625 46583 46597 46611
46626 46750 46657 46688 46719
46751 46769 46755 46759 46763
46770 46789 46774 46778 46782
46790 46874 46811 46832 46853
46875 46891 46879 46883 46887
46892 46910 46896 46900 46904
46911 46945 46919 46927 46935
46946 46992 46957 46968 46979
46993 47115 47023 47053 47083
47116 47149 47124 47132 47140
47150 47193 47160 47170 47180
47194 47237 47204 47214 47224
47238 47265 47244 47250 47256
47266 47297 47273 47280 47287
47298 47323 47304 47310 47316
47324 47352 47331 47338 47345
47353 47405 47366 47379 47392
47406 47457 47418 47430 47442
47458 47581 47488 47518 47548
47582 47599 47586 47590 47594
47600 47642 47610 47620 47630
47643 47749 47669 47695 47721
47750 47793 47760 47770 47780
47794 47832 47803 47812 47821
47833 47865 47841 47849 47857
47866 47896 47873 47880 47887
47897 47913 47901 47905 47909
47914 47992 47933 47952 47971
47993 48041 48005 48017 48029
48042 48077 48050 48058 48066
48078 48098 48083 48088 48093
48099 48117 48103 48107 48111
48118 48134 48122 48126 48130
48135 48158 48140 48145 48150
48159 48180 48164 48169 48174
48181 48203 48186 48191 48196
48204 48225 48209 48214 48219
48226 48267 48236 48246 48256
48268 48307 48277 48286 48295
48308 48351 48318 48328 48338
48352 48374 48357 48362 48367
48375 48400 48381 48387 48393
48401 48482 48421 48441 48461
48483 48523 48493 48503 48513
48524 48577 48537 48550 48563
48578 48681 48603 48628 48653
48682 48709 48688 48694 48700
48710 48742 48718 48726 48734
48743 48774 48750 48757 48764
48775 48869 48798 48821 48844
48870 48926 48884 48898 48912
48927 48949 48932 48937 48942
48950 48973 48955 48960 48965
48974 49082 49001 49028 49055
49083 49120 49092 49101 49110
49121 49154 49129 49137 49145
49155 49182 49161 49167 49173
49183 49210 49189 49195 49201
49211 49272 49226 49241 49256
49273 49316 49283 49293 49303
49317 49345 49324 49331 49338
49346 49393 49357 49368 49379
49394 49412 49398 49402 49406
49413 49430 49417 49421 49425
49431 49455 49437 49443 49449
49456 49505 49468 49480 49492
49506 49526 49511 49516 49521
49527 49563 49536 49545 49554
49564 49596 49572 49580 49588
49597 49667 49614 49631 49648
49668 49728 49683 49698 49713
49729 49757 49736 49743 49750
49758 49793 49766 49774 49782
49794 49822 49801 49808 49815
49823 49849 49829 49835 49841
49850 49880 49857 49864 49871
49881 49910 49888 49895 49902
49911 49949 49920 49929 49938
49950 49979 49957 49964 49971
49980 50026 49991 50002 50013
50027 50085 50041 50055 50069
50086 50111 50092 50098 50104
50112 50133 50117 50122 50127
50134 50163 50141 50148 50155
50164 50203 50173 50182 50191
50204 50236 50212 50220 50228
50237 50417 50282 50327 50372
50418 50435 50422 50426 50430
50436 50468 50444 50452 50460
50469 50491 50474 50479 50484
50492 50523 50499 50506 50513
50524 50554 50531 50538 50545
50555 50578 50560 50565 50570
50579 50595 50583 50587 50591
50596 50635 50605 50614 50623
50636 50653 50640 50644 50648
50654 50672 50658 50662 50666
50673 50712 50682 50691 50700
50713 50733 50718 50723 50728
50734 50799 50750 50766 50782
50800 50836 50809 50818 50827
50837 50863 50843 50849 50855
50864 50888 50870 50876 50882
50889 50912 50894 50899 50904
50913 50971 50927 50941 50955
50972 51064 50995 51018 51041
51065 51086 51070 51075 51080
51087 51115 51094 51101 51108
51116 51162 51127 51138 51149
51163 51216 51176 51189 51202
51217 51237 51222 51227 51232
51238 51259 51243 51248 51253
51260 51284 51266 51272 51278
51285 51405 51315 51345 51375
51406 51476 51423 51440 51457
51477 51585 51504 51531 51558
51586 51784 51635 51684 51733
51785 51813 51792 51799 51806
51814 51833 51818 51822 51826
51834 51868 51842 51850 51858
51869 51892 51874 51879 51884
51893 51952 51907 51921 51935
51953 52003 51965 51977 51989
52004 52026 52009 52014 52019
52027 52048 52032 52037 52042
52049 52078 52056 52063 52070
52079 52126 52090 52101 52112
52127 52156 52134 52141 52148
52157 52197 52167 52177 52187
52198 52224 52204 52210 52216
52225 52294 52242 52259 52276
52295 52378 52315 52335 52355
52379 52438 52393 52407 52421
52439 52563 52470 52501 52532
52564 52580 52568 52572 52576
52581 52606 52587 52593 52599
52607 52685 52626 52645 52664
52686 52873 52732 52778 52824
52874 53019 52910 52946 52982
53020 53117 53044 53068 53092
53118 53203 53139 53160 53181
53204 53327 53234 53264 53294
53328 53404 53347 53366 53385
53405 53516 53432 53459 53486
53517 53563 53528 53539 53550
53564 53586 53569 53574 53579
53587 53616 53594 53601 53608
53617 53667 53629 53641 53653
53668 53698 53675 53682 53689
53699 53723 53705 53711 53717
53724 53750 53730 53736 53742
53751 53779 53758 53765 53772
53780 53826 53791 53802 53813
53827 54041 53880 53933 53986
54042 54144 54067 54092 54117
54145 54164 54149 54153 54157
54165 54194 54172 54179 54186
54195 54301 54221 54247 54273
54302 54378 54321 54340 54359
54379 54462 54399 54419 54439
54463 54512 54475 54487 54499
54513 54607 54536 54559 54582
54608 54636 54615 54622 54629
54637 54705 54654 54671 54688
54706 54747 54716 54726 54736
54748 54773 54754 54760 54766
54774 54796 54779 54784 54789
54797 54920 54827 54857 54887
54921 54941 54926 54931 54936
54942 55063 54972 55002 55032
55064 55084 55069 55074 55079
55085 55106 55090 55095 55100
55107 55147 55117 55127 55137
55148 55164 55152 55156 55160
55165 55187 55170 55175 55180
55188 55213 55194 55200 55206
55214 55287 55232 55250 55268
55288 55315 55294 55300 55306
55316 55360 55327 55338 55349
55361 55385 55367 55373 55379
55386 55408 55391 55396 55401
55409 55425 55413 55417 55421
55426 55450 55432 55438 55444
55451 55492 55461 55471 55481
55493 55521 55500 55507 55514
55522 55549 55528 55534 55540
55550 55580 55557 55564 55571
55581 55658 55600 55619 55638
55659 55681 55664 55669 55674
55682 55707 55688 55694 55700
55708 55729 55713 55718 55723
55730 55772 55740 55750 55760
55773 55805 55781 55789 55797
55806 55823 55810 55814 55818
55824 55877 55837 55850 55863
55878 55894 55882 55886 55890
55895 55918 55900 55905 55910
55919 56225 55995 56071 56147
56226 56260 56234 56242 56250
56261 56300 56270 56279 56288
56301 56320 56305 56309 56313
56321 56345 56327 56333 56339
56346 56378 56354 56362 56370
56379 56427 56391 56403 56415
56428 56470 56438 56448 56458
56471 56501 56478 56485 56492
56502 56540 56511 56520 56529
56541 56607 56557 56573 56589
56608 56627 56612 56616 56620
56628 56738 56655 56682 56709
56739 56796 56753 56767 56781
56797 56872 56815 56833 56851
56873 56966 56896 56919 56942
56967 57018 56979 56991 57003
57019 57064 57030 57041 57052
57065 57122 57079 57093 57107
57123 57147 57129 57135 57141
57148 57180 57156 57164 57172
57181 57212 57188 57195 57202
57213 57312 57237 57261 57285
57313 57353 57323 57333 57343
57354 57375 57359 57364 57369
57376 57406 57383 57390 57397
57407 57450 57417 57427 57437
57451 57505 57464 57477 57490
57506 57555 57518 57530 57542
57556 57685 57588 57620 57652
57686 57761 57704 57722 57740
57762 57825 57777 57792 57807
57826 57883 57840 57854 57868
57884 57968 57905 57926 57947
57969 58003 57977 57985 57993
58004 58352 58091 58178 58265
58353 58394 58363 58373 58383
58395 58437 58405 58415 58425
58438 58476 58447 58456 58465
58477 58531 58490 58503 58516
58532 58562 58539 58546 58553
58563 58611 58575 58587 58599
58612 58643 58619 58626 58633
58644 58693 58656 58668 58680
58694 58714 58699 58704 58709
58715 58751 58724 58733 58742
58752 58836 58773 58794 58815
58837 58893 58851 58865 58879
58894 58920 58900 58906 58912
58921 58942 58926 58931 58936
58943 59003 58958 58973 58988
59004 59066 59019 59034 59049
59067 59098 59074 59081 59088
59099 59194 59122 59145 59168
59195 59295 59220 59245 59270
59296 59448 59334 59372 59410
59449 59520 59466 59483 59500
59521 59610 59543 59565 59587
59611 59783 59654 59697 59740
59784 60054 59837 59890 60039
60055 60165 60082 60109 60136
60166 60299 60199 60232 60265
60300 60503 60350 60400 60450
60504 60563 60518 60532 60546
60564 60639 60582 60600 60618
60640 61208 60782 60924 61066
61209 61443 61267 61325 61383
61444 61468 61450 61456 61462
61469 61526 61483 61497 61511
61527 61567 61537 61547 61557
61568 61598 61575 61582 61589
61599 61670 61616 61633 61650
61671 61734 61686 61701 61716
61735 61859 61766 61797 61828
61860 61915 61873 61886 61899
61916 61961 61927 61938 61949
61962 62250 62034 62106 62178
62251 62295 62262 62273 62284
62296 62493 62345 62394 62443
62494 62560 62510 62526 62542
62561 62579 62565 62569 62573
62580 62620 62590 62600 62610
62621 62649 62628 62635 62642
62650 62723 62668 62686 62704
62724 62793 62741 62758 62775
62794 62882 62816 62838 62860
62883 62936 62896 62909 62922
62937 62976 62946 62955 62964
62977 63021 62988 62999 63010
63022 63048 63028 63034 63040
63049 63291 63109 63169 63229
63292 63359 63308 63324 63340
63360 63406 63371 63382 63393
63407 63511 63433 63459 63485
63512 63567 63525 63538 63551
63568 63588 63573 63578 63583
63589 63623 63597 63605 63613
63624 63660 63633 63642 63651
63661 63774 63689 63717 63745
63775 63882 63801 63827 63853
63883 63929 63894 63905 63916
63930 63972 63940 63950 63960
63973 64030 63987 64001 64015
64031 64192 64071 64111 64151
64193 64260 64209 64225 64241
64261 64281 64266 64271 64276
64282 64380 64306 64330 64354
64381 64474 64404 64427 64450
64475 64582 64501 64527 64553
64583 64611 64590 64597 64604
64612 64718 64638 64664 64690
64719 64736 64723 64727 64731
64737 64773 64746 64755 64764
64774 64794 64779 64784 64789
64795 64811 64799 64803 64807
64812 64911 64836 64860 64884
64912 64974 64927 64942 64957
64975 65016 64985 64995 65005
65017 65036 65021 65025 65029
65037 65060 65042 65047 65052
65061 65077 65065 65069 65073
65078 65107 65085 65092 65099
65108 65134 65114 65120 65126
65135 65198 65150 65165 65180
65199 65248 65211 65223 65235
65249 65297 65261 65273 65285
65298 65319 65303 65308 65313
65320 65367 65331 65342 65353
65368 65435 65384 65400 65416
65436 65504 65453 65470 65487
65505 65609 65531 65557 65583
65610 65772 65650 65690 65730
65773 65804 65780 65787 65794
65805 65898 65828 65851 65874
65899 65937 65908 65917 65926
65938 66006 65955 65972 65989
66007 66106 66031 66055 66079
66107 66136 66114 66121 66128
66137 66155 66141 66145 66149
66156 66185 66163 66170 66177
66186 66204 66190 66194 66198
66205 66232 66211 66217 66223
66233 66259 66239 66245 66251
66260 66295 66268 66276 66284
66296 66361 66312 66328 66344
66362 66404 66372 66382 66392
66405 66450 66416 66427 66438
66451 66525 66469 66487 66505
66526 66566 66536 66546 66556
66567 66655 66589 66611 66633
66656 66677 66661 66666 66671
66678 66721 66688 66698 66708
66722 66743 66727 66732 66737
66744 66770 66750 66756 66762
66771 66797 66777 66783 66789
66798 66831 66806 66814 66822
66832 66858 66838 66844 66850
66859 67097 66918 66977 67036
67098 67160 67113 67128 67143
67161 67224 67176 67191 67206
67225 67282 67239 67253 67267
67283 67382 67307 67331 67355
67383 67445 67398 67413 67428
67446 67463 67450 67454 67458
67464 67489 67470 67476 67482
67490 67572 67510 67530 67550
67573 67595 67578 67583 67588
67596 67628 67604 67612 67620
67629 67645 67633 67637 67641
67646 67666 67651 67656 67661
67667 67708 67677 67687 67697
67709 67750 67719 67729 67739
67751 67769 67755 67759 67763
67770 67802 67778 67786 67794
67803 67842 67812 67821 67830
67843 67876 67851 67859 67867
67877 67988 67904 67931 67958
67989 68043 68002 68015 68028
68044 68206 68084 68124 68164
68207 68260 68220 68233 68246
68261 68327 68277 68293 68309
68328 68365 68337 68346 68355
68366 68415 68378 68390 68402
68416 68435 68420 68424 68428
68436 68474 68445 68454 68463
68475 68585 68502 68529 68556
68586 68611 68592 68598 68604
68612 68739 68643 68674 68705
68740 68757 68744 68748 68752
68758 68795 68767 68776 68785
68796 68914 68825 68854 68883
68915 68935 68920 68925 68930
68936 68962 68942 68948 68954
68963 68979 68967 68971 68975
68980 69000 68985 68990 68995
69001 69031 69008 69015 69022
69032 69058 69038 69044 69050
69059 69084 69065 69071 69077
69085 69117 69093 69101 69109
69118 69150 69126 69134 69142
69151 69258 69177 69203 69229
69259 69350 69281 69303 69325
69351 69435 69372 69393 69414
69436 69554 69465 69494 69523
69555 69600 69566 69577 69588
69601 69670 69618 69635 69652
69671 69733 69686 69701 69716
69734 69757 69739 69744 69749
69758 69775 69762 69766 69770
69776 69820 69787 69798 69809
69821 69851 69828 69835 69842
69852 69875 69857 69862 69867
69876 69914 69885 69894 69903
69915 69940 69921 69927 69933
69941 69965 69947 69953 69959
69966 69987 69971 69976 69981
69988 70020 69996 70004 70012
70021 70066 70032 70043 70054
70067 70122 70080 70093 70106
70123 70174 70135 70147 70159
70175 70227 70188 70201 70214
70228 70254 70234 70240 70246
70255 70277 70260 70265 70270
70278 70340 70293 70308 70323
70341 70429 70363 70385 70407
70430 70446 70434 70438 70442
70447 70474 70453 70459 70465
70475 70536 70490 70505 70520
70537 70576 70546 70555 70564
70577 70608 70584 70591 70598
70609 70700 70631 70653 70675
70701 70719 70705 70709 70713
70720 70797 70739 70758 70777
70798 70838 70808 70818 70828
70839 71037 70888 70937 70986
71038 71097 71052 71066 71080
71098 71332 71156 71214 71272
71333 71452 71362 71391 71420
71453 71704 71515 71577 71639
71705 71767 71720 71735 71750
71768 71802 71776 71784 71792
71803 71907 71829 71855 71881
71908 71959 71920 71932 71944
71960 72016 71974 71988 72002
72017 72086 72034 72051 72068
72087 72129 72097 72107 72117
72130 72181 72142 72154 72166
72182 72369 72228 72274 72320
72370 72427 72384 72398 72412
72428 72481 72441 72454 72467
72482 72504 72487 72492 72497
72505 72551 72516 72527 72538
72552 72587 72560 72568 72576
72588 72752 72629 72670 72711
72753 72943 72800 72847 72894
72944 73123 72988 73032 73076
73124 73243 73153 73182 73211
73244 73361 73273 73302 73331
73362 73459 73386 73410 73434
73460 73552 73483 73506 73529
73553 73836 73623 73693 73763
73837 73881 73848 73859 73870
73882 73919 73891 73900 73909
73920 73944 73926 73932 73938
73945 73975 73952 73959 73966
73976 74008 73984 73992 74000
74009 74070 74024 74039 74054
74071 74118 74082 74093 74104
74119 74146 74125 74131 74137
74147 74218 74164 74181 74198
74219 74265 74230 74241 74252
74266 74290 74272 74278 74284
74291 74319 74298 74305 74312
74320 74351 74327 74334 74341
74352 74381 74359 74366 74373
74382 74427 74393 74404 74415
74428 74453 74434 74440 74446
74454 74486 74462 74470 74478
74487 74543 74501 74515 74529
74544 74630 74565 74586 74607
74631 74677 74642 74653 74664
74678 74736 74692 74706 74720
74737 74807 74754 74771 74788
74808 74886 74827 74846 74865
74887 74904 74891 74895 74899
74905 74945 74915 74925 74935
74946 74976 74953 74960 74967
74977 75043 74982 74987 75030
75044 75140 75068 75092 75116
75141 75188 75152 75163 75174
75189 75223 75197 75205 75213
75224 75327 75249 75274 75299
75328 75360 75336 75344 75352
75361 75414 75374 75387 75400
75415 75449 75423 75431 75439
75450 75478 75457 75464 75471
75479 75507 75486 75493 75500
75508 75559 75520 75532 75544
75560 75584 75566 75572 75578
75585 75608 75590 75595 75600
75609 75634 75615 75621 75627
75635 75682 75646 75657 75668
75683 75717 75691 75699 75707
75718 75863 75754 75790 75826
75864 75968 75890 75916 75942
75969 76022 75982 75995 76008
76023 76077 76036 76049 76062
76078 76133 76091 76104 76117
76134 76317 76179 76224 76269
76318 76439 76348 76378 76408
76440 76614 76483 76526 76569
76615 76870 76678 76741 76804
76871 76965 76894 76917 76940
76966 77398 77074 77182 77290
77399 77552 77437 77475 77513
77553 77620 77569 77585 77601
77621 77703 77641 77661 77681
77704 77736 77712 77720 77728
77737 77759 77742 77747 77752
77760 77791 77767 77774 77781
77792 77829 77801 77810 77819
77830 77911 77850 77870 77890
77912 77939 77918 77924 77930
77940 78005 77956 77972 77988
78006 78024 78010 78014 78018
78025 78043 78029 78033 78037
78044 78068 78050 78056 78062
78069 78167 78093 78117 78141
78168 78221 78181 78194 78207
78222 78304 78242 78262 78282
78305 78353 78317 78329 78341
78354 78461 78380 78406 78432
78462 78581 78491 78520 78549
78582 78704 78612 78642 78672
78705 78825 78735 78765 78795
78826 79053 78882 78938 78994
79054 79120 79070 79086 79102
79121 79496 79214 79307 79400
79497 79666 79539 79581 79623
79667 79694 79673 79679 79685
79695 79736 79705 79715 79725
79737 79808 79754 79771 79788
79809 79892 79829 79849 79869
79893 79983 79915 79937 79959
79984 80063 80003 80022 80041
80064 80248 80110 80156 80202
80249 80363 80277 80305 80333
80364 80450 80385 80406 80427
80451 80731 80521 80591 80661
80732 80777 80743 80754 80765
80778 80839 80793 80808 80823
80840 80886 80851 80862 80873
80887 80952 80903 80919 80935
80953 81240 81024 81095 81166
81241 81308 81257 81273 81289
81309 81354 81320 81331 81342
81355 81417 81370 81385 81400
81418 81452 81426 81434 81442
81453 81529 81472 81491 81510
81530 81701 81572 81614 81656
81702 81874 81745 81788 81831
81875 83031 82164 82453 82742
83032 83057 83038 83044 83050
83058 83082 83064 83070 83076
83083 83104 83088 83093 83098
83105 83193 83127 83149 83171
83194 83330 83228 83262 83296
83331 83409 83350 83369 83388
83410 83536 83441 83472 83503
83537 83599 83552 83567 83582
83600 83689 83622 83644 83666
83690 83813 83720 83750 83780
83814 83899 83835 83856 83877
83900 83942 83910 83920 83930
83943 83997 83956 83969 83982
83998 84043 84009 84020 84031
84044 84091 84055 84066 84077
84092 84276 84138 84184 84230
84277 84694 84381 84485 84589
84695 85145 84807 84919 85031
85146 85295 85183 85220 85257
85296 85779 85416 85536 85656
85780 86085 85856 85932 86008
86086 86234 86123 86160 86197
86235 86304 86252 86269 86286
86305 86374 86322 86339 86356
86375 86399 86381 86387 86393
86400 86444 86411 86422 86433
86445 86502 86459 86473 86487
86503 86639 86537 86571 86605
86640 86703 86655 86670 86685
86704 86741 86713 86722 86731
86742 86796 86755 86768 86781
86797 86926 86829 86861 86893
86927 87014 86948 86969 86990
87015 87352 87099 87183 87267
87353 87394 87363 87373 87383
87395 87474 87414 87433 87452
87475 87501 87481 87487 87493
87502 87533 87509 87516 87523
87534 87561 87540 87546 87552
87562 87592 87569 87576 87583
87593 87702 87620 87647 87674
87703 87740 87712 87721 87730
87741 87771 87748 87755 87762
87772 87802 87779 87786 87793
87803 87843 87813 87823 87833
87844 87874 87851 87858 87865
87875 87920 87886 87897 87908
87921 87965 87932 87943 87954
87966 88227 88031 88096 88161
88228 88655 88334 88440 88546
88656 88732 88675 88694 88713
88733 88767 88741 88749 88757
88768 88837 88785 88802 88819
88838 88882 88849 88860 88871
88883 88937 88896 88909 88922
88938 89060 88968 88998 89028
89061 89098 89070 89079 89088
89099 89141 89109 89119 89129
89142 89184 89152 89162 89172
89185 89214 89192 89199 89206
89215 89257 89225 89235 89245
89258 89285 89264 89270 89276
89286 89315 89293 89300 89307
89316 89431 89344 89372 89400
89432 89509 89451 89470 89489
89510 89548 89519 89528 89537
89549 89652 89574 89599 89624
89653 89688 89661 89669 89677
89689 89723 89697 89705 89713
89724 89750 89730 89736 89742
89751 89817 89767 89783 89799
89818 89862 89829 89840 89851
89863 89945 89883 89903 89923
89946 90039 89959 89972 90027
90040 90097 90054 90068 90082
90098 90125 90104 90110 90116
90126 90191 90142 90158 90174
90192 90238 90203 90214 90225
90239 90265 90245 90251 90257
90266 90310 90277 90288 90299
90311 90410 90335 90359 90383
90411 90501 90433 90455 90477
90502 90681 90546 90590 90634
90682 90761 90701 90720 90739
90762 91085 90842 90922 91002
91086 91210 91117 91148 91179
91211 91457 91272 91333 91394
91458 91543 91479 91500 91521
91544 91762 91598 91652 91706
91763 91891 91795 91827 91859
91892 91953 91907 91922 91937
91954 92005 91966 91978 91990
92006 92049 92016 92026 92036
92050 92089 92059 92068 92077
92090 92312 92145 92200 92255
92313 92443 92345 92377 92409
92444 92584 92479 92514 92549
92585 92650 92601 92617 92633
92651 92697 92662 92673 92684
92698 92776 92717 92736 92755
92777 93019 92837 92897 92957
93020 93079 93034 93048 93062
93080 93228 93117 93154 93191
93229 93463 93287 93345 93403
93464 93530 93480 93496 93512
93531 93664 93564 93597 93630
93665 93732 93681 93697 93713
93733 93874 93768 93803 93838
93875 93999 93906 93937 93968
94000 94192 94048 94096 94144
94193 94262 94210 94227 94244
94263 94326 94278 94293 94308
94327 94376 94339 94351 94363
94377 94460 94397 94417 94437
94461 94484 94466 94471 94476
94485 94523 94494 94503 94512
94524 94637 94552 94580 94608
94638 94713 94656 94674 94692
94714 94734 94719 94724 94729
94735 94923 94782 94829 94876
94924 94945 94929 94934 94939
94946 94991 94957 94968 94979
94992 95008 94996 95000 95004
95009 95025 95013 95017 95021
95026 95057 95033 95040 95047
95058 95074 95062 95066 95070
95075 95112 95084 95093 95102
95113 95139 95119 95125 95131
95140 95172 95148 95156 95164
95173 95189 95177 95181 95185
95190 95216 95196 95202 95208
95217 95248 95224 95231 95238
95249 95269 95254 95259 95264
95270 95293 95275 95280 95285
95294 95316 95299 95304 95309
95317 95343 95323 95329 95335
95344 95391 95355 95366 95377
95392 95430 95401 95410 95419
95431 95476 95442 95453 95464
95477 95531 95490 95503 95516
95532 95553 95537 95542 95547
95554 95635 95574 95594 95614
95636 95661 95642 95648 95654
95662 95680 95666 95670 95674
95681 95705 95687 95693 95699
95706 95785 95725 95744 95763
95786 95829 95796 95806 95816
95830 95871 95840 95850 95860
95872 95928 95886 95900 95914
95929 95978 95941 95953 95965
95979 96022 95989 95999 96009
96023 96041 96027 96031 96035
96042 96134 96065 96088 96111
96135 96180 96146 96157 96168
96181 96270 96203 96225 96247
96271 96306 96279 96287 96295
96307 96403 96331 96355 96379
96404 96785 96499 96594 96689
96786 96863 96805 96824 96843
96864 97060 96913 96962 97011
97061 97095 97069 97077 97085
97096 97288 97144 97192 97240
97289 97521 97347 97405 97463
97522 97683 97562 97602 97642
97684 97875 97731 97778 97825
97876 97976 97901 97926 97951
97977 98031 97990 98003 98016
98032 98049 98036 98040 98044
98050 98156 98076 98102 98128
98157 98283 98188 98219 98250
98284 98407 98314 98344 98374
98408 98466 98422 98436 98450
98467 98581 98495 98523 98551
98582 98876 98655 98728 98801
98877 99221 98963 99049 99135
99222 99392 99264 99306 99348
99393 99490 99417 99441 99465
99491 99682 99538 99585 99632
99683 99802 99712 99741 99770
99803 100049 99864 99925 99986
100050 100088 100059 100068 100077
100089 100141 100102 100115 100128
100142 100181 100151 100160 100169
100182 100221 100191 100200 100209
100222 100246 100228 100234 100240
100247 100312 100263 100279 100295
100313 100343 100320 100327 100334
100344 100610 100410 100476 100542
100611 100704 100634 100657 100680
100705 100780 100723 100741 100759
100781 100823 100791 100801 100811
100824 100870 100835 100846 100857
100871 100970 100895 100919 100943
100971 101067 100995 101019 101043
101068 101268 101118 101168 101218
101269 101328 101283 101297 101311
101329 101507 101373 101417 101461
101508 101723 101561 101614 101667
101724 101882 101763 101802 101841
101883 101952 101900 101917 101934
101953 102067 101981 102009 102037
102068 102136 102085 102102 102119
102137 102307 102179 102221 102263
102308 102362 102321 102334 102347
102363 102423 102378 102393 102408
102424 102632 102476 102528 102580
102633 102777 102669 102705 102741
102778 102860 102798 102818 102838
102861 102928 102877 102893 102909
102929 103028 102953 102977 103001
103029 103061 103037 103045 103053
103062 103119 103076 103090 103104
103120 103206 103141 103162 103183
103207 103255 103219 103231 103243
103256 103345 103278 103300 103322
103346 103411 103362 103378 103394
103412 103444 103420 103428 103436
103445 103540 103468 103491 103514
103541 103573 103549 103557 103565
103574 103767 103622 103670 103718
103768 103869 103793 103818 103843
103870 103897 103876 103882 103888
103898 103924 103904 103910 103916
103925 104014 103947 103969 103991
104015 104171 104054 104093 104132
104172 104275 104197 104222 104247
104276 104318 104286 104296 104306
104319 104573 104382 104445 104508
104574 104652 104593 104612 104631
104653 104669 104657 104661 104665
104670 104735 104686 104702 104718
104736 104767 104743 104750 104757
104768 104798 104775 104782 104789
104799 104845 104810 104821 104832
104846 104907 104861 104876 104891
104908 104935 104914 104920 104926
104936 104976 104946 104956 104966
104977 104994 104981 104985 104989
104995 105014 104996 104997 105009
105015 105095 105035 105055 105075
105096 105128 105104 105112 105120
105129 105158 105136 105143 105150
105159 105184 105165 105171 105177
105185 105303 105214 105243 105272
105304 105438 105337 105370 105403
105439 105472 105447 105455 105463
105473 105489 105477 105481 105485
105490 105516 105496 105502 105508
105517 105791 105585 105653 105721
105792 105808 105796 105800 105804
105809 105921 105837 105865 105893
105922 105946 105928 105934 105940
105947 105970 105952 105957 105962
105971 106017 105982 105993 106004
106018 106060 106028 106038 106048
106061 106404 106146 106231 106316
106405 106460 106418 106431 106444
106461 106493 106469 106477 106485
106494 106522 106501 106508 106515
106523 106727 106574 106625 106676
106728 106783 106741 106754 106767
106784 106861 106803 106822 106841
106862 106922 106877 106892 106907
106923 106992 106940 106957 106974
106993 107033 107003 107013 107023
107034 107096 107049 107064 107079
107097 107142 107108 107119 107130
107143 107170 107149 107155 107161
107171 107195 107177 107183 107189
107196 107213 107200 107204 107208
107214 107230 107218 107222 107226
107231 107248 107235 107239 107243
107249 107304 107262 107275 107288
107305 107355 107317 107329 107341
107356 107374 107360 107364 107368
107375 107397 107380 107385 107390
107398 107459 107413 107428 107443
107460 107476 107464 107468 107472
107477 107497 107482 107487 107492
107498 107514 107502 107506 107510
107515 107534 107519 107523 107527
107535 107559 107541 107547 107553
107560 107609 107572 107584 107596
107610 107655 107621 107632 107643
107656 107713 107670 107684 107698
107714 107756 107724 107734 107744
107757 107785 107764 107771 107778
107786 107809 107791 107796 107801
107810 107932 107840 107870 107900
107933 108049 107962 107991 108020
108050 108099 108062 108074 108086
108100 108126 108106 108112 108118
108127 108148 108132 108137 108142
108149 108172 108154 108159 108164
108173 108200 108179 108185 108191
108201 108230 108208 108215 108222
108231 108272 108241 108251 108261
108273 108424 108310 108347 108384
108425 108564 108459 108493 108527
108565 108668 108590 108615 108640
108669 108846 108713 108757 108801
108847 108950 108872 108897 108922
108951 109039 108973 108995 109017
109040 109067 109046 109052 109058
109068 109157 109090 109112 109134
109158 109203 109169 109180 109191
109204 109253 109216 109228 109240
109254 109322 109271 109288 109305
109323 109339 109327 109331 109335
109340 109423 109360 109380 109400
109424 109493 109441 109458 109475
109494 109538 109505 109516 109527
109539 109558 109543 109547 109551
109559 109663 109585 109611 109637
109664 109725 109679 109694 109709
109726 109755 109733 109740 109747
109756 109804 109768 109780 109792
109805 109885 109825 109845 109865
109886 110166 109956 110026 110096
110167 110449 110237 110307 110377
110450 110483 110458 110466 110474
110484 110512 110491 110498 110505
110513 110602 110535 110557 110579
110603 110657 110616 110629 110642
110658 110743 110679 110700 110721
110744 110770 110750 110756 110762
110771 110832 110786 110801 110816
110833 110859 110839 110845 110851
110860 110897 110869 110878 110887
110898 110981 110918 110938 110958
110982 111021 110991 111000 111009
111022 111107 111043 111064 111085
111108 111130 111113 111118 111123
111131 111147 111135 111139 111143
111148 111196 111160 111172 111184
111197 111218 111202 111207 111212
111219 111235 111223 111227 111231
111236 111265 111243 111250 111257
111266 111299 111274 111282 111290
111300 111368 111317 111334 111351
111369 111404 111377 111385 111393
111405 111422 111409 111413 111417
111423 111440 111427 111431 111435
111441 111462 111446 111451 111456
111463 111479 111467 111471 111475
111480 111497 111484 111488 111492
111498 111520 111503 111508 111513
111521 111539 111525 111529 111533
111540 111648 111567 111594 111621
111649 112275 111805 111961 112117
112276 112360 112297 112318 112339
112361 112427 112377 112393 112409
112428 112631 112478 112528 112578
112632 112746 112660 112688 112716
112747 112824 112766 112785 112804
112825 112848 112830 112835 112840
112849 113034 112895 112941 112987
113035 113106 113052 113069 113086
113107 113166 113121 113135 113149
113167 113223 113181 113195 113209
113224 113276 113237 113250 113263
113277 113367 113299 113321 113343
113368 113424 113382 113396 113410
113425 113461 113434 113443 113452
113462 113506 113473 113484 113495
113507 113532 113513 113519 113525
113533 113864 113615 113697 113779
113865 113944 113884 113903 113922
113945 113990 113956 113967 113978
113991 114069 114010 114029 114048
114070 114126 114084 114098 114112
114127 114187 114142 114157 114172
114188 114227 114197 114206 114215
114228 114536 114305 114382 114459
114537 114708 114579 114621 114663
114709 114746 114718 114727 114736
114747 114776 114754 114761 114768
114777 114902 114808 114839 114870
114903 115018 114931 114959 114987
115019 115070 115031 115043 115055
115071 115151 115091 115111 115131
115152 115199 115163 115174 115185
115200 115238 115209 115218 115227
115239 115266 115245 115251 115257
115267 115314 115278 115289 115300
115315 115391 115334 115353 115372
115392 115881 115514 115636 115758
115882 115920 115891 115900 115909
115921 116055 115954 115987 116020
116056 116112 116070 116084 116098
116113 116178 116129 116145 116161
116179 116275 116203 116227 116251
116276 116472 116325 116374 116423
116473 116495 116478 116483 116488
116496 116618 116526 116556 116586
116619 117158 116753 116887 117021
117159 117224 117175 117191 117207
117225 117288 117240 117255 117270
117289 117348 117303 117317 117331
117349 117416 117365 117381 117397
117417 117455 117426 117435 117444
117456 117476 117461 117466 117471
117477 117503 117483 117489 117495
117504 117553 117516 117528 117540
117554 117607 117567 117580 117593
117608 117639 117615 117622 117629
117640 117700 117655 117670 117685
117701 117729 117708 117715 117722
117730 117778 117742 117754 117766
117779 117920 117814 117849 117884
117921 117959 117930 117939 117948
117960 118024 117976 117992 118008
118025 118085 118040 118055 118070
118086 118192 118112 118138 118164
118193 118261 118210 118227 118244
118262 118405 118297 118332 118367
118406 118464 118420 118434 118448
118465 118559 118488 118511 118534
118560 118739 118604 118648 118692
118740 118787 118751 118762 118773
118788 118864 118807 118826 118845
118865 118941 118884 118903 118922
118942 119000 118956 118970 118984
119001 119066 119017 119033 119049
119067 119159 119090 119113 119136
119160 119228 119177 119194 119211
119229 119272 119239 119249 119259
119273 119321 119285 119297 119309
119322 119374 119335 119348 119361
119375 119410 119383 119391 119399
119411 119466 119424 119437 119450
119467 119673 119518 119569 119620
119674 119737 119689 119704 119719
119738 119764 119744 119750 119756
119765 119786 119770 119775 119780
119787 119864 119806 119825 119844
119865 120004 119898 119931 120003
120005 120061 120019 120033 120047
120062 120199 120096 120130 120164
120200 120380 120245 120290 120335
120381 120420 120390 120399 120408
120421 120473 120434 120447 120460
120474 120516 120484 120494 120504
120517 120542 120523 120529 120535
120543 120587 120554 120565 120576
120588 120620 120596 120604 120612
120621 120663 120631 120641 120651
120664 120707 120674 120684 120694
120708 120739 120715 120722 120729
120740 120780 120750 120760 120770
120781 120893 120809 120837 120865
120894 120947 120907 120920 120933
120948 120990 120958 120968 120978
120991 121034 121001 121011 121021
121035 121087 121048 121061 121074
121088 121134 121099 121110 121121
121135 121315 121180 121225 121270
121316 121353 121325 121334 121343
121354 121395 121364 121374 121384
121396 121558 121436 121476 121516
121559 121777 121613 121667 121721
121778 121870 121801 121824 121847
121871 122009 121905 121939 121973
122010 122160 122047 122084 122121
122161 122207 122172 122183 122194
122208 122313 122234 122260 122286
122314 122405 122336 122358 122380
122406 122517 122433 122460 122487
122518 122586 122535 122552 122569
122587 122648 122602 122617 122632
122649 122742 122672 122695 122718
122743 122848 122769 122795 122821
122849 122951 122874 122899 122924
122952 123214 123017 123082 123147
123215 123357 123250 123285 123320
123358 123514 123397 123436 123475
123515 123750 123573 123631 123689
123751 123877 123782 123813 123844
123878 123930 123891 123904 123917
123931 124037 123957 123983 124009
124038 124158 124068 124098 124128
124159 124239 124179 124199 124219
124240 124331 124262 124284 124306
124332 124385 124345 124358 124371
124386 124463 124405 124424 124443
124464 124486 124469 124474 124479
124487 124560 124505 124523 124541
124561 124631 124578 124595 124612
124632 124829 124681 124730 124779
124830 125062 124888 124946 125004
125063 125158 125086 125109 125132
125159 125234 125177 125195 125213
125235 125537 125310 125385 125460
125538 126219 125708 125878 126048
126220 126253 126228 126236 126244
126254 126394 126289 126324 126359
126395 126435 126405 126415 126425
126436 126475 126445 126454 126463
126476 126590 126504 126532 126560
126591 126692 126616 126641 126666
126693 126811 126722 126751 126780
126812 126851 126821 126830 126839
126852 126882 126859 126866 126873
126883 126930 126894 126905 126916
126931 126956 126937 126943 126949
126957 127042 126978 126999 127020
127043 127091 127055 127067 127079
127092 127187 127115 127138 127161
127188 127235 127199 127210 127221
127236 127568 127319 127402 127485
127569 127644 127587 127605 127623
127645 127689 127656 127667 127678
127690 127738 127702 127714 127726
127739 127885 127775 127811 127847
127886 127931 127897 127908 127919
127932 128026 127955 127978 128001
128027 128076 128039 128051 128063
128077 128187 128104 128131 128158
128188 128291 128213 128238 128263
128292 128373 128312 128332 128352
128374 128418 128385 128396 128407
128419 128449 128426 128433 128440
128450 128468 128454 128458 128462
128469 128557 128491 128513 128535
128558 128596 128567 128576 128585
128597 128687 128619 128641 128663
128688 128772 128709 128730 128751
128773 128894 128803 128833 128863
128895 128935 128905 128915 128925
128936 129106 128978 129020 129062
129107 129233 129138 129169 129200
129234 129369 129267 129300 129333
129370 129497 129401 129432 129463
129498 129564 129514 129530 129546
129565 129977 129668 129771 129874
129978 130092 130006 130034 130062
130093 130220 130124 130155 130186
130221 130375 130259 130297 130335
130376 130464 130398 130420 130442
130465 130517 130478 130491 130504
130518 130654 130552 130586 130620
130655 130696 130665 130675 130685
130697 130957 130762 130827 130892
130958 131128 131000 131042 131084
131129 131149 131134 131139 131144
131150 131166 131154 131158 131162
131167 131184 131171 131175 131179
131185 131202 131189 131193 131197
131203 131258 131216 131229 131242
131259 131446 131305 131351 131397
131447 131864 131551 131655 131759
131865 131952 131886 131907 131928
131953 132051 131977 132001 132025
132052 132097 132063 132074 132085
132098 132260 132138 132178 132218
132261 132431 132303 132345 132387
132432 132532 132457 132482 132507
132533 132820 132604 132675 132746
132821 132859 132830 132839 132848
132860 132892 132868 132876 132884
132893 132941 132905 132917 132929
132942 132995 132955 132968 132981
132996 133122 133027 133058 133089
133123 133161 133132 133141 133150
133162 133238 133181 133200 133219
133239 133401 133279 133319 133359
133402 133445 133412 133422 133432
133446 133538 133469 133492 133515
133539 133574 133547 133555 133563
133575 133606 133582 133589 133596
133607 133689 133627 133647 133667
133690 133754 133706 133722 133738
133755 133773 133759 133763 133767
133774 133795 133779 133784 133789
133796 133850 133809 133822 133835
133851 133899 133863 133875 133887
133900 133954 133913 133926 133939
133955 134047 133978 134001 134024
134048 134083 134056 134064 134072
134084 134127 134094 134104 134114
134128 134149 134133 134138 134143
134150 134201 134162 134174 134186
134202 134285 134222 134242 134262
134286 134321 134294 134302 134310
134322 134363 134332 134342 134352
134364 134390 134370 134376 134382
134391 134421 134398 134405 134412
134422 134454 134430 134438 134446
134455 134517 134470 134485 134500
134518 134560 134528 134538 134548
134561 134580 134565 134569 134573
134581 134634 134594 134607 134620
134635 134681 134646 134657 134668
134682 134738 134696 134710 134724
134739 134768 134746 134753 134760
134769 134792 134774 134779 134784
134793 134825 134801 134809 134817
134826 134918 134849 134872 134895
134919 134980 134934 134949 134964
134981 135047 134985 134989 135033
135048 135071 135053 135058 135063
135072 135305 135130 135188 135246
135306 135569 135371 135436 135501
135570 135599 135577 135584 135591
135600 135658 135614 135628 135642
135659 135794 135692 135725 135758
135795 135866 135812 135829 135846
135867 136048 135912 135957 136002
136049 136090 136059 136069 136079
136091 136240 136128 136165 136202
136241 136302 136256 136271 136286
136303 136403 136328 136353 136378
136404 136683 136473 136542 136611
136684 136774 136706 136728 136750
136775 137051 136844 136913 136982
137052 137358 137128 137204 137280
137359 137379 137364 137369 137374
137380 137431 137392 137404 137416
137432 137524 137455 137478 137501
137525 137559 137533 137541 137549
137560 137623 137575 137590 137605
137624 137655 137631 137638 137645
137656 137684 137663 137670 137677
137685 137712 137691 137697 137703
137713 137742 137720 137727 137734
137743 137780 137752 137761 137770
137781 137801 137786 137791 137796
137802 137834 137810 137818 137826
137835 137852 137839 137843 137847
137853 137877 137859 137865 137871
137878 137938 137893 137908 137923
137939 137965 137945 137951 137957
137966 137986 137971 137976 137981
137987 138006 137991 137995 137999
138007 138026 138011 138015 138019
138027 138056 138034 138041 138048
138057 138091 138065 138073 138081
138092 138118 138098 138104 138110
138119 138188 138136 138153 138170
138189 138227 138198 138207 138216
138228 138259 138235 138242 138249
138260 138276 138264 138268 138272
138277 138328 138289 138301 138313
138329 138392 138344 138359 138374
138393 138495 138418 138443 138468
138496 138595 138520 138544 138568
138596 138800 138647 138698 138749
138801 139126 138882 138963 139044
139127 139166 139136 139145 139154
139167 139209 139177 139187 139197
139210 139355 139246 139282 139318
139356 139382 139362 139368 139374
139383 139495 139411 139439 139467
139496 139540 139507 139518 139529
139541 139664 139571 139601 139631
139665 139721 139679 139693 139707
139722 139773 139734 139746 139758
139774 139873 139798 139822 139846
139874 140051 139918 139962 140006
140052 140203 140089 140126 140163
140204 140235 140211 140218 140225
140236 140265 140243 140250 140257
140266 140466 140316 140366 140416
140467 140592 140498 140529 140560
140593 140609 140597 140601 140605
140610 140655 140621 140632 140643
140656 140721 140672 140688 140704
140722 140889 140763 140804 140845
140890 141201 140967 141044 141121
141202 141247 141213 141224 141235
141248 141319 141265 141282 141299
141320 141387 141336 141352 141368
141388 141470 141408 141428 141448
141471 141528 141485 141499 141513
141529 141548 141533 141537 141541
141549 141573 141555 141561 141567
141574 141606 141582 141590 141598
141607 141692 141628 141649 141670
141693 141777 141714 141735 141756
141778 141912 141811 141844 141877
141913 141971 141927 141941 141955
141972 142053 141992 142012 142032
142054 142119 142070 142086 142102
142120 142202 142140 142160 142180
142203 142242 142212 142221 142230
142243 142279 142252 142261 142270
142280 142766 142401 142522 142643
142767 142948 142812 142857 142902
142949 143048 142973 142997 143021
143049 143103 143062 143075 143088
143104 143335 143161 143218 143275
143336 143405 143353 143370 143387
143406 143423 143410 143414 143418
143424 143457 143432 143440 143448
143458 143542 143479 143500 143521
143543 143604 143558 143573 143588
143605 143685 143625 143645 143665
143686 143729 143696 143706 143716
143730 143824 143753 143776 143799
143825 143893 143842 143859 143876
143894 143923 143901 143908 143915
143924 143940 143928 143932 143936
143941 144018 143960 143979 143998
144019 144273 144082 144145 144208
144274 144298 144280 144286 144292
144299 144531 144357 144415 144473
144532 144553 144537 144542 144547
144554 144583 144561 144568 144575
144584 144616 144592 144600 144608
144617 144651 144625 144633 144641
144652 144687 144660 144668 144676
144688 144718 144695 144702 144709
144719 144782 144734 144749 144764
144783 144820 144792 144801 144810
144821 144860 144830 144839 144848
144861 144925 144877 144893 144909
144926 144977 144938 144950 144962
144978 144998 144983 144988 144993
144999 145246 145060 145121 145182
145247 145321 145265 145283 145301
145322 145360 145331 145340 145349
145361 145439 145380 145399 145418
145440 145534 145463 145486 145509
145535 145606 145552 145569 145586
145607 145729 145637 145667 145697
145730 145788 145744 145758 145772
145789 145914 145820 145851 145882
145915 146004 145937 145959 145981
146005 146111 146031 146057 146083
146112 146222 146139 146166 146193
146223 146284 146238 146253 146268
146285 146319 146293 146301 146309
146320 146492 146363 146406 146449
146493 146705 146546 146599 146652
146706 146815 146733 146760 146787
146816 146989 146859 146902 146945
146990 147049 147004 147018 147032
147050 147099 147062 147074 147086
147100 147216 147129 147158 147187
147217 147252 147225 147233 147241
147253 147280 147259 147265 147271
147281 147310 147288 147295 147302
147311 147330 147315 147319 147323
147331 147456 147362 147393 147424
147457 147477 147462 147467 147472
147478 147503 147484 147490 147496
147504 147525 147509 147514 147519
147526 147722 147575 147624 147673
147723 147744 147728 147733 147738
147745 147819 147763 147781 147799
147820 147861 147830 147840 147850
147862 147896 147870 147878 147886
147897 147931 147905 147913 147921
147932 147990 147946 147960 147974
147991 148068 148010 148029 148048
148069 148111 148079 148089 148099
148112 148146 148120 148128 148136
148147 148167 148152 148157 148162
148168 148192 148174 148180 148186
148193 148228 148201 148209 148217
148229 148249 148234 148239 148244
148250 148282 148258 148266 148274
148283 148302 148287 148291 148295
148303 148335 148311 148319 148327
148336 148367 148343 148350 148357
148368 148449 148388 148408 148428
148450 148524 148468 148486 148504
148525 148593 148542 148559 148576
148594 148629 148602 148610 148618
148630 148656 148636 148642 148648
148657 148682 148663 148669 148675
148683 148826 148718 148753 148788
148827 148903 148846 148865 148884
148904 149038 148937 148970 149003
149039 149099 149054 149069 149084
149100 149126 149106 149112 149118
149127 149175 149139 149151 149163
149176 149198 149181 149186 149191
149199 149309 149226 149253 149280
149310 149344 149318 149326 149334
149345 149533 149392 149439 149486
149534 149684 149571 149608 149645
149685 149783 149709 149733 149757
149784 149909 149815 149846 149877
149910 150010 149932 149954 150006
150011 150060 150023 150035 150047
150061 150278 150115 150169 150223
150279 150422 150314 150349 150384
150423 150535 150451 150479 150507
150536 150558 150541 150546 150551
150559 150630 150576 150593 150610
150631 150748 150660 150689 150718
150749 150795 150760 150771 150782
150796 150844 150808 150820 150832
150845 150870 150851 150857 150863
150871 151045 150914 150957 151000
151046 151285 151105 151164 151223
151286 151442 151325 151364 151403
151443 151533 151465 151487 151509
151534 151596 151549 151564 151579
151597 151745 151634 151671 151708
151746 151893 151782 151818 151854
151894 151927 151902 151910 151918
151928 151993 151944 151960 151976
151994 152020 152000 152006 152012
152021 152089 152038 152055 152072
152090 152153 152105 152120 152135
152154 152260 152180 152206 152232
152261 152346 152282 152303 152324
152347 152452 152373 152399 152425
152453 152555 152478 152503 152528
152556 152633 152575 152594 152613
152634 152693 152648 152662 152676
152694 152790 152718 152742 152766
152791 152892 152816 152841 152866
152893 152951 152907 152921 152935
152952 153008 152966 152980 152994
153009 153053 153020 153031 153042
153054 153113 153068 153082 153096
153114 153244 153146 153178 153210
153245 153326 153265 153285 153305
153327 153426 153351 153375 153399
153427 153475 153439 153451 153463
153476 153530 153489 153502 153515
153531 153672 153566 153601 153636
153673 153834 153713 153753 153793
153835 153914 153854 153873 153892
153915 153977 153930 153945 153960
153978 154069 154000 154022 154044
154070 154182 154098 154126 154154
154183 154276 154206 154229 154252
154277 154386 154304 154331 154358
154387 154507 154417 154447 154477
154508 154591 154528 154548 154568
154592 154928 154676 154760 154844
154929 154993 154945 154961 154977
154994 155375 155089 155184 155279
155376 155448 155394 155412 155430
155449 155569 155479 155509 155539
155570 155596 155576 155582 155588
155597 155728 155629 155661 155693
155729 155780 155741 155753 155765
155781 155874 155804 155827 155850
155875 155923 155887 155899 155911
155924 155972 155936 155948 155960
155973 156019 155984 155995 156006
156020 156058 156029 156038 156047
156059 156098 156068 156077 156086
156099 156156 156113 156127 156141
156157 156203 156168 156179 156190
156204 156235 156211 156218 156225
156236 156415 156280 156324 156368
156416 156453 156425 156434 156443
156454 156485 156461 156468 156475
156486 156525 156495 156504 156513
156526 156542 156530 156534 156538
156543 156559 156547 156551 156555
156560 156576 156564 156568 156572
156577 156629 156590 156603 156616
156630 156647 156634 156638 156642
156648 156695 156659 156670 156681
156696 156926 156753 156810 156867
156927 157021 156950 156973 156996
157022 157073 157034 157046 157058
157074 157141 157090 157106 157122
157142 157202 157157 157172 157187
157203 157267 157219 157235 157251
157268 157406 157302 157336 157370
157407 157541 157440 157473 157506
157542 157894 157630 157718 157806
157895 157936 157905 157915 157925
157937 158018 157957 157977 157997
158019 158040 158024 158029 158034
158041 158057 158045 158049 158053
158058 158081 158063 158068 158073
158082 158106 158088 158094 158100
158107 158173 158123 158139 158155
158174 158197 158179 158184 158189
158198 158223 158204 158210 158216
158224 158240 158228 158232 158236
158241 158275 158249 158257 158265
158276 158292 158280 158284 158288
158293 158309 158297 158301 158305
158310 158358 158322 158334 158346
158359 158377 158363 158367 158371
158378 158410 158386 158394 158402
158411 158436 158417 158423 158429
158437 158453 158441 158445 158449
158454 158472 158458 158462 158466
158473 158524 158485 158497 158509
158525 158576 158537 158549 158561
158577 158618 158587 158597 158607
158619 158661 158629 158639 158649
158662 158687 158668 158674 158680
158688 158704 158692 158696 158700
158705 158733 158712 158719 158726
158734 158766 158742 158750 158758
158767 158784 158771 158775 158779
158785 158807 158790 158795 158800
158808 158842 158816 158824 158832
158843 158891 158855 158867 158879
158892 158997 158918 158944 158970
158998 159042 159009 159020 159031
159043 159265 159098 159153 159208
159266 159604 159350 159434 159518
159605 159769 159646 159687 159728
159770 159835 159786 159802 159818
159836 159868 159844 159852 159860
159869 159956 159890 159911 159932
159957 160101 159993 160029 160065
160102 160119 160106 160110 160114
160120 160138 160124 160128 160132
160139 160165 160145 160151 160157
160166 160206 160176 160186 160196
160207 160264 160221 160235 160249
160265 160323 160279 160293 160307
160324 160340 160328 160332 160336
160341 160363 160346 160351 160356
160364 160385 160369 160374 160379
160386 160649 160451 160516 160581
160650 160709 160664 160678 160692
160710 160773 160725 160740 160755
160774 160889 160802 160830 160858
160890 160991 160915 160940 160965
160992 161048 161006 161020 161034
161049 161066 161053 161057 161061
161067 161100 161075 161083 161091
161101 161133 161109 161117 161125
161134 161150 161138 161142 161146
161151 161189 161160 161169 161178
161190 161207 161194 161198 161202
161208 161234 161214 161220 161226
161235 161277 161245 161255 161265
161278 161302 161284 161290 161296
161303 161329 161309 161315 161321
161330 161357 161336 161342 161348
161358 161407 161370 161382 161394
161408 161440 161416 161424 161432
161441 161458 161445 161449 161453
161459 161505 161470 161481 161492
161506 161522 161510 161514 161518
161523 161539 161527 161531 161535
161540 161638 161564 161588 161612
161639 161656 161643 161647 161651
161657 161787 161689 161721 161753
161788 161844 161802 161816 161830
161845 161879 161853 161861 161869
161880 161898 161884 161888 161892
161899 161959 161914 161929 161944
161960 162022 161975 161990 162005
162023 162042 162027 162031 162035
162043 162075 162051 162059 162067
162076 162095 162080 162084 162088
162096 162127 162103 162110 162117
162128 162145 162132 162136 162140
162146 162162 162150 162154 162158
162163 162189 162169 162175 162181
162190 162223 162198 162206 162214
162224 162283 162238 162252 162266
162284 162413 162316 162348 162380
162414 162455 162424 162434 162444
162456 162532 162475 162494 162513
162533 162562 162540 162547 162554
162563 162580 162567 162571 162575
162581 162599 162585 162589 162593
162600 162685 162621 162642 162663
162686 162769 162706 162726 162746
162770 162928 162809 162848 162887
162929 162991 162944 162959 162974
162992 163027 163000 163008 163016
163028 163067 163037 163046 163055
163068 163146 163087 163106 163125
163147 163163 163151 163155 163159
163164 163183 163168 163172 163176
163184 163203 163188 163192 163196
163204 163231 163210 163216 163222
163232 163324 163255 163278 163301
163325 163343 163329 163333 163337
163344 163363 163348 163352 163356
163364 163384 163369 163374 163379
163385 163419 163393 163401 163409
163420 163440 163425 163430 163435
163441 163459 163445 163449 163453
163460 163490 163467 163474 163481
163491 163562 163508 163525 163542
163563 163585 163568 163573 163578
163586 163607 163591 163596 163601
163608 163624 163612 163616 163620
163625 163644 163629 163633 163637
163645 163667 163650 163655 163660
163668 163690 163673 163678 163683
163691 163724 163699 163707 163715
163725 163763 163734 163743 163752
163764 163794 163771 163778 163785
163795 163817 163800 163805 163810
163818 163865 163829 163840 163851
163866 163903 163875 163884 163893
163904 163943 163913 163922 163931
163944 163960 163948 163952 163956
163961 164021 163976 163991 164006
164022 164041 164026 164030 164034
164042 164126 164063 164084 164105
164127 164171 164138 164149 164160
164172 164197 164178 164184 164190
164198 164252 164211 164224 164237
164253 164290 164262 164271 164280
164291 164328 164300 164309 164318
164329 164354 164335 164341 164347
164355 164380 164361 164367 164373
164381 164404 164386 164391 164396
164405 164422 164409 164413 164417
164423 164492 164440 164457 164474
164493 164511 164497 164501 164505
164512 164549 164521 164530 164539
164550 164568 164554 164558 164562
164569 164600 164576 164583 164590
164601 164688 164622 164643 164664
164689 164707 164693 164697 164701
164708 164748 164718 164728 164738
164749 164766 164753 164757 164761
164767 164843 164786 164805 164824
164844 164964 164874 164904 164934
164965 165004 164973 164981 165003
165005 165034 165012 165019 165026
165035 165078 165045 165055 165065
165079 165119 165089 165099 165109
165120 165148 165127 165134 165141
165149 165185 165158 165167 165176
165186 165231 165197 165208 165219
165232 165249 165236 165240 165244
165250 165278 165257 165264 165271
165279 165310 165286 165293 165300
165311 165336 165317 165323 165329
165337 165368 165344 165351 165358
165369 165410 165379 165389 165399
165411 165444 165419 165427 165435
165445 165490 165456 165467 165478
165491 165524 165499 165507 165515
165525 165561 165534 165543 165552
165562 165597 165570 165578 165586
165598 165689 165620 165642 165664
165690 165796 165716 165742 165768
165797 165846 165809 165821 165833
165847 165962 165875 165903 165931
165963 165984 165968 165973 165978
165985 166028 165995 166005 166015
166029 166047 166033 166037 166041
166048 166064 166052 166056 166060
166065 166094 166072 166079 166086
166095 166142 166106 166117 166128
166143 166182 166152 166161 166170
166183 166201 166187 166191 166195
166202 166260 166216 166230 166244
166261 166278 166265 166269 166273
166279 166326 166290 166301 166312
166327 166358 166334 166341 166348
166359 166392 166367 166375 166383
166393 166418 166399 166405 166411
166419 166461 166429 166439 166449
166462 166480 166466 166470 166474
166481 166573 166504 166527 166550
166574 166596 166579 166584 166589
166597 166614 166601 166605 166609
166615 166648 166623 166631 166639
166649 166665 166653 166657 166661
166666 166683 166670 166674 166678
166684 166717 166692 166700 166708
166718 166750 166726 166734 166742
166751 166778 166757 166763 166769
166779 166916 166813 166847 166881
166917 166933 166921 166925 166929
166934 166965 166941 166948 166955
166966 166983 166970 166974 166978
166984 167064 167004 167024 167044
167065 167112 167076 167087 167098
167113 167134 167118 167123 167128
167135 167153 167139 167143 167147
167154 167172 167158 167162 167166
167173 167193 167178 167183 167188
167194 167218 167200 167206 167212
167219 167242 167224 167229 167234
167243 167294 167255 167267 167279
167295 167317 167300 167305 167310
167318 167342 167324 167330 167336
167343 167367 167349 167355 167361
167368 167386 167372 167376 167380
167387 167404 167391 167395 167399
167405 167423 167409 167413 167417
167424 167450 167430 167436 167442
167451 167477 167457 167463 167469
167478 167505 167484 167490 167496
167506 167522 167510 167514 167518
167523 167542 167527 167531 167535
167543 167560 167547 167551 167555
167561 167585 167567 167573 167579
167586 167683 167610 167634 167658
167684 167710 167690 167696 167702
167711 167743 167719 167727 167735
167744 167763 167748 167752 167756
167764 167780 167768 167772 167776
167781 167798 167785 167789 167793
167799 167821 167804 167809 167814
167822 167844 167827 167832 167837
167845 167891 167856 167867 167878
167892 167909 167896 167900 167904
167910 167929 167914 167918 167922
167930 167953 167935 167940 167945
167954 167977 167959 167964 167969
167978 168000 167983 167988 167993
168001 168027 168007 168013 168019
168028 168044 168032 168036 168040
168045 168070 168051 168057 168063
168071 168087 168075 168079 168083
168088 168108 168093 168098 168103
168109 168133 168115 168121 168127
168134 168176 168144 168154 168164
168177 168199 168182 168187 168192
168200 168225 168206 168212 168218
168226 168246 168231 168236 168241
168247 168277 168254 168261 168268
168278 168412 168311 168344 168377
168413 168450 168422 168431 168440
168451 168470 168455 168459 168463
168471 168490 168475 168479 168483
168491 168571 168511 168531 168551
168572 168625 168585 168598 168611
168626 168680 168639 168652 168665
168681 168699 168685 168689 168693
168700 168746 168711 168722 168733
168747 168812 168763 168779 168795
168813 168896 168833 168853 168873
168897 168924 168903 168909 168915
168925 168949 168931 168937 168943
168950 169001 168962 168974 168986
169002 169043 169012 169022 169032
169044 169079 169052 169060 169068
169080 169102 169085 169090 169095
169103 169120 169107 169111 169115
169121 169295 169164 169207 169250
169296 169402 169322 169348 169374
169403 169518 169431 169459 169487
169519 169699 169564 169609 169654
169700 169805 169726 169752 169778
169806 169873 169822 169838 169854
169874 170218 169960 170046 170132
170219 170273 170232 170245 170258
170274 170393 170303 170332 170361
170394 170432 170403 170412 170421
170433 170517 170454 170475 170496
170518 170535 170522 170526 170530
170536 170564 170543 170550 170557
170565 170642 170584 170603 170622
170643 170664 170648 170653 170658
170665 170744 170684 170703 170722
170745 170817 170763 170781 170799
170818 170881 170833 170848 170863
170882 170906 170888 170894 170900
170907 171072 170948 170989 171030
171073 171159 171094 171115 171136
171160 171234 171178 171196 171214
171235 171328 171258 171281 171304
171329 171349 171334 171339 171344
171350 171375 171356 171362 171368
171376 171396 171381 171386 171391
171397 171453 171411 171425 171439
171454 171512 171468 171482 171496
171513 171597 171534 171555 171576
171598 171715 171627 171656 171685
171716 171814 171740 171764 171788
171815 171926 171842 171869 171896
171927 171966 171936 171945 171954
171967 171991 171973 171979 171985
171992 172019 171998 172004 172010
172020 172041 172025 172030 172035
172042 172444 172142 172242 172342
172445 172590 172481 172517 172553
172591 172667 172610 172629 172648
172668 172684 172672 172676 172680
172685 172824 172719 172753 172787
172825 172947 172855 172885 172915
172948 173280 173031 173114 173197
173281 173367 173302 173323 173344
173368 173480 173396 173424 173452
173481 173559 173500 173519 173538
173560 173618 173574 173588 173602
173619 173662 173629 173639 173649
173663 173817 173701 173739 173777
173818 173941 173848 173878 173908
173942 174053 173969 173996 174023
174054 174192 174088 174122 174156
174193 174308 174221 174249 174277
174309 174504 174357 174405 174453
174505 174528 174510 174515 174520
174529 174585 174543 174557 174571
174586 174646 174601 174616 174631
174647 174692 174658 174669 174680
174693 174761 174710 174727 174744
174762 174821 174776 174790 174804
174822 174851 174829 174836 174843
174852 174871 174856 174860 174864
174872 174892 174877 174882 174887
174893 174926 174901 174909 174917
174927 174978 174939 174951 174963
174979 175055 174998 175017 175036
175056 175291 175114 175172 175230
175292 175338 175303 175314 175325
175339 175389 175351 175363 175375
175390 175595 175441 175492 175543
175596 175612 175600 175604 175608
175613 175672 175627 175641 175655
175673 175722 175685 175697 175709
175723 175760 175732 175741 175750
175761 175897 175795 175829 175863
175898 175921 175903 175908 175913
175922 175941 175926 175930 175934
175942 176056 175970 175998 176026
176057 176111 176070 176083 176096
176112 176192 176132 176152 176172
176193 176279 176214 176235 176256
176280 176697 176384 176488 176592
176698 176946 176760 176822 176884
176947 177148 176997 177047 177097
177149 177336 177195 177241 177287
177337 177442 177363 177389 177415
177443 177545 177468 177493 177518
177546 177605 177560 177574 177588
177606 177673 177622 177638 177654
177674 177746 177692 177710 177728
177747 177781 177755 177763 177771
177782 177845 177797 177812 177827
177846 177889 177856 177866 177876
177890 177997 177916 177942 177968
177998 178037 178007 178016 178025
178038 178187 178075 178112 178149
178188 178328 178223 178258 178293
178329 178407 178348 178367 178386
178408 178424 178412 178416 178420
178425 178478 178438 178451 178464
178479 178540 178494 178509 178524
178541 178606 178557 178573 178589
178607 178648 178617 178627 178637
178649 178665 178653 178657 178661
178666 178708 178676 178686 178696
178709 178918 178761 178813 178865
178919 179103 178965 179011 179057
179104 179170 179120 179136 179152
179171 179213 179181 179191 179201
179214 179231 179218 179222 179226
179232 179411 179276 179320 179364
179412 179503 179434 179456 179478
179504 179576 179522 179540 179558
179577 180370 179682 179787 180276
180371 180488 180400 180429 180458
180489 180695 180540 180591 180642
180696 180794 180720 180744 180768
180795 180871 180814 180833 180852
180872 180967 180895 180918 180941
180968 181150 181013 181058 181103
181151 181340 181198 181245 181292
181341 181428 181362 181383 181404
181429 181595 181470 181511 181552
181596 181729 181629 181662 181695
181730 181895 181771 181812 181853
181896 181974 181915 181934 181953
181975 182133 182014 182053 182092
182134 182268 182167 182200 182233
182269 182503 182327 182385 182443
182504 182676 182547 182590 182633
182677 182873 182726 182775 182824
182874 198681 185905 188936 197760
